Examples/Simple_configurations/Chute/rot_incl_plane.asc
ncols        20
nrows        10
xllcorner    0.00
yllcorner    0.00
cellsize     5.00
NODATA_value -9999
 83.26   79.06   74.86   70.67   66.47   62.28   58.08   53.89   49.69   45.50   41.30   37.11   32.91   28.71   24.52   20.32   16.13   11.93    7.74    3.54
 86.14   81.95   77.75   73.56   69.36   65.16   60.97   56.77   52.58   48.38   44.19   39.99   35.80   31.60   27.41   23.21   19.01   14.82   10.62    6.43
 89.03   84.83   80.64   76.44   72.25   68.05   63.86   59.66   55.47   51.27   47.07   42.88   38.68   34.49   30.29   26.10   21.90   17.71   13.51    9.31
 91.92   87.72   83.52   79.33   75.13   70.94   66.74   62.55   58.35   54.16   49.96   45.77   41.57   37.37   33.18   28.98   24.79   20.59   16.40   12.20
 94.80   90.61   86.41   82.22   78.02   73.83   69.63   65.43   61.24   57.04   52.85   48.65   44.46   40.26   36.07   31.87   27.67   23.48   19.28   15.09
 97.69   93.49   89.30   85.10   80.91   76.71   72.52   68.32   64.13   59.93   55.73   51.54   47.34   43.15   38.95   34.76   30.56   26.37   22.17   17.97
100.58   96.38   92.18   87.99   83.79   79.60   75.40   71.21   67.01   62.82   58.62   54.43   50.23   46.03   41.84   37.64   33.45   29.25   25.06   20.86
103.46   99.27   95.07   90.88   86.68   82.49   78.29   74.09   69.90   65.70   61.51   57.31   53.12   48.92   44.73   40.53   36.33   32.14   27.94   23.75
106.35  102.15   97.96   93.76   89.57   85.37   81.18   76.98   72.79   68.59   64.39   60.20   56.00   51.81   47.61   43.42   39.22   35.03   30.83   26.64
109.24  105.04  100.85   96.65   92.45   88.26   84.06   79.87   75.67   71.48   67.28   63.09   58.89   54.69   50.50   46.30   42.11   37.91   33.72   29.52
