Examples/Simple_configurations/Hockeystick/hockeystick.asc
ncols           21
nrows          250
xllcorner     -2.5
yllcorner    -52.5
cellsize       5.0
NODATA_value -9999
[rows 0 to 143 of 250, columns 0 to 20 of 21]
525.0 520.0 515.0 510.0 505.0 500.0 500.0 500.0 500.0 500.0 500.0 500.0 500.0 500.0 500.0 500.0 505.0 510.0 515.0 520.0 525.0
522.5 517.5 512.5 507.5 502.5 497.5 497.5 497.5 497.5 497.5 497.5 497.5 497.5 497.5 497.5 497.5 502.5 507.5 512.5 517.5 522.5
520.0 515.0 510.0 505.0 500.0 495.0 495.0 495.0 495.0 495.0 495.0 495.0 495.0 495.0 495.0 495.0 500.0 505.0 510.0 515.0 520.0
517.5 512.5 507.5 502.5 497.5 492.5 492.5 492.5 492.5 492.5 492.5 492.5 492.5 492.5 492.5 492.5 497.5 502.5 507.5 512.5 517.5
515.0 510.0 505.0 500.0 495.0 490.0 490.0 490.0 490.0 490.0 490.0 490.0 490.0 490.0 490.0 490.0 495.0 500.0 505.0 510.0 515.0
512.5 507.5 502.5 497.5 492.5 487.5 487.5 487.5 487.5 487.5 487.5 487.5 487.5 487.5 487.5 487.5 492.5 497.5 502.5 507.5 512.5
510.0 505.0 500.0 495.0 490.0 485.0 485.0 485.0 485.0 485.0 485.0 485.0 485.0 485.0 485.0 485.0 490.0 495.0 500.0 505.0 510.0
507.5 502.5 497.5 492.5 487.5 482.5 482.5 482.5 482.5 482.5 482.5 482.5 482.5 482.5 482.5 482.5 487.5 492.5 497.5 502.5 507.5
505.0 500.0 495.0 490.0 485.0 480.0 480.0 480.0 480.0 480.0 480.0 480.0 480.0 480.0 480.0 480.0 485.0 490.0 495.0 500.0 505.0
502.5 497.5 492.5 487.5 482.5 477.5 477.5 477.5 477.5 477.5 477.5 477.5 477.5 477.5 477.5 477.5 482.5 487.5 492.5 497.5 502.5
500.0 495.0 490.0 485.0 480.0 475.0 475.0 475.0 475.0 475.0 475.0 475.0 475.0 475.0 475.0 475.0 480.0 485.0 490.0 495.0 500.0
497.5 492.5 487.5 482.5 477.5 472.5 472.5 472.5 472.5 472.5 472.5 472.5 472.5 472.5 472.5 472.5 477.5 482.5 487.5 492.5 497.5
495.0 490.0 485.0 480.0 475.0 470.0 470.0 470.0 470.0 470.0 470.0 470.0 470.0 470.0 470.0 470.0 475.0 480.0 485.0 490.0 495.0
492.5 487.5 482.5 477.5 472.5 467.5 467.5 467.5 467.5 467.5 467.5 467.5 467.5 467.5 467.5 467.5 472.5 477.5 482.5 487.5 492.5
490.0 485.0 480.0 475.0 470.0 465.0 465.0 465.0 465.0 465.0 465.0 465.0 465.0 465.0 465.0 465.0 470.0 475.0 480.0 485.0 490.0
487.5 482.5 477.5 472.5 467.5 462.5 462.5 462.5 462.5 462.5 462.5 462.5 462.5 462.5 462.5 462.5 467.5 472.5 477.5 482.5 487.5
485.0 480.0 475.0 470.0 465.0 460.0 460.0 460.0 460.0 460.0 460.0 460.0 460.0 460.0 460.0 460.0 465.0 470.0 475.0 480.0 485.0
482.5 477.5 472.5 467.5 462.5 457.5 457.5 457.5 457.5 457.5 457.5 457.5 457.5 457.5 457.5 457.5 462.5 467.5 472.5 477.5 482.5
480.0 475.0 470.0 465.0 460.0 455.0 455.0 455.0 455.0 455.0 455.0 455.0 455.0 455.0 455.0 455.0 460.0 465.0 470.0 475.0 480.0
477.5 472.5 467.5 462.5 457.5 452.5 452.5 452.5 452.5 452.5 452.5 452.5 452.5 452.5 452.5 452.5 457.5 462.5 467.5 472.5 477.5
475.0 470.0 465.0 460.0 455.0 450.0 450.0 450.0 450.0 450.0 450.0 450.0 450.0 450.0 450.0 450.0 455.0 460.0 465.0 470.0 475.0
472.5 467.5 462.5 457.5 452.5 447.5 447.5 447.5 447.5 447.5 447.5 447.5 447.5 447.5 447.5 447.5 452.5 457.5 462.5 467.5 472.5
470.0 465.0 460.0 455.0 450.0 445.0 445.0 445.0 445.0 445.0 445.0 445.0 445.0 445.0 445.0 445.0 450.0 455.0 460.0 465.0 470.0
467.5 462.5 457.5 452.5 447.5 442.5 442.5 442.5 442.5 442.5 442.5 442.5 442.5 442.5 442.5 442.5 447.5 452.5 457.5 462.5 467.5
465.0 460.0 455.0 450.0 445.0 440.0 440.0 440.0 440.0 440.0 440.0 440.0 440.0 440.0 440.0 440.0 445.0 450.0 455.0 460.0 465.0
462.5 457.5 452.5 447.5 442.5 437.5 437.5 437.5 437.5 437.5 437.5 437.5 437.5 437.5 437.5 437.5 442.5 447.5 452.5 457.5 462.5
460.0 455.0 450.0 445.0 440.0 435.0 435.0 435.0 435.0 435.0 435.0 435.0 435.0 435.0 435.0 435.0 440.0 445.0 450.0 455.0 460.0
457.5 452.5 447.5 442.5 437.5 432.5 432.5 432.5 432.5 432.5 432.5 432.5 432.5 432.5 432.5 432.5 437.5 442.5 447.5 452.5 457.5
455.0 450.0 445.0 440.0 435.0 430.0 430.0 430.0 430.0 430.0 430.0 430.0 430.0 430.0 430.0 430.0 435.0 440.0 445.0 450.0 455.0
452.5 447.5 442.5 437.5 432.5 427.5 427.5 427.5 427.5 427.5 427.5 427.5 427.5 427.5 427.5 427.5 432.5 437.5 442.5 447.5 452.5
450.0 445.0 440.0 435.0 430.0 425.0 425.0 425.0 425.0 425.0 425.0 425.0 425.0 425.0 425.0 425.0 430.0 435.0 440.0 445.0 450.0
447.5 442.5 437.5 432.5 427.5 422.5 422.5 422.5 422.5 422.5 422.5 422.5 422.5 422.5 422.5 422.5 427.5 432.5 437.5 442.5 447.5
445.0 440.0 435.0 430.0 425.0 420.0 420.0 420.0 420.0 420.0 420.0 420.0 420.0 420.0 420.0 420.0 425.0 430.0 435.0 440.0 445.0
442.5 437.5 432.5 427.5 422.5 417.5 417.5 417.5 417.5 417.5 417.5 417.5 417.5 417.5 417.5 417.5 422.5 427.5 432.5 437.5 442.5
440.0 435.0 430.0 425.0 420.0 415.0 415.0 415.0 415.0 415.0 415.0 415.0 415.0 415.0 415.0 415.0 420.0 425.0 430.0 435.0 440.0
437.5 432.5 427.5 422.5 417.5 412.5 412.5 412.5 412.5 412.5 412.5 412.5 412.5 412.5 412.5 412.5 417.5 422.5 427.5 432.5 437.5
435.0 430.0 425.0 420.0 415.0 410.0 410.0 410.0 410.0 410.0 410.0 410.0 410.0 410.0 410.0 410.0 415.0 420.0 425.0 430.0 435.0
432.5 427.5 422.5 417.5 412.5 407.5 407.5 407.5 407.5 407.5 407.5 407.5 407.5 407.5 407.5 407.5 412.5 417.5 422.5 427.5 432.5
430.0 425.0 420.0 415.0 410.0 405.0 405.0 405.0 405.0 405.0 405.0 405.0 405.0 405.0 405.0 405.0 410.0 415.0 420.0 425.0 430.0
427.5 422.5 417.5 412.5 407.5 402.5 402.5 402.5 402.5 402.5 402.5 402.5 402.5 402.5 402.5 402.5 407.5 412.5 417.5 422.5 427.5
425.0 420.0 415.0 410.0 405.0 400.0 400.0 400.0 400.0 400.0 400.0 400.0 400.0 400.0 400.0 400.0 405.0 410.0 415.0 420.0 425.0
422.5 417.5 412.5 407.5 402.5 397.5 397.5 397.5 397.5 397.5 397.5 397.5 397.5 397.5 397.5 397.5 402.5 407.5 412.5 417.5 422.5
420.0 415.0 410.0 405.0 400.0 395.0 395.0 395.0 395.0 395.0 395.0 395.0 395.0 395.0 395.0 395.0 400.0 405.0 410.0 415.0 420.0
417.5 412.5 407.5 402.5 397.5 392.5 392.5 392.5 392.5 392.5 392.5 392.5 392.5 392.5 392.5 392.5 397.5 402.5 407.5 412.5 417.5
415.0 410.0 405.0 400.0 395.0 390.0 390.0 390.0 390.0 390.0 390.0 390.0 390.0 390.0 390.0 390.0 395.0 400.0 405.0 410.0 415.0
412.5 407.5 402.5 397.5 392.5 387.5 387.5 387.5 387.5 387.5 387.5 387.5 387.5 387.5 387.5 387.5 392.5 397.5 402.5 407.5 412.5
410.0 405.0 400.0 395.0 390.0 385.0 385.0 385.0 385.0 385.0 385.0 385.0 385.0 385.0 385.0 385.0 390.0 395.0 400.0 405.0 410.0
407.5 402.5 397.5 392.5 387.5 382.5 382.5 382.5 382.5 382.5 382.5 382.5 382.5 382.5 382.5 382.5 387.5 392.5 397.5 402.5 407.5
405.0 400.0 395.0 390.0 385.0 380.0 380.0 380.0 380.0 380.0 380.0 380.0 380.0 380.0 380.0 380.0 385.0 390.0 395.0 400.0 405.0
402.5 397.5 392.5 387.5 382.5 377.5 377.5 377.5 377.5 377.5 377.5 377.5 377.5 377.5 377.5 377.5 382.5 387.5 392.5 397.5 402.5
400.0 395.0 390.0 385.0 380.0 375.0 375.0 375.0 375.0 375.0 375.0 375.0 375.0 375.0 375.0 375.0 380.0 385.0 390.0 395.0 400.0
397.5 392.5 387.5 382.5 377.5 372.5 372.5 372.5 372.5 372.5 372.5 372.5 372.5 372.5 372.5 372.5 377.5 382.5 387.5 392.5 397.5
395.0 390.0 385.0 380.0 375.0 370.0 370.0 370.0 370.0 370.0 370.0 370.0 370.0 370.0 370.0 370.0 375.0 380.0 385.0 390.0 395.0
392.5 387.5 382.5 377.5 372.5 367.5 367.5 367.5 367.5 367.5 367.5 367.5 367.5 367.5 367.5 367.5 372.5 377.5 382.5 387.5 392.5
390.0 385.0 380.0 375.0 370.0 365.0 365.0 365.0 365.0 365.0 365.0 365.0 365.0 365.0 365.0 365.0 370.0 375.0 380.0 385.0 390.0
387.5 382.5 377.5 372.5 367.5 362.5 362.5 362.5 362.5 362.5 362.5 362.5 362.5 362.5 362.5 362.5 367.5 372.5 377.5 382.5 387.5
385.0 380.0 375.0 370.0 365.0 360.0 360.0 360.0 360.0 360.0 360.0 360.0 360.0 360.0 360.0 360.0 365.0 370.0 375.0 380.0 385.0
382.5 377.5 372.5 367.5 362.5 357.5 357.5 357.5 357.5 357.5 357.5 357.5 357.5 357.5 357.5 357.5 362.5 367.5 372.5 377.5 382.5
380.0 375.0 370.0 365.0 360.0 355.0 355.0 355.0 355.0 355.0 355.0 355.0 355.0 355.0 355.0 355.0 360.0 365.0 370.0 375.0 380.0
377.5 372.5 367.5 362.5 357.5 352.5 352.5 352.5 352.5 352.5 352.5 352.5 352.5 352.5 352.5 352.5 357.5 362.5 367.5 372.5 377.5
375.0 370.0 365.0 360.0 355.0 350.0 350.0 350.0 350.0 350.0 350.0 350.0 350.0 350.0 350.0 350.0 355.0 360.0 365.0 370.0 375.0
372.5 367.5 362.5 357.5 352.5 347.5 347.5 347.5 347.5 347.5 347.5 347.5 347.5 347.5 347.5 347.5 352.5 357.5 362.5 367.5 372.5
370.0 365.0 360.0 355.0 350.0 345.0 345.0 345.0 345.0 345.0 345.0 345.0 345.0 345.0 345.0 345.0 350.0 355.0 360.0 365.0 370.0
367.5 362.5 357.5 352.5 347.5 342.5 342.5 342.5 342.5 342.5 342.5 342.5 342.5 342.5 342.5 342.5 347.5 352.5 357.5 362.5 367.5
365.0 360.0 355.0 350.0 345.0 340.0 340.0 340.0 340.0 340.0 340.0 340.0 340.0 340.0 340.0 340.0 345.0 350.0 355.0 360.0 365.0
362.5 357.5 352.5 347.5 342.5 337.5 337.5 337.5 337.5 337.5 337.5 337.5 337.5 337.5 337.5 337.5 342.5 347.5 352.5 357.5 362.5
360.0 355.0 350.0 345.0 340.0 335.0 335.0 335.0 335.0 335.0 335.0 335.0 335.0 335.0 335.0 335.0 340.0 345.0 350.0 355.0 360.0
357.5 352.5 347.5 342.5 337.5 332.5 332.5 332.5 332.5 332.5 332.5 332.5 332.5 332.5 332.5 332.5 337.5 342.5 347.5 352.5 357.5
355.0 350.0 345.0 340.0 335.0 330.0 330.0 330.0 330.0 330.0 330.0 330.0 330.0 330.0 330.0 330.0 335.0 340.0 345.0 350.0 355.0
352.5 347.5 342.5 337.5 332.5 327.5 327.5 327.5 327.5 327.5 327.5 327.5 327.5 327.5 327.5 327.5 332.5 337.5 342.5 347.5 352.5
350.0 345.0 340.0 335.0 330.0 325.0 325.0 325.0 325.0 325.0 325.0 325.0 325.0 325.0 325.0 325.0 330.0 335.0 340.0 345.0 350.0
347.5 342.5 337.5 332.5 327.5 322.5 322.5 322.5 322.5 322.5 322.5 322.5 322.5 322.5 322.5 322.5 327.5 332.5 337.5 342.5 347.5
345.0 340.0 335.0 330.0 325.0 320.0 320.0 320.0 320.0 320.0 320.0 320.0 320.0 320.0 320.0 320.0 325.0 330.0 335.0 340.0 345.0
342.5 337.5 332.5 327.5 322.5 317.5 317.5 317.5 317.5 317.5 317.5 317.5 317.5 317.5 317.5 317.5 322.5 327.5 332.5 337.5 342.5
340.0 335.0 330.0 325.0 320.0 315.0 315.0 315.0 315.0 315.0 315.0 315.0 315.0 315.0 315.0 315.0 320.0 325.0 330.0 335.0 340.0
337.5 332.5 327.5 322.5 317.5 312.5 312.5 312.5 312.5 312.5 312.5 312.5 312.5 312.5 312.5 312.5 317.5 322.5 327.5 332.5 337.5
335.0 330.0 325.0 320.0 315.0 310.0 310.0 310.0 310.0 310.0 310.0 310.0 310.0 310.0 310.0 310.0 315.0 320.0 325.0 330.0 335.0
332.5 327.5 322.5 317.5 312.5 307.5 307.5 307.5 307.5 307.5 307.5 307.5 307.5 307.5 307.5 307.5 312.5 317.5 322.5 327.5 332.5
330.0 325.0 320.0 315.0 310.0 305.0 305.0 305.0 305.0 305.0 305.0 305.0 305.0 305.0 305.0 305.0 310.0 315.0 320.0 325.0 330.0
327.5 322.5 317.5 312.5 307.5 302.5 302.5 302.5 302.5 302.5 302.5 302.5 302.5 302.5 302.5 302.5 307.5 312.5 317.5 322.5 327.5
325.0 320.0 315.0 310.0 305.0 300.0 300.0 300.0 300.0 300.0 300.0 300.0 300.0 300.0 300.0 300.0 305.0 310.0 315.0 320.0 325.0
322.5 317.5 312.5 307.5 302.5 297.5 297.5 297.5 297.5 297.5 297.5 297.5 297.5 297.5 297.5 297.5 302.5 307.5 312.5 317.5 322.5
320.0 315.0 310.0 305.0 300.0 295.0 295.0 295.0 295.0 295.0 295.0 295.0 295.0 295.0 295.0 295.0 300.0 305.0 310.0 315.0 320.0
317.5 312.5 307.5 302.5 297.5 292.5 292.5 292.5 292.5 292.5 292.5 292.5 292.5 292.5 292.5 292.5 297.5 302.5 307.5 312.5 317.5
315.0 310.0 305.0 300.0 295.0 290.0 290.0 290.0 290.0 290.0 290.0 290.0 290.0 290.0 290.0 290.0 295.0 300.0 305.0 310.0 315.0
312.5 307.5 302.5 297.5 292.5 287.5 287.5 287.5 287.5 287.5 287.5 287.5 287.5 287.5 287.5 287.5 292.5 297.5 302.5 307.5 312.5
310.0 305.0 300.0 295.0 290.0 285.0 285.0 285.0 285.0 285.0 285.0 285.0 285.0 285.0 285.0 285.0 290.0 295.0 300.0 305.0 310.0
307.5 302.5 297.5 292.5 287.5 282.5 282.5 282.5 282.5 282.5 282.5 282.5 282.5 282.5 282.5 282.5 287.5 292.5 297.5 302.5 307.5
305.0 300.0 295.0 290.0 285.0 280.0 280.0 280.0 280.0 280.0 280.0 280.0 280.0 280.0 280.0 280.0 285.0 290.0 295.0 300.0 305.0
302.5 297.5 292.5 287.5 282.5 277.5 277.5 277.5 277.5 277.5 277.5 277.5 277.5 277.5 277.5 277.5 282.5 287.5 292.5 297.5 302.5
300.0 295.0 290.0 285.0 280.0 275.0 275.0 275.0 275.0 275.0 275.0 275.0 275.0 275.0 275.0 275.0 280.0 285.0 290.0 295.0 300.0
297.5 292.5 287.5 282.5 277.5 272.5 272.5 272.5 272.5 272.5 272.5 272.5 272.5 272.5 272.5 272.5 277.5 282.5 287.5 292.5 297.5
295.0 290.0 285.0 280.0 275.0 270.0 270.0 270.0 270.0 270.0 270.0 270.0 270.0 270.0 270.0 270.0 275.0 280.0 285.0 290.0 295.0
292.5 287.5 282.5 277.5 272.5 267.5 267.5 267.5 267.5 267.5 267.5 267.5 267.5 267.5 267.5 267.5 272.5 277.5 282.5 287.5 292.5
290.0 285.0 280.0 275.0 270.0 265.0 265.0 265.0 265.0 265.0 265.0 265.0 265.0 265.0 265.0 265.0 270.0 275.0 280.0 285.0 290.0
287.5 282.5 277.5 272.5 267.5 262.5 262.5 262.5 262.5 262.5 262.5 262.5 262.5 262.5 262.5 262.5 267.5 272.5 277.5 282.5 287.5
285.0 280.0 275.0 270.0 265.0 260.0 260.0 260.0 260.0 260.0 260.0 260.0 260.0 260.0 260.0 260.0 265.0 270.0 275.0 280.0 285.0
282.5 277.5 272.5 267.5 262.5 257.5 257.5 257.5 257.5 257.5 257.5 257.5 257.5 257.5 257.5 257.5 262.5 267.5 272.5 277.5 282.5
280.0 275.0 270.0 265.0 260.0 255.0 255.0 255.0 255.0 255.0 255.0 255.0 255.0 255.0 255.0 255.0 260.0 265.0 270.0 275.0 280.0
277.5 272.5 267.5 262.5 257.5 252.5 252.5 252.5 252.5 252.5 252.5 252.5 252.5 252.5 252.5 252.5 257.5 262.5 267.5 272.5 277.5
275.0 270.0 265.0 260.0 255.0 250.0 250.0 250.0 250.0 250.0 250.0 250.0 250.0 250.0 250.0 250.0 255.0 260.0 265.0 270.0 275.0
272.5 267.5 262.5 257.5 252.5 247.5 247.5 247.5 247.5 247.5 247.5 247.5 247.5 247.5 247.5 247.5 252.5 257.5 262.5 267.5 272.5
270.0 265.0 260.0 255.0 250.0 245.0 245.0 245.0 245.0 245.0 245.0 245.0 245.0 245.0 245.0 245.0 250.0 255.0 260.0 265.0 270.0
267.5 262.5 257.5 252.5 247.5 242.5 242.5 242.5 242.5 242.5 242.5 242.5 242.5 242.5 242.5 242.5 247.5 252.5 257.5 262.5 267.5
265.0 260.0 255.0 250.0 245.0 240.0 240.0 240.0 240.0 240.0 240.0 240.0 240.0 240.0 240.0 240.0 245.0 250.0 255.0 260.0 265.0
262.5 257.5 252.5 247.5 242.5 237.5 237.5 237.5 237.5 237.5 237.5 237.5 237.5 237.5 237.5 237.5 242.5 247.5 252.5 257.5 262.5
260.0 255.0 250.0 245.0 240.0 235.0 235.0 235.0 235.0 235.0 235.0 235.0 235.0 235.0 235.0 235.0 240.0 245.0 250.0 255.0 260.0
257.5 252.5 247.5 242.5 237.5 232.5 232.5 232.5 232.5 232.5 232.5 232.5 232.5 232.5 232.5 232.5 237.5 242.5 247.5 252.5 257.5
255.0 250.0 245.0 240.0 235.0 230.0 230.0 230.0 230.0 230.0 230.0 230.0 230.0 230.0 230.0 230.0 235.0 240.0 245.0 250.0 255.0
252.5 247.5 242.5 237.5 232.5 227.5 227.5 227.5 227.5 227.5 227.5 227.5 227.5 227.5 227.5 227.5 232.5 237.5 242.5 247.5 252.5
250.0 245.0 240.0 235.0 230.0 225.0 225.0 225.0 225.0 225.0 225.0 225.0 225.0 225.0 225.0 225.0 230.0 235.0 240.0 245.0 250.0
247.5 242.5 237.5 232.5 227.5 222.5 222.5 222.5 222.5 222.5 222.5 222.5 222.5 222.5 222.5 222.5 227.5 232.5 237.5 242.5 247.5
245.0 240.0 235.0 230.0 225.0 220.0 220.0 220.0 220.0 220.0 220.0 220.0 220.0 220.0 220.0 220.0 225.0 230.0 235.0 240.0 245.0
242.5 237.5 232.5 227.5 222.5 217.5 217.5 217.5 217.5 217.5 217.5 217.5 217.5 217.5 217.5 217.5 222.5 227.5 232.5 237.5 242.5
240.0 235.0 230.0 225.0 220.0 215.0 215.0 215.0 215.0 215.0 215.0 215.0 215.0 215.0 215.0 215.0 220.0 225.0 230.0 235.0 240.0
237.5 232.5 227.5 222.5 217.5 212.5 212.5 212.5 212.5 212.5 212.5 212.5 212.5 212.5 212.5 212.5 217.5 222.5 227.5 232.5 237.5
235.0 230.0 225.0 220.0 215.0 210.0 210.0 210.0 210.0 210.0 210.0 210.0 210.0 210.0 210.0 210.0 215.0 220.0 225.0 230.0 235.0
232.5 227.5 222.5 217.5 212.5 207.5 207.5 207.5 207.5 207.5 207.5 207.5 207.5 207.5 207.5 207.5 212.5 217.5 222.5 227.5 232.5
230.0 225.0 220.0 215.0 210.0 205.0 205.0 205.0 205.0 205.0 205.0 205.0 205.0 205.0 205.0 205.0 210.0 215.0 220.0 225.0 230.0
227.5 222.5 217.5 212.5 207.5 202.5 202.5 202.5 202.5 202.5 202.5 202.5 202.5 202.5 202.5 202.5 207.5 212.5 217.5 222.5 227.5
225.0 220.0 215.0 210.0 205.0 200.0 200.0 200.0 200.0 200.0 200.0 200.0 200.0 200.0 200.0 200.0 205.0 210.0 215.0 220.0 225.0
222.5 217.5 212.5 207.5 202.5 197.5 197.5 197.5 197.5 197.5 197.5 197.5 197.5 197.5 197.5 197.5 202.5 207.5 212.5 217.5 222.5
220.0 215.0 210.0 205.0 200.0 195.0 195.0 195.0 195.0 195.0 195.0 195.0 195.0 195.0 195.0 195.0 200.0 205.0 210.0 215.0 220.0
217.5 212.5 207.5 202.5 197.5 192.5 192.5 192.5 192.5 192.5 192.5 192.5 192.5 192.5 192.5 192.5 197.5 202.5 207.5 212.5 217.5
215.0 210.0 205.0 200.0 195.0 190.0 190.0 190.0 190.0 190.0 190.0 190.0 190.0 190.0 190.0 190.0 195.0 200.0 205.0 210.0 215.0
212.5 207.5 202.5 197.5 192.5 187.5 187.5 187.5 187.5 187.5 187.5 187.5 187.5 187.5 187.5 187.5 192.5 197.5 202.5 207.5 212.5
210.0 205.0 200.0 195.0 190.0 185.0 185.0 185.0 185.0 185.0 185.0 185.0 185.0 185.0 185.0 185.0 190.0 195.0 200.0 205.0 210.0
207.5 202.5 197.5 192.5 187.5 182.5 182.5 182.5 182.5 182.5 182.5 182.5 182.5 182.5 182.5 182.5 187.5 192.5 197.5 202.5 207.5
205.0 200.0 195.0 190.0 185.0 180.0 180.0 180.0 180.0 180.0 180.0 180.0 180.0 180.0 180.0 180.0 185.0 190.0 195.0 200.0 205.0
202.5 197.5 192.5 187.5 182.5 177.5 177.5 177.5 177.5 177.5 177.5 177.5 177.5 177.5 177.5 177.5 182.5 187.5 192.5 197.5 202.5
200.0 195.0 190.0 185.0 180.0 175.0 175.0 175.0 175.0 175.0 175.0 175.0 175.0 175.0 175.0 175.0 180.0 185.0 190.0 195.0 200.0
197.5 192.5 187.5 182.5 177.5 172.5 172.5 172.5 172.5 172.5 172.5 172.5 172.5 172.5 172.5 172.5 177.5 182.5 187.5 192.5 197.5
195.0 190.0 185.0 180.0 175.0 170.0 170.0 170.0 170.0 170.0 170.0 170.0 170.0 170.0 170.0 170.0 175.0 180.0 185.0 190.0 195.0
192.5 187.5 182.5 177.5 172.5 167.5 167.5 167.5 167.5 167.5 167.5 167.5 167.5 167.5 167.5 167.5 172.5 177.5 182.5 187.5 192.5
190.0 185.0 180.0 175.0 170.0 165.0 165.0 165.0 165.0 165.0 165.0 165.0 165.0 165.0 165.0 165.0 170.0 175.0 180.0 185.0 190.0
187.5 182.5 177.5 172.5 167.5 162.5 162.5 162.5 162.5 162.5 162.5 162.5 162.5 162.5 162.5 162.5 167.5 172.5 177.5 182.5 187.5
185.0 180.0 175.0 170.0 165.0 160.0 160.0 160.0 160.0 160.0 160.0 160.0 160.0 160.0 160.0 160.0 165.0 170.0 175.0 180.0 185.0
182.5 177.5 172.5 167.5 162.5 157.5 157.5 157.5 157.5 157.5 157.5 157.5 157.5 157.5 157.5 157.5 162.5 167.5 172.5 177.5 182.5
180.0 175.0 170.0 165.0 160.0 155.0 155.0 155.0 155.0 155.0 155.0 155.0 155.0 155.0 155.0 155.0 160.0 165.0 170.0 175.0 180.0
177.5 172.5 167.5 162.5 157.5 152.5 152.5 152.5 152.5 152.5 152.5 152.5 152.5 152.5 152.5 152.5 157.5 162.5 167.5 172.5 177.5
175.0 170.0 165.0 160.0 155.0 150.0 150.0 150.0 150.0 150.0 150.0 150.0 150.0 150.0 150.0 150.0 155.0 160.0 165.0 170.0 175.0
172.5 167.5 162.5 157.5 152.5 147.5 147.5 147.5 147.5 147.5 147.5 147.5 147.5 147.5 147.5 147.5 152.5 157.5 162.5 167.5 172.5
170.0 165.0 160.0 155.0 150.0 145.0 145.0 145.0 145.0 145.0 145.0 145.0 145.0 145.0 145.0 145.0 150.0 155.0 160.0 165.0 170.0
167.5 162.5 157.5 152.5 147.5 142.5 142.5 142.5 142.5 142.5 142.5 142.5 142.5 142.5 142.5 142.5 147.5 152.5 157.5 162.5 167.5
