Examples/Forest/dem_5m_sn1.asc
ncols        354
nrows        354
xllcorner    41458.00
yllcorner    6936572.00
cellsize     5.0
NODATA_value -9999
[rows 192 to 223 of 354, columns 213 to 283 of 354]
430.18 432.54 435.20 437.34 439.54 442.27 444.74 446.74 448.86 452.16 455.91 458.61 461.92 464.91 467.74 470.37 472.06 473.48 475.40 476.89 477.97 485.94 491.60 494.45 497.49 500.01 502.61 505.19 506.47 507.93 511.81 515.57 519.07 523.26 526.69 530.35 534.32 538.02 541.31 544.37 547.07 549.98 552.81 555.79 558.78 562.03 565.37 569.00 571.82 575.31 579.25 582.80 585.04 587.88 591.31 594.28 597.18 600.49 603.76 606.72 609.67 612.98 615.83 617.50 618.20 619.04 620.82 623.95 626.48 629.12 633.31
428.20 430.96 433.02 435.64 438.09 440.35 442.00 444.52 447.98 451.00 453.86 456.80 459.88 463.07 465.67 467.19 468.42 470.70 472.72 474.23 476.38 480.08 487.72 491.04 494.57 497.46 499.38 501.34 503.05 506.40 510.64 515.05 518.48 521.92 525.49 529.22 533.09 536.47 539.66 542.26 544.59 547.67 550.50 553.28 556.42 559.82 563.88 566.35 570.18 573.38 577.21 580.12 582.63 585.35 588.38 591.61 594.68 597.87 600.68 604.09 607.25 609.63 611.74 612.34 614.03 615.12 618.13 620.58 624.34 628.13 632.71
426.95 428.26 431.27 433.71 436.02 437.55 440.55 443.53 445.73 448.55 451.69 455.03 457.84 460.90 462.66 464.49 466.95 469.47 471.04 472.79 475.57 480.10 484.38 488.04 491.34 493.86 495.76 498.60 502.40 506.37 510.46 514.02 517.40 520.90 523.98 527.51 531.20 534.88 537.19 539.77 542.36 545.24 547.37 550.96 554.23 557.81 561.00 564.28 567.98 571.33 574.25 577.08 579.93 583.46 586.58 589.60 592.61 595.78 598.42 601.66 604.33 606.13 608.13 608.56 609.80 612.48 615.77 619.69 623.39 628.07 632.13
424.05 426.37 428.94 431.51 433.11 436.58 438.99 441.16 443.67 446.41 449.87 452.93 455.85 458.05 460.02 462.46 463.99 466.12 469.89 472.96 476.90 478.94 481.55 484.63 487.11 488.43 494.18 498.27 502.03 505.41 508.16 511.85 515.65 518.89 522.10 526.06 528.96 532.46 534.99 537.43 539.59 542.34 546.07 549.47 552.48 555.51 559.01 562.31 565.84 568.86 571.85 574.93 578.64 581.80 585.01 587.94 590.25 592.93 595.85 598.90 600.82 602.37 603.82 604.69 607.01 610.80 614.44 618.44 622.61 627.61 631.76
422.76 424.84 426.46 429.53 432.91 434.48 436.87 439.86 442.83 445.17 447.89 450.68 453.10 455.21 456.06 457.05 460.59 465.06 470.26 472.72 473.95 476.52 478.03 479.60 484.67 488.73 493.34 497.21 500.18 503.96 507.09 510.13 513.72 516.78 520.31 523.91 526.76 529.51 532.58 535.07 539.07 542.43 545.55 547.75 550.01 554.19 557.22 560.82 563.71 566.92 570.07 573.24 576.69 580.53 583.07 585.71 587.75 590.10 593.18 595.90 597.29 598.87 599.59 601.34 605.53 609.66 613.47 617.89 623.00 627.52 632.14
421.61 422.77 425.89 428.02 430.49 433.29 435.98 438.84 441.07 443.50 446.40 448.95 450.57 451.09 451.31 453.35 460.28 465.55 468.20 469.84 472.02 472.38 474.15 478.51 483.60 487.67 491.25 494.42 498.09 501.76 504.83 507.71 510.21 513.95 518.23 521.52 524.14 526.82 530.48 534.35 537.51 540.68 542.85 545.69 549.20 552.73 555.62 558.74 561.87 564.67 567.84 570.54 574.84 577.53 580.21 582.43 584.92 586.54 589.22 591.92 593.39 594.87 596.15 600.64 604.50 608.47 613.28 621.23 625.40 628.65 634.03
420.61 422.86 424.49 426.86 429.22 431.61 434.30 437.23 439.79 442.43 445.59 446.45 446.90 447.78 449.40 454.31 459.32 463.30 465.83 468.81 468.95 470.44 474.77 478.83 483.04 486.23 489.11 492.31 495.59 499.31 502.44 505.33 507.47 511.33 515.43 518.19 521.68 525.79 529.01 532.38 535.41 538.27 541.25 544.21 547.54 550.82 553.54 556.39 559.19 562.02 564.61 567.01 571.35 574.37 576.53 579.47 581.40 583.65 585.93 587.72 589.36 590.42 595.01 599.02 603.30 607.81 612.75 620.54 623.42 627.85 630.93
419.91 421.66 423.90 425.87 428.14 430.28 433.35 436.28 439.36 442.30 442.50 442.14 443.07 446.33 450.00 454.44 458.43 460.93 463.08 463.90 466.47 471.54 475.16 478.07 481.42 484.34 487.07 490.07 493.47 496.70 499.86 503.00 505.84 508.97 512.20 516.98 520.61 524.26 527.39 529.98 533.21 535.47 538.68 541.80 545.19 548.17 551.02 553.48 556.15 559.32 561.93 565.13 568.79 571.42 573.15 575.58 577.32 579.73 582.05 583.35 585.24 589.72 593.98 598.56 603.44 607.90 612.19 618.27 621.00 625.74 629.23
418.88 420.70 422.33 424.92 427.10 429.87 433.14 436.19 438.02 437.84 437.46 438.49 441.95 446.69 450.91 454.34 456.88 458.02 457.75 462.49 467.30 471.17 473.69 476.46 479.33 482.15 484.76 487.92 491.36 494.90 497.77 500.64 504.21 507.13 511.47 515.19 519.05 522.40 524.64 527.16 530.34 533.75 536.72 539.75 542.74 545.77 548.55 550.73 553.45 556.59 559.57 562.49 566.02 568.00 569.86 571.75 573.75 575.78 577.52 579.42 584.12 589.39 594.06 599.00 603.47 607.63 612.79 616.13 619.48 623.72 629.48
416.98 418.88 421.52 424.28 426.83 429.76 432.32 433.80 433.36 433.21 434.45 438.74 442.96 447.46 450.09 452.49 453.16 453.21 457.36 462.50 466.53 469.35 471.91 474.18 476.84 478.23 481.52 485.69 489.86 493.30 495.74 499.16 501.89 506.09 509.54 513.12 516.38 519.40 521.99 524.79 527.91 530.94 534.45 537.55 540.13 542.92 545.65 548.34 551.73 555.01 557.47 560.66 562.81 564.58 566.52 568.48 570.25 571.62 574.43 579.52 584.57 589.23 594.47 599.30 603.75 607.07 610.98 614.35 616.86 623.71 625.36
415.91 418.76 421.03 423.75 426.60 428.54 429.56 429.32 428.81 431.39 435.26 439.59 443.20 445.90 448.30 447.69 448.43 453.94 457.86 460.86 464.37 467.07 469.08 471.16 473.32 475.34 478.34 482.33 486.49 490.92 493.88 497.27 500.75 504.61 507.77 511.56 514.09 516.88 519.60 522.23 525.46 528.93 532.10 535.08 537.69 540.33 543.30 546.00 549.40 552.26 554.99 557.59 559.36 561.20 562.81 564.52 566.61 570.19 574.54 579.55 585.46 590.40 594.78 598.87 601.97 605.42 610.15 612.87 614.37 620.88 621.13
414.95 417.64 419.99 422.47 424.46 426.10 425.31 425.02 427.68 432.21 436.37 439.47 441.90 443.80 443.70 444.81 449.60 453.82 456.07 458.52 462.11 464.80 466.28 468.42 470.50 472.54 476.17 480.39 484.34 487.43 491.23 495.43 498.84 501.87 505.96 509.09 511.48 514.67 517.68 520.51 523.39 526.61 529.88 532.74 535.50 537.69 540.49 543.71 546.80 549.20 551.59 553.72 555.42 557.21 558.57 563.17 567.01 571.07 575.24 579.44 584.46 588.77 592.49 596.44 600.71 604.60 608.29 610.56 612.09 617.28 617.53
413.40 416.00 418.12 420.54 422.83 422.26 421.74 423.76 428.52 432.64 435.33 437.83 439.25 439.12 440.52 445.66 449.27 451.73 454.25 456.71 459.84 461.43 463.83 465.72 467.75 470.53 474.46 477.90 482.01 485.48 489.06 493.21 496.91 500.00 503.63 506.58 509.03 511.88 514.99 518.04 521.20 524.89 527.55 530.87 532.96 535.67 538.33 541.31 543.50 545.54 547.51 549.69 550.08 554.00 558.36 562.95 567.88 571.78 575.53 579.41 583.03 586.75 589.53 595.51 599.64 602.88 605.01 607.93 609.92 612.09 613.18
411.50 414.00 416.83 419.33 419.55 419.85 420.73 423.95 428.06 431.56 433.82 434.45 435.38 437.68 442.33 444.94 446.84 449.61 452.15 454.69 457.26 458.69 460.48 462.99 465.30 468.87 472.13 476.08 479.56 483.17 487.06 491.10 494.94 498.48 501.54 504.06 506.47 509.71 512.50 515.47 518.85 522.38 525.71 528.44 530.91 533.32 535.83 538.64 540.32 541.91 543.26 545.14 549.50 554.12 558.88 563.59 567.51 570.44 574.30 577.96 580.90 584.50 588.11 592.77 596.06 597.83 601.30 605.20 607.40 607.72 608.77
409.50 412.43 415.61 416.72 416.57 417.75 420.24 424.09 427.44 429.42 429.83 430.60 435.25 438.70 440.78 442.55 444.89 447.64 449.65 451.85 454.58 455.14 457.58 461.33 464.26 466.95 470.24 474.58 477.94 480.79 485.18 488.79 492.08 495.79 499.29 501.64 504.58 507.38 510.44 513.09 516.55 519.92 523.04 526.08 528.23 530.43 533.17 535.20 536.76 537.41 540.65 544.72 548.94 553.19 558.11 562.22 565.51 568.83 572.45 574.95 577.87 581.49 586.72 591.51 592.76 594.99 596.98 599.84 602.70 604.26 604.61
408.50 411.48 413.16 413.70 414.53 417.90 421.38 423.98 425.15 425.22 428.18 432.40 434.85 436.41 438.28 440.40 442.81 445.10 447.21 449.71 451.22 452.68 456.55 459.11 462.04 465.30 468.35 472.38 475.73 478.64 482.63 485.85 488.96 492.77 496.70 499.95 502.49 505.22 508.03 510.74 513.98 517.36 520.45 523.23 525.81 527.75 529.98 531.18 532.91 534.74 539.64 544.39 548.33 552.48 556.40 560.39 563.72 566.57 569.33 572.34 574.83 578.99 584.58 588.52 589.08 591.50 593.79 595.60 597.38 599.67 601.25
407.21 409.24 409.49 412.07 414.54 417.58 419.88 420.66 420.52 424.93 428.44 430.34 432.01 434.04 436.01 437.85 440.39 442.35 444.38 445.56 447.20 451.20 454.35 457.21 460.27 463.46 466.69 470.16 473.76 476.70 479.78 482.90 485.65 489.03 493.69 496.79 499.59 502.86 505.80 508.57 511.96 514.72 518.02 520.48 522.75 524.29 525.85 527.28 530.97 535.24 539.48 543.48 546.99 550.59 554.28 558.45 561.74 564.35 566.88 569.33 572.19 575.37 580.64 585.54 585.42 587.95 590.73 591.78 593.64 595.78 597.06
404.97 406.70 408.64 410.93 414.30 416.71 416.94 418.35 422.02 424.65 426.52 427.93 429.50 431.37 433.42 435.03 437.17 439.33 439.94 441.74 445.66 449.48 452.03 455.37 458.87 461.84 464.80 467.95 471.08 473.66 477.02 480.96 484.03 486.40 489.95 493.48 497.07 500.46 503.32 506.39 509.45 512.21 515.08 517.48 519.45 520.52 522.25 526.69 530.69 534.04 538.17 541.90 544.89 548.23 552.02 556.45 559.47 561.69 564.21 566.13 568.81 572.33 575.90 580.62 581.82 583.68 585.50 587.52 589.79 592.53 593.67
401.42 404.10 407.26 410.78 413.24 414.11 415.74 418.59 420.83 422.88 424.14 425.31 426.85 428.51 430.23 433.03 435.19 436.21 437.40 440.45 444.55 447.49 450.54 453.67 456.74 459.66 462.76 465.30 468.36 472.52 475.83 479.37 481.50 484.04 487.00 490.66 494.24 497.86 501.00 504.43 507.18 509.71 511.92 513.84 514.79 518.23 522.38 526.07 529.33 532.93 536.67 540.04 543.20 545.83 549.61 553.21 556.54 558.85 560.99 563.09 565.73 569.20 572.28 574.87 577.21 580.30 581.99 583.91 585.65 588.48 591.93
398.04 403.15 407.12 409.68 410.94 412.77 415.07 417.02 418.72 420.68 421.84 422.69 424.21 425.72 428.62 431.08 431.79 433.49 435.90 439.11 443.07 445.67 448.41 451.34 454.40 457.12 459.65 462.57 467.08 470.46 473.33 476.78 478.85 481.74 484.59 487.98 491.29 495.28 498.69 502.20 504.77 506.69 508.02 510.22 513.05 518.09 521.43 524.66 527.47 531.09 534.73 537.88 541.16 544.19 547.01 550.78 553.79 555.90 558.45 560.68 563.14 565.97 568.59 570.81 572.93 576.44 578.17 580.25 582.71 588.53 593.11
398.29 402.47 405.82 408.05 409.83 411.59 413.27 415.28 416.81 417.82 419.12 420.35 421.50 423.55 426.47 428.50 428.75 431.92 435.35 437.58 440.96 443.73 446.25 448.92 452.02 454.04 457.65 461.12 464.92 468.49 471.78 474.56 477.06 479.81 482.28 485.23 487.64 492.86 496.10 498.60 501.19 502.71 504.44 508.67 513.18 516.92 519.95 522.55 525.67 528.65 531.84 535.43 538.71 541.82 544.73 548.06 550.83 553.60 555.79 557.73 559.76 562.57 564.51 566.60 568.63 571.11 574.27 580.17 585.85 590.64 597.04
397.68 399.76 404.06 406.13 408.21 409.82 411.82 413.18 414.10 415.01 416.98 417.81 419.03 421.66 424.52 424.97 426.61 430.98 433.36 435.85 438.99 441.49 444.22 447.12 449.07 451.72 455.88 459.52 463.14 467.06 470.00 472.84 475.35 477.62 480.30 482.85 485.25 488.39 491.88 494.58 496.79 498.37 503.83 508.37 512.22 515.55 518.19 520.71 523.66 526.52 529.77 533.10 536.49 539.68 542.57 545.51 547.93 550.54 552.81 554.37 556.31 558.89 560.32 562.15 563.66 567.06 574.66 582.25 587.57 592.06 595.05
395.88 397.58 400.77 404.35 406.29 408.40 410.15 410.73 411.51 413.33 414.61 415.43 417.04 419.95 420.59 422.55 427.02 429.19 431.36 434.08 437.03 439.40 442.32 444.33 446.73 449.07 453.35 457.03 462.03 465.18 468.29 471.47 473.82 475.70 478.21 480.62 483.08 485.82 487.70 489.15 494.44 499.20 503.57 507.03 510.45 513.64 516.44 519.20 522.19 525.04 528.45 530.77 533.34 535.90 539.88 542.48 544.85 546.87 549.06 550.83 552.70 554.34 556.04 557.87 562.85 569.47 578.35 583.63 586.86 589.62 591.61
394.21 396.85 400.03 402.20 404.65 407.07 407.84 408.52 409.43 411.59 412.05 413.09 415.27 416.94 419.43 423.07 425.58 427.44 429.39 432.03 434.69 437.08 439.24 441.93 444.90 446.88 450.08 454.35 458.93 463.53 466.82 470.09 472.01 474.42 476.68 478.77 481.07 482.20 483.89 488.81 493.46 497.60 502.02 505.42 508.59 511.59 514.30 517.23 519.63 522.17 525.08 527.60 530.52 533.10 536.41 539.07 541.37 543.35 545.28 546.51 547.87 550.09 555.12 560.21 565.05 571.31 577.94 580.68 583.46 586.03 589.04
392.66 395.36 398.37 401.09 403.24 404.79 406.08 406.87 408.16 409.50 409.93 411.61 412.39 416.26 419.15 420.88 422.83 425.48 427.87 430.04 432.50 434.98 437.37 439.81 442.12 445.35 447.90 452.19 457.63 462.21 465.19 468.24 470.32 472.48 474.61 476.75 477.95 480.03 483.02 487.14 490.87 494.93 499.70 503.05 506.45 509.10 511.71 514.50 517.51 519.81 522.41 524.96 527.52 529.95 532.64 535.38 537.64 539.12 540.51 541.55 544.76 550.64 556.28 561.19 566.11 571.38 575.89 578.08 580.57 583.79 586.61
390.42 393.28 397.31 399.40 400.86 402.89 404.34 405.25 406.44 407.45 408.41 408.55 412.15 414.43 416.42 418.36 421.12 423.52 425.89 427.91 430.19 433.14 434.88 437.47 440.14 442.93 445.77 449.24 455.33 459.65 463.19 465.08 467.83 470.05 472.28 473.30 475.57 479.13 482.65 485.86 488.76 491.65 496.65 500.37 504.15 505.97 508.76 511.90 514.53 516.71 518.88 520.86 523.68 526.35 528.82 531.70 533.37 534.05 537.93 542.98 548.15 553.11 557.27 561.66 566.16 569.92 572.66 575.60 578.16 581.97 585.82
388.12 392.45 395.83 397.50 399.09 401.21 403.04 403.87 405.05 405.70 406.64 407.89 409.87 412.19 414.07 416.45 419.37 421.63 423.86 425.59 428.39 430.34 432.63 435.46 437.86 440.37 443.28 446.64 451.89 458.00 460.60 462.81 465.37 467.57 468.87 471.95 474.80 477.67 480.55 483.87 486.57 489.71 493.05 497.05 500.32 502.95 505.25 508.09 510.32 512.11 514.24 516.87 519.61 522.39 524.02 525.49 528.46 533.99 539.23 544.04 549.04 552.69 556.21 559.67 563.65 567.01 570.46 573.54 577.76 581.80 584.88
387.38 391.13 393.51 395.89 397.74 399.48 400.96 402.36 402.80 404.19 404.26 405.83 407.69 409.52 411.67 414.82 417.76 419.18 422.35 424.28 425.81 428.31 430.70 433.22 435.64 438.56 441.10 443.90 451.86 455.05 457.91 459.41 463.02 465.35 467.04 470.18 472.95 475.26 478.26 480.98 483.95 487.15 490.97 494.19 496.95 498.49 500.44 502.70 505.20 507.48 510.23 512.62 514.85 516.93 518.79 523.27 529.58 535.23 540.26 544.22 547.72 550.63 554.16 557.84 561.41 565.33 569.47 573.32 578.02 580.28 582.77
386.00 389.07 391.93 394.35 395.98 397.76 399.11 399.48 400.64 402.23 402.65 403.86 405.32 406.95 409.81 412.72 414.94 417.38 419.84 422.07 423.62 425.99 428.49 431.26 432.94 435.70 438.59 441.35 444.77 452.52 454.94 457.15 460.63 462.80 465.24 468.12 471.05 473.53 475.83 478.59 481.11 484.25 487.41 491.01 493.32 495.00 496.54 497.57 499.69 501.20 504.49 507.02 509.83 513.93 519.49 525.47 530.74 535.31 539.11 542.62 545.78 549.80 552.93 556.30 560.10 564.62 568.28 573.86 575.13 577.56 579.00
383.24 386.74 390.03 392.29 394.08 395.86 397.25 396.97 399.06 399.57 401.05 402.45 403.74 405.60 407.77 410.14 412.64 415.40 417.98 420.42 421.82 423.73 426.42 429.15 431.17 433.72 436.70 439.91 443.26 447.98 452.41 453.92 456.66 460.47 463.54 465.94 469.33 472.31 473.74 475.80 478.81 482.03 483.81 486.75 489.32 491.37 492.29 493.36 494.90 498.63 503.55 507.31 511.60 516.87 521.48 526.11 530.22 534.35 537.61 541.66 544.24 547.79 550.48 555.39 559.13 563.62 565.99 569.86 572.05 574.37 577.06
381.71 384.78 387.81 390.27 391.81 393.76 394.51 394.87 396.55 397.27 399.08 401.19 401.80 403.71 405.59 408.79 411.37 413.91 416.30 418.54 420.29 422.64 424.50 426.99 429.02 432.12 435.49 438.36 440.81 443.10 448.96 451.80 455.47 459.23 461.26 463.24 467.68 470.48 471.98 473.15 475.93 478.55 480.50 482.96 485.20 487.04 488.23 491.17 495.50 499.62 505.09 509.15 513.66 517.64 521.58 525.49 529.37 533.29 536.70 539.58 542.70 545.66 549.81 553.70 557.14 560.63 563.09 566.23 568.55 572.01 574.84
379.98 381.87 385.71 387.36 389.48 390.64 391.44 391.82 394.23 396.51 397.39 399.33 400.42 401.73 404.12 407.05 409.59 411.87 414.03 416.58 419.11 421.39 423.32 425.26 427.94 431.09 433.77 435.78 438.09 440.23 444.59 449.66 453.31 456.01 458.09 460.59 464.44 467.53 469.20 470.71 473.11 475.35 477.68 479.93 480.57 484.15 487.73 491.14 496.02 500.85 504.91 509.15 513.23 516.51 520.06 524.59 528.57 532.07 535.24 538.01 541.30 544.59 547.80 551.46 554.95 557.92 560.50 563.51 566.68 569.73 572.15
