Examples/Forest/dem_5m_sn1.asc
ncols        354
nrows        354
xllcorner    41458.00
yllcorner    6936572.00
cellsize     5.0
NODATA_value -9999
[rows 96 to 127 of 354, columns 213 to 283 of 354]
653.78 656.10 658.52 661.33 663.88 665.77 668.19 670.37 672.29 674.14 676.03 678.82 681.54 683.91 685.97 688.84 691.39 693.95 697.22 700.15 703.34 706.91 709.84 712.29 715.18 717.70 720.50 723.54 726.37 729.26 732.14 735.23 737.99 740.34 742.44 744.75 746.95 749.00 751.67 754.78 757.23 759.74 762.18 764.98 767.31 769.34 771.91 774.77 777.67 780.56 782.72 784.83 786.96 789.47 792.22 794.64 797.00 799.38 802.02 804.76 807.62 810.26 813.22 816.08 818.82 821.38 823.30 825.61 828.45 831.05 834.27
651.87 654.22 656.97 659.88 662.12 664.25 666.60 668.47 670.37 672.59 674.46 677.14 679.81 681.92 684.42 687.11 689.96 692.30 695.82 699.15 702.72 705.61 708.13 710.46 713.14 715.86 718.85 721.92 724.70 727.61 730.13 733.47 735.99 738.38 740.83 742.97 745.23 747.68 750.36 753.08 755.58 757.91 760.55 763.47 765.41 767.73 770.83 773.54 776.36 778.55 780.63 782.11 784.47 787.16 789.94 791.99 794.39 796.99 799.63 802.33 805.69 808.55 811.48 814.10 816.67 819.61 822.23 824.06 826.82 829.31 832.75
649.73 652.36 655.57 657.76 659.88 662.34 664.83 666.74 668.79 671.07 673.53 675.81 677.91 680.53 682.58 685.71 688.42 691.08 694.37 697.66 701.14 703.54 705.64 707.80 710.53 713.99 717.19 720.30 722.87 725.73 728.46 731.56 734.02 736.56 738.91 741.48 743.99 745.76 748.26 751.08 753.75 756.32 758.85 761.38 763.44 766.18 769.16 771.93 774.01 775.79 777.48 779.55 782.17 785.17 788.49 790.36 792.28 794.82 797.63 801.12 804.36 807.52 809.88 812.66 815.61 818.25 820.95 822.99 825.42 828.17 830.82
647.44 650.32 653.43 655.58 657.77 660.31 662.91 665.29 667.47 669.67 672.07 673.78 676.45 678.72 681.39 684.46 686.60 689.69 692.87 695.91 698.74 701.17 702.94 705.68 708.79 712.51 715.87 718.67 721.45 724.10 727.07 729.72 732.21 734.69 737.42 739.70 742.21 744.54 747.01 749.04 751.55 754.12 756.60 758.95 761.29 763.99 766.84 769.04 771.06 772.81 774.94 777.55 780.43 783.88 786.35 788.79 791.08 793.61 796.72 799.94 803.26 806.10 808.62 811.49 814.23 816.79 819.18 821.59 823.88 826.41 829.00
644.82 648.58 651.33 653.24 655.71 658.44 661.30 663.51 665.58 668.27 670.04 671.98 674.58 677.21 680.32 682.78 685.08 688.18 691.05 694.00 696.75 698.95 701.35 704.50 707.90 711.42 714.04 717.20 719.77 722.52 725.38 727.67 730.26 732.89 735.47 737.62 739.91 742.27 744.65 746.98 749.34 751.99 754.35 756.29 758.99 762.02 764.72 766.74 768.70 770.55 773.19 776.19 779.61 782.32 784.56 787.60 789.73 792.68 795.59 798.83 801.64 804.60 807.32 810.15 812.69 814.85 817.29 819.77 822.10 824.49 827.58
643.14 646.23 648.52 651.03 654.02 656.77 658.87 660.93 664.06 666.62 668.50 670.38 673.04 676.17 678.42 680.49 682.93 686.11 689.18 692.33 695.03 697.19 699.99 703.33 706.83 709.49 712.36 715.43 717.92 720.71 722.89 725.88 728.37 731.04 733.33 735.57 737.89 740.08 742.42 745.10 747.54 749.87 752.41 754.73 757.46 760.21 762.68 765.09 767.22 768.71 771.66 775.13 778.07 780.29 782.61 785.44 788.24 791.04 794.42 797.18 799.99 803.14 805.63 808.24 810.65 812.91 815.85 818.20 820.27 822.36 825.90
641.32 643.57 646.10 649.33 652.14 654.50 656.88 659.95 662.28 665.13 666.70 668.73 671.57 674.73 676.45 678.58 681.29 684.49 687.58 690.51 693.15 695.67 699.09 702.22 705.09 707.80 710.68 713.45 715.81 718.30 720.93 723.96 726.64 728.98 731.31 733.37 735.83 737.90 740.58 743.23 745.46 747.85 750.35 753.45 756.16 758.67 761.36 763.76 765.51 767.58 770.17 773.36 775.72 778.66 781.29 783.87 786.40 789.58 792.60 795.47 798.36 800.88 803.48 806.58 808.69 811.18 813.93 816.16 818.46 820.66 824.16
638.70 641.47 644.51 647.25 650.03 652.65 655.89 658.12 660.85 663.32 665.24 667.60 669.91 672.38 674.48 676.86 679.63 682.49 685.67 688.80 691.25 694.09 697.21 700.22 702.57 704.92 708.32 711.10 713.66 716.33 719.29 722.39 724.62 726.76 729.06 731.77 733.50 735.68 738.44 740.89 742.90 745.47 748.83 751.93 754.55 756.81 759.64 762.18 763.55 766.35 768.67 771.28 773.48 776.43 779.66 781.98 784.77 787.47 790.53 793.72 796.47 799.24 802.11 804.81 807.30 809.38 811.52 813.98 816.86 819.66 821.84
636.67 639.48 642.41 645.13 647.49 650.56 653.33 656.42 658.87 661.44 663.42 665.52 668.11 670.03 672.40 675.05 677.58 680.74 683.48 686.55 689.21 692.35 695.28 697.91 700.61 703.61 706.03 708.86 711.63 714.59 717.33 719.86 722.34 724.39 726.68 729.22 730.86 733.67 735.98 738.79 740.76 743.49 747.12 749.92 752.66 755.78 758.28 760.34 762.82 764.72 767.10 769.41 771.93 774.16 776.93 779.75 782.48 785.65 788.66 791.87 794.77 797.36 800.40 803.18 805.30 807.61 809.70 812.37 815.36 817.92 820.84
634.01 637.23 640.49 642.98 645.86 648.85 651.62 654.49 656.83 659.40 661.60 663.93 665.76 667.87 670.28 672.68 675.47 678.65 681.48 684.20 687.41 690.47 693.22 695.90 698.47 701.56 704.00 706.42 709.16 711.99 714.52 717.15 719.76 721.97 724.46 726.57 729.07 731.56 734.25 736.92 739.11 742.06 744.96 747.93 751.26 754.22 756.71 758.71 761.01 762.92 764.99 767.46 769.74 772.06 774.39 777.66 780.84 783.88 787.01 790.07 793.11 795.99 798.32 801.36 803.73 805.85 808.00 811.20 813.74 816.12 818.82
632.06 635.73 638.55 641.02 643.81 646.41 649.24 652.65 654.75 656.81 658.76 661.69 663.80 665.83 667.93 670.24 673.33 676.40 679.58 682.30 685.21 688.22 690.69 693.46 696.49 698.86 701.16 703.38 706.31 708.97 711.62 714.63 717.07 719.58 722.05 724.57 726.99 729.31 732.41 734.67 737.19 740.10 742.64 745.48 749.34 752.40 754.89 757.18 759.43 760.98 762.82 765.37 768.03 770.38 772.94 776.27 779.39 782.29 785.25 788.31 791.28 793.97 796.54 799.01 802.08 804.25 807.05 809.67 812.11 814.68 816.75
630.20 633.92 637.15 639.96 642.46 645.26 648.01 650.79 652.71 654.80 657.00 659.41 661.55 663.45 665.84 668.21 670.88 673.87 676.85 679.82 683.09 685.89 688.26 690.96 693.58 695.67 698.16 701.02 703.56 706.34 709.48 712.37 714.80 717.13 719.96 722.33 724.63 726.81 729.59 732.25 734.87 737.84 740.72 743.34 746.79 750.34 752.91 754.89 757.17 759.19 761.44 764.04 766.31 768.92 771.49 774.84 777.92 780.79 783.50 786.81 789.59 792.36 794.65 797.95 800.32 803.16 806.04 808.46 810.83 812.98 815.45
628.03 631.02 634.79 637.82 640.67 643.39 646.33 648.45 651.09 652.87 654.97 657.16 659.64 661.55 663.78 666.19 668.84 671.42 674.83 678.34 681.05 683.52 686.02 688.58 690.93 693.35 695.94 698.45 701.24 704.34 707.21 710.22 712.12 714.60 717.23 719.77 721.88 723.75 726.93 729.91 732.52 734.90 738.43 741.02 744.66 748.12 750.79 753.57 755.27 757.15 759.61 761.90 764.31 766.84 770.31 773.57 776.38 779.26 782.56 785.55 787.93 790.80 793.34 796.60 798.71 801.34 804.05 806.89 809.28 811.90 813.97
625.26 629.35 633.11 636.11 639.02 641.91 644.66 646.70 648.73 650.87 652.92 654.77 657.43 659.52 661.71 664.06 666.61 669.63 673.16 676.40 678.90 681.45 684.00 686.48 689.24 691.61 693.74 696.54 699.32 702.18 704.87 707.41 709.40 711.86 714.50 716.90 719.18 720.70 724.56 727.57 729.85 732.86 736.00 739.52 742.96 745.94 748.65 751.23 753.00 755.57 757.82 760.02 762.63 765.78 769.23 772.27 775.00 778.15 781.02 783.70 786.23 788.84 791.69 794.49 797.30 799.64 802.86 804.87 807.41 809.40 811.70
624.68 627.96 631.17 633.81 637.24 640.31 642.67 644.66 646.51 648.61 650.47 652.68 655.50 657.54 659.11 661.55 664.41 668.00 671.49 674.35 676.72 679.46 681.93 684.26 686.98 689.59 691.95 694.48 697.47 699.98 702.45 704.75 706.99 709.43 711.78 714.38 716.18 718.87 722.12 725.24 727.69 730.54 733.98 738.16 741.19 743.74 746.11 748.61 751.24 753.46 755.87 758.50 761.49 764.98 767.69 770.60 773.67 776.57 779.42 782.19 784.40 787.15 789.98 792.67 795.41 797.78 800.87 802.69 805.25 807.66 809.53
623.28 626.38 629.50 632.05 634.60 637.59 640.36 642.07 644.44 646.57 648.50 650.71 652.91 654.69 657.13 659.55 662.59 665.93 669.17 671.89 674.40 677.37 679.81 682.36 684.83 687.29 689.51 692.25 694.71 697.34 699.79 702.64 704.97 707.02 709.95 712.44 714.35 717.21 720.36 723.15 726.40 729.22 732.23 735.90 738.85 741.55 744.32 746.63 749.29 751.56 754.01 757.25 760.35 763.52 766.00 769.17 771.91 774.56 777.49 780.06 782.63 785.25 787.58 790.07 792.63 795.69 798.62 801.12 803.32 805.49 808.19
622.02 624.35 627.44 630.15 632.45 635.45 638.30 639.87 642.09 643.90 645.80 647.90 650.00 652.33 655.66 657.58 660.48 663.95 666.90 669.20 672.05 675.17 677.89 680.13 682.45 684.52 687.15 689.90 692.16 695.03 697.66 700.37 702.79 704.80 708.07 710.51 712.07 715.25 718.04 720.85 724.15 727.16 730.60 734.00 736.83 739.37 742.05 744.37 746.62 749.27 752.36 755.74 758.68 761.50 764.15 766.88 769.71 772.64 775.10 778.10 780.75 783.22 785.53 787.95 790.72 793.80 796.85 799.06 801.38 803.38 806.40
620.10 621.77 624.73 627.38 629.86 632.66 635.56 637.36 639.70 641.64 643.40 645.50 648.60 650.71 653.34 655.49 658.48 661.16 663.70 666.31 669.37 672.55 675.50 677.98 679.74 682.31 684.56 687.39 689.86 692.50 695.57 698.30 701.02 702.77 705.55 708.36 710.40 713.12 716.05 718.96 722.15 725.00 728.71 731.65 734.50 737.22 739.24 742.06 744.42 747.57 750.73 753.90 756.62 759.28 762.01 764.75 768.03 770.61 773.38 775.95 778.87 781.30 783.92 786.20 789.08 791.99 794.73 797.20 799.52 801.54 804.56
617.31 620.19 622.39 624.47 626.88 629.86 632.59 634.75 636.87 638.58 640.75 643.06 645.82 648.59 651.07 653.30 655.59 658.14 660.66 663.81 667.04 670.18 672.95 674.92 677.32 679.55 682.26 685.11 687.78 690.63 693.70 696.50 698.91 700.93 703.79 706.41 708.78 711.54 714.26 717.40 720.38 723.09 725.83 728.99 731.60 734.26 736.93 739.67 742.85 745.81 748.92 751.97 754.47 757.41 760.16 763.36 766.30 768.87 771.74 774.18 777.02 779.54 781.87 784.47 787.75 790.36 792.63 795.26 797.96 799.91 802.49
615.51 617.97 619.66 621.81 624.39 627.07 629.58 631.60 634.10 635.91 638.28 640.43 643.05 646.32 649.63 651.06 652.80 655.42 658.38 661.29 664.36 667.55 669.96 672.16 674.64 677.81 680.14 682.33 685.20 688.69 691.70 694.38 696.72 699.19 701.50 704.24 706.40 709.75 712.55 715.16 718.35 721.44 723.89 726.73 729.57 732.30 734.80 737.76 740.99 743.87 747.03 749.77 752.47 755.40 758.56 761.42 764.33 767.00 769.66 772.21 775.05 777.53 779.97 782.56 785.70 788.54 790.81 793.84 795.88 798.15 800.88
611.15 614.98 616.63 619.18 621.85 624.29 626.38 629.80 631.61 633.37 635.86 638.05 641.19 643.95 646.82 648.42 650.42 652.87 655.84 658.90 661.63 664.80 667.25 670.07 673.02 675.43 677.80 680.37 683.07 686.49 689.52 691.50 693.56 696.37 699.77 701.78 704.34 707.47 710.19 712.81 715.85 718.80 721.64 724.73 727.70 730.46 733.16 736.06 738.89 741.79 744.91 747.92 750.85 753.79 756.69 759.53 762.50 765.20 767.60 770.34 772.82 775.53 778.49 780.97 784.02 786.24 788.69 790.77 793.21 796.35 799.19
607.64 610.62 614.07 617.10 618.95 621.15 623.50 625.92 629.29 630.86 633.25 635.48 638.81 641.52 644.78 646.07 647.99 650.86 654.08 656.36 659.29 662.22 664.11 667.47 671.25 673.42 675.60 676.98 680.03 683.12 686.95 689.46 691.19 693.88 697.65 699.54 702.42 704.78 707.42 710.39 713.65 716.61 719.53 722.55 725.64 728.34 730.91 733.86 736.82 739.86 743.10 746.25 749.03 751.52 754.73 757.94 760.47 763.29 765.87 768.29 770.90 773.61 776.56 779.37 781.79 783.89 786.38 789.38 791.41 794.95 797.30
604.79 607.46 610.63 613.70 616.20 618.06 620.56 623.35 626.23 628.54 630.84 633.63 636.67 639.50 641.84 643.89 646.05 648.84 651.64 653.89 656.33 658.80 661.44 665.16 668.27 670.68 671.83 674.29 676.96 681.41 684.38 687.03 689.54 691.87 694.84 697.12 699.82 702.26 705.12 708.20 711.54 714.53 717.58 720.70 723.42 726.39 728.90 731.67 734.81 737.96 741.40 744.46 747.32 750.21 753.42 756.06 758.52 760.98 763.93 766.30 768.98 771.35 773.66 776.56 778.54 781.62 783.58 786.66 790.16 792.72 795.26
601.89 603.49 605.88 610.93 612.65 615.09 618.04 620.70 624.19 626.08 627.71 631.06 634.61 636.82 639.74 642.19 644.03 646.75 649.04 651.25 653.81 656.29 658.86 662.50 665.65 667.34 668.71 671.50 675.03 678.96 681.89 684.60 686.92 688.98 690.96 694.43 697.61 700.29 702.84 706.18 709.49 712.87 715.65 718.53 721.20 724.18 726.99 729.86 732.98 736.73 739.71 742.66 745.44 748.57 751.30 754.14 756.52 759.09 761.94 764.51 767.19 769.83 771.80 774.37 776.23 778.59 781.24 784.87 787.82 790.41 792.43
598.59 600.74 603.45 606.45 609.18 612.81 615.30 618.62 621.10 623.44 625.54 628.77 632.01 633.86 636.62 639.94 641.97 644.23 646.67 649.22 651.11 653.51 656.06 660.05 661.96 663.99 666.63 670.22 673.22 676.09 678.50 681.37 684.00 686.13 688.59 692.33 695.23 697.94 700.84 704.32 707.27 710.55 713.18 716.06 719.24 722.32 725.19 727.86 731.25 734.70 737.70 740.74 743.32 746.54 749.18 751.84 754.77 757.46 759.87 762.66 765.15 767.89 770.09 772.53 774.45 776.70 779.17 782.58 785.11 787.58 790.19
595.76 597.71 600.60 603.35 605.31 609.30 612.34 615.16 618.63 620.75 622.75 625.86 628.37 630.41 634.36 636.65 639.78 641.95 644.61 646.07 648.29 651.14 653.23 656.19 658.51 661.60 664.28 667.97 670.33 672.79 675.07 677.99 681.06 683.78 686.78 690.12 693.10 695.97 698.96 701.98 705.07 708.06 711.00 714.23 717.30 720.35 723.18 726.38 729.77 732.63 735.58 738.40 741.15 744.14 746.98 749.81 752.71 754.97 758.21 759.72 762.38 765.82 768.05 769.98 772.30 774.56 777.05 779.75 782.88 785.72 788.40
592.96 595.20 597.86 600.10 602.33 605.98 609.81 612.61 615.23 617.51 619.76 622.57 625.74 628.61 632.72 634.16 636.60 639.54 640.89 642.65 645.82 648.36 650.00 652.79 655.46 659.08 662.19 664.49 667.05 669.88 672.85 676.02 679.04 682.68 685.39 688.23 691.19 694.00 697.01 699.81 703.06 706.00 709.30 712.50 715.37 718.06 721.34 725.29 727.76 730.49 733.18 736.47 739.36 741.85 744.45 747.32 749.78 752.78 755.07 757.21 760.64 763.70 766.12 767.88 770.38 772.91 775.42 778.10 780.79 783.65 786.48
589.86 592.83 595.13 597.46 599.73 602.06 606.77 609.34 611.63 614.37 617.11 620.19 623.18 627.14 629.72 631.18 633.22 635.54 638.20 640.17 643.25 645.70 647.51 650.03 653.59 656.40 659.50 662.01 664.22 667.89 671.03 673.68 676.98 680.83 683.48 685.95 689.08 691.65 694.49 697.71 700.75 704.13 707.28 710.47 713.39 716.37 719.36 722.33 725.36 728.12 731.02 734.24 736.86 739.47 742.30 745.20 748.04 750.36 752.61 755.68 758.68 761.43 763.70 765.86 768.39 771.73 774.00 776.30 779.46 781.75 784.17
586.98 589.97 592.07 594.30 596.95 599.58 603.15 606.53 609.32 612.38 615.14 618.60 621.34 625.11 626.96 628.12 630.33 632.83 635.85 638.18 640.19 642.21 645.09 648.28 650.70 654.12 656.96 658.66 661.58 665.08 668.12 671.35 674.55 677.71 680.96 683.78 686.69 689.65 692.81 696.02 699.00 702.27 705.83 708.52 711.60 714.42 717.36 719.95 722.96 725.87 729.05 731.83 734.51 737.41 740.33 743.17 745.11 747.92 750.88 753.33 755.96 758.62 760.89 763.99 766.61 769.41 772.45 774.63 777.07 779.80 781.71
583.97 586.91 589.09 591.60 594.35 597.30 600.72 603.97 606.58 610.67 613.15 616.96 619.63 621.72 623.18 625.10 627.41 629.99 632.82 635.01 637.29 639.51 642.83 645.44 648.65 651.56 654.07 656.60 659.18 661.94 665.23 668.88 672.09 675.24 678.67 681.54 684.35 687.60 690.99 694.19 697.75 700.78 703.89 706.79 709.59 712.79 715.38 718.18 720.86 723.60 726.63 729.21 732.11 734.76 737.81 739.91 742.44 746.02 748.32 750.57 753.27 755.17 757.89 761.02 764.19 766.55 769.67 772.73 774.48 776.99 779.56
581.07 583.92 586.73 589.53 592.13 594.94 597.90 601.13 604.10 606.95 610.82 614.19 615.79 618.31 620.22 621.93 624.54 627.13 629.55 631.81 634.48 637.79 639.96 643.12 646.61 648.68 651.60 653.98 657.01 660.23 663.73 666.49 669.39 673.02 676.53 679.32 682.86 686.05 689.09 692.87 696.46 698.98 701.94 704.63 707.62 710.39 713.06 715.94 718.30 721.67 724.12 726.86 729.51 732.31 734.75 737.56 740.25 742.91 745.11 747.59 749.57 752.21 755.65 759.07 761.63 764.73 767.59 770.76 772.69 774.81 777.28
578.67 581.44 584.09 586.98 589.63 592.45 595.48 598.62 602.28 605.41 607.71 611.23 613.07 615.31 617.29 618.46 621.11 624.49 626.82 629.39 631.64 634.88 637.40 640.10 642.87 645.70 648.56 652.10 655.31 658.12 661.22 664.64 668.24 671.36 674.55 677.60 680.88 683.83 686.78 690.92 694.40 696.76 699.67 702.65 705.12 708.02 710.69 713.49 716.16 718.80 721.47 724.48 726.99 729.34 732.16 735.40 737.95 740.47 742.61 744.44 747.13 750.00 753.44 756.87 759.52 762.86 765.90 768.38 770.34 772.49 775.10
