Examples/Forest/dem_5m_sn1.asc
ncols        354
nrows        354
xllcorner    41458.00
yllcorner    6936572.00
cellsize     5.0
NODATA_value -9999
[rows 192 to 223 of 354, columns 0 to 70 of 354]
0.00 0.00 0.00 122.31 123.30 124.07 123.84 124.55 125.00 125.33 125.73 126.33 127.00 127.62 128.01 129.27 130.40 130.49 130.75 131.10 131.65 132.29 133.01 133.67 134.40 135.13 136.48 137.43 137.66 138.94 139.48 140.78 141.48 142.33 142.35 142.11 141.71 142.58 143.43 143.99 144.81 146.09 147.05 147.73 148.27 148.74 149.05 149.91 150.92 151.99 152.85 153.50 154.36 155.17 156.05 156.86 157.11 158.20 158.74 159.11 159.83 160.62 160.62 160.45 161.06 161.79 163.99 165.34 166.01 167.35 168.26
0.00 0.00 0.00 121.87 122.57 123.57 124.01 124.19 124.65 124.92 125.29 125.76 126.39 127.02 127.51 127.96 130.20 130.42 130.63 131.12 131.60 132.18 132.90 133.62 134.40 135.59 136.33 137.22 138.15 139.28 139.89 140.60 141.22 141.52 141.51 141.13 140.85 141.94 142.43 142.99 143.76 144.88 145.57 146.04 147.10 147.95 148.89 149.58 150.21 151.37 152.30 153.60 154.27 154.67 155.08 155.90 157.04 157.59 157.94 158.25 158.86 159.11 158.89 159.01 160.04 162.55 164.76 165.98 166.16 166.64 167.19
0.00 0.00 0.00 121.55 122.02 122.78 123.84 124.01 124.18 124.51 124.81 125.35 125.97 126.55 127.13 127.56 128.92 130.37 130.36 130.94 131.56 132.23 132.94 133.66 134.64 135.41 136.06 136.64 137.61 138.86 139.29 139.84 140.63 140.79 140.34 140.03 140.28 140.93 141.47 142.51 143.31 143.99 144.64 145.13 146.10 147.05 148.67 149.36 149.71 150.15 151.72 153.36 153.56 153.93 154.54 155.61 156.70 156.80 156.94 157.19 157.56 157.76 157.86 158.46 159.91 162.48 164.18 164.94 166.04 166.82 167.01
0.00 0.00 0.00 121.22 121.75 122.25 123.01 123.97 123.70 124.08 124.41 124.97 125.68 126.19 126.73 127.27 128.02 129.08 129.90 130.86 131.51 132.13 132.81 133.53 134.23 134.98 135.86 136.70 137.49 138.00 138.50 138.86 139.70 139.85 138.96 139.30 139.90 140.15 140.98 141.74 142.46 143.25 143.89 144.26 145.34 146.40 147.60 148.39 148.71 149.21 150.14 151.74 152.73 152.80 154.04 155.22 155.39 155.54 155.83 155.99 156.45 157.32 157.69 158.09 159.44 161.69 163.00 164.15 165.68 166.32 166.66
0.00 0.00 0.00 121.05 121.50 122.05 122.45 123.22 124.06 123.93 124.11 124.63 125.39 125.97 126.50 127.08 127.78 128.61 129.44 130.22 131.00 131.90 132.20 133.06 133.98 134.53 135.32 136.41 136.86 137.32 137.43 137.25 138.37 138.25 137.75 138.75 139.17 139.31 139.96 141.11 142.14 142.52 142.96 143.53 144.41 145.55 146.48 147.09 147.64 148.30 149.81 150.99 151.56 152.27 152.89 153.93 154.15 154.46 154.79 155.26 155.69 156.50 157.34 158.65 159.66 160.82 162.03 163.49 165.36 165.03 165.63
0.00 0.00 0.00 120.80 121.30 121.73 122.14 122.74 123.66 124.11 124.00 124.65 125.33 125.92 126.55 127.18 127.76 128.38 129.01 129.69 130.81 130.88 131.38 132.24 133.29 134.22 134.76 136.44 136.48 136.60 136.75 136.49 136.52 137.13 137.18 137.91 138.28 138.89 139.76 140.60 141.72 141.96 142.26 143.05 143.74 144.74 145.02 146.16 147.03 147.63 148.09 150.19 150.81 151.46 151.57 152.59 153.37 153.33 153.56 154.08 155.14 156.53 157.80 158.36 159.42 160.25 161.67 162.36 163.00 163.57 164.25
0.00 0.00 0.00 120.35 120.90 121.40 121.90 122.41 123.10 124.03 124.15 124.56 125.17 125.79 126.41 126.98 127.56 128.15 128.77 129.38 130.52 130.47 130.39 131.30 132.45 133.58 133.90 135.35 136.31 136.34 135.77 135.44 135.61 136.26 136.70 137.24 137.91 138.85 139.76 140.30 140.97 141.16 141.71 142.50 143.27 143.97 144.65 145.59 146.47 146.96 147.65 148.70 149.76 150.46 150.87 151.55 151.77 152.54 152.62 153.95 155.64 156.96 157.80 158.13 158.89 159.85 159.84 160.90 161.44 161.91 162.56
0.00 0.00 0.00 119.89 120.51 121.12 121.63 122.13 122.62 123.23 124.15 124.06 124.94 125.54 126.07 126.60 127.13 127.71 128.10 128.55 129.52 130.35 130.12 130.42 131.47 132.31 132.85 133.48 134.12 134.95 134.55 134.64 135.54 135.87 136.03 136.99 137.98 138.59 139.32 139.62 139.77 140.09 141.18 142.08 142.81 143.21 144.02 144.85 145.57 146.29 147.42 148.18 148.68 149.54 149.87 150.08 150.25 151.00 152.94 154.68 155.87 156.52 156.80 157.42 157.57 157.92 158.64 159.13 159.57 160.49 160.78
0.00 0.00 0.00 119.67 120.16 120.77 121.34 121.86 122.33 122.78 123.67 124.22 124.48 125.11 125.64 126.22 126.83 127.18 127.52 128.09 128.59 129.84 129.70 129.89 130.53 131.39 132.18 132.90 132.81 133.06 133.89 134.24 134.90 135.21 135.72 136.59 137.39 137.89 138.34 138.51 138.94 139.90 140.81 141.73 142.36 143.01 143.66 144.35 145.07 145.85 146.63 147.12 148.12 148.64 148.69 148.74 149.27 151.20 153.20 154.53 155.19 155.34 155.22 155.36 155.68 156.12 157.16 157.52 157.97 158.86 159.28
0.00 0.00 0.00 119.46 119.91 120.48 121.01 121.53 122.01 122.43 122.91 123.94 124.25 124.77 125.29 126.08 126.66 126.86 127.26 127.79 128.31 128.62 129.04 129.40 129.88 130.73 131.49 132.15 132.39 132.63 133.13 133.71 134.20 135.03 135.38 136.21 136.66 137.08 137.34 137.61 138.87 139.86 140.98 141.73 142.16 142.75 143.47 144.08 144.77 145.50 146.30 146.55 147.35 147.87 148.37 148.21 149.39 149.80 150.86 151.38 153.64 153.40 153.44 153.69 154.71 155.91 156.27 156.94 158.04 158.45 159.14
0.00 0.00 0.00 119.12 119.63 120.18 120.69 121.18 121.62 122.07 122.50 123.08 124.18 124.24 124.80 125.31 126.32 126.65 127.01 127.50 127.98 128.30 128.65 129.35 129.90 130.17 130.79 131.30 131.78 132.28 132.39 132.95 133.59 134.48 135.24 135.62 135.93 136.16 136.45 137.58 138.68 139.94 140.95 141.41 142.07 142.61 143.14 143.86 144.66 145.37 145.84 146.17 147.09 147.34 147.83 148.06 148.82 149.14 149.97 150.80 151.18 151.62 152.30 153.08 153.95 154.64 155.46 156.75 157.14 157.82 159.11
0.00 0.00 0.00 118.84 119.39 119.90 120.40 120.83 121.25 121.71 122.16 122.56 123.56 124.21 124.23 124.93 125.52 125.96 126.72 127.07 127.44 127.80 128.36 129.26 129.92 129.99 130.31 130.60 131.16 131.15 131.73 132.23 132.58 133.43 134.09 134.60 134.94 135.71 136.82 137.76 138.35 139.44 140.39 141.20 141.79 142.47 142.93 143.58 144.42 145.47 145.35 145.95 146.54 146.55 147.27 147.83 148.56 149.24 149.82 150.67 151.05 151.58 151.96 152.91 153.54 153.54 154.96 155.18 155.54 156.67 157.84
0.00 0.00 0.00 118.60 119.12 119.63 120.09 120.51 120.92 121.39 121.88 123.57 124.08 124.05 124.19 124.48 124.98 125.43 126.15 126.42 126.92 127.38 127.85 128.38 129.78 130.09 130.14 130.40 130.38 130.74 131.28 131.50 131.83 131.94 132.71 133.78 134.77 136.45 137.22 137.90 138.64 139.25 139.94 140.79 141.48 142.16 142.92 143.33 144.25 144.54 144.98 145.36 145.54 146.07 146.86 146.72 147.55 148.17 148.36 149.41 149.88 150.61 151.93 152.77 152.51 152.99 153.40 154.31 155.26 156.70 157.87
0.00 0.00 0.00 118.38 118.93 119.41 119.83 120.21 120.61 121.20 121.89 123.95 124.49 124.03 124.05 124.11 124.50 124.98 125.29 125.93 126.51 126.84 127.28 127.72 128.26 129.79 129.37 129.35 129.81 130.28 130.55 130.38 130.65 131.56 132.78 134.12 135.22 136.04 137.15 137.81 138.58 139.07 139.65 140.33 141.19 141.88 142.45 143.10 143.81 144.07 144.39 144.58 145.10 145.71 146.17 146.36 146.85 147.44 147.71 148.29 149.25 150.40 151.43 151.79 151.82 152.59 153.44 154.41 155.72 156.46 157.26
0.00 0.00 0.00 118.23 118.77 119.23 119.60 119.96 120.41 120.67 121.30 122.24 123.45 124.01 123.93 124.07 124.07 124.17 124.88 125.54 125.98 126.35 126.69 127.04 127.60 128.21 128.78 129.16 129.63 130.10 130.19 130.26 131.36 131.94 133.40 134.58 135.22 136.25 137.19 137.63 138.35 138.87 139.45 140.18 140.97 141.66 142.23 142.81 143.20 143.55 143.76 144.24 144.61 145.13 146.07 145.86 146.44 146.77 147.21 148.06 149.30 150.31 150.69 150.71 151.87 152.82 153.55 154.25 154.93 155.36 155.72
0.00 0.00 0.00 118.07 118.52 119.02 119.45 119.63 119.88 120.37 120.90 121.39 121.85 122.39 123.51 123.78 124.02 123.99 124.39 124.85 125.65 125.85 126.20 126.67 127.32 127.74 128.53 128.66 128.98 129.89 129.92 130.28 131.33 132.63 134.49 134.60 135.12 136.07 136.66 137.25 137.96 138.54 139.12 140.05 140.69 141.51 141.81 141.87 142.53 142.57 142.95 143.35 143.72 144.65 145.16 145.15 145.58 146.24 146.70 147.71 149.01 149.35 149.84 150.67 151.05 151.77 152.32 153.18 153.77 154.31 155.23
0.00 0.00 0.00 117.74 118.31 118.83 119.12 119.30 119.65 120.10 120.62 121.11 121.56 121.97 122.41 122.86 123.52 123.94 123.93 124.36 124.83 125.36 125.81 126.38 126.62 127.01 127.52 127.54 127.88 128.39 129.98 130.30 131.37 132.51 133.91 134.57 135.49 135.73 136.46 137.07 137.75 138.26 138.92 139.82 140.41 141.03 141.26 140.97 141.44 141.73 141.90 142.43 142.81 143.83 144.01 144.16 144.86 145.72 146.50 147.37 147.94 149.05 149.89 149.95 150.66 151.25 152.02 152.74 153.35 153.97 154.96
0.00 0.00 0.00 117.27 118.37 118.65 118.84 119.14 119.50 119.85 120.31 120.74 121.18 121.61 121.95 122.33 122.72 123.42 123.87 123.98 124.38 124.71 125.18 125.72 125.91 126.44 127.09 127.38 127.80 128.65 129.62 130.51 131.46 132.73 134.71 134.23 135.16 135.67 136.24 136.68 137.27 138.05 138.58 139.48 139.69 140.23 140.61 140.55 140.70 140.90 141.10 141.39 142.10 142.74 143.69 143.80 144.71 145.55 146.36 146.94 147.55 148.06 148.81 149.53 149.34 149.88 150.26 151.39 152.92 153.37 154.41
0.00 0.00 0.00 116.71 117.09 117.79 118.34 118.83 119.19 119.44 119.88 120.25 120.63 120.95 121.38 121.77 122.25 122.74 123.72 123.69 123.81 124.07 124.63 124.90 125.41 125.97 126.67 127.41 127.89 128.54 129.23 130.26 131.16 131.37 132.21 133.63 134.57 134.87 135.44 135.98 136.82 137.67 137.99 138.82 138.96 139.52 139.95 140.10 140.11 140.37 141.11 141.30 141.52 142.52 143.21 143.66 144.41 145.28 145.76 146.50 147.39 147.75 148.69 149.02 148.66 149.09 149.40 150.34 150.90 151.84 152.49
0.00 0.00 0.00 114.93 115.45 116.11 116.70 117.45 118.22 118.87 119.36 119.62 120.00 120.29 120.60 121.10 121.57 122.26 123.12 123.69 123.70 123.68 123.97 124.44 125.02 125.71 126.25 127.40 127.82 128.16 129.05 130.19 131.24 131.56 132.11 132.87 133.87 134.19 134.93 135.68 136.50 136.86 137.21 137.45 138.10 138.62 139.18 139.41 139.46 139.86 140.91 141.03 141.57 142.47 142.59 143.64 144.21 144.55 145.27 146.15 147.22 147.33 147.23 148.56 149.09 149.97 150.22 150.29 151.55 152.24 152.76
0.00 0.00 0.00 113.75 114.32 114.86 115.40 116.23 117.00 117.67 118.39 118.96 119.41 119.66 120.01 120.53 120.99 121.92 122.36 123.25 123.63 123.61 123.70 124.10 124.64 125.45 125.80 126.83 127.76 128.02 128.94 130.22 130.53 131.28 132.43 132.47 133.30 133.54 134.92 135.53 136.07 136.69 136.53 137.21 137.52 137.94 138.35 138.62 138.88 139.31 139.87 140.73 141.35 142.08 142.62 143.47 144.19 144.87 145.60 146.42 146.05 147.88 148.65 149.38 150.78 152.23 151.55 150.95 150.88 151.70 152.64
0.00 0.00 0.00 113.38 113.73 114.10 114.49 115.05 115.92 116.83 117.52 118.14 118.60 118.99 119.52 120.01 120.55 121.19 121.88 123.00 123.40 123.55 123.59 123.75 124.20 124.82 125.28 126.28 127.44 128.06 128.26 129.25 130.31 130.94 131.17 132.11 132.29 133.37 134.17 134.76 135.33 135.82 136.08 136.28 136.81 137.36 137.65 138.01 138.33 138.69 139.15 140.30 140.80 141.72 142.16 143.01 143.77 144.35 145.24 145.48 147.01 147.32 148.07 149.55 151.75 153.56 153.88 153.01 151.64 151.65 153.12
0.00 0.00 0.00 113.12 113.52 113.89 114.26 114.65 115.22 115.95 116.74 117.38 117.93 118.33 119.20 119.57 120.67 121.36 121.55 123.36 123.34 123.46 123.50 123.64 123.80 124.14 125.12 126.03 127.18 127.86 128.11 128.48 129.28 130.44 131.02 131.47 132.16 132.55 133.61 134.40 134.82 135.33 135.64 135.97 136.21 136.80 137.18 137.44 137.94 138.20 138.88 139.51 140.23 141.18 141.58 142.24 142.91 143.63 144.57 145.98 146.92 147.02 147.24 147.84 149.74 151.89 154.25 155.02 153.05 152.31 153.13
0.00 0.00 0.00 113.01 113.37 113.72 114.20 114.53 114.91 115.50 116.13 116.74 117.27 118.10 118.76 119.10 119.87 120.64 121.59 121.79 123.45 123.33 123.48 123.44 123.67 123.95 125.05 125.80 126.65 127.49 127.96 128.25 128.57 130.30 130.54 130.95 131.91 132.46 132.74 133.51 134.22 134.76 135.13 135.50 136.03 136.50 136.76 137.19 137.52 137.90 138.43 138.97 139.62 140.40 141.02 141.62 141.84 143.33 144.16 145.16 145.83 145.82 146.73 147.62 148.94 150.26 152.25 154.43 153.94 152.44 152.74
0.00 0.00 0.00 0.00 113.37 113.72 114.18 114.61 115.07 115.44 115.88 116.49 116.88 117.58 118.30 118.75 118.97 119.84 120.77 121.72 122.49 123.31 123.32 123.52 123.40 124.08 124.59 125.49 126.35 127.20 127.81 127.94 128.68 129.44 130.22 130.50 131.23 132.23 132.56 132.89 133.52 133.98 134.58 135.16 135.83 136.17 136.49 136.84 137.16 137.64 138.09 138.60 139.17 139.72 140.35 140.63 141.88 142.62 143.41 144.18 144.99 145.42 146.26 147.26 148.35 149.66 150.44 151.69 151.58 151.74 152.27
0.00 0.00 0.00 0.00 113.40 113.71 114.09 114.64 115.12 115.38 116.06 116.20 116.65 117.07 117.90 118.44 118.57 119.06 119.86 120.70 121.54 122.04 123.21 123.55 123.57 123.91 124.40 125.05 125.98 126.86 127.65 127.83 128.18 129.20 129.73 130.09 130.59 131.56 132.12 132.54 133.14 133.51 134.21 134.84 135.30 135.62 136.01 136.30 136.81 137.16 137.76 138.24 138.97 139.46 139.89 141.13 141.52 142.25 143.05 143.75 144.46 145.21 145.94 146.86 147.73 148.64 149.52 150.06 150.55 151.12 151.60
0.00 0.00 0.00 0.00 113.33 113.67 113.98 114.55 114.96 115.26 115.67 116.03 116.38 116.84 117.55 118.01 118.21 118.33 118.90 119.75 120.72 121.69 123.39 122.93 123.59 123.67 124.11 124.70 125.64 126.62 127.36 127.58 127.96 128.74 129.27 129.45 129.84 130.64 131.63 132.09 132.81 133.48 133.88 134.36 134.86 135.04 135.42 135.88 136.38 136.68 137.32 138.07 138.39 139.07 140.00 140.55 140.97 141.99 143.05 143.59 144.03 145.68 145.77 146.70 147.24 147.78 148.61 149.17 149.88 150.43 151.00
0.00 0.00 0.00 0.00 113.20 113.44 113.89 114.43 114.76 115.01 115.41 115.78 116.14 116.63 117.17 117.61 117.88 118.21 118.47 118.90 120.02 121.73 121.80 122.41 123.10 123.73 123.86 124.44 125.02 126.91 126.99 127.23 127.79 128.18 128.65 128.89 129.47 130.20 131.27 131.78 132.54 133.04 133.58 133.99 134.35 134.65 135.05 135.52 135.98 136.34 137.25 137.54 138.16 138.84 139.40 139.73 140.39 141.33 142.55 143.37 143.88 144.66 145.25 145.88 146.57 147.03 147.69 148.47 149.16 149.83 150.41
0.00 0.00 0.00 0.00 113.09 113.26 113.72 114.40 114.61 114.77 115.09 115.49 115.85 116.22 116.73 117.17 117.51 117.91 118.46 118.82 119.72 120.67 121.27 121.89 122.67 123.40 123.84 124.05 125.20 126.91 126.37 126.91 127.82 128.05 128.52 128.59 129.21 130.27 130.92 131.47 132.18 132.69 132.99 133.45 133.98 134.33 134.73 135.15 135.63 136.31 136.49 137.46 138.66 138.25 138.69 139.18 139.79 140.41 141.61 142.33 143.31 143.91 144.54 145.18 145.76 146.27 146.96 147.72 148.51 149.20 149.76
0.00 0.00 0.00 0.00 112.94 113.23 113.68 114.13 114.53 114.74 114.93 115.23 115.48 115.71 116.15 116.63 116.97 117.30 117.71 117.59 118.81 119.80 120.64 121.39 122.24 123.50 123.75 123.99 124.76 125.30 125.81 126.36 126.82 128.10 127.83 128.44 129.21 130.26 130.55 131.14 131.72 132.25 132.51 132.99 133.50 134.11 134.33 135.11 135.11 135.72 136.65 137.25 137.96 137.83 138.22 138.75 139.41 140.05 140.59 141.86 142.74 143.27 143.92 144.41 144.96 145.62 146.21 147.10 147.79 148.41 148.95
0.00 0.00 0.00 0.00 112.96 113.22 113.62 113.99 114.26 114.69 114.99 115.21 115.25 115.43 115.70 116.15 116.63 116.95 117.55 117.64 118.17 119.00 119.88 120.87 121.62 123.26 123.46 123.99 124.15 124.72 125.29 125.69 126.19 126.74 127.57 128.35 129.38 129.83 130.35 130.85 131.26 131.72 132.16 132.56 132.98 133.49 134.26 134.53 135.58 135.59 136.43 137.35 137.02 137.34 137.72 138.28 139.03 139.63 140.20 140.98 141.90 142.70 143.25 143.79 144.30 144.99 145.62 146.36 146.96 147.50 148.12
0.00 0.00 0.00 0.00 112.97 113.22 113.54 113.88 114.22 114.42 114.68 114.97 115.18 115.37 115.65 115.89 116.27 116.75 117.04 117.36 117.92 118.41 119.30 120.38 121.39 122.94 123.27 123.70 124.11 124.23 124.60 124.96 125.60 126.40 127.29 128.35 128.95 129.54 130.12 130.52 130.82 131.28 131.74 132.12 132.47 132.74 133.36 134.18 134.59 135.25 135.65 136.12 136.57 136.78 137.24 137.87 138.56 139.21 139.82 140.62 141.36 141.99 142.57 143.14 143.64 144.31 144.94 145.63 146.21 146.75 147.41
