Examples/Forest/dem_5m_sn1.asc
ncols        354
nrows        354
xllcorner    41458.00
yllcorner    6936572.00
cellsize     5.0
NODATA_value -9999
[rows 288 to 319 of 354, columns 71 to 141 of 354]
126.44 126.70 126.97 127.26 127.65 127.97 128.37 129.18 130.12 130.42 130.60 131.29 131.50 131.71 132.63 133.07 133.58 133.92 133.91 134.04 134.18 134.97 135.15 135.70 136.24 136.53 137.52 138.27 139.21 139.88 140.40 140.83 140.75 141.99 142.56 142.93 143.33 143.84 144.23 144.68 145.20 145.59 146.09 146.73 147.27 147.82 148.44 149.01 149.59 150.35 151.95 153.64 155.32 157.63 158.91 159.93 160.97 161.86 162.53 163.22 164.34 165.23 166.22 166.83 166.17 165.52 166.35 167.86 171.15 173.29 174.74
126.31 126.54 126.73 127.12 127.57 127.93 128.20 128.67 129.65 130.27 130.52 130.91 130.94 131.27 131.38 131.99 132.31 133.97 134.10 133.55 133.94 134.36 134.54 135.35 135.77 136.44 137.09 137.86 138.83 139.54 139.73 140.45 141.13 141.78 142.18 142.55 143.03 143.42 143.71 144.07 144.62 145.19 145.86 146.51 147.13 147.66 148.27 148.97 149.63 150.39 151.27 152.87 154.49 156.22 157.86 158.82 159.56 160.44 161.49 162.18 163.52 164.38 164.47 163.33 163.33 164.76 167.13 169.82 171.82 172.91 174.28
126.10 126.46 126.81 127.18 127.58 127.90 128.22 128.48 129.09 129.93 130.21 130.46 130.47 130.64 131.03 131.32 132.03 133.24 134.12 134.23 133.62 133.90 134.94 134.83 135.63 136.17 136.98 137.71 137.95 138.85 139.97 140.21 141.02 141.55 141.94 142.35 142.68 142.97 143.23 143.65 144.35 145.25 146.06 146.75 147.31 147.85 148.41 148.93 149.71 150.51 151.39 152.26 153.64 154.63 156.03 157.17 158.28 159.24 160.46 161.52 162.39 161.49 161.54 162.02 164.76 166.97 168.65 170.25 171.94 172.93 173.86
125.87 126.45 126.91 127.31 127.63 127.97 128.24 128.53 128.78 129.07 129.61 129.77 130.00 130.44 130.82 131.23 131.71 132.21 132.75 134.39 134.35 133.87 134.61 135.36 135.61 136.23 136.80 136.69 138.36 138.95 139.38 139.97 140.71 141.29 141.67 141.98 142.19 142.50 143.02 143.56 144.36 145.33 146.09 146.70 147.29 147.89 148.50 149.04 149.62 150.46 151.28 152.22 153.60 154.74 155.78 157.13 157.91 158.83 159.69 160.04 160.14 160.52 161.78 164.57 166.37 167.62 168.88 170.09 171.29 172.32 173.36
125.85 126.24 126.80 127.32 127.70 127.98 128.27 128.49 128.76 129.01 129.28 129.55 129.97 130.31 130.64 131.02 131.49 131.93 132.42 133.17 134.64 134.56 135.02 135.53 135.75 135.40 136.82 137.57 137.92 138.47 139.01 139.68 140.34 140.98 141.30 141.51 141.82 142.24 142.88 143.58 144.39 145.33 146.00 146.64 147.19 147.85 148.51 149.18 149.81 150.54 151.33 152.33 153.88 154.49 156.22 156.95 157.50 157.95 158.67 159.27 159.54 162.01 163.88 165.04 166.00 167.21 168.52 169.51 170.92 172.22 172.91
125.98 126.28 126.56 127.04 127.56 127.91 128.21 128.48 128.68 128.94 129.31 129.49 129.76 130.08 130.43 130.83 131.26 131.77 132.27 132.85 133.87 134.91 135.09 134.18 135.22 136.33 136.87 137.31 137.69 138.09 138.58 139.23 139.88 140.49 141.00 141.38 141.86 142.36 142.95 143.68 144.49 145.26 145.91 146.51 147.14 147.78 148.48 149.31 150.02 150.78 151.62 152.60 153.66 154.62 155.88 156.75 157.16 157.71 158.05 158.98 161.39 162.63 163.72 164.73 166.02 167.21 168.30 169.35 170.70 170.89 171.47
125.28 126.19 126.59 126.85 127.16 127.54 127.91 128.26 128.52 128.86 129.13 129.33 129.59 129.88 130.21 130.60 131.07 131.58 132.13 132.69 133.55 134.55 135.19 135.19 135.98 136.21 136.72 137.14 137.47 137.83 138.34 138.91 139.57 140.20 140.80 141.51 142.01 142.68 143.25 143.81 144.50 145.21 145.88 146.51 147.12 147.74 148.42 149.22 150.02 150.87 151.70 152.40 153.94 154.96 155.63 156.14 157.03 157.67 156.77 158.91 160.28 161.81 162.77 163.93 165.40 166.61 167.04 167.77 168.47 169.49 170.66
123.79 125.41 126.43 126.83 127.03 127.25 127.44 128.01 128.48 128.73 128.88 129.13 129.41 129.67 130.01 130.44 130.94 131.45 132.01 132.29 133.12 133.77 135.12 135.48 135.55 136.03 136.50 136.91 137.37 137.82 138.40 139.06 139.66 140.30 141.01 141.71 142.29 142.95 143.62 144.15 144.82 145.47 146.08 146.78 147.45 148.01 148.60 149.25 150.00 150.75 151.46 151.89 153.01 154.18 154.51 155.63 156.74 157.01 156.88 157.86 158.87 160.11 161.26 162.22 163.52 164.97 166.53 168.24 169.47 170.65 171.66
123.25 123.45 123.98 126.11 126.58 126.50 127.05 127.51 128.29 128.52 128.69 128.88 129.12 129.42 129.81 130.31 130.80 131.38 131.35 131.61 132.91 133.39 134.50 135.59 135.76 135.77 136.25 136.78 137.42 137.96 138.59 139.22 139.91 140.61 141.28 141.82 142.41 142.96 143.69 144.49 145.20 145.77 146.32 146.93 147.51 148.04 148.60 149.14 149.77 150.34 150.91 151.37 152.15 153.20 153.71 154.40 155.66 156.27 155.97 156.70 157.58 158.27 159.76 162.12 164.47 165.56 167.13 168.20 169.08 169.80 170.96
123.32 123.52 123.85 124.15 124.92 126.54 126.91 127.28 127.80 128.35 128.49 128.68 128.95 129.28 129.68 130.24 130.58 131.69 131.58 132.07 132.55 133.09 133.85 135.10 136.00 136.00 136.23 136.79 137.40 137.97 138.68 139.29 139.86 140.60 141.25 141.77 142.40 142.98 143.73 144.35 145.09 145.76 146.40 147.06 147.61 148.09 148.62 149.08 149.53 150.04 150.65 151.24 152.00 152.70 154.10 154.07 154.61 154.78 155.55 155.85 156.26 157.22 160.47 161.92 163.64 165.65 166.45 167.11 168.00 169.32 170.38
123.45 123.63 124.51 124.35 124.54 126.01 127.03 127.04 127.22 127.83 128.37 128.63 128.98 129.26 129.67 129.86 130.12 131.14 131.43 131.95 132.45 133.04 133.65 134.68 135.90 136.34 136.22 136.67 137.24 137.87 138.49 139.18 139.97 140.64 141.17 141.83 142.44 142.89 143.53 144.19 144.90 145.63 146.29 146.96 147.57 148.05 148.53 149.05 149.55 150.14 150.76 151.30 151.84 152.64 153.25 153.58 154.11 154.73 155.05 155.36 156.06 157.72 158.87 161.16 163.12 164.59 165.78 166.47 167.74 168.75 169.10
123.40 123.83 124.23 124.39 124.64 125.49 126.21 127.03 127.14 127.43 127.98 128.43 128.84 128.61 129.32 130.23 130.46 130.97 131.47 131.96 132.51 133.01 133.55 134.25 135.57 136.45 136.67 136.85 137.24 137.85 138.49 139.32 140.02 140.58 141.15 141.78 142.30 142.91 143.57 144.23 144.95 145.59 146.21 146.73 147.39 147.95 148.57 149.08 149.61 150.10 150.60 151.20 151.80 152.37 152.75 153.08 153.70 154.00 154.29 155.33 156.21 157.02 158.42 159.43 161.29 163.57 164.73 165.48 165.54 166.32 167.44
122.50 123.98 124.53 124.94 125.11 125.26 125.96 126.68 127.00 127.38 127.83 128.27 128.34 129.05 129.61 129.95 130.38 130.88 131.44 131.89 132.31 132.80 133.37 133.94 135.00 136.22 136.70 136.98 137.41 137.76 138.62 139.34 140.02 140.62 141.28 141.89 142.38 142.88 143.48 144.10 144.81 145.45 146.02 146.59 147.16 147.77 148.34 148.86 149.39 149.89 150.45 151.11 151.77 152.09 152.32 152.57 153.00 153.90 154.58 155.43 156.31 156.82 157.30 158.34 159.31 160.57 162.10 163.16 164.74 165.92 168.43
122.31 123.73 123.89 124.46 124.35 124.73 125.64 126.47 127.08 127.05 126.86 127.87 128.42 128.95 129.43 129.81 130.28 130.82 131.24 131.76 132.15 132.61 133.13 133.67 134.45 135.44 136.53 136.96 137.35 138.05 138.69 139.16 139.92 140.58 141.32 141.92 142.45 143.00 143.46 143.97 144.52 145.18 145.90 146.58 147.16 147.73 148.27 148.78 149.32 150.05 150.58 151.10 151.41 151.89 151.97 152.64 153.46 154.04 154.34 155.00 155.73 156.42 157.19 157.61 158.45 159.54 160.97 164.06 165.36 166.45 168.81
122.11 123.55 124.40 124.64 125.05 125.38 125.37 125.46 126.21 126.71 127.21 127.59 128.11 128.73 129.22 129.65 130.12 130.56 131.10 131.54 131.92 132.32 132.78 133.51 134.28 135.18 136.13 136.87 137.11 138.48 139.04 139.57 139.97 140.60 141.33 141.95 142.43 143.05 143.46 143.94 144.41 145.11 145.82 146.54 147.14 147.70 148.21 148.70 149.41 149.89 149.99 150.60 150.63 150.67 151.06 151.96 152.36 152.93 154.25 154.98 155.54 156.19 156.75 157.62 158.93 159.71 161.00 163.52 164.75 166.05 167.60
122.13 123.97 124.45 125.02 125.31 125.57 125.87 126.05 126.36 126.63 127.10 127.50 127.92 128.50 129.02 129.41 129.85 130.31 130.85 131.29 131.61 131.97 132.38 133.15 134.12 134.91 135.75 136.61 137.04 138.01 139.27 139.83 140.41 140.91 141.10 141.82 142.43 142.97 143.59 144.18 144.55 145.06 145.66 146.33 147.45 147.41 147.86 148.01 148.53 148.68 149.79 150.34 150.63 151.19 151.95 152.70 152.89 153.32 153.52 155.01 155.74 156.75 157.90 158.21 158.65 159.97 161.29 162.69 164.02 164.74 165.99
122.19 123.22 124.83 125.13 125.55 125.92 126.14 126.32 126.44 126.71 127.01 127.48 127.91 128.37 128.79 129.18 129.63 130.14 130.57 130.91 131.26 131.63 132.02 132.74 133.63 134.61 135.38 136.21 137.05 136.92 138.83 139.99 140.64 141.25 141.63 142.04 142.40 142.93 142.66 143.99 144.05 144.87 145.36 145.65 146.04 146.51 147.02 148.08 148.70 149.27 149.95 150.54 151.02 151.69 152.66 153.65 153.83 153.65 154.66 154.45 156.07 156.82 157.96 159.57 160.20 160.64 160.95 162.00 163.23 164.18 165.67
122.29 122.72 124.77 125.28 125.51 126.12 126.35 126.40 126.65 126.98 127.29 127.56 128.05 128.41 128.81 129.16 129.61 130.04 130.41 130.77 131.15 131.46 131.90 132.50 133.19 134.00 134.84 135.80 136.71 137.06 138.07 139.78 140.92 141.54 142.45 142.30 142.75 143.02 143.72 144.05 144.43 145.01 145.72 146.30 146.85 147.39 147.83 148.44 148.97 149.39 149.83 150.28 150.97 151.66 152.40 153.28 153.94 154.41 154.75 155.46 155.05 156.10 157.02 158.65 159.95 161.39 162.29 162.84 163.29 164.38 165.45
122.40 122.60 124.25 125.27 125.75 126.20 126.49 126.61 126.88 127.19 127.56 127.93 128.13 128.57 128.97 129.33 129.70 130.14 130.48 130.83 131.13 131.52 131.97 132.39 132.83 133.52 134.47 135.33 136.36 137.07 137.00 139.57 139.52 140.06 140.69 141.34 142.37 143.33 143.86 144.10 144.70 145.42 146.45 147.06 147.65 148.14 148.51 148.81 149.23 149.73 150.17 150.63 151.09 151.76 152.49 153.36 154.14 154.87 155.32 155.86 156.46 157.14 157.82 159.45 159.75 160.29 161.98 162.68 163.88 164.64 165.19
122.60 122.67 123.23 125.26 125.79 126.12 126.55 126.71 126.98 127.30 127.63 127.96 128.28 128.58 129.01 129.41 129.79 130.17 130.48 130.84 131.17 131.55 131.96 132.28 132.56 133.08 133.97 134.97 135.97 136.84 136.84 136.74 138.17 139.76 140.72 141.48 142.22 142.71 143.60 144.53 145.01 145.02 146.62 147.37 148.00 148.52 148.90 149.27 149.53 149.89 150.33 151.12 151.66 152.11 152.65 153.34 153.96 154.62 155.62 156.34 156.65 157.45 158.75 160.01 160.92 160.85 161.15 161.62 162.78 163.78 164.85
122.75 122.73 122.79 124.56 125.76 126.29 126.56 126.70 126.97 127.27 127.61 127.84 128.22 128.60 128.98 129.38 129.76 130.06 130.31 130.55 130.95 131.30 131.64 131.84 132.09 132.64 133.55 134.53 135.57 135.28 136.75 137.64 139.03 139.62 140.40 141.37 142.04 142.84 143.41 144.07 144.84 145.74 146.11 146.36 148.06 148.53 148.91 149.41 149.71 150.01 150.41 151.04 151.69 152.20 152.71 153.13 153.76 154.38 155.34 156.54 157.34 157.75 158.33 159.57 160.27 161.31 161.60 162.37 163.70 164.30 164.89
123.72 122.77 122.77 123.21 125.54 126.27 126.65 126.78 127.04 127.35 127.60 127.87 128.20 128.52 128.84 129.19 129.53 129.81 130.03 130.31 130.67 130.97 131.18 131.36 131.67 132.34 133.24 134.11 134.35 135.61 136.42 136.32 138.68 139.28 140.15 141.05 141.81 142.28 143.44 144.06 144.96 145.79 146.29 146.87 147.01 148.32 149.02 149.38 149.81 150.20 150.47 150.87 151.34 151.81 152.16 152.86 153.49 154.22 155.08 156.13 157.34 158.40 159.04 160.01 161.23 161.62 162.18 162.89 163.33 163.93 164.50
124.44 123.47 122.78 122.82 124.36 126.11 126.61 126.74 127.09 127.35 127.62 127.90 128.18 128.41 128.61 128.88 129.17 129.54 129.76 130.03 130.38 130.58 130.79 131.06 131.39 132.15 133.01 133.69 134.31 134.88 135.66 136.27 137.78 138.92 139.59 140.45 141.34 142.00 143.48 144.40 145.23 146.03 146.70 147.26 147.44 147.91 147.95 149.41 149.82 150.14 150.54 150.80 151.16 151.62 152.00 152.63 153.50 154.02 154.81 155.83 156.80 157.70 158.67 159.54 160.39 161.07 161.55 162.14 162.81 163.44 164.00
124.32 124.82 123.18 122.80 123.29 124.51 125.94 126.70 126.95 127.29 127.45 127.64 127.86 128.05 128.35 128.65 129.02 129.27 129.56 129.85 130.12 130.39 130.53 130.85 131.26 131.78 132.67 133.31 133.90 134.31 135.02 135.98 136.08 138.64 139.19 139.95 140.82 141.71 143.31 144.71 145.45 146.09 146.68 147.17 147.61 148.00 148.49 148.73 149.17 150.03 150.22 150.63 151.09 151.58 152.02 152.62 153.16 153.90 154.82 155.51 156.36 157.14 158.10 159.06 159.80 160.34 160.86 161.66 162.38 162.97 163.50
124.26 124.48 124.87 123.07 123.00 123.35 124.66 125.99 126.74 126.93 127.09 127.24 127.38 127.73 128.05 128.44 128.83 129.10 129.40 129.58 129.83 130.07 130.31 130.52 130.81 131.65 132.30 132.83 133.27 133.77 134.44 135.38 135.76 137.18 138.99 139.61 140.56 141.56 142.25 144.34 145.24 145.85 146.19 146.57 147.03 147.63 148.32 148.91 149.26 149.26 149.76 150.43 151.02 151.60 152.33 153.07 153.79 154.40 155.19 155.68 156.26 157.02 157.92 158.74 159.40 160.01 160.62 161.30 161.89 162.53 163.45
124.54 124.77 124.91 124.57 123.30 123.39 123.76 124.54 125.96 126.45 126.55 126.79 127.12 127.46 127.84 128.22 128.57 128.94 129.09 129.36 129.60 129.86 130.11 130.21 130.88 131.36 131.84 132.24 132.65 133.14 133.83 134.68 135.48 136.20 139.15 139.76 140.50 141.25 142.12 143.24 144.68 145.22 145.58 145.98 146.50 147.08 147.68 148.21 149.10 149.63 149.79 150.15 151.11 151.73 152.35 153.10 153.82 154.68 155.21 155.94 156.41 157.06 157.81 158.46 159.03 159.67 160.31 160.87 161.83 162.65 163.30
125.58 124.71 125.05 124.96 124.61 123.45 123.60 123.91 124.75 126.26 126.21 126.58 126.93 127.28 127.63 128.06 128.37 128.61 128.92 129.16 129.45 129.75 129.92 130.25 130.60 130.98 131.32 131.61 132.03 132.57 133.23 133.99 135.06 134.86 137.87 140.08 140.58 141.13 141.88 142.81 144.37 144.60 145.08 145.70 146.39 146.85 147.32 147.92 148.58 149.49 149.98 150.13 150.55 151.47 152.17 153.06 153.81 154.49 155.04 155.68 156.20 156.97 157.48 158.12 158.71 159.39 160.30 160.94 161.80 162.49 163.10
125.83 124.99 125.14 125.20 125.03 124.87 123.68 123.83 123.93 125.23 126.38 126.39 126.73 127.06 127.48 127.76 128.07 128.32 128.69 129.05 129.21 129.44 129.71 129.95 130.21 130.50 130.78 131.06 131.48 131.99 132.61 133.24 134.19 134.96 136.24 139.53 139.78 140.42 141.72 142.49 143.88 144.11 144.98 145.75 146.30 146.79 147.29 147.80 148.40 148.93 149.50 150.25 150.43 150.61 151.61 152.89 153.64 154.21 154.92 155.47 156.21 156.91 157.51 158.27 158.82 159.30 160.12 160.90 161.59 162.09 162.85
126.06 125.17 125.24 125.46 125.19 125.30 124.07 123.89 123.92 124.15 125.30 126.48 126.50 126.72 127.12 127.32 127.72 128.13 128.63 128.58 128.91 129.13 129.47 129.65 129.79 129.97 130.23 130.53 130.87 131.27 132.05 132.71 133.57 134.72 134.30 136.64 137.26 139.01 141.68 142.17 142.74 143.97 144.75 145.53 146.25 146.77 147.21 147.79 148.29 148.69 149.16 149.74 150.46 150.72 150.61 151.96 152.91 153.77 154.60 155.43 156.28 157.03 157.74 158.38 158.84 159.22 159.79 160.40 161.07 161.66 162.38
127.22 125.38 125.37 125.60 125.67 125.37 125.45 124.35 124.21 124.23 124.32 125.49 126.24 126.37 126.56 126.92 127.38 128.03 128.11 128.47 128.72 128.96 129.21 129.47 129.59 129.73 129.81 130.08 130.54 131.06 131.67 132.38 133.24 134.24 134.52 135.36 136.60 137.96 140.11 141.57 141.80 143.75 144.30 145.26 145.88 146.51 147.25 147.76 148.15 148.51 148.91 149.50 149.96 150.67 151.01 150.94 152.11 153.22 154.33 155.30 156.07 156.82 157.40 158.14 158.66 159.11 159.54 160.08 160.67 161.35 162.18
127.33 126.33 125.50 125.72 126.00 125.46 125.37 125.28 124.54 124.29 124.35 124.38 125.70 126.39 126.40 126.74 127.32 127.83 128.14 128.41 128.65 128.95 129.15 129.24 129.31 129.50 129.60 129.93 130.35 130.91 131.56 132.14 132.79 133.78 134.37 134.27 135.09 135.73 138.06 139.16 141.25 142.38 143.54 144.54 145.54 146.36 147.24 147.65 147.88 148.16 148.53 149.13 149.64 150.04 150.85 151.31 151.26 152.71 154.12 155.34 156.12 156.74 157.29 157.97 158.44 158.89 159.44 160.00 160.52 161.51 162.24
127.37 126.98 125.69 125.79 126.04 125.63 125.41 125.44 125.71 125.09 124.48 124.53 124.72 125.88 126.79 126.55 127.71 127.78 128.15 128.31 128.47 128.68 128.88 129.03 129.23 129.47 129.63 129.85 130.24 130.78 131.30 131.78 132.31 133.22 134.09 134.15 134.61 135.06 135.95 137.90 139.60 140.62 142.71 143.82 144.97 146.07 146.92 147.31 147.41 147.52 147.97 148.57 148.93 149.43 149.84 151.08 151.64 152.31 153.67 154.86 155.76 156.37 157.08 157.63 158.22 158.77 159.27 159.96 160.45 161.28 162.09
