Examples/Forest/treantall_5m_sn1.asc
ncols         354
nrows         354
xllcorner     41458
yllcorner     6936572
cellsize      5
NODATA_value  -9999
[rows 152 to 189 of 354, columns 86 to 171 of 354]
1619 1619 1619 1934 1934 1047 1047 1047 1047 1426 1426 1426 1426 1227 1227 1355 1355 1355 1355 1154 1154 914 914 914 914 912 912 912 912 799 799 922 922 922 922 1080 1080 1051 1051 1051 1051 808 808 808 808 808 808 1034 1034 1034 1034 1315 1315 679 679 679 679 898 898 898 898 1144 1144 809 809 809 809 762 762 865 865 865 865 898 898 898 898 682 682 995 995 995 995 1051 1051 1156
1619 1619 1619 1934 1934 1047 1047 1047 1047 1426 1426 1426 1426 1227 1227 1355 1355 1355 1355 1154 1154 914 914 914 914 912 912 912 912 799 799 922 922 922 922 1080 1080 1051 1051 1051 1051 808 808 808 808 808 808 1034 1034 1034 1034 1315 1315 679 679 679 679 898 898 898 898 1144 1144 809 809 809 809 762 762 865 865 865 865 898 898 898 898 682 682 995 995 995 995 1051 1051 1156
1619 1619 1619 1934 1934 1047 1047 1047 1047 1426 1426 1426 1426 1227 1227 1355 1355 1355 1355 1154 1154 914 914 914 914 912 912 912 912 799 799 922 922 922 922 1080 1080 1051 1051 1051 1051 808 808 808 808 808 808 1034 1034 1034 1034 1315 1315 679 679 679 679 898 898 898 898 1144 1144 809 809 809 809 762 762 865 865 865 865 898 898 898 898 682 682 995 995 995 995 1051 1051 1156
1524 1524 1524 1818 1818 978 978 978 978 938 938 938 938 1005 1005 1287 1287 1287 1287 879 879 920 920 920 920 1059 1059 1059 1059 869 869 1286 1286 1286 1286 851 851 1431 1431 1431 1431 1346 1346 1346 1346 1271 1271 712 712 712 712 699 699 1025 1025 1025 1025 1175 1175 1175 1175 723 723 1277 1277 1277 1277 761 761 934 934 934 934 1170 1170 1170 1170 1382 1382 1370 1370 1370 1370 836 836 678
1524 1524 1524 1818 1818 978 978 978 978 938 938 938 938 1005 1005 1287 1287 1287 1287 879 879 920 920 920 920 1059 1059 1059 1059 869 869 1286 1286 1286 1286 851 851 1431 1431 1431 1431 1346 1346 1346 1346 1271 1271 712 712 712 712 699 699 1025 1025 1025 1025 1175 1175 1175 1175 723 723 1277 1277 1277 1277 761 761 934 934 934 934 1170 1170 1170 1170 1382 1382 1370 1370 1370 1370 836 836 678
1791 1791 1791 1381 1381 999 999 999 999 912 912 912 912 764 764 1018 1018 1018 1018 882 882 727 727 727 727 838 838 838 838 775 775 1018 1018 1018 1018 1323 1323 902 902 902 902 677 677 677 677 588 588 1028 1028 1028 1028 810 810 982 982 982 982 1181 1181 1181 1181 1351 1351 752 752 752 752 929 929 685 685 685 685 1170 1170 1170 1170 1286 1286 1032 1032 1032 1032 1066 1066 645
1791 1791 1791 1381 1381 999 999 999 999 912 912 912 912 764 764 1018 1018 1018 1018 882 882 727 727 727 727 838 838 838 838 775 775 1018 1018 1018 1018 1323 1323 902 902 902 902 677 677 677 677 588 588 1028 1028 1028 1028 810 810 982 982 982 982 1181 1181 1181 1181 1351 1351 752 752 752 752 929 929 685 685 685 685 1170 1170 1170 1170 1286 1286 1032 1032 1032 1032 1066 1066 645
1791 1791 1791 1381 1381 999 999 999 999 912 912 912 912 764 764 1018 1018 1018 1018 882 882 727 727 727 727 838 838 838 838 775 775 1018 1018 1018 1018 1323 1323 902 902 902 902 677 677 677 677 588 588 1028 1028 1028 1028 810 810 982 982 982 982 1181 1181 1181 1181 1351 1351 752 752 752 752 929 929 685 685 685 685 1170 1170 1170 1170 1286 1286 1032 1032 1032 1032 1066 1066 645
1791 1791 1791 1381 1381 999 999 999 999 912 912 912 912 764 764 1018 1018 1018 1018 882 882 727 727 727 727 838 838 838 838 775 775 1018 1018 1018 1018 1323 1323 902 902 902 902 677 677 677 677 588 588 1028 1028 1028 1028 810 810 982 982 982 982 1181 1181 1181 1181 1351 1351 752 752 752 752 929 929 685 685 685 685 1170 1170 1170 1170 1286 1286 1032 1032 1032 1032 1066 1066 645
1809 1809 1809 1290 1290 945 945 945 945 811 811 811 811 925 925 1115 1115 1115 1115 1155 1155 860 860 860 860 616 616 616 616 787 787 716 716 716 716 1019 1019 943 943 943 943 791 791 791 791 1405 1405 1306 1306 1306 1306 1335 1335 1094 1094 1094 1094 1174 1174 1174 1174 473 473 311 311 311 311 953 953 1309 1309 1309 1309 1263 1263 1263 1263 1197 1197 1447 1447 1447 1447 929 929 157
1809 1809 1809 1290 1290 945 945 945 945 811 811 811 811 925 925 1115 1115 1115 1115 1155 1155 860 860 860 860 616 616 616 616 787 787 716 716 716 716 1019 1019 943 943 943 943 791 791 791 791 1405 1405 1306 1306 1306 1306 1335 1335 1094 1094 1094 1094 1174 1174 1174 1174 473 473 311 311 311 311 953 953 1309 1309 1309 1309 1263 1263 1263 1263 1197 1197 1447 1447 1447 1447 929 929 157
1826 1826 1826 1165 1165 1358 1358 1358 1358 983 983 983 983 856 856 909 909 909 909 828 828 908 908 908 908 1168 1168 1168 1168 811 811 621 621 621 621 632 632 965 965 965 965 959 959 959 959 1244 1244 1204 1204 1204 1204 1239 1239 1091 1091 1091 1091 1149 1149 1149 1149 1008 1008 988 988 988 988 947 947 365 365 365 365 1384 1384 1384 1384 884 884 780 780 780 780 250 250 91
1826 1826 1826 1165 1165 1358 1358 1358 1358 983 983 983 983 856 856 909 909 909 909 828 828 908 908 908 908 1168 1168 1168 1168 811 811 621 621 621 621 632 632 965 965 965 965 959 959 959 959 1244 1244 1204 1204 1204 1204 1239 1239 1091 1091 1091 1091 1149 1149 1149 1149 1008 1008 988 988 988 988 947 947 365 365 365 365 1384 1384 1384 1384 884 884 780 780 780 780 250 250 91
1826 1826 1826 1165 1165 1358 1358 1358 1358 983 983 983 983 856 856 909 909 909 909 828 828 908 908 908 908 1168 1168 1168 1168 811 811 621 621 621 621 632 632 965 965 965 965 959 959 959 959 1244 1244 1204 1204 1204 1204 1239 1239 1091 1091 1091 1091 1149 1149 1149 1149 1008 1008 988 988 988 988 947 947 365 365 365 365 1384 1384 1384 1384 884 884 780 780 780 780 250 250 91
1826 1826 1826 1165 1165 1358 1358 1358 1358 983 983 983 983 856 856 909 909 909 909 828 828 908 908 908 908 1168 1168 1168 1168 811 811 621 621 621 621 632 632 965 965 965 965 959 959 959 959 1244 1244 1204 1204 1204 1204 1239 1239 1091 1091 1091 1091 1149 1149 1149 1149 1008 1008 988 988 988 988 947 947 365 365 365 365 1384 1384 1384 1384 884 884 780 780 780 780 250 250 91
1233 1233 1233 1064 1064 1041 1041 1041 1041 1293 1293 1293 1293 1003 1003 357 357 357 357 624 624 1047 1047 1047 1047 451 451 451 451 905 905 1293 1293 1293 1293 1012 1012 965 965 965 965 774 774 774 774 1122 1122 901 901 901 901 1040 1040 1283 1283 1283 1283 1067 1067 1067 1067 1321 1321 1030 1030 1030 1030 624 624 69 69 69 69 618 618 618 618 588 588 0 0 0 0 14 14 1048
1233 1233 1233 1064 1064 1041 1041 1041 1041 1293 1293 1293 1293 1003 1003 357 357 357 357 624 624 1047 1047 1047 1047 451 451 451 451 905 905 1293 1293 1293 1293 1012 1012 965 965 965 965 774 774 774 774 1122 1122 901 901 901 901 1040 1040 1283 1283 1283 1283 1067 1067 1067 1067 1321 1321 1030 1030 1030 1030 624 624 69 69 69 69 618 618 618 618 588 588 0 0 0 0 14 14 1048
1233 1233 1233 1064 1064 1041 1041 1041 1041 1293 1293 1293 1293 1003 1003 357 357 357 357 624 624 1047 1047 1047 1047 451 451 451 451 905 905 1293 1293 1293 1293 1012 1012 965 965 965 965 774 774 774 774 1122 1122 901 901 901 901 1040 1040 1283 1283 1283 1283 1067 1067 1067 1067 1321 1321 1030 1030 1030 1030 624 624 69 69 69 69 618 618 618 618 588 588 0 0 0 0 14 14 1048
1233 1233 1233 1064 1064 1041 1041 1041 1041 1293 1293 1293 1293 1003 1003 357 357 357 357 624 624 1047 1047 1047 1047 451 451 451 451 905 905 1293 1293 1293 1293 1012 1012 965 965 965 965 774 774 774 774 1122 1122 901 901 901 901 1040 1040 1283 1283 1283 1283 1067 1067 1067 1067 1321 1321 1030 1030 1030 1030 624 624 69 69 69 69 618 618 618 618 588 588 0 0 0 0 14 14 1048
1576 1576 1576 1099 1099 801 801 801 801 913 913 913 913 794 794 590 590 590 590 926 926 899 899 899 899 820 820 820 820 1460 1460 1239 1239 1239 1239 868 868 1102 1102 1102 1102 799 799 799 799 488 488 603 603 603 603 1139 1139 1268 1268 1268 1268 936 936 936 936 1332 1332 1196 1196 1196 1196 380 380 102 102 102 102 265 265 265 265 576 576 10 10 10 10 691 691 981
1576 1576 1576 1099 1099 801 801 801 801 913 913 913 913 794 794 590 590 590 590 926 926 899 899 899 899 820 820 820 820 1460 1460 1239 1239 1239 1239 868 868 1102 1102 1102 1102 799 799 799 799 488 488 603 603 603 603 1139 1139 1268 1268 1268 1268 936 936 936 936 1332 1332 1196 1196 1196 1196 380 380 102 102 102 102 265 265 265 265 576 576 10 10 10 10 691 691 981
1388 1388 1388 1099 1099 617 617 617 617 772 772 772 772 988 988 835 835 835 835 1460 1460 1355 1355 1355 1355 1385 1385 1385 1385 1333 1333 755 755 755 755 771 771 1527 1527 1527 1527 875 875 875 875 277 277 1202 1202 1202 1202 1179 1179 1110 1110 1110 1110 1143 1143 1143 1143 1195 1195 1279 1279 1279 1279 1096 1096 72 72 72 72 24 24 24 24 0 0 698 698 698 698 1411 1411 1090
1388 1388 1388 1099 1099 617 617 617 617 772 772 772 772 988 988 835 835 835 835 1460 1460 1355 1355 1355 1355 1385 1385 1385 1385 1333 1333 755 755 755 755 771 771 1527 1527 1527 1527 875 875 875 875 277 277 1202 1202 1202 1202 1179 1179 1110 1110 1110 1110 1143 1143 1143 1143 1195 1195 1279 1279 1279 1279 1096 1096 72 72 72 72 24 24 24 24 0 0 698 698 698 698 1411 1411 1090
1388 1388 1388 1099 1099 617 617 617 617 772 772 772 772 988 988 835 835 835 835 1460 1460 1355 1355 1355 1355 1385 1385 1385 1385 1333 1333 755 755 755 755 771 771 1527 1527 1527 1527 875 875 875 875 277 277 1202 1202 1202 1202 1179 1179 1110 1110 1110 1110 1143 1143 1143 1143 1195 1195 1279 1279 1279 1279 1096 1096 72 72 72 72 24 24 24 24 0 0 698 698 698 698 1411 1411 1090
1388 1388 1388 1099 1099 617 617 617 617 772 772 772 772 988 988 835 835 835 835 1460 1460 1355 1355 1355 1355 1385 1385 1385 1385 1333 1333 755 755 755 755 771 771 1527 1527 1527 1527 875 875 875 875 277 277 1202 1202 1202 1202 1179 1179 1110 1110 1110 1110 1143 1143 1143 1143 1195 1195 1279 1279 1279 1279 1096 1096 72 72 72 72 24 24 24 24 0 0 698 698 698 698 1411 1411 1090
960 960 960 1318 1318 1098 1098 1098 1098 692 692 692 692 771 771 796 796 796 796 848 848 849 849 849 849 1111 1111 1111 1111 1172 1172 954 954 954 954 1140 1140 569 569 569 569 901 901 901 901 797 797 1152 1152 1152 1152 1242 1242 1218 1218 1218 1218 1288 1288 1288 1288 1328 1328 1222 1222 1222 1222 1232 1232 1453 1453 1453 1453 172 172 172 172 289 289 1579 1579 1579 1579 1361 1361 302
960 960 960 1318 1318 1098 1098 1098 1098 692 692 692 692 771 771 796 796 796 796 848 848 849 849 849 849 1111 1111 1111 1111 1172 1172 954 954 954 954 1140 1140 569 569 569 569 901 901 901 901 797 797 1152 1152 1152 1152 1242 1242 1218 1218 1218 1218 1288 1288 1288 1288 1328 1328 1222 1222 1222 1222 1232 1232 1453 1453 1453 1453 172 172 172 172 289 289 1579 1579 1579 1579 1361 1361 302
824 824 824 990 990 862 862 862 862 998 998 998 998 1183 1183 688 688 688 688 461 461 813 813 813 813 935 935 935 935 1241 1241 620 620 620 620 878 878 1401 1401 1401 1401 1101 1101 1101 1101 1433 1433 1034 1034 1034 1034 1298 1298 1542 1542 1542 1542 1384 1384 1384 1384 1514 1514 1405 1405 1405 1405 1329 1329 581 581 581 581 399 399 399 399 1409 1409 1479 1479 1479 1479 762 762 449
824 824 824 990 990 862 862 862 862 998 998 998 998 1183 1183 688 688 688 688 461 461 813 813 813 813 935 935 935 935 1241 1241 620 620 620 620 878 878 1401 1401 1401 1401 1101 1101 1101 1101 1433 1433 1034 1034 1034 1034 1298 1298 1542 1542 1542 1542 1384 1384 1384 1384 1514 1514 1405 1405 1405 1405 1329 1329 581 581 581 581 399 399 399 399 1409 1409 1479 1479 1479 1479 762 762 449
824 824 824 990 990 862 862 862 862 998 998 998 998 1183 1183 688 688 688 688 461 461 813 813 813 813 935 935 935 935 1241 1241 620 620 620 620 878 878 1401 1401 1401 1401 1101 1101 1101 1101 1433 1433 1034 1034 1034 1034 1298 1298 1542 1542 1542 1542 1384 1384 1384 1384 1514 1514 1405 1405 1405 1405 1329 1329 581 581 581 581 399 399 399 399 1409 1409 1479 1479 1479 1479 762 762 449
824 824 824 990 990 862 862 862 862 998 998 998 998 1183 1183 688 688 688 688 461 461 813 813 813 813 935 935 935 935 1241 1241 620 620 620 620 878 878 1401 1401 1401 1401 1101 1101 1101 1101 1433 1433 1034 1034 1034 1034 1298 1298 1542 1542 1542 1542 1384 1384 1384 1384 1514 1514 1405 1405 1405 1405 1329 1329 581 581 581 581 399 399 399 399 1409 1409 1479 1479 1479 1479 762 762 449
247 247 247 278 278 1047 1047 1047 1047 1047 1047 1047 1047 1455 1455 328 328 328 328 398 398 337 337 337 337 794 794 794 794 1243 1243 812 812 812 812 1054 1054 814 814 814 814 600 600 600 600 1244 1244 1426 1426 1426 1426 962 962 1466 1466 1466 1466 1293 1293 1293 1293 1651 1651 1244 1244 1244 1244 904 904 756 756 756 756 1107 1107 1107 1107 1503 1503 467 467 467 467 122 122 4
247 247 247 278 278 1047 1047 1047 1047 1047 1047 1047 1047 1455 1455 328 328 328 328 398 398 337 337 337 337 794 794 794 794 1243 1243 812 812 812 812 1054 1054 814 814 814 814 600 600 600 600 1244 1244 1426 1426 1426 1426 962 962 1466 1466 1466 1466 1293 1293 1293 1293 1651 1651 1244 1244 1244 1244 904 904 756 756 756 756 1107 1107 1107 1107 1503 1503 467 467 467 467 122 122 4
247 247 247 278 278 1047 1047 1047 1047 1047 1047 1047 1047 1455 1455 328 328 328 328 398 398 337 337 337 337 794 794 794 794 1243 1243 812 812 812 812 1054 1054 814 814 814 814 600 600 600 600 1244 1244 1426 1426 1426 1426 962 962 1466 1466 1466 1466 1293 1293 1293 1293 1651 1651 1244 1244 1244 1244 904 904 756 756 756 756 1107 1107 1107 1107 1503 1503 467 467 467 467 122 122 4
247 247 247 278 278 1047 1047 1047 1047 1047 1047 1047 1047 1455 1455 328 328 328 328 398 398 337 337 337 337 794 794 794 794 1243 1243 812 812 812 812 1054 1054 814 814 814 814 600 600 600 600 1244 1244 1426 1426 1426 1426 962 962 1466 1466 1466 1466 1293 1293 1293 1293 1651 1651 1244 1244 1244 1244 904 904 756 756 756 756 1107 1107 1107 1107 1503 1503 467 467 467 467 122 122 4
241 241 241 347 347 1273 1273 1273 1273 1235 1235 1235 1235 466 466 195 195 195 195 793 793 1174 1174 1174 1174 1154 1154 1154 1154 1020 1020 1243 1243 1243 1243 1178 1178 1353 1353 1353 1353 1186 1186 1186 1186 1590 1590 1308 1308 1308 1308 1308 1308 1548 1548 1548 1548 1225 1225 1225 1225 1322 1322 694 694 694 694 451 451 1397 1397 1397 1397 1283 1283 1283 1283 429 429 15 15 15 15 673 673 1430
241 241 241 347 347 1273 1273 1273 1273 1235 1235 1235 1235 466 466 195 195 195 195 793 793 1174 1174 1174 1174 1154 1154 1154 1154 1020 1020 1243 1243 1243 1243 1178 1178 1353 1353 1353 1353 1186 1186 1186 1186 1590 1590 1308 1308 1308 1308 1308 1308 1548 1548 1548 1548 1225 1225 1225 1225 1322 1322 694 694 694 694 451 451 1397 1397 1397 1397 1283 1283 1283 1283 429 429 15 15 15 15 673 673 1430
354 354 354 726 726 792 792 792 792 814 814 814 814 229 229 510 510 510 510 923 923 1196 1196 1196 1196 1302 1302 1302 1302 1254 1254 1187 1187 1187 1187 1011 1011 1502 1502 1502 1502 1211 1211 1211 1211 1266 1266 1336 1336 1336 1336 1567 1567 1440 1440 1440 1440 1382 1382 1382 1382 426 426 1401 1401 1401 1401 906 906 1107 1107 1107 1107 72 72 72 72 183 183 1140 1140 1140 1140 1343 1343 1256
