Examples/Forest/treantall_5m_sn1.asc
ncols         354
nrows         354
xllcorner     41458
yllcorner     6936572
cellsize      5
NODATA_value  -9999
[rows 228 to 265 of 354, columns 86 to 171 of 354]
-9999 -9999 -9999 -9999 -9999 -9999 -9999 -9999 -9999 -9999 -9999 -9999 -9999 -9999 -9999 -9999 -9999 -9999 -9999 1395 1395 1482 1482 1482 1482 1051 1051 1051 1051 1336 1336 309 309 309 309 1253 1253 1096 1096 1096 1096 743 743 743 743 754 754 465 465 465 465 669 669 901 901 901 901 1534 1534 1534 1534 1608 1608 1244 1244 1244 1244 1442 1442 1292 1292 1292 1292 1389 1389 1389 1389 1364 1364 894 894 894 894 1147 1147 1184
-9999 -9999 -9999 -9999 -9999 -9999 -9999 -9999 -9999 -9999 -9999 -9999 -9999 -9999 -9999 -9999 -9999 -9999 -9999 1395 1395 1482 1482 1482 1482 1051 1051 1051 1051 1336 1336 309 309 309 309 1253 1253 1096 1096 1096 1096 743 743 743 743 754 754 465 465 465 465 669 669 901 901 901 901 1534 1534 1534 1534 1608 1608 1244 1244 1244 1244 1442 1442 1292 1292 1292 1292 1389 1389 1389 1389 1364 1364 894 894 894 894 1147 1147 1184
-9999 -9999 -9999 -9999 -9999 -9999 -9999 -9999 -9999 -9999 -9999 -9999 -9999 -9999 -9999 -9999 -9999 -9999 -9999 1395 1395 1482 1482 1482 1482 1051 1051 1051 1051 1336 1336 309 309 309 309 1253 1253 1096 1096 1096 1096 743 743 743 743 754 754 465 465 465 465 669 669 901 901 901 901 1534 1534 1534 1534 1608 1608 1244 1244 1244 1244 1442 1442 1292 1292 1292 1292 1389 1389 1389 1389 1364 1364 894 894 894 894 1147 1147 1184
-9999 -9999 -9999 -9999 -9999 -9999 -9999 -9999 -9999 -9999 -9999 -9999 -9999 -9999 -9999 -9999 -9999 -9999 -9999 -9999 -9999 1500 1500 1500 1500 945 945 945 945 1387 1387 699 699 699 699 406 406 588 588 588 588 837 837 837 837 373 373 544 544 544 544 350 350 484 484 484 484 1039 1039 1039 1039 1333 1333 1426 1426 1426 1426 1519 1519 1614 1614 1614 1614 1030 1030 1030 1030 545 545 1362 1362 1362 1362 1305 1305 1243
-9999 -9999 -9999 -9999 -9999 -9999 -9999 -9999 -9999 -9999 -9999 -9999 -9999 -9999 -9999 -9999 -9999 -9999 -9999 -9999 -9999 1500 1500 1500 1500 945 945 945 945 1387 1387 699 699 699 699 406 406 588 588 588 588 837 837 837 837 373 373 544 544 544 544 350 350 484 484 484 484 1039 1039 1039 1039 1333 1333 1426 1426 1426 1426 1519 1519 1614 1614 1614 1614 1030 1030 1030 1030 545 545 1362 1362 1362 1362 1305 1305 1243
-9999 -9999 -9999 -9999 -9999 -9999 -9999 -9999 -9999 -9999 -9999 -9999 -9999 -9999 -9999 -9999 -9999 -9999 -9999 -9999 -9999 1500 1500 1500 1500 945 945 945 945 1387 1387 699 699 699 699 406 406 588 588 588 588 837 837 837 837 373 373 544 544 544 544 350 350 484 484 484 484 1039 1039 1039 1039 1333 1333 1426 1426 1426 1426 1519 1519 1614 1614 1614 1614 1030 1030 1030 1030 545 545 1362 1362 1362 1362 1305 1305 1243
-9999 -9999 -9999 -9999 -9999 -9999 -9999 -9999 -9999 -9999 -9999 -9999 -9999 -9999 -9999 -9999 -9999 -9999 -9999 -9999 -9999 1500 1500 1500 1500 945 945 945 945 1387 1387 699 699 699 699 406 406 588 588 588 588 837 837 837 837 373 373 544 544 544 544 350 350 484 484 484 484 1039 1039 1039 1039 1333 1333 1426 1426 1426 1426 1519 1519 1614 1614 1614 1614 1030 1030 1030 1030 545 545 1362 1362 1362 1362 1305 1305 1243
-9999 -9999 -9999 -9999 -9999 -9999 -9999 -9999 -9999 -9999 -9999 -9999 -9999 -9999 -9999 -9999 -9999 -9999 -9999 -9999 -9999 -9999 -9999 -9999 -9999 1594 1594 1594 1594 675 675 937 937 937 937 745 745 799 799 799 799 136 136 136 136 381 381 501 501 501 501 504 504 1351 1351 1351 1351 1326 1326 1326 1326 1327 1327 616 616 616 616 311 311 475 475 475 475 837 837 837 837 1013 1013 1339 1339 1339 1339 1050 1050 1052
-9999 -9999 -9999 -9999 -9999 -9999 -9999 -9999 -9999 -9999 -9999 -9999 -9999 -9999 -9999 -9999 -9999 -9999 -9999 -9999 -9999 -9999 -9999 -9999 -9999 1594 1594 1594 1594 675 675 937 937 937 937 745 745 799 799 799 799 136 136 136 136 381 381 501 501 501 501 504 504 1351 1351 1351 1351 1326 1326 1326 1326 1327 1327 616 616 616 616 311 311 475 475 475 475 837 837 837 837 1013 1013 1339 1339 1339 1339 1050 1050 1052
-9999 -9999 -9999 -9999 -9999 -9999 -9999 -9999 -9999 -9999 -9999 -9999 -9999 -9999 -9999 -9999 -9999 -9999 -9999 607 607 1357 1357 1357 1357 1328 1328 1328 1328 918 918 657 657 657 657 268 268 237 237 237 237 811 811 811 811 894 894 880 880 880 880 1000 1000 1331 1331 1331 1331 637 637 637 637 779 779 892 892 892 892 1050 1050 684 684 684 684 1180 1180 1180 1180 1111 1111 1012 1012 1012 1012 932 932 1389
-9999 -9999 -9999 -9999 -9999 -9999 -9999 -9999 -9999 -9999 -9999 -9999 -9999 -9999 -9999 -9999 -9999 -9999 -9999 607 607 1357 1357 1357 1357 1328 1328 1328 1328 918 918 657 657 657 657 268 268 237 237 237 237 811 811 811 811 894 894 880 880 880 880 1000 1000 1331 1331 1331 1331 637 637 637 637 779 779 892 892 892 892 1050 1050 684 684 684 684 1180 1180 1180 1180 1111 1111 1012 1012 1012 1012 932 932 1389
-9999 -9999 -9999 -9999 -9999 -9999 -9999 -9999 -9999 -9999 -9999 -9999 -9999 -9999 -9999 -9999 -9999 -9999 -9999 607 607 1357 1357 1357 1357 1328 1328 1328 1328 918 918 657 657 657 657 268 268 237 237 237 237 811 811 811 811 894 894 880 880 880 880 1000 1000 1331 1331 1331 1331 637 637 637 637 779 779 892 892 892 892 1050 1050 684 684 684 684 1180 1180 1180 1180 1111 1111 1012 1012 1012 1012 932 932 1389
-9999 -9999 -9999 -9999 -9999 -9999 -9999 -9999 -9999 -9999 -9999 -9999 -9999 -9999 -9999 -9999 -9999 -9999 -9999 607 607 1357 1357 1357 1357 1328 1328 1328 1328 918 918 657 657 657 657 268 268 237 237 237 237 811 811 811 811 894 894 880 880 880 880 1000 1000 1331 1331 1331 1331 637 637 637 637 779 779 892 892 892 892 1050 1050 684 684 684 684 1180 1180 1180 1180 1111 1111 1012 1012 1012 1012 932 932 1389
404 404 404 83 83 -9999 -9999 -9999 -9999 -9999 -9999 -9999 -9999 -9999 -9999 1492 1492 1492 1492 1455 1455 907 907 907 907 900 900 900 900 773 773 291 291 291 291 938 938 951 951 951 951 612 612 612 612 1235 1235 1049 1049 1049 1049 1297 1297 1051 1051 1051 1051 1133 1133 1133 1133 761 761 1233 1233 1233 1233 1054 1054 971 971 971 971 1274 1274 1274 1274 1189 1189 819 819 819 819 1475 1475 728
404 404 404 83 83 -9999 -9999 -9999 -9999 -9999 -9999 -9999 -9999 -9999 -9999 1492 1492 1492 1492 1455 1455 907 907 907 907 900 900 900 900 773 773 291 291 291 291 938 938 951 951 951 951 612 612 612 612 1235 1235 1049 1049 1049 1049 1297 1297 1051 1051 1051 1051 1133 1133 1133 1133 761 761 1233 1233 1233 1233 1054 1054 971 971 971 971 1274 1274 1274 1274 1189 1189 819 819 819 819 1475 1475 728
1302 1302 1302 1009 1009 1005 1005 1005 1005 220 220 220 220 974 974 1592 1592 1592 1592 1073 1073 592 592 592 592 225 225 225 225 165 165 530 530 530 530 632 632 389 389 389 389 794 794 794 794 1012 1012 1344 1344 1344 1344 921 921 357 357 357 357 590 590 590 590 755 755 1245 1245 1245 1245 1395 1395 788 788 788 788 1109 1109 1109 1109 1025 1025 1119 1119 1119 1119 1080 1080 586
1302 1302 1302 1009 1009 1005 1005 1005 1005 220 220 220 220 974 974 1592 1592 1592 1592 1073 1073 592 592 592 592 225 225 225 225 165 165 530 530 530 530 632 632 389 389 389 389 794 794 794 794 1012 1012 1344 1344 1344 1344 921 921 357 357 357 357 590 590 590 590 755 755 1245 1245 1245 1245 1395 1395 788 788 788 788 1109 1109 1109 1109 1025 1025 1119 1119 1119 1119 1080 1080 586
1302 1302 1302 1009 1009 1005 1005 1005 1005 220 220 220 220 974 974 1592 1592 1592 1592 1073 1073 592 592 592 592 225 225 225 225 165 165 530 530 530 530 632 632 389 389 389 389 794 794 794 794 1012 1012 1344 1344 1344 1344 921 921 357 357 357 357 590 590 590 590 755 755 1245 1245 1245 1245 1395 1395 788 788 788 788 1109 1109 1109 1109 1025 1025 1119 1119 1119 1119 1080 1080 586
1302 1302 1302 1009 1009 1005 1005 1005 1005 220 220 220 220 974 974 1592 1592 1592 1592 1073 1073 592 592 592 592 225 225 225 225 165 165 530 530 530 530 632 632 389 389 389 389 794 794 794 794 1012 1012 1344 1344 1344 1344 921 921 357 357 357 357 590 590 590 590 755 755 1245 1245 1245 1245 1395 1395 788 788 788 788 1109 1109 1109 1109 1025 1025 1119 1119 1119 1119 1080 1080 586
1836 1836 1836 1597 1597 1499 1499 1499 1499 1459 1459 1459 1459 423 423 949 949 949 949 733 733 532 532 532 532 112 112 112 112 277 277 967 967 967 967 908 908 735 735 735 735 1110 1110 1110 1110 1434 1434 1060 1060 1060 1060 1264 1264 1081 1081 1081 1081 916 916 916 916 1287 1287 1165 1165 1165 1165 1395 1395 1454 1454 1454 1454 1163 1163 1163 1163 873 873 91 91 91 91 858 858 984
1836 1836 1836 1597 1597 1499 1499 1499 1499 1459 1459 1459 1459 423 423 949 949 949 949 733 733 532 532 532 532 112 112 112 112 277 277 967 967 967 967 908 908 735 735 735 735 1110 1110 1110 1110 1434 1434 1060 1060 1060 1060 1264 1264 1081 1081 1081 1081 916 916 916 916 1287 1287 1165 1165 1165 1165 1395 1395 1454 1454 1454 1454 1163 1163 1163 1163 873 873 91 91 91 91 858 858 984
1836 1836 1836 1597 1597 1499 1499 1499 1499 1459 1459 1459 1459 423 423 949 949 949 949 733 733 532 532 532 532 112 112 112 112 277 277 967 967 967 967 908 908 735 735 735 735 1110 1110 1110 1110 1434 1434 1060 1060 1060 1060 1264 1264 1081 1081 1081 1081 916 916 916 916 1287 1287 1165 1165 1165 1165 1395 1395 1454 1454 1454 1454 1163 1163 1163 1163 873 873 91 91 91 91 858 858 984
1836 1836 1836 1597 1597 1499 1499 1499 1499 1459 1459 1459 1459 423 423 949 949 949 949 733 733 532 532 532 532 112 112 112 112 277 277 967 967 967 967 908 908 735 735 735 735 1110 1110 1110 1110 1434 1434 1060 1060 1060 1060 1264 1264 1081 1081 1081 1081 916 916 916 916 1287 1287 1165 1165 1165 1165 1395 1395 1454 1454 1454 1454 1163 1163 1163 1163 873 873 91 91 91 91 858 858 984
1582 1582 1582 1705 1705 1393 1393 1393 1393 1314 1314 1314 1314 146 146 457 457 457 457 214 214 70 70 70 70 347 347 347 347 449 449 1280 1280 1280 1280 1235 1235 1310 1310 1310 1310 1058 1058 1058 1058 1526 1526 898 898 898 898 894 894 893 893 893 893 1054 1054 1054 1054 1272 1272 868 868 868 868 1173 1173 1185 1185 1185 1185 1132 1132 1132 1132 426 426 902 902 902 902 959 959 921
1582 1582 1582 1705 1705 1393 1393 1393 1393 1314 1314 1314 1314 146 146 457 457 457 457 214 214 70 70 70 70 347 347 347 347 449 449 1280 1280 1280 1280 1235 1235 1310 1310 1310 1310 1058 1058 1058 1058 1526 1526 898 898 898 898 894 894 893 893 893 893 1054 1054 1054 1054 1272 1272 868 868 868 868 1173 1173 1185 1185 1185 1185 1132 1132 1132 1132 426 426 902 902 902 902 959 959 921
1729 1729 1729 1510 1510 -9999 -9999 -9999 -9999 -9999 -9999 -9999 -9999 -9999 -9999 555 555 555 555 877 877 816 816 816 816 816 816 816 816 1326 1326 1222 1222 1222 1222 1025 1025 442 442 442 442 906 906 906 906 1253 1253 861 861 861 861 642 642 785 785 785 785 686 686 686 686 904 904 1454 1454 1454 1454 1258 1258 1008 1008 1008 1008 1175 1175 1175 1175 1141 1141 1624 1624 1624 1624 1648 1648 1449
1729 1729 1729 1510 1510 -9999 -9999 -9999 -9999 -9999 -9999 -9999 -9999 -9999 -9999 555 555 555 555 877 877 816 816 816 816 816 816 816 816 1326 1326 1222 1222 1222 1222 1025 1025 442 442 442 442 906 906 906 906 1253 1253 861 861 861 861 642 642 785 785 785 785 686 686 686 686 904 904 1454 1454 1454 1454 1258 1258 1008 1008 1008 1008 1175 1175 1175 1175 1141 1141 1624 1624 1624 1624 1648 1648 1449
1729 1729 1729 1510 1510 -9999 -9999 -9999 -9999 -9999 -9999 -9999 -9999 -9999 -9999 555 555 555 555 877 877 816 816 816 816 816 816 816 816 1326 1326 1222 1222 1222 1222 1025 1025 442 442 442 442 906 906 906 906 1253 1253 861 861 861 861 642 642 785 785 785 785 686 686 686 686 904 904 1454 1454 1454 1454 1258 1258 1008 1008 1008 1008 1175 1175 1175 1175 1141 1141 1624 1624 1624 1624 1648 1648 1449
1729 1729 1729 1510 1510 -9999 -9999 -9999 -9999 -9999 -9999 -9999 -9999 -9999 -9999 555 555 555 555 877 877 816 816 816 816 816 816 816 816 1326 1326 1222 1222 1222 1222 1025 1025 442 442 442 442 906 906 906 906 1253 1253 861 861 861 861 642 642 785 785 785 785 686 686 686 686 904 904 1454 1454 1454 1454 1258 1258 1008 1008 1008 1008 1175 1175 1175 1175 1141 1141 1624 1624 1624 1624 1648 1648 1449
1283 1283 1283 -9999 -9999 -9999 -9999 -9999 -9999 -9999 -9999 -9999 -9999 -9999 -9999 813 813 813 813 1144 1144 1487 1487 1487 1487 1080 1080 1080 1080 959 959 53 53 53 53 41 41 0 0 0 0 107 107 107 107 652 652 1068 1068 1068 1068 1202 1202 1067 1067 1067 1067 1341 1341 1341 1341 1137 1137 1242 1242 1242 1242 664 664 664 664 664 664 1222 1222 1222 1222 1572 1572 1367 1367 1367 1367 1082 1082 1523
1283 1283 1283 -9999 -9999 -9999 -9999 -9999 -9999 -9999 -9999 -9999 -9999 -9999 -9999 813 813 813 813 1144 1144 1487 1487 1487 1487 1080 1080 1080 1080 959 959 53 53 53 53 41 41 0 0 0 0 107 107 107 107 652 652 1068 1068 1068 1068 1202 1202 1067 1067 1067 1067 1341 1341 1341 1341 1137 1137 1242 1242 1242 1242 664 664 664 664 664 664 1222 1222 1222 1222 1572 1572 1367 1367 1367 1367 1082 1082 1523
-9999 -9999 -9999 -9999 -9999 -9999 -9999 -9999 -9999 -9999 -9999 -9999 -9999 -9999 -9999 -9999 -9999 -9999 -9999 1635 1635 1199 1199 1199 1199 420 420 420 420 196 196 215 215 215 215 0 0 136 136 136 136 412 412 412 412 1413 1413 1158 1158 1158 1158 1148 1148 1061 1061 1061 1061 726 726 726 726 1474 1474 1243 1243 1243 1243 1196 1196 847 847 847 847 1169 1169 1169 1169 1272 1272 1539 1539 1539 1539 1188 1188 1175
-9999 -9999 -9999 -9999 -9999 -9999 -9999 -9999 -9999 -9999 -9999 -9999 -9999 -9999 -9999 -9999 -9999 -9999 -9999 1635 1635 1199 1199 1199 1199 420 420 420 420 196 196 215 215 215 215 0 0 136 136 136 136 412 412 412 412 1413 1413 1158 1158 1158 1158 1148 1148 1061 1061 1061 1061 726 726 726 726 1474 1474 1243 1243 1243 1243 1196 1196 847 847 847 847 1169 1169 1169 1169 1272 1272 1539 1539 1539 1539 1188 1188 1175
-9999 -9999 -9999 -9999 -9999 -9999 -9999 -9999 -9999 -9999 -9999 -9999 -9999 -9999 -9999 -9999 -9999 -9999 -9999 1635 1635 1199 1199 1199 1199 420 420 420 420 196 196 215 215 215 215 0 0 136 136 136 136 412 412 412 412 1413 1413 1158 1158 1158 1158 1148 1148 1061 1061 1061 1061 726 726 726 726 1474 1474 1243 1243 1243 1243 1196 1196 847 847 847 847 1169 1169 1169 1169 1272 1272 1539 1539 1539 1539 1188 1188 1175
-9999 -9999 -9999 -9999 -9999 -9999 -9999 -9999 -9999 -9999 -9999 -9999 -9999 -9999 -9999 -9999 -9999 -9999 -9999 1635 1635 1199 1199 1199 1199 420 420 420 420 196 196 215 215 215 215 0 0 136 136 136 136 412 412 412 412 1413 1413 1158 1158 1158 1158 1148 1148 1061 1061 1061 1061 726 726 726 726 1474 1474 1243 1243 1243 1243 1196 1196 847 847 847 847 1169 1169 1169 1169 1272 1272 1539 1539 1539 1539 1188 1188 1175
-9999 -9999 -9999 -9999 -9999 -9999 -9999 -9999 -9999 -9999 -9999 -9999 -9999 -9999 -9999 -9999 -9999 -9999 -9999 1340 1340 574 574 574 574 256 256 256 256 367 367 428 428 428 428 48 48 879 879 879 879 1347 1347 1347 1347 1616 1616 1558 1558 1558 1558 1135 1135 1117 1117 1117 1117 1418 1418 1418 1418 1219 1219 538 538 538 538 623 623 1119 1119 1119 1119 1238 1238 1238 1238 1561 1561 1285 1285 1285 1285 1021 1021 1214
-9999 -9999 -9999 -9999 -9999 -9999 -9999 -9999 -9999 -9999 -9999 -9999 -9999 -9999 -9999 -9999 -9999 -9999 -9999 1340 1340 574 574 574 574 256 256 256 256 367 367 428 428 428 428 48 48 879 879 879 879 1347 1347 1347 1347 1616 1616 1558 1558 1558 1558 1135 1135 1117 1117 1117 1117 1418 1418 1418 1418 1219 1219 538 538 538 538 623 623 1119 1119 1119 1119 1238 1238 1238 1238 1561 1561 1285 1285 1285 1285 1021 1021 1214
-9999 -9999 -9999 -9999 -9999 -9999 -9999 -9999 -9999 -9999 -9999 -9999 -9999 -9999 -9999 -9999 -9999 -9999 -9999 1340 1340 574 574 574 574 256 256 256 256 367 367 428 428 428 428 48 48 879 879 879 879 1347 1347 1347 1347 1616 1616 1558 1558 1558 1558 1135 1135 1117 1117 1117 1117 1418 1418 1418 1418 1219 1219 538 538 538 538 623 623 1119 1119 1119 1119 1238 1238 1238 1238 1561 1561 1285 1285 1285 1285 1021 1021 1214
