Examples/Forest/treantall_5m_sn1.asc
ncols         354
nrows         354
xllcorner     41458
yllcorner     6936572
cellsize      5
NODATA_value  -9999
[rows 228 to 265 of 354, columns 258 to 343 of 354]
1171 822 822 957 957 957 957 1286 1286 1338 1338 1338 1338 1287 1287 1287 1287 462 462 403 403 403 403 493 493 461 461 461 461 532 532 532 532 240 240 317 317 317 317 296 296 -9999 -9999 -9999 -9999 -9999 -9999 -9999 -9999 -9999 -9999 -9999 -9999 -9999 -9999 -9999 -9999 -9999 -9999 -9999 -9999 -9999 -9999 -9999 -9999 -9999 -9999 -9999 -9999 -9999 -9999 -9999 -9999 -9999 -9999 -9999 -9999 -9999 -9999 -9999 -9999 -9999 -9999 -9999 -9999 -9999
1171 822 822 957 957 957 957 1286 1286 1338 1338 1338 1338 1287 1287 1287 1287 462 462 403 403 403 403 493 493 461 461 461 461 532 532 532 532 240 240 317 317 317 317 296 296 -9999 -9999 -9999 -9999 -9999 -9999 -9999 -9999 -9999 -9999 -9999 -9999 -9999 -9999 -9999 -9999 -9999 -9999 -9999 -9999 -9999 -9999 -9999 -9999 -9999 -9999 -9999 -9999 -9999 -9999 -9999 -9999 -9999 -9999 -9999 -9999 -9999 -9999 -9999 -9999 -9999 -9999 -9999 -9999 -9999
1171 822 822 957 957 957 957 1286 1286 1338 1338 1338 1338 1287 1287 1287 1287 462 462 403 403 403 403 493 493 461 461 461 461 532 532 532 532 240 240 317 317 317 317 296 296 -9999 -9999 -9999 -9999 -9999 -9999 -9999 -9999 -9999 -9999 -9999 -9999 -9999 -9999 -9999 -9999 -9999 -9999 -9999 -9999 -9999 -9999 -9999 -9999 -9999 -9999 -9999 -9999 -9999 -9999 -9999 -9999 -9999 -9999 -9999 -9999 -9999 -9999 -9999 -9999 -9999 -9999 -9999 -9999 -9999
1000 804 804 1209 1209 1209 1209 1540 1540 1019 1019 1019 1019 826 826 826 826 840 840 681 681 681 681 681 681 468 468 468 468 336 336 336 336 132 132 241 241 241 241 -9999 -9999 -9999 -9999 -9999 -9999 -9999 -9999 -9999 -9999 -9999 -9999 -9999 -9999 -9999 -9999 -9999 -9999 -9999 -9999 -9999 -9999 -9999 -9999 -9999 -9999 -9999 -9999 -9999 -9999 -9999 -9999 -9999 -9999 -9999 -9999 -9999 -9999 -9999 -9999 -9999 -9999 -9999 -9999 -9999 -9999 -9999
1000 804 804 1209 1209 1209 1209 1540 1540 1019 1019 1019 1019 826 826 826 826 840 840 681 681 681 681 681 681 468 468 468 468 336 336 336 336 132 132 241 241 241 241 -9999 -9999 -9999 -9999 -9999 -9999 -9999 -9999 -9999 -9999 -9999 -9999 -9999 -9999 -9999 -9999 -9999 -9999 -9999 -9999 -9999 -9999 -9999 -9999 -9999 -9999 -9999 -9999 -9999 -9999 -9999 -9999 -9999 -9999 -9999 -9999 -9999 -9999 -9999 -9999 -9999 -9999 -9999 -9999 -9999 -9999 -9999
1000 804 804 1209 1209 1209 1209 1540 1540 1019 1019 1019 1019 826 826 826 826 840 840 681 681 681 681 681 681 468 468 468 468 336 336 336 336 132 132 241 241 241 241 -9999 -9999 -9999 -9999 -9999 -9999 -9999 -9999 -9999 -9999 -9999 -9999 -9999 -9999 -9999 -9999 -9999 -9999 -9999 -9999 -9999 -9999 -9999 -9999 -9999 -9999 -9999 -9999 -9999 -9999 -9999 -9999 -9999 -9999 -9999 -9999 -9999 -9999 -9999 -9999 -9999 -9999 -9999 -9999 -9999 -9999 -9999
1000 804 804 1209 1209 1209 1209 1540 1540 1019 1019 1019 1019 826 826 826 826 840 840 681 681 681 681 681 681 468 468 468 468 336 336 336 336 132 132 241 241 241 241 -9999 -9999 -9999 -9999 -9999 -9999 -9999 -9999 -9999 -9999 -9999 -9999 -9999 -9999 -9999 -9999 -9999 -9999 -9999 -9999 -9999 -9999 -9999 -9999 -9999 -9999 -9999 -9999 -9999 -9999 -9999 -9999 -9999 -9999 -9999 -9999 -9999 -9999 -9999 -9999 -9999 -9999 -9999 -9999 -9999 -9999 -9999
1173 772 772 937 937 937 937 1130 1130 1116 1116 1116 1116 888 888 888 888 720 720 871 871 871 871 677 677 187 187 187 187 163 163 163 163 428 428 225 225 225 225 178 178 -9999 -9999 -9999 -9999 -9999 -9999 -9999 -9999 -9999 -9999 -9999 -9999 -9999 -9999 -9999 -9999 -9999 -9999 -9999 -9999 -9999 -9999 -9999 -9999 -9999 -9999 -9999 -9999 -9999 -9999 -9999 -9999 -9999 -9999 -9999 -9999 -9999 -9999 -9999 -9999 -9999 -9999 -9999 -9999 -9999
1173 772 772 937 937 937 937 1130 1130 1116 1116 1116 1116 888 888 888 888 720 720 871 871 871 871 677 677 187 187 187 187 163 163 163 163 428 428 225 225 225 225 178 178 -9999 -9999 -9999 -9999 -9999 -9999 -9999 -9999 -9999 -9999 -9999 -9999 -9999 -9999 -9999 -9999 -9999 -9999 -9999 -9999 -9999 -9999 -9999 -9999 -9999 -9999 -9999 -9999 -9999 -9999 -9999 -9999 -9999 -9999 -9999 -9999 -9999 -9999 -9999 -9999 -9999 -9999 -9999 -9999 -9999
1155 1367 1367 648 648 648 648 1185 1185 1048 1048 1048 1048 842 842 842 842 919 919 1312 1312 1312 1312 376 376 404 404 404 404 244 244 244 244 224 224 229 229 229 229 121 121 -9999 -9999 -9999 -9999 -9999 -9999 -9999 -9999 -9999 -9999 -9999 -9999 -9999 -9999 -9999 -9999 -9999 -9999 -9999 -9999 -9999 -9999 -9999 -9999 -9999 -9999 -9999 -9999 -9999 -9999 -9999 -9999 -9999 -9999 -9999 -9999 -9999 -9999 -9999 -9999 -9999 -9999 -9999 -9999 -9999
1155 1367 1367 648 648 648 648 1185 1185 1048 1048 1048 1048 842 842 842 842 919 919 1312 1312 1312 1312 376 376 404 404 404 404 244 244 244 244 224 224 229 229 229 229 121 121 -9999 -9999 -9999 -9999 -9999 -9999 -9999 -9999 -9999 -9999 -9999 -9999 -9999 -9999 -9999 -9999 -9999 -9999 -9999 -9999 -9999 -9999 -9999 -9999 -9999 -9999 -9999 -9999 -9999 -9999 -9999 -9999 -9999 -9999 -9999 -9999 -9999 -9999 -9999 -9999 -9999 -9999 -9999 -9999 -9999
1155 1367 1367 648 648 648 648 1185 1185 1048 1048 1048 1048 842 842 842 842 919 919 1312 1312 1312 1312 376 376 404 404 404 404 244 244 244 244 224 224 229 229 229 229 121 121 -9999 -9999 -9999 -9999 -9999 -9999 -9999 -9999 -9999 -9999 -9999 -9999 -9999 -9999 -9999 -9999 -9999 -9999 -9999 -9999 -9999 -9999 -9999 -9999 -9999 -9999 -9999 -9999 -9999 -9999 -9999 -9999 -9999 -9999 -9999 -9999 -9999 -9999 -9999 -9999 -9999 -9999 -9999 -9999 -9999
1155 1367 1367 648 648 648 648 1185 1185 1048 1048 1048 1048 842 842 842 842 919 919 1312 1312 1312 1312 376 376 404 404 404 404 244 244 244 244 224 224 229 229 229 229 121 121 -9999 -9999 -9999 -9999 -9999 -9999 -9999 -9999 -9999 -9999 -9999 -9999 -9999 -9999 -9999 -9999 -9999 -9999 -9999 -9999 -9999 -9999 -9999 -9999 -9999 -9999 -9999 -9999 -9999 -9999 -9999 -9999 -9999 -9999 -9999 -9999 -9999 -9999 -9999 -9999 -9999 -9999 -9999 -9999 -9999
652 1085 1085 706 706 706 706 443 443 1320 1320 1320 1320 733 733 733 733 997 997 124 124 124 124 173 173 258 258 258 258 520 520 520 520 488 488 131 131 131 131 -9999 -9999 -9999 -9999 -9999 -9999 -9999 -9999 -9999 -9999 -9999 -9999 -9999 -9999 -9999 -9999 -9999 -9999 -9999 -9999 -9999 -9999 -9999 -9999 -9999 -9999 -9999 -9999 -9999 -9999 -9999 -9999 -9999 -9999 -9999 -9999 -9999 -9999 -9999 -9999 -9999 -9999 -9999 -9999 -9999 -9999 -9999
652 1085 1085 706 706 706 706 443 443 1320 1320 1320 1320 733 733 733 733 997 997 124 124 124 124 173 173 258 258 258 258 520 520 520 520 488 488 131 131 131 131 -9999 -9999 -9999 -9999 -9999 -9999 -9999 -9999 -9999 -9999 -9999 -9999 -9999 -9999 -9999 -9999 -9999 -9999 -9999 -9999 -9999 -9999 -9999 -9999 -9999 -9999 -9999 -9999 -9999 -9999 -9999 -9999 -9999 -9999 -9999 -9999 -9999 -9999 -9999 -9999 -9999 -9999 -9999 -9999 -9999 -9999 -9999
84 379 379 759 759 759 759 965 965 1099 1099 1099 1099 975 975 975 975 436 436 547 547 547 547 516 516 601 601 601 601 553 553 553 553 203 203 224 224 224 224 -9999 -9999 -9999 -9999 -9999 -9999 -9999 -9999 -9999 -9999 -9999 -9999 -9999 -9999 -9999 -9999 -9999 -9999 -9999 -9999 -9999 -9999 -9999 -9999 -9999 -9999 -9999 -9999 -9999 -9999 -9999 -9999 -9999 -9999 -9999 -9999 -9999 -9999 -9999 -9999 -9999 -9999 -9999 -9999 -9999 -9999 -9999
84 379 379 759 759 759 759 965 965 1099 1099 1099 1099 975 975 975 975 436 436 547 547 547 547 516 516 601 601 601 601 553 553 553 553 203 203 224 224 224 224 -9999 -9999 -9999 -9999 -9999 -9999 -9999 -9999 -9999 -9999 -9999 -9999 -9999 -9999 -9999 -9999 -9999 -9999 -9999 -9999 -9999 -9999 -9999 -9999 -9999 -9999 -9999 -9999 -9999 -9999 -9999 -9999 -9999 -9999 -9999 -9999 -9999 -9999 -9999 -9999 -9999 -9999 -9999 -9999 -9999 -9999 -9999
84 379 379 759 759 759 759 965 965 1099 1099 1099 1099 975 975 975 975 436 436 547 547 547 547 516 516 601 601 601 601 553 553 553 553 203 203 224 224 224 224 -9999 -9999 -9999 -9999 -9999 -9999 -9999 -9999 -9999 -9999 -9999 -9999 -9999 -9999 -9999 -9999 -9999 -9999 -9999 -9999 -9999 -9999 -9999 -9999 -9999 -9999 -9999 -9999 -9999 -9999 -9999 -9999 -9999 -9999 -9999 -9999 -9999 -9999 -9999 -9999 -9999 -9999 -9999 -9999 -9999 -9999 -9999
84 379 379 759 759 759 759 965 965 1099 1099 1099 1099 975 975 975 975 436 436 547 547 547 547 516 516 601 601 601 601 553 553 553 553 203 203 224 224 224 224 -9999 -9999 -9999 -9999 -9999 -9999 -9999 -9999 -9999 -9999 -9999 -9999 -9999 -9999 -9999 -9999 -9999 -9999 -9999 -9999 -9999 -9999 -9999 -9999 -9999 -9999 -9999 -9999 -9999 -9999 -9999 -9999 -9999 -9999 -9999 -9999 -9999 -9999 -9999 -9999 -9999 -9999 -9999 -9999 -9999 -9999 -9999
291 283 283 871 871 871 871 1233 1233 482 482 482 482 536 536 536 536 1376 1376 1664 1664 1664 1664 1244 1244 1022 1022 1022 1022 384 384 384 384 748 748 735 735 735 735 613 613 533 533 533 533 169 169 169 169 156 156 -9999 -9999 -9999 -9999 -9999 -9999 -9999 -9999 -9999 -9999 -9999 -9999 -9999 -9999 -9999 -9999 -9999 -9999 -9999 -9999 -9999 -9999 -9999 -9999 -9999 -9999 -9999 -9999 -9999 -9999 -9999 -9999 -9999 -9999 -9999
291 283 283 871 871 871 871 1233 1233 482 482 482 482 536 536 536 536 1376 1376 1664 1664 1664 1664 1244 1244 1022 1022 1022 1022 384 384 384 384 748 748 735 735 735 735 613 613 533 533 533 533 169 169 169 169 156 156 -9999 -9999 -9999 -9999 -9999 -9999 -9999 -9999 -9999 -9999 -9999 -9999 -9999 -9999 -9999 -9999 -9999 -9999 -9999 -9999 -9999 -9999 -9999 -9999 -9999 -9999 -9999 -9999 -9999 -9999 -9999 -9999 -9999 -9999 -9999
291 283 283 871 871 871 871 1233 1233 482 482 482 482 536 536 536 536 1376 1376 1664 1664 1664 1664 1244 1244 1022 1022 1022 1022 384 384 384 384 748 748 735 735 735 735 613 613 533 533 533 533 169 169 169 169 156 156 -9999 -9999 -9999 -9999 -9999 -9999 -9999 -9999 -9999 -9999 -9999 -9999 -9999 -9999 -9999 -9999 -9999 -9999 -9999 -9999 -9999 -9999 -9999 -9999 -9999 -9999 -9999 -9999 -9999 -9999 -9999 -9999 -9999 -9999 -9999
291 283 283 871 871 871 871 1233 1233 482 482 482 482 536 536 536 536 1376 1376 1664 1664 1664 1664 1244 1244 1022 1022 1022 1022 384 384 384 384 748 748 735 735 735 735 613 613 533 533 533 533 169 169 169 169 156 156 -9999 -9999 -9999 -9999 -9999 -9999 -9999 -9999 -9999 -9999 -9999 -9999 -9999 -9999 -9999 -9999 -9999 -9999 -9999 -9999 -9999 -9999 -9999 -9999 -9999 -9999 -9999 -9999 -9999 -9999 -9999 -9999 -9999 -9999 -9999
127 696 696 1187 1187 1187 1187 799 799 467 467 467 467 934 934 934 934 1130 1130 1150 1150 1150 1150 1642 1642 999 999 999 999 1068 1068 1068 1068 690 690 648 648 648 648 396 396 611 611 611 611 724 724 724 724 592 592 -9999 -9999 -9999 -9999 -9999 -9999 -9999 -9999 -9999 -9999 -9999 -9999 -9999 -9999 -9999 -9999 -9999 -9999 -9999 -9999 -9999 -9999 -9999 -9999 -9999 -9999 -9999 -9999 -9999 -9999 -9999 -9999 -9999 -9999 -9999
127 696 696 1187 1187 1187 1187 799 799 467 467 467 467 934 934 934 934 1130 1130 1150 1150 1150 1150 1642 1642 999 999 999 999 1068 1068 1068 1068 690 690 648 648 648 648 396 396 611 611 611 611 724 724 724 724 592 592 -9999 -9999 -9999 -9999 -9999 -9999 -9999 -9999 -9999 -9999 -9999 -9999 -9999 -9999 -9999 -9999 -9999 -9999 -9999 -9999 -9999 -9999 -9999 -9999 -9999 -9999 -9999 -9999 -9999 -9999 -9999 -9999 -9999 -9999 -9999
897 290 290 751 751 751 751 384 384 753 753 753 753 800 800 800 800 815 815 1315 1315 1315 1315 1145 1145 1571 1571 1571 1571 607 607 607 607 222 222 231 231 231 231 604 604 661 661 661 661 762 762 762 762 387 387 -9999 -9999 -9999 -9999 -9999 -9999 -9999 -9999 -9999 -9999 -9999 -9999 -9999 -9999 -9999 -9999 -9999 -9999 -9999 -9999 -9999 -9999 -9999 -9999 -9999 -9999 -9999 -9999 -9999 -9999 -9999 -9999 -9999 -9999 -9999
897 290 290 751 751 751 751 384 384 753 753 753 753 800 800 800 800 815 815 1315 1315 1315 1315 1145 1145 1571 1571 1571 1571 607 607 607 607 222 222 231 231 231 231 604 604 661 661 661 661 762 762 762 762 387 387 -9999 -9999 -9999 -9999 -9999 -9999 -9999 -9999 -9999 -9999 -9999 -9999 -9999 -9999 -9999 -9999 -9999 -9999 -9999 -9999 -9999 -9999 -9999 -9999 -9999 -9999 -9999 -9999 -9999 -9999 -9999 -9999 -9999 -9999 -9999
897 290 290 751 751 751 751 384 384 753 753 753 753 800 800 800 800 815 815 1315 1315 1315 1315 1145 1145 1571 1571 1571 1571 607 607 607 607 222 222 231 231 231 231 604 604 661 661 661 661 762 762 762 762 387 387 -9999 -9999 -9999 -9999 -9999 -9999 -9999 -9999 -9999 -9999 -9999 -9999 -9999 -9999 -9999 -9999 -9999 -9999 -9999 -9999 -9999 -9999 -9999 -9999 -9999 -9999 -9999 -9999 -9999 -9999 -9999 -9999 -9999 -9999 -9999
897 290 290 751 751 751 751 384 384 753 753 753 753 800 800 800 800 815 815 1315 1315 1315 1315 1145 1145 1571 1571 1571 1571 607 607 607 607 222 222 231 231 231 231 604 604 661 661 661 661 762 762 762 762 387 387 -9999 -9999 -9999 -9999 -9999 -9999 -9999 -9999 -9999 -9999 -9999 -9999 -9999 -9999 -9999 -9999 -9999 -9999 -9999 -9999 -9999 -9999 -9999 -9999 -9999 -9999 -9999 -9999 -9999 -9999 -9999 -9999 -9999 -9999 -9999
1157 765 765 207 207 207 207 494 494 941 941 941 941 840 840 840 840 1119 1119 1388 1388 1388 1388 1277 1277 1206 1206 1206 1206 1204 1204 1204 1204 222 222 191 191 191 191 509 509 491 491 491 491 553 553 553 553 275 275 219 219 219 219 -9999 -9999 -9999 -9999 -9999 -9999 -9999 -9999 -9999 -9999 -9999 -9999 -9999 -9999 -9999 -9999 -9999 -9999 -9999 -9999 -9999 -9999 -9999 -9999 -9999 -9999 -9999 -9999 -9999 -9999 -9999
1157 765 765 207 207 207 207 494 494 941 941 941 941 840 840 840 840 1119 1119 1388 1388 1388 1388 1277 1277 1206 1206 1206 1206 1204 1204 1204 1204 222 222 191 191 191 191 509 509 491 491 491 491 553 553 553 553 275 275 219 219 219 219 -9999 -9999 -9999 -9999 -9999 -9999 -9999 -9999 -9999 -9999 -9999 -9999 -9999 -9999 -9999 -9999 -9999 -9999 -9999 -9999 -9999 -9999 -9999 -9999 -9999 -9999 -9999 -9999 -9999 -9999 -9999
669 571 571 227 227 227 227 271 271 779 779 779 779 1138 1138 1138 1138 1101 1101 1158 1158 1158 1158 634 634 946 946 946 946 1278 1278 1278 1278 893 893 547 547 547 547 551 551 723 723 723 723 834 834 834 834 1033 1033 567 567 567 567 -9999 -9999 -9999 -9999 -9999 -9999 -9999 -9999 -9999 -9999 -9999 -9999 -9999 -9999 -9999 -9999 -9999 -9999 -9999 -9999 -9999 -9999 -9999 -9999 -9999 -9999 -9999 -9999 -9999 -9999 -9999
669 571 571 227 227 227 227 271 271 779 779 779 779 1138 1138 1138 1138 1101 1101 1158 1158 1158 1158 634 634 946 946 946 946 1278 1278 1278 1278 893 893 547 547 547 547 551 551 723 723 723 723 834 834 834 834 1033 1033 567 567 567 567 -9999 -9999 -9999 -9999 -9999 -9999 -9999 -9999 -9999 -9999 -9999 -9999 -9999 -9999 -9999 -9999 -9999 -9999 -9999 -9999 -9999 -9999 -9999 -9999 -9999 -9999 -9999 -9999 -9999 -9999 -9999
669 571 571 227 227 227 227 271 271 779 779 779 779 1138 1138 1138 1138 1101 1101 1158 1158 1158 1158 634 634 946 946 946 946 1278 1278 1278 1278 893 893 547 547 547 547 551 551 723 723 723 723 834 834 834 834 1033 1033 567 567 567 567 -9999 -9999 -9999 -9999 -9999 -9999 -9999 -9999 -9999 -9999 -9999 -9999 -9999 -9999 -9999 -9999 -9999 -9999 -9999 -9999 -9999 -9999 -9999 -9999 -9999 -9999 -9999 -9999 -9999 -9999 -9999
669 571 571 227 227 227 227 271 271 779 779 779 779 1138 1138 1138 1138 1101 1101 1158 1158 1158 1158 634 634 946 946 946 946 1278 1278 1278 1278 893 893 547 547 547 547 551 551 723 723 723 723 834 834 834 834 1033 1033 567 567 567 567 -9999 -9999 -9999 -9999 -9999 -9999 -9999 -9999 -9999 -9999 -9999 -9999 -9999 -9999 -9999 -9999 -9999 -9999 -9999 -9999 -9999 -9999 -9999 -9999 -9999 -9999 -9999 -9999 -9999 -9999 -9999
669 563 563 78 78 78 78 573 573 1334 1334 1334 1334 1302 1302 1302 1302 1156 1156 1246 1246 1246 1246 955 955 894 894 894 894 655 655 655 655 803 803 735 735 735 735 694 694 820 820 820 820 997 997 997 997 556 556 746 746 746 746 614 614 -9999 -9999 -9999 -9999 -9999 -9999 -9999 -9999 -9999 -9999 -9999 -9999 -9999 -9999 -9999 -9999 -9999 -9999 -9999 -9999 -9999 -9999 -9999 -9999 -9999 -9999 -9999 -9999 -9999
669 563 563 78 78 78 78 573 573 1334 1334 1334 1334 1302 1302 1302 1302 1156 1156 1246 1246 1246 1246 955 955 894 894 894 894 655 655 655 655 803 803 735 735 735 735 694 694 820 820 820 820 997 997 997 997 556 556 746 746 746 746 614 614 -9999 -9999 -9999 -9999 -9999 -9999 -9999 -9999 -9999 -9999 -9999 -9999 -9999 -9999 -9999 -9999 -9999 -9999 -9999 -9999 -9999 -9999 -9999 -9999 -9999 -9999 -9999 -9999 -9999
669 563 563 78 78 78 78 573 573 1334 1334 1334 1334 1302 1302 1302 1302 1156 1156 1246 1246 1246 1246 955 955 894 894 894 894 655 655 655 655 803 803 735 735 735 735 694 694 820 820 820 820 997 997 997 997 556 556 746 746 746 746 614 614 -9999 -9999 -9999 -9999 -9999 -9999 -9999 -9999 -9999 -9999 -9999 -9999 -9999 -9999 -9999 -9999 -9999 -9999 -9999 -9999 -9999 -9999 -9999 -9999 -9999 -9999 -9999 -9999 -9999
