Examples/Forest/treantall_5m_sn1.asc
ncols         354
nrows         354
xllcorner     41458
yllcorner     6936572
cellsize      5
NODATA_value  -9999
[rows 76 to 113 of 354, columns 0 to 85 of 354]
1053 1053 1053 1049 1049 1140 1140 1140 1140 1197 1197 1099 1099 1099 1099 1136 1136 1136 1136 1001 1001 1001 1001 1001 1001 811 811 1056 1056 1056 1056 1530 1530 1530 1530 766 766 870 870 870 870 1427 1427 1389 1389 1389 1389 1119 1119 1119 1119 1191 1191 1243 1243 1243 1243 1503 1503 1015 1015 1015 1015 1105 1105 1105 1105 556 556 902 902 902 902 332 332 1588 1588 1588 1588 664 664 664 664 163 163 492
1187 1187 1187 965 965 1110 1110 1110 1110 1128 1128 1301 1301 1301 1301 1201 1201 1201 1201 784 784 808 808 808 808 1440 1440 1335 1335 1335 1335 513 513 513 513 1348 1348 1434 1434 1434 1434 1439 1439 1790 1790 1790 1790 966 966 966 966 1834 1834 1642 1642 1642 1642 1750 1750 1714 1714 1714 1714 1077 1077 1077 1077 1077 1077 905 905 905 905 274 274 596 596 596 596 1 1 1 1 525 525 842
1187 1187 1187 965 965 1110 1110 1110 1110 1128 1128 1301 1301 1301 1301 1201 1201 1201 1201 784 784 808 808 808 808 1440 1440 1335 1335 1335 1335 513 513 513 513 1348 1348 1434 1434 1434 1434 1439 1439 1790 1790 1790 1790 966 966 966 966 1834 1834 1642 1642 1642 1642 1750 1750 1714 1714 1714 1714 1077 1077 1077 1077 1077 1077 905 905 905 905 274 274 596 596 596 596 1 1 1 1 525 525 842
1187 1187 1187 965 965 1110 1110 1110 1110 1128 1128 1301 1301 1301 1301 1201 1201 1201 1201 784 784 808 808 808 808 1440 1440 1335 1335 1335 1335 513 513 513 513 1348 1348 1434 1434 1434 1434 1439 1439 1790 1790 1790 1790 966 966 966 966 1834 1834 1642 1642 1642 1642 1750 1750 1714 1714 1714 1714 1077 1077 1077 1077 1077 1077 905 905 905 905 274 274 596 596 596 596 1 1 1 1 525 525 842
1187 1187 1187 965 965 1110 1110 1110 1110 1128 1128 1301 1301 1301 1301 1201 1201 1201 1201 784 784 808 808 808 808 1440 1440 1335 1335 1335 1335 513 513 513 513 1348 1348 1434 1434 1434 1434 1439 1439 1790 1790 1790 1790 966 966 966 966 1834 1834 1642 1642 1642 1642 1750 1750 1714 1714 1714 1714 1077 1077 1077 1077 1077 1077 905 905 905 905 274 274 596 596 596 596 1 1 1 1 525 525 842
1055 1055 1055 1217 1217 1304 1304 1304 1304 1518 1518 1218 1218 1218 1218 1058 1058 1058 1058 947 947 1530 1530 1530 1530 1366 1366 575 575 575 575 773 773 773 773 1375 1375 1385 1385 1385 1385 1375 1375 1565 1565 1565 1565 1781 1781 1781 1781 1517 1517 1743 1743 1743 1743 1873 1873 1790 1790 1790 1790 1301 1301 1301 1301 1182 1182 1028 1028 1028 1028 99 99 628 628 628 628 461 461 461 461 815 815 711
1055 1055 1055 1217 1217 1304 1304 1304 1304 1518 1518 1218 1218 1218 1218 1058 1058 1058 1058 947 947 1530 1530 1530 1530 1366 1366 575 575 575 575 773 773 773 773 1375 1375 1385 1385 1385 1385 1375 1375 1565 1565 1565 1565 1781 1781 1781 1781 1517 1517 1743 1743 1743 1743 1873 1873 1790 1790 1790 1790 1301 1301 1301 1301 1182 1182 1028 1028 1028 1028 99 99 628 628 628 628 461 461 461 461 815 815 711
1476 1476 1476 1421 1421 1168 1168 1168 1168 1129 1129 968 968 968 968 1083 1083 1083 1083 1254 1254 924 924 924 924 307 307 582 582 582 582 1337 1337 1337 1337 1376 1376 901 901 901 901 1701 1701 1341 1341 1341 1341 1848 1848 1848 1848 1681 1681 1671 1671 1671 1671 1796 1796 1819 1819 1819 1819 927 927 927 927 735 735 226 226 226 226 185 185 1173 1173 1173 1173 431 431 431 431 755 755 467
1476 1476 1476 1421 1421 1168 1168 1168 1168 1129 1129 968 968 968 968 1083 1083 1083 1083 1254 1254 924 924 924 924 307 307 582 582 582 582 1337 1337 1337 1337 1376 1376 901 901 901 901 1701 1701 1341 1341 1341 1341 1848 1848 1848 1848 1681 1681 1671 1671 1671 1671 1796 1796 1819 1819 1819 1819 927 927 927 927 735 735 226 226 226 226 185 185 1173 1173 1173 1173 431 431 431 431 755 755 467
1476 1476 1476 1421 1421 1168 1168 1168 1168 1129 1129 968 968 968 968 1083 1083 1083 1083 1254 1254 924 924 924 924 307 307 582 582 582 582 1337 1337 1337 1337 1376 1376 901 901 901 901 1701 1701 1341 1341 1341 1341 1848 1848 1848 1848 1681 1681 1671 1671 1671 1671 1796 1796 1819 1819 1819 1819 927 927 927 927 735 735 226 226 226 226 185 185 1173 1173 1173 1173 431 431 431 431 755 755 467
1476 1476 1476 1421 1421 1168 1168 1168 1168 1129 1129 968 968 968 968 1083 1083 1083 1083 1254 1254 924 924 924 924 307 307 582 582 582 582 1337 1337 1337 1337 1376 1376 901 901 901 901 1701 1701 1341 1341 1341 1341 1848 1848 1848 1848 1681 1681 1671 1671 1671 1671 1796 1796 1819 1819 1819 1819 927 927 927 927 735 735 226 226 226 226 185 185 1173 1173 1173 1173 431 431 431 431 755 755 467
1391 1391 1391 1204 1204 1124 1124 1124 1124 1043 1043 588 588 588 588 785 785 785 785 1206 1206 184 184 184 184 802 802 896 896 896 896 1330 1330 1330 1330 1219 1219 1447 1447 1447 1447 1311 1311 1758 1758 1758 1758 1501 1501 1501 1501 1824 1824 1754 1754 1754 1754 1490 1490 1394 1394 1394 1394 1185 1185 1185 1185 1116 1116 150 150 150 150 1054 1054 1476 1476 1476 1476 1416 1416 1416 1416 673 673 952
1391 1391 1391 1204 1204 1124 1124 1124 1124 1043 1043 588 588 588 588 785 785 785 785 1206 1206 184 184 184 184 802 802 896 896 896 896 1330 1330 1330 1330 1219 1219 1447 1447 1447 1447 1311 1311 1758 1758 1758 1758 1501 1501 1501 1501 1824 1824 1754 1754 1754 1754 1490 1490 1394 1394 1394 1394 1185 1185 1185 1185 1116 1116 150 150 150 150 1054 1054 1476 1476 1476 1476 1416 1416 1416 1416 673 673 952
1391 1391 1391 1204 1204 1124 1124 1124 1124 1043 1043 588 588 588 588 785 785 785 785 1206 1206 184 184 184 184 802 802 896 896 896 896 1330 1330 1330 1330 1219 1219 1447 1447 1447 1447 1311 1311 1758 1758 1758 1758 1501 1501 1501 1501 1824 1824 1754 1754 1754 1754 1490 1490 1394 1394 1394 1394 1185 1185 1185 1185 1116 1116 150 150 150 150 1054 1054 1476 1476 1476 1476 1416 1416 1416 1416 673 673 952
1391 1391 1391 1204 1204 1124 1124 1124 1124 1043 1043 588 588 588 588 785 785 785 785 1206 1206 184 184 184 184 802 802 896 896 896 896 1330 1330 1330 1330 1219 1219 1447 1447 1447 1447 1311 1311 1758 1758 1758 1758 1501 1501 1501 1501 1824 1824 1754 1754 1754 1754 1490 1490 1394 1394 1394 1394 1185 1185 1185 1185 1116 1116 150 150 150 150 1054 1054 1476 1476 1476 1476 1416 1416 1416 1416 673 673 952
1178 1178 1178 1370 1370 1064 1064 1064 1064 1068 1068 797 797 797 797 1516 1516 1516 1516 781 781 287 287 287 287 1388 1388 1329 1329 1329 1329 1075 1075 1075 1075 1814 1814 1309 1309 1309 1309 1655 1655 1747 1747 1747 1747 1786 1786 1786 1786 1717 1717 1565 1565 1565 1565 1411 1411 1272 1272 1272 1272 1537 1537 1537 1537 423 423 191 191 191 191 1495 1495 1493 1493 1493 1493 1218 1218 1218 1218 418 418 734
1178 1178 1178 1370 1370 1064 1064 1064 1064 1068 1068 797 797 797 797 1516 1516 1516 1516 781 781 287 287 287 287 1388 1388 1329 1329 1329 1329 1075 1075 1075 1075 1814 1814 1309 1309 1309 1309 1655 1655 1747 1747 1747 1747 1786 1786 1786 1786 1717 1717 1565 1565 1565 1565 1411 1411 1272 1272 1272 1272 1537 1537 1537 1537 423 423 191 191 191 191 1495 1495 1493 1493 1493 1493 1218 1218 1218 1218 418 418 734
1282 1282 1282 879 879 1077 1077 1077 1077 1100 1100 998 998 998 998 1255 1255 1255 1255 264 264 988 988 988 988 1126 1126 1344 1344 1344 1344 980 980 980 980 1542 1542 1783 1783 1783 1783 1638 1638 1758 1758 1758 1758 1705 1705 1705 1705 1730 1730 1570 1570 1570 1570 1115 1115 1272 1272 1272 1272 305 305 305 305 0 0 797 797 797 797 1558 1558 997 997 997 997 631 631 631 631 499 499 1038
1282 1282 1282 879 879 1077 1077 1077 1077 1100 1100 998 998 998 998 1255 1255 1255 1255 264 264 988 988 988 988 1126 1126 1344 1344 1344 1344 980 980 980 980 1542 1542 1783 1783 1783 1783 1638 1638 1758 1758 1758 1758 1705 1705 1705 1705 1730 1730 1570 1570 1570 1570 1115 1115 1272 1272 1272 1272 305 305 305 305 0 0 797 797 797 797 1558 1558 997 997 997 997 631 631 631 631 499 499 1038
1282 1282 1282 879 879 1077 1077 1077 1077 1100 1100 998 998 998 998 1255 1255 1255 1255 264 264 988 988 988 988 1126 1126 1344 1344 1344 1344 980 980 980 980 1542 1542 1783 1783 1783 1783 1638 1638 1758 1758 1758 1758 1705 1705 1705 1705 1730 1730 1570 1570 1570 1570 1115 1115 1272 1272 1272 1272 305 305 305 305 0 0 797 797 797 797 1558 1558 997 997 997 997 631 631 631 631 499 499 1038
1282 1282 1282 879 879 1077 1077 1077 1077 1100 1100 998 998 998 998 1255 1255 1255 1255 264 264 988 988 988 988 1126 1126 1344 1344 1344 1344 980 980 980 980 1542 1542 1783 1783 1783 1783 1638 1638 1758 1758 1758 1758 1705 1705 1705 1705 1730 1730 1570 1570 1570 1570 1115 1115 1272 1272 1272 1272 305 305 305 305 0 0 797 797 797 797 1558 1558 997 997 997 997 631 631 631 631 499 499 1038
1392 1392 1392 965 965 702 702 702 702 858 858 435 435 435 435 417 417 417 417 760 760 1111 1111 1111 1111 1552 1552 967 967 967 967 1533 1533 1533 1533 1798 1798 1644 1644 1644 1644 1795 1795 1845 1845 1845 1845 1873 1873 1873 1873 1744 1744 1187 1187 1187 1187 1182 1182 362 362 362 362 14 14 14 14 466 466 876 876 876 876 119 119 470 470 470 470 512 512 512 512 419 419 744
1392 1392 1392 965 965 702 702 702 702 858 858 435 435 435 435 417 417 417 417 760 760 1111 1111 1111 1111 1552 1552 967 967 967 967 1533 1533 1533 1533 1798 1798 1644 1644 1644 1644 1795 1795 1845 1845 1845 1845 1873 1873 1873 1873 1744 1744 1187 1187 1187 1187 1182 1182 362 362 362 362 14 14 14 14 466 466 876 876 876 876 119 119 470 470 470 470 512 512 512 512 419 419 744
1554 1554 1554 1397 1397 892 892 892 892 434 434 263 263 263 263 677 677 677 677 854 854 1096 1096 1096 1096 1194 1194 1003 1003 1003 1003 1441 1441 1441 1441 1851 1851 1616 1616 1616 1616 1516 1516 1698 1698 1698 1698 1749 1749 1749 1749 1743 1743 1418 1418 1418 1418 966 966 0 0 0 0 311 311 311 311 1456 1456 1392 1392 1392 1392 1366 1366 1041 1041 1041 1041 266 266 266 266 282 282 370
1554 1554 1554 1397 1397 892 892 892 892 434 434 263 263 263 263 677 677 677 677 854 854 1096 1096 1096 1096 1194 1194 1003 1003 1003 1003 1441 1441 1441 1441 1851 1851 1616 1616 1616 1616 1516 1516 1698 1698 1698 1698 1749 1749 1749 1749 1743 1743 1418 1418 1418 1418 966 966 0 0 0 0 311 311 311 311 1456 1456 1392 1392 1392 1392 1366 1366 1041 1041 1041 1041 266 266 266 266 282 282 370
1554 1554 1554 1397 1397 892 892 892 892 434 434 263 263 263 263 677 677 677 677 854 854 1096 1096 1096 1096 1194 1194 1003 1003 1003 1003 1441 1441 1441 1441 1851 1851 1616 1616 1616 1616 1516 1516 1698 1698 1698 1698 1749 1749 1749 1749 1743 1743 1418 1418 1418 1418 966 966 0 0 0 0 311 311 311 311 1456 1456 1392 1392 1392 1392 1366 1366 1041 1041 1041 1041 266 266 266 266 282 282 370
1554 1554 1554 1397 1397 892 892 892 892 434 434 263 263 263 263 677 677 677 677 854 854 1096 1096 1096 1096 1194 1194 1003 1003 1003 1003 1441 1441 1441 1441 1851 1851 1616 1616 1616 1616 1516 1516 1698 1698 1698 1698 1749 1749 1749 1749 1743 1743 1418 1418 1418 1418 966 966 0 0 0 0 311 311 311 311 1456 1456 1392 1392 1392 1392 1366 1366 1041 1041 1041 1041 266 266 266 266 282 282 370
568 568 568 1135 1135 1345 1345 1345 1345 119 119 1219 1219 1219 1219 1371 1371 1371 1371 1133 1133 981 981 981 981 1194 1194 1902 1902 1902 1902 1766 1766 1766 1766 1895 1895 1794 1794 1794 1794 1709 1709 1705 1705 1705 1705 1604 1604 1604 1604 1551 1551 1278 1278 1278 1278 128 128 107 107 107 107 1667 1667 1667 1667 1811 1811 1793 1793 1793 1793 1773 1773 1413 1413 1413 1413 994 994 994 994 329 329 704
568 568 568 1135 1135 1345 1345 1345 1345 119 119 1219 1219 1219 1219 1371 1371 1371 1371 1133 1133 981 981 981 981 1194 1194 1902 1902 1902 1902 1766 1766 1766 1766 1895 1895 1794 1794 1794 1794 1709 1709 1705 1705 1705 1705 1604 1604 1604 1604 1551 1551 1278 1278 1278 1278 128 128 107 107 107 107 1667 1667 1667 1667 1811 1811 1793 1793 1793 1793 1773 1773 1413 1413 1413 1413 994 994 994 994 329 329 704
568 568 568 1135 1135 1345 1345 1345 1345 119 119 1219 1219 1219 1219 1371 1371 1371 1371 1133 1133 981 981 981 981 1194 1194 1902 1902 1902 1902 1766 1766 1766 1766 1895 1895 1794 1794 1794 1794 1709 1709 1705 1705 1705 1705 1604 1604 1604 1604 1551 1551 1278 1278 1278 1278 128 128 107 107 107 107 1667 1667 1667 1667 1811 1811 1793 1793 1793 1793 1773 1773 1413 1413 1413 1413 994 994 994 994 329 329 704
568 568 568 1135 1135 1345 1345 1345 1345 119 119 1219 1219 1219 1219 1371 1371 1371 1371 1133 1133 981 981 981 981 1194 1194 1902 1902 1902 1902 1766 1766 1766 1766 1895 1895 1794 1794 1794 1794 1709 1709 1705 1705 1705 1705 1604 1604 1604 1604 1551 1551 1278 1278 1278 1278 128 128 107 107 107 107 1667 1667 1667 1667 1811 1811 1793 1793 1793 1793 1773 1773 1413 1413 1413 1413 994 994 994 994 329 329 704
572 572 572 1085 1085 376 376 376 376 282 282 1319 1319 1319 1319 1460 1460 1460 1460 673 673 443 443 443 443 1300 1300 1450 1450 1450 1450 1791 1791 1791 1791 1692 1692 1658 1658 1658 1658 1654 1654 1436 1436 1436 1436 1602 1602 1602 1602 1488 1488 287 287 287 287 128 128 384 384 384 384 1599 1599 1599 1599 1854 1854 1759 1759 1759 1759 1837 1837 1934 1934 1934 1934 1880 1880 1880 1880 863 863 718
572 572 572 1085 1085 376 376 376 376 282 282 1319 1319 1319 1319 1460 1460 1460 1460 673 673 443 443 443 443 1300 1300 1450 1450 1450 1450 1791 1791 1791 1791 1692 1692 1658 1658 1658 1658 1654 1654 1436 1436 1436 1436 1602 1602 1602 1602 1488 1488 287 287 287 287 128 128 384 384 384 384 1599 1599 1599 1599 1854 1854 1759 1759 1759 1759 1837 1837 1934 1934 1934 1934 1880 1880 1880 1880 863 863 718
468 468 468 227 227 1068 1068 1068 1068 1183 1183 1421 1421 1421 1421 1081 1081 1081 1081 813 813 657 657 657 657 1132 1132 471 471 471 471 471 471 471 471 921 921 1736 1736 1736 1736 1614 1614 1456 1456 1456 1456 1375 1375 1375 1375 255 255 738 738 738 738 1785 1785 1365 1365 1365 1365 1777 1777 1777 1777 1669 1669 1497 1497 1497 1497 1821 1821 1806 1806 1806 1806 1903 1903 1903 1903 1735 1735 1418
468 468 468 227 227 1068 1068 1068 1068 1183 1183 1421 1421 1421 1421 1081 1081 1081 1081 813 813 657 657 657 657 1132 1132 471 471 471 471 471 471 471 471 921 921 1736 1736 1736 1736 1614 1614 1456 1456 1456 1456 1375 1375 1375 1375 255 255 738 738 738 738 1785 1785 1365 1365 1365 1365 1777 1777 1777 1777 1669 1669 1497 1497 1497 1497 1821 1821 1806 1806 1806 1806 1903 1903 1903 1903 1735 1735 1418
468 468 468 227 227 1068 1068 1068 1068 1183 1183 1421 1421 1421 1421 1081 1081 1081 1081 813 813 657 657 657 657 1132 1132 471 471 471 471 471 471 471 471 921 921 1736 1736 1736 1736 1614 1614 1456 1456 1456 1456 1375 1375 1375 1375 255 255 738 738 738 738 1785 1785 1365 1365 1365 1365 1777 1777 1777 1777 1669 1669 1497 1497 1497 1497 1821 1821 1806 1806 1806 1806 1903 1903 1903 1903 1735 1735 1418
468 468 468 227 227 1068 1068 1068 1068 1183 1183 1421 1421 1421 1421 1081 1081 1081 1081 813 813 657 657 657 657 1132 1132 471 471 471 471 471 471 471 471 921 921 1736 1736 1736 1736 1614 1614 1456 1456 1456 1456 1375 1375 1375 1375 255 255 738 738 738 738 1785 1785 1365 1365 1365 1365 1777 1777 1777 1777 1669 1669 1497 1497 1497 1497 1821 1821 1806 1806 1806 1806 1903 1903 1903 1903 1735 1735 1418
435 435 435 1596 1596 1469 1469 1469 1469 1406 1406 914 914 914 914 1032 1032 1032 1032 220 220 28 28 28 28 1066 1066 271 271 271 271 238 238 238 238 1288 1288 1517 1517 1517 1517 1217 1217 139 139 139 139 645 645 645 645 1394 1394 1790 1790 1790 1790 1904 1904 1803 1803 1803 1803 1701 1701 1701 1701 1601 1601 1759 1759 1759 1759 1562 1562 1562 1562 1562 1562 1743 1743 1743 1743 1861 1861 1996
