Examples/2023_ISeeSnow/data/CoulombOnly/Results/curv77s/s/1HS_03_curv77s_MoT-Voellmy_s_0046.asc
ncols        193
nrows        25
xllcorner    2637.5
yllcorner    -4312.5
cellsize     5.00
NODATA_value -9999
[rows 0 to 24 of 25, columns 72 to 143 of 193]
0.000 0.001 0.003 0.007 0.015 0.031 0.057 0.100 0.167 0.264 0.401 0.588 0.835 1.152 1.550 2.038 2.626 3.322 4.130 5.055 6.099 7.260 8.535 9.918 11.394 12.922 14.477 16.082 17.744 19.457 21.220 23.029 24.875 26.748 28.635 30.522 32.394 34.233 36.022 37.744 39.381 40.915 42.327 43.599 44.710 45.641 46.369 46.871 47.123 47.099 46.772 46.118 45.113 43.741 41.997 39.890 37.445 34.708 31.742 28.625 25.437 22.257 19.156 16.190 13.401 10.821 8.468 6.353 4.481 2.846 1.434 0.438
4.509 6.059 7.952 10.212 12.851 15.868 19.250 22.976 27.029 31.293 35.674 40.115 44.571 49.002 53.375 57.669 61.867 65.961 69.945 73.819 77.587 81.254 84.825 88.310 90.196 91.305 91.729 91.969 92.157 92.261 92.278 92.229 92.127 91.978 91.786 91.553 91.283 90.980 90.648 90.289 89.907 89.507 89.090 88.659 88.216 87.762 87.299 86.827 86.347 85.860 85.366 84.864 84.356 83.841 83.320 82.793 82.261 81.722 81.178 80.628 80.072 79.512 78.947 78.379 77.809 77.236 76.656 76.061 75.486 74.987 74.669 57.262
54.016 57.205 60.183 62.972 65.595 68.080 70.451 72.885 76.847 81.733 85.104 87.717 89.789 91.429 92.733 93.782 94.640 95.352 95.951 96.460 96.899 97.280 97.613 97.908 98.086 97.778 97.381 96.971 96.548 96.115 95.673 95.224 94.768 94.306 93.839 93.368 92.892 92.412 91.928 91.441 90.950 90.457 89.960 89.461 88.959 88.455 87.948 87.438 86.927 86.413 85.897 85.378 84.857 84.334 83.809 83.281 82.752 82.221 81.688 81.154 80.619 80.083 79.546 79.009 78.471 77.933 77.395 76.858 76.321 75.886 75.669 75.460
83.580 86.832 89.247 91.079 92.494 93.606 94.493 95.209 95.797 96.284 96.694 97.043 97.344 97.606 97.838 98.045 98.232 98.403 98.561 98.707 98.845 98.975 99.099 99.216 99.235 98.792 98.286 97.783 97.281 96.780 96.279 95.778 95.278 94.777 94.276 93.774 93.272 92.768 92.263 91.757 91.250 90.741 90.230 89.717 89.203 88.686 88.167 87.646 87.123 86.598 86.072 85.543 85.012 84.480 83.946 83.410 82.873 82.335 81.796 81.255 80.714 80.173 79.630 79.087 78.544 78.001 77.458 76.915 76.374 75.939 75.728 75.523
96.071 96.455 96.776 97.050 97.286 97.492 97.674 97.838 97.987 98.124 98.251 98.370 98.484 98.592 98.697 98.798 98.897 98.994 99.089 99.183 99.276 99.368 99.460 99.547 99.525 99.049 98.530 98.018 97.508 97.000 96.494 95.988 95.483 94.978 94.473 93.968 93.462 92.955 92.447 91.938 91.427 90.915 90.401 89.885 89.367 88.847 88.325 87.801 87.274 86.746 86.215 85.682 85.147 84.610 84.071 83.529 82.986 82.440 81.893 81.343 80.792 80.240 79.685 79.130 78.573 78.015 77.456 76.897 76.341 75.898 75.680 75.461
97.583 97.704 97.818 97.926 98.028 98.127 98.222 98.315 98.406 98.495 98.583 98.670 98.757 98.844 98.930 99.017 99.104 99.191 99.279 99.367 99.455 99.544 99.633 99.714 99.671 99.178 98.662 98.155 97.650 97.146 96.643 96.141 95.638 95.135 94.631 94.127 93.622 93.115 92.608 92.099 91.588 91.075 90.561 90.045 89.526 89.006 88.483 87.959 87.432 86.902 86.370 85.836 85.299 84.759 84.217 83.672 83.124 82.573 82.019 81.463 80.904 80.343 79.778 79.212 78.643 78.072 77.498 76.923 76.354 75.903 75.678 75.444
97.857 97.945 98.032 98.119 98.206 98.292 98.379 98.466 98.552 98.640 98.727 98.815 98.904 98.993 99.082 99.172 99.263 99.354 99.446 99.538 99.631 99.724 99.818 99.901 99.843 99.338 98.825 98.323 97.822 97.321 96.820 96.320 95.819 95.317 94.815 94.313 93.809 93.303 92.797 92.288 91.779 91.267 90.753 90.238 89.720 89.200 88.678 88.154 87.627 87.098 86.566 86.030 85.492 84.951 84.406 83.858 83.306 82.751 82.192 81.630 81.064 80.495 79.923 79.347 78.769 78.187 77.603 77.017 76.438 75.984 75.754 75.510
98.008 98.095 98.183 98.272 98.363 98.454 98.546 98.638 98.732 98.826 98.921 99.016 99.112 99.209 99.306 99.403 99.501 99.599 99.697 99.796 99.895 99.994 100.093 100.179 100.117 99.607 99.098 98.601 98.105 97.609 97.112 96.615 96.116 95.616 95.115 94.612 94.107 93.600 93.092 92.581 92.068 91.554 91.037 90.519 89.998 89.476 88.951 88.424 87.894 87.362 86.827 86.288 85.746 85.201 84.651 84.098 83.541 82.979 82.414 81.845 81.272 80.695 80.115 79.533 78.947 78.360 77.770 77.178 76.595 76.144 75.920 75.675
98.274 98.366 98.459 98.553 98.649 98.745 98.841 98.938 99.036 99.134 99.233 99.332 99.432 99.531 99.631 99.731 99.831 99.931 100.032 100.132 100.232 100.332 100.432 100.511 100.395 99.833 99.321 98.829 98.337 97.845 97.354 96.862 96.370 95.877 95.383 94.888 94.391 93.892 93.390 92.887 92.381 91.871 91.359 90.844 90.325 89.803 89.277 88.748 88.215 87.678 87.137 86.592 86.044 85.491 84.935 84.376 83.813 83.247 82.678 82.106 81.532 80.956 80.378 79.799 79.219 78.637 78.054 77.470 76.899 76.466 76.250 76.001
98.912 99.005 99.098 99.192 99.287 99.383 99.479 99.576 99.673 99.770 99.868 99.966 100.064 100.162 100.260 100.358 100.456 100.553 100.651 100.747 100.843 100.939 101.034 101.115 101.039 100.510 99.986 99.477 98.970 98.465 97.963 97.463 96.962 96.459 95.951 95.438 94.921 94.399 93.874 93.345 92.812 92.277 91.740 91.202 90.663 90.124 89.585 89.047 88.509 87.971 87.432 86.893 86.351 85.807 85.259 84.706 84.147 83.583 83.012 82.434 81.849 81.257 80.659 80.056 79.447 78.833 78.215 77.593 76.975 76.476 76.208 75.927
99.193 99.285 99.377 99.470 99.564 99.658 99.753 99.848 99.944 100.040 100.137 100.234 100.331 100.428 100.525 100.622 100.719 100.815 100.911 101.007 101.102 101.197 101.291 101.358 101.188 100.566 100.028 99.516 99.002 98.487 97.971 97.454 96.940 96.431 95.928 95.430 94.935 94.443 93.952 93.460 92.966 92.469 91.967 91.459 90.944 90.421 89.889 89.349 88.799 88.240 87.673 87.097 86.514 85.925 85.330 84.730 84.127 83.519 82.908 82.293 81.672 81.046 80.413 79.770 79.118 78.454 77.779 77.092 76.426 75.925 75.632 75.286
99.363 99.455 99.547 99.640 99.733 99.826 99.919 100.012 100.105 100.199 100.292 100.385 100.477 100.570 100.662 100.755 100.846 100.938 101.029 101.120 101.211 101.301 101.391 101.470 101.418 100.932 100.437 99.952 99.470 98.988 98.508 98.027 97.544 97.053 96.550 96.034 95.507 94.970 94.426 93.878 93.327 92.775 92.224 91.674 91.127 90.582 90.038 89.496 88.955 88.414 87.872 87.328 86.783 86.236 85.685 85.130 84.570 84.005 83.434 82.855 82.266 81.666 81.055 80.429 79.788 79.132 78.463 77.785 77.105 76.537 76.233 75.972
100.068 100.156 100.244 100.332 100.422 100.511 100.601 100.691 100.782 100.873 100.964 101.055 101.147 101.238 101.330 101.422 101.513 101.605 101.697 101.788 101.879 101.970 102.060 102.115 101.887 101.202 100.650 100.132 99.614 99.096 98.578 98.060 97.542 97.023 96.503 95.982 95.460 94.936 94.411 93.885 93.357 92.826 92.294 91.759 91.222 90.682 90.139 89.593 89.044 88.492 87.936 87.376 86.813 86.245 85.674 85.098 84.518 83.933 83.344 82.750 82.152 81.549 80.941 80.329 79.713 79.092 78.466 77.837 77.251 76.875 76.695 76.415
99.363 99.455 99.547 99.640 99.733 99.826 99.919 100.012 100.105 100.199 100.292 100.384 100.477 100.570 100.662 100.754 100.846 100.938 101.029 101.120 101.211 101.301 101.391 101.470 101.418 100.932 100.437 99.952 99.470 98.988 98.508 98.027 97.544 97.053 96.549 96.033 95.506 94.969 94.425 93.877 93.326 92.774 92.223 91.674 91.127 90.582 90.039 89.497 88.955 88.414 87.872 87.329 86.784 86.236 85.685 85.130 84.571 84.006 83.434 82.855 82.266 81.667 81.055 80.429 79.788 79.133 78.464 77.785 77.105 76.537 76.232 75.971
99.193 99.285 99.377 99.470 99.564 99.658 99.753 99.848 99.944 100.040 100.137 100.234 100.331 100.428 100.525 100.622 100.719 100.815 100.911 101.007 101.102 101.197 101.291 101.357 101.188 100.565 100.028 99.515 99.001 98.486 97.970 97.454 96.939 96.431 95.928 95.430 94.936 94.444 93.953 93.461 92.967 92.470 91.968 91.460 90.945 90.422 89.890 89.349 88.800 88.241 87.673 87.097 86.514 85.925 85.330 84.730 84.126 83.518 82.907 82.292 81.672 81.045 80.412 79.769 79.117 78.453 77.778 77.091 76.425 75.924 75.632 75.285
98.911 99.004 99.098 99.192 99.287 99.383 99.479 99.575 99.673 99.770 99.868 99.966 100.064 100.162 100.260 100.358 100.456 100.553 100.650 100.747 100.843 100.939 101.034 101.115 101.039 100.510 99.986 99.476 98.970 98.465 97.963 97.463 96.962 96.459 95.950 95.438 94.921 94.399 93.873 93.344 92.811 92.276 91.739 91.201 90.662 90.123 89.585 89.046 88.508 87.970 87.432 86.892 86.351 85.807 85.259 84.706 84.147 83.583 83.012 82.434 81.849 81.257 80.659 80.056 79.447 78.833 78.216 77.594 76.975 76.477 76.209 75.927
98.273 98.365 98.459 98.553 98.648 98.744 98.841 98.938 99.036 99.134 99.233 99.332 99.431 99.531 99.631 99.731 99.831 99.931 100.031 100.131 100.231 100.331 100.431 100.510 100.394 99.833 99.321 98.828 98.337 97.845 97.354 96.862 96.370 95.877 95.383 94.888 94.390 93.891 93.390 92.886 92.380 91.871 91.359 90.844 90.325 89.803 89.277 88.748 88.214 87.677 87.137 86.592 86.043 85.491 84.935 84.376 83.813 83.247 82.678 82.106 81.532 80.956 80.378 79.799 79.219 78.637 78.054 77.470 76.900 76.466 76.250 76.002
98.007 98.094 98.183 98.272 98.362 98.453 98.545 98.638 98.731 98.825 98.920 99.016 99.112 99.208 99.305 99.402 99.500 99.598 99.697 99.796 99.894 99.993 100.092 100.179 100.116 99.607 99.098 98.601 98.105 97.608 97.112 96.614 96.116 95.616 95.115 94.612 94.107 93.600 93.091 92.580 92.068 91.553 91.037 90.518 89.998 89.475 88.951 88.424 87.894 87.362 86.826 86.288 85.746 85.201 84.651 84.098 83.541 82.979 82.414 81.845 81.272 80.695 80.115 79.533 78.948 78.360 77.770 77.178 76.596 76.144 75.920 75.676
97.857 97.944 98.031 98.118 98.205 98.292 98.378 98.465 98.552 98.639 98.727 98.815 98.903 98.992 99.082 99.172 99.263 99.354 99.446 99.538 99.631 99.724 99.817 99.900 99.843 99.338 98.825 98.323 97.821 97.321 96.820 96.319 95.818 95.317 94.815 94.312 93.808 93.303 92.796 92.288 91.778 91.267 90.753 90.237 89.720 89.200 88.678 88.154 87.627 87.098 86.565 86.030 85.492 84.951 84.406 83.858 83.306 82.751 82.193 81.630 81.064 80.495 79.923 79.347 78.769 78.188 77.604 77.017 76.438 75.984 75.755 75.511
97.581 97.703 97.817 97.925 98.027 98.126 98.221 98.314 98.405 98.494 98.582 98.670 98.757 98.843 98.930 99.017 99.104 99.191 99.278 99.366 99.455 99.543 99.632 99.714 99.670 99.177 98.661 98.155 97.650 97.146 96.643 96.140 95.637 95.134 94.631 94.127 93.621 93.115 92.607 92.098 91.587 91.075 90.561 90.044 89.526 89.006 88.483 87.958 87.431 86.902 86.370 85.836 85.299 84.759 84.217 83.672 83.124 82.573 82.020 81.463 80.904 80.343 79.778 79.212 78.643 78.072 77.499 76.924 76.354 75.903 75.678 75.444
96.066 96.451 96.773 97.047 97.283 97.490 97.673 97.837 97.986 98.123 98.250 98.370 98.483 98.591 98.696 98.797 98.896 98.993 99.088 99.182 99.276 99.368 99.460 99.546 99.525 99.049 98.529 98.018 97.508 97.000 96.493 95.988 95.483 94.978 94.473 93.968 93.462 92.955 92.447 91.938 91.427 90.915 90.400 89.884 89.366 88.847 88.324 87.800 87.274 86.745 86.215 85.682 85.147 84.610 84.070 83.529 82.986 82.440 81.893 81.343 80.792 80.240 79.685 79.130 78.573 78.015 77.456 76.897 76.341 75.898 75.680 75.461
83.535 86.798 89.221 91.059 92.479 93.594 94.483 95.201 95.790 96.279 96.690 97.039 97.341 97.604 97.836 98.043 98.231 98.402 98.559 98.706 98.844 98.974 99.098 99.215 99.235 98.791 98.286 97.783 97.281 96.779 96.278 95.778 95.277 94.776 94.275 93.774 93.271 92.768 92.263 91.757 91.250 90.740 90.230 89.717 89.202 88.685 88.167 87.646 87.123 86.598 86.071 85.542 85.012 84.479 83.945 83.410 82.873 82.335 81.795 81.255 80.714 80.172 79.630 79.087 78.544 78.001 77.457 76.914 76.374 75.939 75.728 75.523
53.957 57.155 60.142 62.938 65.568 68.059 70.435 72.861 76.728 81.658 85.065 87.683 89.760 91.406 92.715 93.768 94.629 95.342 95.943 96.454 96.893 97.275 97.610 97.905 98.083 97.776 97.379 96.969 96.546 96.114 95.672 95.223 94.767 94.305 93.838 93.366 92.891 92.411 91.927 91.440 90.950 90.456 89.960 89.460 88.959 88.454 87.947 87.438 86.926 86.412 85.896 85.378 84.857 84.334 83.808 83.281 82.752 82.220 81.688 81.154 80.619 80.082 79.546 79.008 78.470 77.932 77.394 76.857 76.321 75.885 75.668 75.460
4.471 6.012 7.895 10.145 12.773 15.780 19.152 22.868 26.913 31.173 35.551 39.989 44.445 48.876 53.252 57.548 61.749 65.846 69.833 73.711 77.482 81.152 84.727 88.215 90.211 91.302 91.696 91.942 92.140 92.247 92.266 92.218 92.118 91.971 91.780 91.548 91.279 90.976 90.644 90.286 89.905 89.504 89.088 88.657 88.214 87.761 87.297 86.825 86.346 85.859 85.364 84.863 84.354 83.839 83.318 82.791 82.259 81.720 81.176 80.626 80.071 79.510 78.945 78.377 77.807 77.234 76.653 76.060 75.486 74.981 74.673 56.983
0.000 0.001 0.003 0.007 0.015 0.030 0.056 0.099 0.164 0.260 0.396 0.581 0.826 1.140 1.534 2.019 2.603 3.293 4.096 5.016 6.053 7.207 8.475 9.851 11.322 12.844 14.395 15.997 17.654 19.364 21.123 22.928 24.770 26.640 28.524 30.409 32.277 34.114 35.901 37.621 39.256 40.788 42.200 43.471 44.582 45.513 46.241 46.743 46.995 46.972 46.647 45.995 44.994 43.626 41.887 39.785 37.346 34.617 31.661 28.552 25.372 22.201 19.107 16.148 13.366 10.791 8.443 6.333 4.464 2.832 1.422 0.433
