Examples/2023_ISeeSnow/data/CoulombOnly/Results/curv77s/s/1HS_03_curv77s_MoT-Voellmy_s_0065.asc
ncols        91
nrows        69
xllcorner    3832.5
yllcorner    -4422.5
cellsize     5.00
NODATA_value -9999
[rows 33 to 65 of 69, columns 0 to 73 of 91]
6.025 6.286 6.326 6.323 6.323 6.332 6.352 6.386 6.436 6.505 6.597 6.717 6.873 7.071 7.319 7.611 7.941 8.307 8.723 9.235 9.792 10.280 10.737 11.249 11.751 11.985 11.719 10.965 9.968 9.045 8.376 7.988 7.840 7.886 8.651 10.048 11.693 13.359 15.056 15.920 16.111 16.043 15.887 15.697 15.494 15.289 15.086 14.889 14.699 14.515 14.339 14.172 14.013 13.862 13.720 13.586 13.461 13.343 13.233 13.131 13.035 12.944 12.857 12.771 12.683 12.612 12.648 13.021 13.887 9.977 7.614 6.958 6.497 5.770
8.967 10.786 12.378 14.164 17.871 24.110 25.795 26.467 26.758 26.835 26.762 26.570 26.276 25.892 25.431 24.907 24.334 23.729 23.107 22.484 21.872 21.283 20.724 20.198 19.706 19.248 18.821 18.423 18.051 17.701 17.371 17.059 16.763 16.480 16.210 15.952 15.706 15.471 15.247 15.035 14.834 14.645 14.468 14.304 14.152 14.011 13.883 13.765 13.658 13.560 13.472 13.391 13.318 13.250 13.187 13.129 13.074 13.022 12.970 12.920 12.869 12.817 12.764 12.708 12.648 12.584 12.514 12.438 12.354 12.261 12.157 12.040 11.907 11.755
6.017 6.277 6.318 6.314 6.314 6.323 6.343 6.377 6.427 6.496 6.588 6.709 6.864 7.063 7.311 7.604 7.934 8.302 8.719 9.234 9.791 10.280 10.742 11.261 11.764 11.992 11.721 10.977 9.994 9.082 8.414 8.019 7.858 7.887 8.624 10.017 11.662 13.327 15.016 15.901 16.103 16.038 15.882 15.693 15.490 15.286 15.085 14.889 14.699 14.517 14.341 14.174 14.015 13.865 13.723 13.589 13.463 13.346 13.236 13.133 13.038 12.947 12.860 12.774 12.686 12.617 12.656 13.029 13.912 9.999 7.622 6.966 6.511 5.792
10.690 18.558 20.771 21.670 22.159 22.473 22.680 22.809 22.871 22.872 22.813 22.696 22.521 22.287 21.995 21.648 21.249 20.804 20.326 19.826 19.321 18.827 18.359 17.931 17.548 17.214 16.928 16.686 16.485 16.320 16.186 16.078 15.990 15.917 15.852 15.792 15.732 15.670 15.602 15.525 15.438 15.338 15.225 15.098 14.960 14.813 14.658 14.500 14.341 14.183 14.029 13.882 13.741 13.608 13.484 13.369 13.263 13.166 13.076 12.994 12.917 12.843 12.771 12.698 12.619 12.531 12.431 12.311 12.166 11.988 11.771 11.505 11.175 10.763
8.954 9.579 9.811 9.853 9.829 9.777 9.710 9.633 9.551 9.469 9.394 9.335 9.304 9.312 9.363 9.446 9.563 9.780 10.185 10.741 11.379 12.003 12.508 12.764 12.608 12.012 11.551 11.510 11.731 12.204 12.643 12.512 11.507 10.809 12.236 14.473 14.945 15.062 15.093 15.106 15.117 15.126 15.129 15.122 15.102 15.071 15.030 14.984 14.937 14.891 14.851 14.816 14.785 14.755 14.717 14.664 14.584 14.469 14.321 14.146 13.957 13.765 13.577 13.394 13.217 13.043 12.869 12.685 12.468 12.161 11.669 10.935 10.051 9.095
5.323 6.325 6.898 7.272 7.594 7.918 8.275 8.708 9.334 10.614 13.592 15.067 15.924 16.512 16.934 17.229 17.418 17.513 17.522 17.457 17.327 17.146 16.927 16.683 16.428 16.173 15.925 15.688 15.465 15.260 15.074 14.910 14.770 14.655 14.562 14.485 14.418 14.358 14.304 14.254 14.208 14.166 14.127 14.092 14.060 14.030 14.001 13.973 13.945 13.915 13.884 13.850 13.813 13.772 13.726 13.675 13.618 13.552 13.478 13.394 13.299 13.191 13.070 12.935 12.785 12.619 12.433 12.225 11.989 11.719 11.409 11.050 10.635 10.155
6.600 7.803 8.529 8.980 9.314 9.595 9.852 10.104 10.379 10.720 11.162 11.695 12.287 12.937 13.666 14.614 16.345 20.095 21.400 22.015 22.432 22.755 23.024 23.253 23.440 23.522 23.283 22.632 21.722 20.793 20.044 19.671 19.867 20.360 20.695 20.756 20.593 20.267 19.819 19.275 18.651 17.964 17.234 16.484 15.742 15.027 14.356 13.737 13.172 12.660 12.200 11.787 11.416 11.083 10.782 10.506 10.248 9.997 9.739 9.456 9.127 8.729 8.241 7.639 6.893 5.961 4.803 3.429 1.977 0.725 0.297 0.055 0.092 0.171
6.973 8.135 8.812 9.210 9.492 9.725 9.941 10.158 10.393 10.665 10.999 11.431 12.038 13.028 15.321 19.839 21.336 22.034 22.447 22.721 22.914 23.053 23.154 23.225 23.267 23.278 23.252 23.180 23.062 22.905 22.724 22.532 22.330 22.104 21.831 21.487 21.054 20.522 19.890 19.175 18.400 17.595 16.788 16.000 15.245 14.530 13.858 13.229 12.645 12.103 11.605 11.150 10.736 10.362 10.023 9.715 9.429 9.156 8.886 8.608 8.307 7.972 7.586 7.136 6.604 5.976 5.243 4.412 3.507 2.570 1.648 0.780 0.003 0.141
6.996 8.142 8.802 9.191 9.474 9.721 9.958 10.205 10.480 10.805 11.217 11.785 12.684 14.567 19.427 21.247 22.017 22.441 22.705 22.878 22.990 23.059 23.092 23.097 23.078 23.038 22.977 22.898 22.800 22.684 22.546 22.382 22.189 21.963 21.704 21.408 21.076 20.707 20.302 19.860 19.376 18.852 18.291 17.700 17.086 16.456 15.817 15.171 14.522 13.869 13.211 12.548 11.877 11.199 10.515 9.826 9.129 8.423 7.702 6.957 6.184 5.393 4.610 3.878 3.235 2.693 2.237 1.839 1.468 1.104 0.736 0.360 0.018 0.027
6.928 8.066 8.722 9.112 9.402 9.659 9.916 10.194 10.515 10.910 11.436 12.230 13.732 18.550 20.718 21.635 22.117 22.411 22.601 22.723 22.796 22.831 22.836 22.814 22.770 22.704 22.620 22.516 22.393 22.250 22.084 21.894 21.674 21.420 21.127 20.786 20.390 19.932 19.407 18.820 18.185 17.513 16.820 16.120 15.425 14.745 14.086 13.451 12.841 12.257 11.697 11.160 10.644 10.145 9.660 9.188 8.724 8.267 7.812 7.357 6.897 6.427 5.943 5.439 4.914 4.367 3.799 3.219 2.639 2.074 1.538 1.041 0.592 0.191
6.812 7.935 8.581 8.968 9.264 9.535 9.813 10.122 10.487 10.954 11.615 12.728 15.524 19.697 20.961 21.566 21.923 22.151 22.301 22.396 22.449 22.469 22.459 22.425 22.369 22.293 22.197 22.082 21.948 21.795 21.621 21.424 21.203 20.956 20.681 20.377 20.043 19.680 19.291 18.876 18.434 17.965 17.466 16.937 16.371 15.762 15.112 14.431 13.728 13.011 12.289 11.566 10.846 10.132 9.430 8.744 8.082 7.454 6.868 6.329 5.838 5.386 4.960 4.549 4.145 3.742 3.334 2.918 2.498 2.077 1.665 1.272 0.906 0.573
6.680 7.784 8.414 8.793 9.086 9.363 9.657 9.989 10.392 10.922 11.719 13.245 17.897 19.934 20.807 21.277 21.570 21.764 21.893 21.973 22.017 22.029 22.014 21.976 21.917 21.837 21.739 21.622 21.486 21.330 21.154 20.956 20.734 20.486 20.207 19.894 19.544 19.151 18.711 18.223 17.686 17.104 16.488 15.848 15.203 14.568 13.950 13.350 12.769 12.206 11.660 11.129 10.611 10.103 9.604 9.111 8.623 8.137 7.650 7.161 6.668 6.171 5.674 5.178 4.683 4.193 3.709 3.238 2.784 2.354 1.953 1.584 1.250 0.950
6.525 7.603 8.210 8.578 8.871 9.152 9.450 9.798 10.233 10.821 11.749 13.753 18.191 19.767 20.467 20.870 21.130 21.305 21.422 21.496 21.536 21.546 21.530 21.492 21.433 21.355 21.257 21.141 21.005 20.851 20.676 20.480 20.260 20.015 19.742 19.439 19.105 18.738 18.337 17.903 17.439 16.948 16.433 15.898 15.344 14.768 14.172 13.561 12.937 12.306 11.673 11.047 10.432 9.836 9.263 8.717 8.199 7.707 7.239 6.790 6.355 5.927 5.500 5.071 4.638 4.205 3.776 3.355 2.950 2.566 2.208 1.879 1.581 1.313
6.358 7.402 7.985 8.338 8.624 8.904 9.207 9.567 10.017 10.648 11.677 14.108 18.132 19.417 20.030 20.398 20.640 20.806 20.918 20.990 21.028 21.039 21.025 20.989 20.932 20.856 20.762 20.648 20.516 20.365 20.193 20.000 19.785 19.544 19.277 18.982 18.655 18.295 17.900 17.470 17.004 16.506 15.978 15.426 14.858 14.282 13.703 13.130 12.565 12.011 11.468 10.937 10.416 9.904 9.401 8.906 8.419 7.940 7.469 7.005 6.548 6.097 5.651 5.209 4.775 4.349 3.935 3.538 3.161 2.809 2.484 2.186 1.917 1.675
6.180 7.188 7.740 8.078 8.354 8.630 8.935 9.298 9.757 10.409 11.484 14.195 17.823 18.963 19.537 19.888 20.122 20.284 20.395 20.467 20.506 20.519 20.508 20.475 20.422 20.350 20.259 20.149 20.021 19.874 19.707 19.519 19.308 19.074 18.813 18.526 18.209 17.861 17.483 17.072 16.632 16.163 15.670 15.156 14.627 14.087 13.540 12.992 12.444 11.900 11.362 10.833 10.314 9.807 9.312 8.830 8.360 7.901 7.451 7.009 6.573 6.143 5.718 5.299 4.889 4.489 4.103 3.736 3.390 3.069 2.773 2.503 2.259 2.039
5.993 6.958 7.479 7.798 8.064 8.336 8.638 8.998 9.460 10.108 11.186 13.915 17.355 18.447 19.008 19.354 19.587 19.749 19.861 19.935 19.978 19.993 19.986 19.956 19.907 19.839 19.752 19.647 19.523 19.381 19.218 19.035 18.831 18.602 18.350 18.070 17.764 17.428 17.063 16.669 16.246 15.798 15.326 14.836 14.331 13.817 13.298 12.778 12.261 11.749 11.244 10.746 10.257 9.777 9.305 8.842 8.388 7.942 7.504 7.073 6.649 6.231 5.822 5.421 5.031 4.655 4.296 3.956 3.638 3.344 3.074 2.828 2.605 2.404
5.794 6.717 7.204 7.503 7.760 8.025 8.321 8.673 9.126 9.759 10.801 13.326 16.763 17.883 18.452 18.803 19.040 19.206 19.321 19.399 19.445 19.464 19.460 19.435 19.390 19.326 19.243 19.143 19.024 18.886 18.728 18.551 18.352 18.131 17.886 17.615 17.319 16.996 16.646 16.268 15.866 15.439 14.993 14.529 14.053 13.568 13.078 12.587 12.097 11.612 11.132 10.658 10.191 9.732 9.281 8.837 8.401 7.972 7.550 7.136 6.728 6.328 5.937 5.557 5.190 4.839 4.505 4.192 3.900 3.631 3.384 3.159 2.954 2.769
5.588 6.463 6.916 7.196 7.440 7.695 7.985 8.331 8.767 9.368 10.331 12.492 16.071 17.278 17.872 18.236 18.482 18.654 18.776 18.858 18.909 18.933 18.933 18.912 18.871 18.811 18.733 18.637 18.523 18.390 18.238 18.066 17.873 17.659 17.422 17.161 16.875 16.565 16.230 15.870 15.486 15.082 14.659 14.222 13.773 13.316 12.855 12.392 11.931 11.473 11.019 10.571 10.128 9.691 9.261 8.837 8.420 8.009 7.604 7.207 6.817 6.436 6.066 5.708 5.365 5.038 4.729 4.440 4.172 3.925 3.698 3.490 3.302 3.131
5.367 6.190 6.608 6.871 7.107 7.355 7.637 7.970 8.385 8.947 9.816 11.596 15.257 16.619 17.265 17.653 17.913 18.095 18.224 18.313 18.369 18.398 18.403 18.387 18.351 18.296 18.222 18.130 18.021 17.893 17.746 17.580 17.394 17.187 16.958 16.707 16.433 16.136 15.815 15.473 15.110 14.727 14.329 13.917 13.495 13.066 12.633 12.199 11.766 11.334 10.906 10.483 10.064 9.650 9.241 8.837 8.439 8.048 7.662 7.284 6.914 6.554 6.206 5.870 5.551 5.247 4.962 4.696 4.449 4.221 4.012 3.821 3.646 3.488
5.136 5.906 6.291 6.538 6.763 7.002 7.271 7.590 7.982 8.497 9.267 10.713 14.325 15.891 16.622 17.047 17.328 17.525 17.664 17.761 17.825 17.860 17.871 17.860 17.829 17.778 17.709 17.622 17.518 17.395 17.254 17.094 16.915 16.715 16.496 16.255 15.992 15.709 15.404 15.080 14.736 14.376 14.002 13.616 13.220 12.819 12.414 12.007 11.601 11.196 10.793 10.394 9.999 9.608 9.220 8.838 8.460 8.089 7.724 7.366 7.017 6.679 6.354 6.041 5.744 5.464 5.201 4.955 4.727 4.517 4.323 4.146 3.985 3.838
4.890 5.604 5.954 6.184 6.400 6.631 6.891 7.193 7.560 8.032 8.705 9.851 12.980 15.078 15.932 16.413 16.724 16.940 17.094 17.202 17.274 17.317 17.335 17.330 17.304 17.259 17.195 17.114 17.014 16.897 16.762 16.609 16.437 16.246 16.035 15.805 15.555 15.286 14.997 14.691 14.368 14.030 13.679 13.318 12.949 12.574 12.196 11.817 11.437 11.058 10.681 10.306 9.934 9.565 9.200 8.839 8.483 8.132 7.789 7.453 7.127 6.811 6.508 6.218 5.943 5.684 5.441 5.214 5.003 4.809 4.629 4.465 4.315 4.178
4.623 5.279 5.597 5.813 6.021 6.244 6.493 6.779 7.122 7.550 8.132 9.050 11.004 14.059 15.169 15.737 16.092 16.336 16.508 16.630 16.714 16.767 16.793 16.795 16.776 16.737 16.680 16.604 16.511 16.400 16.271 16.125 15.961 15.779 15.578 15.360 15.123 14.868 14.596 14.308 14.005 13.689 13.362 13.026 12.682 12.334 11.982 11.629 11.275 10.921 10.569 10.218 9.869 9.523 9.181 8.842 8.508 8.179 7.858 7.544 7.240 6.947 6.666 6.398 6.144 5.904 5.679 5.469 5.274 5.094 4.927 4.775 4.635 4.507
4.334 4.928 5.215 5.419 5.620 5.836 6.076 6.348 6.665 7.052 7.558 8.295 9.615 12.810 14.283 14.998 15.420 15.702 15.901 16.043 16.142 16.207 16.243 16.255 16.244 16.213 16.163 16.094 16.007 15.904 15.782 15.644 15.489 15.316 15.126 14.920 14.696 14.457 14.202 13.932 13.650 13.356 13.052 12.740 12.422 12.099 11.773 11.445 11.116 10.787 10.459 10.132 9.807 9.484 9.163 8.847 8.535 8.229 7.930 7.639 7.357 7.085 6.825 6.577 6.342 6.121 5.913 5.718 5.538 5.370 5.215 5.073 4.942 4.822
4.014 4.545 4.804 4.999 5.194 5.403 5.633 5.891 6.187 6.539 6.980 7.582 8.527 10.514 13.177 14.158 14.687 15.028 15.263 15.431 15.551 15.632 15.683 15.706 15.706 15.685 15.643 15.583 15.505 15.409 15.296 15.167 15.021 14.859 14.681 14.487 14.278 14.054 13.817 13.566 13.304 13.032 12.751 12.463 12.169 11.871 11.570 11.267 10.962 10.658 10.353 10.049 9.747 9.447 9.149 8.855 8.566 8.282 8.005 7.735 7.475 7.224 6.983 6.754 6.537 6.332 6.139 5.959 5.791 5.635 5.491 5.358 5.236 5.123
3.657 4.122 4.356 4.543 4.734 4.940 5.163 5.410 5.687 6.008 6.397 6.895 7.603 8.806 11.686 13.130 13.855 14.288 14.579 14.785 14.933 15.037 15.105 15.145 15.159 15.149 15.119 15.069 15.001 14.916 14.813 14.694 14.560 14.409 14.244 14.064 13.869 13.662 13.442 13.211 12.969 12.718 12.460 12.195 11.925 11.651 11.374 11.095 10.814 10.533 10.252 9.971 9.691 9.414 9.138 8.866 8.599 8.336 8.080 7.831 7.591 7.359 7.137 6.925 6.724 6.534 6.355 6.188 6.032 5.887 5.753 5.629 5.513 5.405
3.247 3.647 3.861 4.045 4.235 4.437 4.654 4.891 5.153 5.449 5.796 6.219 6.773 7.590 9.045 11.696 12.845 13.445 13.824 14.086 14.273 14.409 14.503 14.563 14.596 14.603 14.588 14.552 14.496 14.423 14.333 14.226 14.104 13.967 13.815 13.650 13.471 13.281 13.079 12.867 12.646 12.416 12.180 11.938 11.691 11.440 11.186 10.930 10.673 10.414 10.156 9.897 9.640 9.384 9.130 8.879 8.632 8.390 8.154 7.924 7.702 7.488 7.283 7.087 6.901 6.725 6.559 6.404 6.259 6.124 5.998 5.881 5.771 5.662
2.767 3.103 3.303 3.487 3.678 3.879 4.094 4.324 4.574 4.852 5.168 5.537 5.991 6.592 7.491 9.123 11.451 12.412 12.948 13.301 13.550 13.730 13.860 13.950 14.008 14.037 14.042 14.024 13.985 13.927 13.852 13.760 13.653 13.530 13.394 13.245 13.083 12.911 12.727 12.535 12.334 12.126 11.911 11.691 11.466 11.238 11.006 10.773 10.537 10.301 10.064 9.827 9.590 9.355 9.121 8.891 8.663 8.440 8.222 8.010 7.805 7.607 7.418 7.236 7.064 6.901 6.748 6.603 6.469 6.342 6.224 6.111 5.997 5.862
2.201 2.474 2.663 2.849 3.044 3.248 3.462 3.690 3.934 4.199 4.493 4.824 5.211 5.686 6.314 7.244 8.885 10.962 11.852 12.370 12.719 12.969 13.152 13.285 13.378 13.439 13.470 13.476 13.460 13.422 13.366 13.292 13.202 13.098 12.979 12.847 12.704 12.550 12.386 12.213 12.033 11.845 11.651 11.453 11.249 11.042 10.833 10.620 10.406 10.190 9.973 9.756 9.540 9.324 9.109 8.897 8.688 8.482 8.281 8.086 7.896 7.714 7.538 7.371 7.211 7.061 6.918 6.784 6.658 6.538 6.421 6.298 6.137 3.574
2.436 2.369 2.287 2.306 2.409 2.566 2.758 2.975 3.212 3.468 3.746 4.053 4.398 4.797 5.282 5.909 6.806 8.244 10.240 11.158 11.699 12.067 12.334 12.532 12.678 12.782 12.852 12.892 12.906 12.896 12.864 12.814 12.746 12.662 12.564 12.452 12.329 12.195 12.051 11.898 11.738 11.571 11.398 11.220 11.038 10.851 10.662 10.469 10.275 10.078 9.881 9.682 9.484 9.286 9.089 8.894 8.701 8.512 8.326 8.146 7.971 7.803 7.641 7.486 7.339 7.199 7.066 6.940 6.817 6.693 6.549 5.301 1.077 0.038
5.523 5.473 5.061 4.511 3.930 3.406 3.013 2.792 2.738 2.819 2.995 3.238 3.533 3.876 4.276 4.755 5.356 6.174 7.333 9.249 10.286 10.901 11.319 11.624 11.854 12.026 12.153 12.241 12.298 12.325 12.328 12.308 12.269 12.211 12.138 12.050 11.949 11.837 11.715 11.583 11.444 11.298 11.145 10.987 10.824 10.657 10.487 10.313 10.137 9.959 9.779 9.598 9.416 9.235 9.054 8.874 8.697 8.523 8.352 8.186 8.026 7.870 7.721 7.578 7.441 7.309 7.181 7.052 6.908 6.054 1.666 0.112 0.004 0.000
5.141 5.677 5.947 6.058 6.051 5.952 5.773 5.510 5.149 4.697 4.207 3.774 3.490 3.400 3.499 3.757 4.149 4.673 5.372 6.303 7.729 9.143 9.906 10.423 10.801 11.087 11.305 11.470 11.590 11.674 11.725 11.748 11.747 11.724 11.682 11.623 11.549 11.463 11.364 11.256 11.139 11.014 10.882 10.744 10.601 10.452 10.300 10.144 9.985 9.824 9.660 9.495 9.329 9.163 8.997 8.833 8.670 8.510 8.354 8.201 8.053 7.909 7.770 7.635 7.502 7.367 7.213 5.827 1.433 0.156 0.008 0.000 0.000 0.000
0.000 0.298 1.163 2.023 2.848 3.605 4.268 4.812 5.216 5.478 5.619 5.663 5.626 5.506 5.293 4.988 4.655 4.426 4.426 4.713 5.308 6.160 7.554 8.572 9.276 9.786 10.172 10.469 10.697 10.869 10.996 11.083 11.137 11.163 11.164 11.144 11.104 11.049 10.980 10.898 10.806 10.704 10.594 10.476 10.352 10.223 10.089 9.950 9.808 9.662 9.514 9.365 9.214 9.062 8.911 8.760 8.611 8.464 8.319 8.178 8.039 7.902 7.763 7.618 7.440 3.954 0.747 0.118 0.005 0.000 0.000 0.000 0.000 0.000
0.009 0.002 0.009 0.003 0.005 0.003 0.008 0.005 0.150 0.946 1.766 2.573 3.327 3.995 4.552 4.979 5.292 5.522 5.684 5.778 5.804 5.778 5.812 6.080 6.754 7.737 8.463 9.016 9.443 9.774 10.028 10.221 10.363 10.463 10.528 10.563 10.572 10.558 10.526 10.478 10.416 10.341 10.256 10.161 10.059 9.949 9.834 9.712 9.587 9.457 9.325 9.189 9.053 8.914 8.776 8.637 8.499 8.361 8.223 8.082 7.932 7.763 4.694 1.231 0.354 0.037 0.001 0.000 0.000 0.000 0.000 0.000 0.000 0.000
