Examples/2023_ISeeSnow/data/CoulombOnly/Results/curv77s/s/1HS_03_curv77s_MoT-Voellmy_s_0016.asc
ncols        99
nrows        39
xllcorner    1192.5
yllcorner    -4347.5
cellsize     5.00
NODATA_value -9999
[rows 0 to 31 of 39, columns 0 to 71 of 99]
10.488 10.940 10.953 10.727 10.300 9.720 9.040 8.219 6.485 2.026 0.032 0.000 0.000 0.000 0.000 0.000 0.000 0.000 0.000 0.000 0.000 0.000 0.000 0.000 0.000 0.000 0.000 0.000 0.000 0.000 0.000 0.000 0.000 0.000 0.000 0.000 0.000 0.000 0.000 0.000 0.000 0.000 0.000 0.000 0.000 0.000 0.000 0.000 0.000 0.000 0.000 0.000 0.000 0.000 0.000 0.000 0.000 0.000 0.000 0.000 0.000 0.000 0.000 0.000 0.000 0.000 0.000 0.000 0.000 0.000 0.000 0.000
11.635 12.861 13.460 13.873 14.222 14.554 14.908 15.363 16.040 16.854 17.676 18.844 20.952 26.532 31.633 32.655 33.051 33.237 33.331 33.376 33.391 33.385 33.365 33.334 33.295 33.251 33.202 33.151 33.102 33.069 33.115 33.590 36.005 34.601 31.455 27.042 12.534 0.368 0.000 0.000 0.000 0.000 0.000 0.000 0.000 0.000 0.000 0.000 0.000 0.000 0.000 0.000 0.000 0.000 0.000 0.000 0.000 0.000 0.000 0.000 0.000 0.000 0.000 0.000 0.000 0.000 0.000 0.000 0.000 0.000 0.000 0.000
12.372 14.065 15.044 15.806 16.539 17.373 18.513 20.563 27.435 31.223 32.561 33.197 33.554 33.770 33.880 33.923 33.928 33.913 33.887 33.856 33.821 33.784 33.746 33.707 33.667 33.626 33.583 33.540 33.496 33.453 33.412 33.382 33.357 33.295 33.165 32.981 32.880 32.874 32.869 32.865 32.889 33.114 34.957 37.410 34.748 29.859 24.102 10.400 0.284 0.000 0.000 0.000 0.000 0.000 0.000 0.000 0.000 0.000 0.000 0.000 0.000 0.000 0.000 0.000 0.000 0.000 0.000 0.000 0.000 0.000 0.000 0.000
12.832 14.832 16.150 17.362 18.876 21.728 29.433 32.266 33.370 33.867 34.104 34.214 34.257 34.264 34.251 34.227 34.199 34.169 34.139 34.109 34.080 34.051 34.020 33.988 33.953 33.914 33.873 33.829 33.782 33.733 33.682 33.630 33.577 33.522 33.463 33.404 33.349 33.300 33.256 33.217 33.186 33.173 33.204 33.236 33.180 32.988 32.707 32.583 32.610 32.645 32.686 32.848 35.596 40.644 39.605 33.267 25.696 18.981 9.264 0.519 0.000 0.000 0.000 0.000 0.000 0.000 0.000 0.000 0.000 0.000 0.000 0.000
13.331 15.706 17.639 20.274 28.568 32.103 33.437 33.994 34.245 34.356 34.396 34.401 34.388 34.367 34.345 34.324 34.306 34.291 34.279 34.270 34.262 34.254 34.247 34.239 34.229 34.217 34.202 34.185 34.163 34.138 34.109 34.076 34.039 33.998 33.953 33.906 33.857 33.807 33.757 33.709 33.663 33.620 33.583 33.547 33.506 33.456 33.399 33.349 33.312 33.286 33.269 33.276 33.385 33.572 33.699 33.616 33.235 32.631 32.307 32.361 32.439 32.728 35.836 36.648 33.258 26.589 19.582 12.096 2.009 0.005 0.000 0.000
13.825 16.735 19.892 28.672 32.196 33.465 33.986 34.218 34.319 34.356 34.361 34.352 34.339 34.328 34.321 34.319 34.324 34.334 34.348 34.366 34.385 34.403 34.420 34.434 34.444 34.448 34.446 34.438 34.424 34.405 34.380 34.350 34.317 34.281 34.243 34.203 34.161 34.119 34.076 34.032 33.988 33.945 33.902 33.859 33.816 33.772 33.729 33.687 33.647 33.611 33.579 33.554 33.540 33.541 33.549 33.546 33.516 33.452 33.383 33.331 33.298 33.312 33.452 33.629 33.629 33.215 32.312 31.595 36.067 37.272 32.241 24.199
15.537 21.401 30.404 32.658 33.432 33.770 33.930 34.008 34.046 34.065 34.077 34.089 34.103 34.120 34.143 34.169 34.199 34.231 34.265 34.298 34.331 34.361 34.388 34.411 34.428 34.441 34.448 34.451 34.449 34.444 34.435 34.424 34.410 34.395 34.378 34.359 34.339 34.317 34.293 34.267 34.240 34.210 34.179 34.146 34.112 34.076 34.039 34.001 33.964 33.927 33.892 33.858 33.828 33.803 33.781 33.761 33.742 33.721 33.698 33.677 33.662 33.656 33.668 33.698 33.729 33.729 33.673 33.626 33.821 34.091 34.033 33.319
16.012 23.221 31.287 32.980 33.574 33.825 33.935 33.980 33.996 34.002 34.006 34.015 34.032 34.056 34.088 34.127 34.172 34.222 34.274 34.327 34.379 34.430 34.478 34.523 34.563 34.599 34.628 34.651 34.668 34.677 34.679 34.674 34.662 34.645 34.622 34.596 34.568 34.537 34.506 34.475 34.444 34.413 34.383 34.353 34.323 34.293 34.264 34.234 34.204 34.174 34.145 34.116 34.088 34.062 34.038 34.016 33.996 33.979 33.965 33.954 33.947 33.945 33.952 33.967 33.989 34.016 34.043 34.074 34.128 34.206 34.273 34.278
17.706 29.357 32.378 33.338 33.707 33.866 33.935 33.965 33.978 33.986 33.998 34.016 34.041 34.074 34.115 34.161 34.212 34.267 34.323 34.380 34.436 34.489 34.539 34.584 34.624 34.658 34.685 34.705 34.718 34.725 34.727 34.724 34.718 34.709 34.698 34.687 34.676 34.664 34.654 34.643 34.632 34.620 34.607 34.592 34.576 34.557 34.535 34.512 34.486 34.458 34.429 34.399 34.369 34.340 34.312 34.286 34.263 34.243 34.228 34.216 34.211 34.211 34.217 34.231 34.253 34.281 34.316 34.358 34.407 34.465 34.529 34.591
18.884 30.333 32.765 33.506 33.791 33.909 33.954 33.966 33.967 33.967 33.971 33.984 34.006 34.038 34.080 34.131 34.189 34.252 34.319 34.387 34.455 34.522 34.586 34.647 34.702 34.753 34.798 34.837 34.870 34.896 34.914 34.925 34.929 34.926 34.917 34.902 34.884 34.863 34.841 34.819 34.798 34.777 34.758 34.739 34.720 34.702 34.684 34.665 34.646 34.626 34.605 34.585 34.564 34.543 34.524 34.505 34.489 34.475 34.465 34.458 34.457 34.461 34.471 34.487 34.511 34.541 34.578 34.621 34.670 34.726 34.786 34.849
20.191 31.086 33.033 33.622 33.854 33.947 33.981 33.990 33.992 33.995 34.006 34.026 34.057 34.099 34.149 34.208 34.274 34.343 34.416 34.489 34.561 34.631 34.697 34.758 34.812 34.860 34.900 34.933 34.959 34.978 34.990 34.998 35.001 35.002 35.000 34.997 34.993 34.987 34.982 34.975 34.967 34.958 34.947 34.935 34.921 34.905 34.888 34.869 34.849 34.828 34.806 34.785 34.764 34.744 34.725 34.708 34.694 34.683 34.676 34.673 34.675 34.683 34.697 34.718 34.745 34.779 34.820 34.866 34.918 34.974 35.035 35.097
20.544 31.273 33.128 33.692 33.913 34.001 34.031 34.036 34.034 34.033 34.039 34.055 34.081 34.118 34.165 34.220 34.283 34.351 34.423 34.498 34.573 34.648 34.720 34.789 34.853 34.912 34.965 35.011 35.050 35.082 35.107 35.125 35.136 35.142 35.143 35.139 35.132 35.122 35.111 35.098 35.084 35.070 35.055 35.040 35.026 35.011 34.996 34.982 34.967 34.952 34.938 34.924 34.910 34.897 34.885 34.874 34.866 34.860 34.858 34.860 34.867 34.880 34.899 34.925 34.957 34.996 35.042 35.093 35.149 35.209 35.272 35.337
20.996 31.510 33.230 33.761 33.968 34.048 34.071 34.072 34.066 34.063 34.068 34.083 34.110 34.149 34.199 34.258 34.325 34.398 34.475 34.554 34.633 34.711 34.785 34.856 34.921 34.981 35.033 35.080 35.119 35.152 35.179 35.201 35.217 35.229 35.237 35.241 35.242 35.240 35.236 35.230 35.222 35.212 35.200 35.188 35.174 35.160 35.145 35.130 35.115 35.100 35.085 35.071 35.057 35.045 35.033 35.024 35.017 35.014 35.014 35.019 35.030 35.047 35.070 35.101 35.139 35.183 35.235 35.292 35.354 35.420 35.489 35.559
20.858 31.478 33.261 33.808 34.022 34.104 34.129 34.131 34.125 34.123 34.128 34.143 34.171 34.209 34.259 34.317 34.384 34.457 34.534 34.613 34.693 34.772 34.849 34.923 34.991 35.054 35.111 35.161 35.204 35.240 35.270 35.292 35.309 35.320 35.326 35.328 35.326 35.322 35.315 35.307 35.298 35.288 35.278 35.267 35.256 35.245 35.234 35.224 35.213 35.202 35.192 35.181 35.171 35.162 35.154 35.148 35.144 35.144 35.147 35.155 35.169 35.189 35.217 35.251 35.294 35.344 35.400 35.464 35.532 35.605 35.681 35.758
20.823 31.497 33.302 33.854 34.068 34.150 34.172 34.171 34.162 34.156 34.157 34.169 34.193 34.228 34.275 34.332 34.397 34.469 34.546 34.625 34.707 34.787 34.866 34.942 35.014 35.080 35.141 35.195 35.243 35.284 35.319 35.347 35.369 35.386 35.398 35.405 35.409 35.409 35.407 35.402 35.396 35.388 35.379 35.370 35.360 35.349 35.339 35.328 35.317 35.306 35.295 35.284 35.274 35.266 35.258 35.252 35.249 35.250 35.255 35.265 35.281 35.304 35.335 35.373 35.420 35.475 35.537 35.605 35.680 35.760 35.843 35.927
20.605 31.430 33.314 33.886 34.109 34.194 34.219 34.219 34.211 34.206 34.209 34.222 34.247 34.284 34.333 34.391 34.459 34.532 34.611 34.692 34.775 34.857 34.937 35.013 35.084 35.150 35.210 35.263 35.309 35.348 35.381 35.406 35.426 35.441 35.451 35.457 35.459 35.459 35.457 35.453 35.448 35.442 35.435 35.428 35.420 35.412 35.404 35.396 35.387 35.378 35.370 35.361 35.353 35.346 35.340 35.336 35.335 35.337 35.344 35.356 35.374 35.400 35.433 35.475 35.525 35.584 35.650 35.724 35.804 35.890 35.979 36.070
20.485 31.399 33.328 33.913 34.140 34.227 34.251 34.250 34.241 34.233 34.233 34.243 34.265 34.300 34.345 34.401 34.466 34.537 34.614 34.695 34.777 34.859 34.940 35.018 35.092 35.161 35.225 35.282 35.333 35.376 35.414 35.444 35.469 35.487 35.501 35.511 35.516 35.519 35.519 35.516 35.512 35.507 35.501 35.494 35.486 35.478 35.470 35.461 35.452 35.444 35.435 35.426 35.418 35.411 35.406 35.402 35.401 35.404 35.412 35.426 35.446 35.474 35.510 35.554 35.608 35.670 35.741 35.819 35.905 35.996 36.091 36.189
20.399 31.377 33.337 33.933 34.163 34.251 34.277 34.276 34.267 34.260 34.261 34.272 34.295 34.331 34.378 34.436 34.502 34.576 34.654 34.736 34.819 34.902 34.983 35.061 35.135 35.203 35.265 35.320 35.369 35.410 35.446 35.474 35.497 35.515 35.528 35.536 35.542 35.544 35.544 35.542 35.539 35.535 35.530 35.524 35.518 35.511 35.504 35.497 35.490 35.482 35.474 35.467 35.460 35.454 35.449 35.447 35.447 35.451 35.460 35.475 35.497 35.527 35.565 35.612 35.668 35.734 35.808 35.890 35.980 36.076 36.177 36.282
20.489 31.425 33.360 33.948 34.175 34.262 34.287 34.285 34.275 34.267 34.267 34.277 34.299 34.333 34.379 34.435 34.500 34.573 34.650 34.731 34.814 34.897 34.978 35.057 35.132 35.201 35.266 35.323 35.375 35.419 35.457 35.488 35.514 35.533 35.548 35.558 35.565 35.568 35.569 35.568 35.565 35.561 35.556 35.551 35.544 35.537 35.530 35.523 35.515 35.507 35.500 35.492 35.486 35.480 35.476 35.474 35.475 35.480 35.490 35.507 35.530 35.562 35.603 35.652 35.711 35.780 35.857 35.944 36.037 36.138 36.244 36.353
21.201 31.728 33.435 33.967 34.177 34.256 34.277 34.275 34.265 34.258 34.259 34.270 34.294 34.330 34.378 34.436 34.503 34.577 34.656 34.738 34.822 34.906 34.988 35.067 35.142 35.211 35.275 35.332 35.382 35.425 35.462 35.492 35.516 35.535 35.549 35.559 35.565 35.568 35.569 35.568 35.566 35.563 35.558 35.553 35.548 35.542 35.535 35.529 35.522 35.515 35.509 35.502 35.496 35.492 35.488 35.487 35.489 35.495 35.506 35.523 35.547 35.579 35.620 35.670 35.730 35.799 35.878 35.965 36.061 36.163 36.271 36.384
20.488 31.425 33.360 33.948 34.175 34.262 34.287 34.285 34.275 34.267 34.267 34.277 34.299 34.333 34.379 34.435 34.500 34.573 34.650 34.731 34.814 34.897 34.978 35.057 35.132 35.201 35.266 35.323 35.375 35.419 35.457 35.488 35.514 35.533 35.548 35.558 35.565 35.568 35.569 35.568 35.565 35.561 35.556 35.551 35.544 35.537 35.530 35.523 35.515 35.507 35.500 35.493 35.486 35.480 35.476 35.474 35.475 35.480 35.490 35.507 35.530 35.562 35.603 35.652 35.711 35.780 35.858 35.944 36.037 36.138 36.244 36.353
20.399 31.377 33.337 33.933 34.163 34.251 34.277 34.276 34.267 34.260 34.261 34.272 34.295 34.331 34.378 34.436 34.502 34.576 34.654 34.736 34.819 34.902 34.983 35.061 35.135 35.203 35.265 35.320 35.369 35.411 35.446 35.474 35.497 35.515 35.528 35.536 35.542 35.544 35.544 35.543 35.539 35.535 35.530 35.524 35.518 35.512 35.505 35.497 35.490 35.482 35.475 35.467 35.460 35.454 35.449 35.447 35.447 35.451 35.460 35.475 35.497 35.527 35.565 35.612 35.668 35.734 35.808 35.890 35.980 36.076 36.177 36.282
20.485 31.399 33.328 33.913 34.140 34.227 34.251 34.250 34.241 34.233 34.233 34.243 34.265 34.300 34.345 34.401 34.466 34.537 34.614 34.695 34.777 34.859 34.940 35.018 35.092 35.161 35.225 35.282 35.333 35.376 35.414 35.444 35.469 35.488 35.501 35.511 35.516 35.519 35.519 35.516 35.512 35.507 35.501 35.494 35.486 35.478 35.470 35.461 35.453 35.444 35.435 35.427 35.419 35.412 35.406 35.402 35.402 35.405 35.412 35.426 35.446 35.474 35.510 35.554 35.608 35.670 35.741 35.819 35.905 35.996 36.091 36.189
20.605 31.430 33.314 33.886 34.109 34.194 34.219 34.219 34.211 34.206 34.209 34.222 34.247 34.284 34.333 34.391 34.459 34.532 34.611 34.692 34.775 34.857 34.937 35.013 35.084 35.150 35.210 35.263 35.309 35.348 35.381 35.407 35.427 35.441 35.451 35.457 35.460 35.459 35.457 35.453 35.448 35.442 35.435 35.428 35.420 35.412 35.404 35.396 35.387 35.379 35.370 35.362 35.354 35.347 35.341 35.337 35.335 35.337 35.344 35.356 35.375 35.400 35.433 35.475 35.525 35.584 35.650 35.724 35.804 35.890 35.979 36.070
20.823 31.497 33.302 33.854 34.068 34.150 34.172 34.171 34.162 34.156 34.157 34.169 34.193 34.228 34.275 34.332 34.397 34.469 34.546 34.625 34.707 34.787 34.866 34.942 35.014 35.080 35.141 35.195 35.243 35.284 35.319 35.347 35.369 35.386 35.398 35.405 35.409 35.409 35.407 35.402 35.396 35.388 35.380 35.370 35.360 35.350 35.339 35.328 35.317 35.306 35.295 35.285 35.275 35.266 35.258 35.253 35.250 35.250 35.255 35.265 35.281 35.304 35.335 35.374 35.420 35.475 35.537 35.606 35.680 35.760 35.843 35.927
20.858 31.478 33.261 33.808 34.022 34.104 34.129 34.131 34.125 34.123 34.128 34.144 34.171 34.209 34.259 34.317 34.384 34.457 34.534 34.613 34.693 34.772 34.849 34.923 34.991 35.054 35.111 35.161 35.204 35.240 35.270 35.292 35.309 35.320 35.326 35.328 35.326 35.322 35.316 35.307 35.298 35.288 35.278 35.267 35.256 35.245 35.234 35.224 35.213 35.202 35.192 35.181 35.172 35.163 35.155 35.148 35.145 35.144 35.147 35.155 35.169 35.189 35.217 35.252 35.294 35.344 35.400 35.463 35.532 35.605 35.681 35.758
20.996 31.510 33.230 33.761 33.968 34.048 34.071 34.072 34.066 34.063 34.068 34.083 34.110 34.149 34.199 34.258 34.325 34.398 34.475 34.554 34.633 34.711 34.786 34.856 34.921 34.981 35.034 35.080 35.119 35.152 35.179 35.201 35.217 35.229 35.237 35.241 35.242 35.241 35.236 35.230 35.222 35.212 35.200 35.188 35.174 35.160 35.145 35.131 35.115 35.100 35.086 35.071 35.058 35.045 35.034 35.024 35.017 35.014 35.014 35.019 35.030 35.047 35.071 35.101 35.139 35.183 35.234 35.292 35.354 35.420 35.489 35.559
20.543 31.273 33.128 33.692 33.913 34.001 34.031 34.036 34.034 34.033 34.039 34.055 34.081 34.118 34.165 34.220 34.283 34.351 34.423 34.498 34.573 34.648 34.720 34.789 34.853 34.912 34.965 35.011 35.050 35.082 35.107 35.125 35.137 35.142 35.143 35.139 35.132 35.123 35.111 35.098 35.084 35.070 35.055 35.040 35.026 35.011 34.996 34.982 34.967 34.953 34.938 34.924 34.910 34.897 34.885 34.874 34.866 34.860 34.858 34.860 34.867 34.880 34.899 34.925 34.957 34.996 35.041 35.092 35.148 35.209 35.272 35.337
20.190 31.086 33.032 33.622 33.854 33.947 33.981 33.990 33.992 33.995 34.006 34.026 34.057 34.099 34.149 34.208 34.274 34.343 34.416 34.489 34.561 34.631 34.697 34.758 34.812 34.860 34.901 34.934 34.959 34.978 34.991 34.998 35.002 35.002 35.000 34.997 34.992 34.987 34.981 34.975 34.967 34.958 34.947 34.935 34.921 34.905 34.888 34.869 34.849 34.828 34.807 34.785 34.764 34.744 34.725 34.708 34.694 34.683 34.675 34.672 34.675 34.683 34.697 34.717 34.745 34.779 34.819 34.866 34.917 34.974 35.034 35.096
18.884 30.333 32.765 33.506 33.791 33.909 33.954 33.967 33.967 33.967 33.971 33.984 34.006 34.038 34.080 34.131 34.189 34.252 34.319 34.387 34.455 34.522 34.586 34.647 34.703 34.753 34.798 34.837 34.870 34.896 34.914 34.925 34.929 34.926 34.917 34.902 34.884 34.863 34.842 34.819 34.798 34.777 34.758 34.739 34.720 34.702 34.684 34.665 34.646 34.626 34.605 34.585 34.564 34.543 34.523 34.505 34.489 34.475 34.464 34.458 34.456 34.460 34.470 34.487 34.510 34.540 34.577 34.620 34.669 34.724 34.784 34.848
17.704 29.356 32.378 33.338 33.707 33.866 33.935 33.965 33.978 33.987 33.998 34.016 34.041 34.074 34.115 34.161 34.212 34.267 34.323 34.380 34.436 34.489 34.539 34.584 34.624 34.658 34.685 34.705 34.718 34.726 34.727 34.724 34.718 34.709 34.698 34.687 34.676 34.664 34.653 34.642 34.631 34.620 34.607 34.592 34.575 34.557 34.535 34.512 34.486 34.458 34.429 34.399 34.369 34.340 34.312 34.286 34.263 34.243 34.227 34.216 34.210 34.210 34.216 34.230 34.252 34.280 34.315 34.356 34.406 34.464 34.527 34.589
16.011 23.220 31.287 32.980 33.574 33.825 33.935 33.980 33.996 34.002 34.007 34.016 34.032 34.056 34.088 34.127 34.172 34.222 34.274 34.327 34.379 34.430 34.478 34.523 34.563 34.599 34.628 34.651 34.668 34.677 34.679 34.674 34.662 34.645 34.622 34.596 34.568 34.537 34.506 34.475 34.444 34.413 34.383 34.353 34.323 34.293 34.264 34.234 34.204 34.174 34.145 34.116 34.088 34.062 34.037 34.015 33.996 33.979 33.964 33.953 33.946 33.944 33.951 33.965 33.988 34.015 34.041 34.072 34.126 34.203 34.271 34.277
