Examples/2023_ISeeSnow/data/CoulombOnly/Results/curv77s/s/1HS_03_curv77s_MoT-Voellmy_s_0008.asc
ncols        81
nrows        39
xllcorner    1052.5
yllcorner    -4347.5
cellsize     5.00
NODATA_value -9999
[rows 0 to 31 of 39, columns 0 to 71 of 81]
0.000 0.001 0.009 0.051 0.172 0.422 0.845 1.470 2.294 3.232 4.169 4.997 5.623 5.973 6.012 5.750 5.250 4.600 3.883 3.163 2.476 1.843 1.273 0.770 0.338 0.048 0.000 0.000 0.000 0.000 0.000 0.000 0.000 0.000 0.000 0.000 0.000 0.000 0.000 0.000 0.000 0.000 0.000 0.000 0.000 0.000 0.000 0.000 0.000 0.000 0.000 0.000 0.000 0.000 0.000 0.000 0.000 0.000 0.000 0.000 0.000 0.000 0.000 0.000 0.000 0.000 0.000 0.000 0.000 0.000 0.000 0.000
0.337 1.238 2.732 4.507 6.179 7.607 8.850 10.043 11.867 14.943 16.079 16.514 16.696 16.771 16.795 16.795 16.781 16.760 16.735 16.707 16.678 16.648 16.616 16.585 16.553 16.521 16.489 16.458 16.430 16.400 16.352 16.205 14.435 4.694 0.244 0.015 0.002 0.000 0.000 0.000 0.000 0.000 0.000 0.000 0.000 0.000 0.000 0.000 0.000 0.000 0.000 0.000 0.000 0.000 0.000 0.000 0.000 0.000 0.000 0.000 0.000 0.000 0.000 0.000 0.000 0.000 0.000 0.000 0.000 0.000 0.000 0.000
5.070 6.053 6.636 7.472 8.778 11.220 15.471 16.558 16.896 17.024 17.080 17.106 17.119 17.123 17.120 17.111 17.095 17.075 17.051 17.025 16.996 16.966 16.935 16.903 16.870 16.836 16.801 16.765 16.728 16.689 16.648 16.605 16.559 16.521 16.483 16.443 16.400 16.356 16.311 16.264 16.215 16.163 16.109 16.063 16.039 16.064 16.178 16.264 14.133 4.704 0.048 0.001 0.000 0.000 0.000 0.000 0.000 0.000 0.000 0.000 0.000 0.000 0.000 0.000 0.000 0.000 0.000 0.000 0.000 0.000 0.000 0.000
5.786 6.848 8.151 10.614 15.500 16.632 16.944 17.062 17.125 17.177 17.226 17.273 17.315 17.350 17.375 17.388 17.390 17.383 17.368 17.348 17.325 17.299 17.271 17.242 17.212 17.182 17.150 17.117 17.083 17.048 17.013 16.976 16.938 16.899 16.858 16.817 16.773 16.729 16.684 16.639 16.593 16.547 16.501 16.457 16.414 16.372 16.330 16.284 16.234 16.200 16.171 16.139 16.105 16.070 16.034 15.998 15.961 15.925 15.890 15.855 15.819 15.783 15.746 15.715 15.732 16.060 15.742 9.468 0.630 0.000 0.000 0.000
6.440 8.170 12.119 16.039 16.675 16.856 16.936 17.004 17.080 17.167 17.260 17.351 17.433 17.502 17.556 17.592 17.613 17.621 17.618 17.607 17.592 17.573 17.552 17.529 17.506 17.482 17.457 17.431 17.404 17.377 17.349 17.320 17.290 17.259 17.227 17.194 17.160 17.124 17.087 17.049 17.009 16.968 16.926 16.881 16.834 16.785 16.734 16.680 16.625 16.568 16.511 16.453 16.394 16.334 16.274 16.213 16.152 16.090 16.029 15.967 15.908 15.851 15.800 15.754 15.712 15.669 15.597 15.513 15.480 15.465 15.515 15.827
6.964 9.583 15.191 16.362 16.633 16.716 16.775 16.853 16.954 17.072 17.196 17.316 17.426 17.519 17.593 17.648 17.684 17.705 17.713 17.713 17.706 17.696 17.684 17.671 17.657 17.643 17.628 17.613 17.598 17.582 17.565 17.547 17.529 17.509 17.487 17.462 17.435 17.404 17.367 17.324 17.277 17.228 17.179 17.130 17.082 17.034 16.987 16.943 16.902 16.865 16.830 16.797 16.765 16.736 16.708 16.681 16.656 16.632 16.611 16.599 16.600 16.622 16.673 16.755 16.866 17.000 17.147 17.296 17.434 17.544 17.615 17.636
8.239 14.582 15.585 15.788 15.872 15.970 16.105 16.275 16.468 16.669 16.864 17.043 17.198 17.325 17.423 17.493 17.539 17.565 17.575 17.574 17.565 17.552 17.537 17.521 17.505 17.488 17.472 17.456 17.441 17.427 17.413 17.400 17.388 17.377 17.368 17.361 17.356 17.354 17.356 17.362 17.370 17.376 17.378 17.378 17.377 17.376 17.375 17.373 17.368 17.361 17.350 17.337 17.320 17.299 17.276 17.250 17.222 17.192 17.161 17.133 17.113 17.106 17.120 17.163 17.236 17.338 17.462 17.596 17.722 17.824 17.884 17.893
8.079 14.492 15.624 15.870 15.959 16.041 16.149 16.286 16.446 16.619 16.797 16.970 17.130 17.270 17.387 17.479 17.546 17.592 17.621 17.637 17.643 17.643 17.640 17.634 17.627 17.620 17.612 17.604 17.595 17.586 17.577 17.567 17.557 17.545 17.533 17.520 17.505 17.488 17.469 17.446 17.422 17.398 17.376 17.357 17.339 17.323 17.307 17.293 17.280 17.268 17.257 17.246 17.237 17.228 17.220 17.212 17.205 17.200 17.196 17.198 17.211 17.241 17.296 17.378 17.487 17.619 17.767 17.919 18.060 18.172 18.239 18.249
8.439 14.693 15.629 15.808 15.872 15.948 16.060 16.207 16.382 16.571 16.761 16.944 17.111 17.255 17.374 17.467 17.534 17.579 17.607 17.621 17.626 17.624 17.620 17.614 17.607 17.599 17.592 17.585 17.577 17.570 17.563 17.556 17.549 17.542 17.535 17.529 17.522 17.515 17.509 17.503 17.496 17.490 17.483 17.477 17.471 17.465 17.459 17.453 17.447 17.441 17.436 17.430 17.424 17.418 17.412 17.406 17.400 17.395 17.391 17.392 17.401 17.427 17.475 17.552 17.658 17.791 17.945 18.106 18.260 18.386 18.465 18.484
8.414 14.694 15.656 15.843 15.912 15.991 16.104 16.252 16.426 16.614 16.804 16.987 17.155 17.302 17.424 17.520 17.591 17.640 17.671 17.688 17.695 17.697 17.694 17.689 17.683 17.677 17.670 17.663 17.655 17.647 17.639 17.631 17.623 17.614 17.605 17.596 17.587 17.578 17.568 17.559 17.550 17.541 17.532 17.524 17.516 17.508 17.500 17.493 17.486 17.479 17.473 17.467 17.461 17.455 17.450 17.445 17.441 17.438 17.437 17.442 17.458 17.492 17.552 17.640 17.759 17.905 18.070 18.243 18.407 18.544 18.634 18.659
8.420 14.720 15.680 15.863 15.927 15.999 16.107 16.250 16.420 16.606 16.796 16.979 17.149 17.298 17.423 17.522 17.596 17.647 17.680 17.699 17.708 17.710 17.709 17.706 17.702 17.697 17.692 17.687 17.682 17.676 17.671 17.666 17.661 17.655 17.650 17.645 17.639 17.634 17.628 17.623 17.618 17.612 17.607 17.601 17.596 17.591 17.586 17.580 17.575 17.570 17.565 17.560 17.556 17.551 17.547 17.543 17.539 17.536 17.536 17.541 17.557 17.591 17.650 17.739 17.859 18.006 18.174 18.351 18.520 18.661 18.755 18.784
8.393 14.726 15.705 15.893 15.957 16.029 16.137 16.281 16.452 16.639 16.830 17.015 17.186 17.336 17.462 17.561 17.636 17.688 17.721 17.741 17.750 17.754 17.753 17.750 17.746 17.742 17.737 17.733 17.728 17.723 17.718 17.713 17.708 17.702 17.697 17.692 17.687 17.682 17.677 17.672 17.667 17.662 17.657 17.652 17.647 17.642 17.638 17.633 17.629 17.625 17.621 17.617 17.613 17.609 17.606 17.603 17.600 17.598 17.599 17.605 17.622 17.658 17.720 17.811 17.933 18.083 18.253 18.431 18.603 18.747 18.843 18.874
8.368 14.733 15.728 15.918 15.981 16.052 16.158 16.300 16.470 16.655 16.846 17.030 17.201 17.352 17.479 17.580 17.656 17.709 17.744 17.765 17.776 17.781 17.781 17.780 17.777 17.774 17.771 17.767 17.764 17.760 17.756 17.753 17.749 17.745 17.741 17.738 17.734 17.730 17.726 17.722 17.718 17.714 17.711 17.707 17.703 17.699 17.695 17.692 17.688 17.685 17.681 17.678 17.675 17.672 17.669 17.666 17.663 17.662 17.662 17.669 17.686 17.722 17.783 17.874 17.996 18.146 18.315 18.494 18.665 18.810 18.907 18.939
8.344 14.738 15.747 15.941 16.004 16.075 16.180 16.322 16.491 16.677 16.867 17.053 17.224 17.376 17.503 17.605 17.681 17.736 17.771 17.793 17.805 17.810 17.811 17.810 17.808 17.806 17.803 17.800 17.797 17.794 17.791 17.788 17.785 17.782 17.779 17.776 17.773 17.770 17.767 17.763 17.760 17.757 17.754 17.751 17.748 17.745 17.742 17.739 17.736 17.733 17.730 17.727 17.725 17.722 17.720 17.717 17.715 17.714 17.715 17.722 17.739 17.775 17.835 17.926 18.047 18.195 18.364 18.542 18.713 18.858 18.956 18.988
8.323 14.742 15.764 15.960 16.024 16.093 16.198 16.340 16.508 16.694 16.884 17.070 17.241 17.393 17.521 17.624 17.701 17.756 17.793 17.815 17.827 17.833 17.835 17.835 17.834 17.832 17.830 17.828 17.826 17.824 17.822 17.819 17.817 17.815 17.812 17.810 17.807 17.805 17.803 17.800 17.798 17.795 17.793 17.790 17.788 17.785 17.783 17.781 17.778 17.776 17.774 17.771 17.769 17.767 17.765 17.763 17.761 17.760 17.761 17.767 17.784 17.819 17.879 17.968 18.088 18.236 18.403 18.580 18.751 18.895 18.994 19.027
8.305 14.746 15.777 15.976 16.039 16.109 16.213 16.354 16.523 16.708 16.899 17.084 17.256 17.409 17.537 17.640 17.718 17.774 17.811 17.834 17.847 17.853 17.856 17.856 17.855 17.854 17.853 17.851 17.850 17.848 17.846 17.845 17.843 17.841 17.839 17.837 17.836 17.834 17.832 17.830 17.828 17.826 17.824 17.822 17.820 17.819 17.817 17.815 17.813 17.811 17.809 17.807 17.805 17.803 17.802 17.800 17.798 17.797 17.798 17.805 17.822 17.856 17.915 18.003 18.122 18.268 18.435 18.611 18.781 18.925 19.024 19.058
8.291 14.749 15.788 15.988 16.052 16.121 16.225 16.366 16.534 16.719 16.910 17.095 17.268 17.420 17.549 17.653 17.731 17.787 17.825 17.848 17.861 17.868 17.871 17.872 17.872 17.871 17.870 17.869 17.868 17.867 17.865 17.864 17.863 17.861 17.860 17.859 17.857 17.856 17.855 17.853 17.852 17.850 17.849 17.847 17.846 17.844 17.843 17.841 17.839 17.838 17.836 17.835 17.833 17.831 17.830 17.828 17.827 17.826 17.827 17.834 17.850 17.884 17.942 18.030 18.148 18.293 18.459 18.634 18.803 18.948 19.047 19.082
8.282 14.751 15.795 15.996 16.060 16.129 16.233 16.373 16.541 16.726 16.917 17.103 17.275 17.428 17.557 17.661 17.740 17.796 17.834 17.857 17.871 17.878 17.882 17.883 17.883 17.882 17.882 17.881 17.880 17.879 17.878 17.877 17.876 17.875 17.874 17.873 17.872 17.871 17.869 17.868 17.867 17.866 17.865 17.863 17.862 17.861 17.859 17.858 17.857 17.855 17.854 17.853 17.851 17.850 17.848 17.847 17.845 17.844 17.846 17.852 17.869 17.902 17.960 18.048 18.165 18.310 18.475 18.651 18.820 18.965 19.064 19.100
8.281 14.754 15.799 16.000 16.064 16.132 16.236 16.376 16.544 16.729 16.919 17.105 17.278 17.431 17.560 17.664 17.743 17.800 17.838 17.862 17.876 17.883 17.887 17.888 17.888 17.888 17.887 17.886 17.886 17.885 17.884 17.883 17.882 17.881 17.881 17.880 17.879 17.878 17.877 17.876 17.874 17.873 17.872 17.871 17.870 17.869 17.867 17.866 17.865 17.864 17.862 17.861 17.859 17.858 17.857 17.855 17.854 17.853 17.854 17.860 17.877 17.911 17.970 18.057 18.176 18.321 18.488 18.664 18.834 18.981 19.081 19.118
8.324 14.768 15.797 15.994 16.057 16.126 16.230 16.371 16.540 16.726 16.917 17.104 17.277 17.431 17.560 17.664 17.743 17.800 17.838 17.862 17.876 17.883 17.887 17.888 17.888 17.888 17.887 17.887 17.886 17.885 17.884 17.883 17.882 17.881 17.881 17.880 17.879 17.878 17.877 17.875 17.874 17.873 17.872 17.871 17.870 17.868 17.867 17.866 17.865 17.863 17.862 17.860 17.859 17.857 17.856 17.854 17.853 17.852 17.853 17.860 17.876 17.910 17.969 18.057 18.175 18.322 18.490 18.669 18.843 18.993 19.099 19.140
8.281 14.754 15.799 16.000 16.064 16.132 16.236 16.376 16.544 16.729 16.919 17.105 17.278 17.431 17.560 17.664 17.743 17.800 17.838 17.862 17.876 17.883 17.887 17.888 17.888 17.888 17.887 17.887 17.886 17.885 17.884 17.883 17.882 17.881 17.881 17.880 17.879 17.878 17.877 17.876 17.874 17.873 17.872 17.871 17.870 17.869 17.867 17.866 17.865 17.864 17.862 17.861 17.859 17.858 17.857 17.855 17.854 17.853 17.854 17.860 17.877 17.911 17.970 18.057 18.176 18.321 18.488 18.664 18.834 18.981 19.081 19.118
8.282 14.751 15.795 15.996 16.060 16.129 16.233 16.373 16.541 16.726 16.917 17.103 17.275 17.428 17.557 17.661 17.740 17.796 17.834 17.857 17.871 17.878 17.882 17.883 17.883 17.882 17.882 17.881 17.880 17.879 17.878 17.877 17.876 17.875 17.874 17.873 17.872 17.871 17.869 17.868 17.867 17.866 17.865 17.863 17.862 17.861 17.859 17.858 17.857 17.855 17.854 17.853 17.851 17.850 17.848 17.847 17.845 17.845 17.846 17.852 17.869 17.902 17.960 18.048 18.165 18.310 18.476 18.651 18.820 18.965 19.064 19.100
8.291 14.749 15.788 15.988 16.052 16.121 16.225 16.366 16.534 16.719 16.910 17.095 17.268 17.420 17.549 17.653 17.731 17.787 17.825 17.848 17.861 17.868 17.871 17.872 17.872 17.871 17.870 17.869 17.868 17.867 17.865 17.864 17.863 17.861 17.860 17.859 17.857 17.856 17.855 17.853 17.852 17.850 17.849 17.847 17.846 17.844 17.843 17.841 17.839 17.838 17.836 17.835 17.833 17.831 17.830 17.828 17.827 17.826 17.827 17.834 17.850 17.884 17.943 18.030 18.148 18.293 18.459 18.634 18.803 18.948 19.047 19.082
8.305 14.746 15.777 15.976 16.039 16.109 16.213 16.354 16.523 16.708 16.899 17.084 17.256 17.409 17.537 17.640 17.718 17.774 17.811 17.834 17.847 17.853 17.856 17.856 17.855 17.854 17.853 17.851 17.850 17.848 17.846 17.845 17.843 17.841 17.839 17.837 17.836 17.834 17.832 17.830 17.828 17.826 17.824 17.822 17.821 17.819 17.817 17.815 17.813 17.811 17.809 17.807 17.805 17.803 17.802 17.800 17.798 17.797 17.799 17.805 17.822 17.856 17.915 18.003 18.122 18.268 18.435 18.611 18.781 18.925 19.024 19.058
8.323 14.742 15.764 15.960 16.024 16.093 16.198 16.340 16.508 16.694 16.884 17.070 17.241 17.393 17.521 17.624 17.701 17.756 17.793 17.815 17.827 17.833 17.835 17.835 17.834 17.832 17.830 17.828 17.826 17.824 17.822 17.819 17.817 17.815 17.812 17.810 17.807 17.805 17.803 17.800 17.798 17.795 17.793 17.790 17.788 17.786 17.783 17.781 17.778 17.776 17.774 17.771 17.769 17.767 17.765 17.763 17.761 17.760 17.761 17.767 17.785 17.820 17.879 17.969 18.088 18.236 18.403 18.580 18.751 18.896 18.994 19.027
8.344 14.738 15.747 15.941 16.004 16.075 16.180 16.322 16.491 16.677 16.867 17.053 17.224 17.376 17.503 17.605 17.681 17.736 17.771 17.793 17.805 17.810 17.811 17.810 17.808 17.806 17.803 17.800 17.797 17.794 17.791 17.788 17.785 17.782 17.779 17.776 17.773 17.770 17.767 17.763 17.760 17.757 17.754 17.751 17.748 17.745 17.742 17.739 17.736 17.733 17.730 17.727 17.725 17.722 17.720 17.717 17.715 17.714 17.715 17.722 17.739 17.775 17.835 17.926 18.047 18.195 18.364 18.542 18.713 18.858 18.956 18.988
8.368 14.733 15.728 15.918 15.981 16.052 16.158 16.300 16.470 16.655 16.846 17.030 17.201 17.352 17.479 17.580 17.656 17.709 17.744 17.765 17.776 17.781 17.781 17.780 17.777 17.774 17.771 17.767 17.764 17.760 17.756 17.753 17.749 17.745 17.741 17.738 17.734 17.730 17.726 17.722 17.718 17.714 17.711 17.707 17.703 17.699 17.695 17.692 17.688 17.685 17.681 17.678 17.675 17.672 17.669 17.666 17.663 17.662 17.663 17.669 17.687 17.722 17.783 17.874 17.996 18.146 18.315 18.494 18.665 18.810 18.907 18.939
8.393 14.726 15.705 15.893 15.957 16.029 16.137 16.281 16.452 16.639 16.830 17.015 17.186 17.336 17.462 17.561 17.636 17.688 17.721 17.741 17.750 17.754 17.753 17.750 17.746 17.742 17.737 17.733 17.728 17.723 17.718 17.713 17.708 17.702 17.697 17.692 17.687 17.682 17.677 17.672 17.667 17.662 17.657 17.652 17.647 17.642 17.638 17.633 17.629 17.625 17.621 17.617 17.613 17.609 17.606 17.603 17.600 17.598 17.599 17.605 17.623 17.659 17.720 17.811 17.933 18.083 18.253 18.432 18.603 18.747 18.843 18.874
8.420 14.720 15.680 15.863 15.927 15.999 16.107 16.250 16.420 16.606 16.796 16.979 17.149 17.298 17.423 17.522 17.596 17.647 17.680 17.699 17.708 17.710 17.709 17.706 17.702 17.697 17.692 17.687 17.682 17.676 17.671 17.666 17.661 17.655 17.650 17.645 17.639 17.634 17.628 17.623 17.618 17.612 17.607 17.601 17.596 17.591 17.586 17.580 17.575 17.570 17.565 17.560 17.556 17.551 17.547 17.543 17.539 17.536 17.536 17.541 17.557 17.591 17.650 17.739 17.859 18.007 18.174 18.351 18.520 18.661 18.755 18.784
8.414 14.694 15.656 15.843 15.912 15.991 16.104 16.252 16.426 16.614 16.804 16.987 17.155 17.302 17.424 17.520 17.591 17.640 17.671 17.688 17.695 17.697 17.694 17.689 17.684 17.677 17.670 17.663 17.655 17.647 17.639 17.631 17.623 17.614 17.605 17.596 17.587 17.578 17.568 17.559 17.550 17.541 17.532 17.524 17.516 17.508 17.500 17.493 17.486 17.479 17.473 17.467 17.461 17.455 17.450 17.445 17.441 17.438 17.437 17.442 17.458 17.492 17.552 17.640 17.759 17.905 18.070 18.243 18.407 18.544 18.634 18.659
8.439 14.693 15.629 15.808 15.872 15.948 16.060 16.207 16.382 16.571 16.762 16.944 17.111 17.255 17.374 17.467 17.534 17.579 17.607 17.621 17.626 17.624 17.620 17.614 17.607 17.599 17.592 17.584 17.577 17.570 17.563 17.556 17.549 17.542 17.535 17.528 17.522 17.515 17.509 17.503 17.496 17.490 17.483 17.477 17.471 17.465 17.459 17.453 17.447 17.441 17.436 17.430 17.424 17.418 17.412 17.406 17.400 17.395 17.391 17.392 17.401 17.427 17.475 17.552 17.658 17.791 17.944 18.106 18.260 18.386 18.465 18.484
8.079 14.491 15.624 15.870 15.959 16.041 16.149 16.286 16.446 16.619 16.797 16.970 17.130 17.270 17.387 17.479 17.546 17.592 17.621 17.637 17.643 17.643 17.640 17.634 17.627 17.620 17.612 17.604 17.595 17.586 17.577 17.567 17.557 17.545 17.533 17.520 17.505 17.489 17.469 17.447 17.422 17.399 17.377 17.357 17.339 17.323 17.307 17.293 17.280 17.268 17.256 17.246 17.237 17.228 17.220 17.212 17.205 17.199 17.196 17.198 17.211 17.241 17.296 17.378 17.487 17.619 17.767 17.919 18.060 18.172 18.239 18.249
