Examples/2023_ISeeSnow/data/CoulombOnly/Results/curv77s/s/1HS_03_curv77s_MoT-Voellmy_s_0023.asc
ncols        118
nrows        33
xllcorner    1407.5
yllcorner    -4332.5
cellsize     5.00
NODATA_value -9999
[rows 0 to 32 of 33, columns 0 to 72 of 118]
15.317 16.239 16.561 16.749 16.903 17.050 17.204 17.375 17.561 17.778 18.026 18.301 18.611 18.962 19.353 19.788 20.264 20.780 21.323 21.863 22.355 22.742 22.982 23.289 24.362 26.731 30.374 34.240 35.873 33.040 26.617 19.812 14.475 9.575 2.426 0.024 0.000 0.000 0.000 0.000 0.000 0.000 0.000 0.000 0.000 0.000 0.000 0.000 0.000 0.000 0.000 0.000 0.000 0.000 0.000 0.000 0.000 0.000 0.000 0.000 0.000 0.000 0.000 0.000 0.000 0.000 0.000 0.000 0.000 0.000 0.000 0.000 0.000
16.557 18.310 19.088 19.548 19.889 20.189 20.481 20.796 21.151 21.556 22.025 22.576 23.229 24.025 24.999 26.204 27.730 29.744 32.493 36.496 42.905 44.019 44.328 44.528 44.693 44.891 45.172 45.531 45.890 44.803 43.481 41.528 39.603 39.698 43.113 46.724 46.074 38.465 27.801 19.098 11.082 1.631 0.003 0.000 0.000 0.000 0.000 0.000 0.000 0.000 0.000 0.000 0.000 0.000 0.000 0.000 0.000 0.000 0.000 0.000 0.000 0.000 0.000 0.000 0.000 0.000 0.000 0.000 0.000 0.000 0.000 0.000 0.000
17.356 19.672 20.884 21.692 22.330 22.900 23.477 24.123 24.897 25.932 27.407 29.896 35.324 42.692 44.515 45.500 46.246 46.857 47.358 47.751 48.004 48.155 48.264 48.346 48.407 48.455 48.500 48.551 48.610 48.670 48.671 48.596 48.422 48.275 48.343 48.604 48.825 48.610 47.580 45.943 48.095 52.268 51.542 42.116 29.340 19.224 8.142 0.366 0.000 0.000 0.000 0.000 0.000 0.000 0.000 0.000 0.000 0.000 0.000 0.000 0.000 0.000 0.000 0.000 0.000 0.000 0.000 0.000 0.000 0.000 0.000 0.000 0.000
17.881 20.561 22.127 23.293 24.319 25.365 26.624 28.481 32.144 41.376 44.634 46.183 47.214 47.856 48.252 48.523 48.722 48.870 48.979 49.059 49.117 49.162 49.198 49.229 49.254 49.276 49.296 49.316 49.338 49.363 49.389 49.411 49.424 49.429 49.444 49.483 49.542 49.588 49.555 49.440 49.511 49.854 50.141 49.767 48.271 49.218 53.352 54.715 46.355 32.444 21.007 9.251 0.484 0.000 0.000 0.000 0.000 0.000 0.000 0.000 0.000 0.000 0.000 0.000 0.000 0.000 0.000 0.000 0.000 0.000 0.000 0.000 0.000
18.317 21.278 23.186 24.803 26.533 29.030 34.820 43.430 46.071 47.395 48.123 48.566 48.853 49.043 49.170 49.258 49.319 49.362 49.392 49.413 49.430 49.444 49.456 49.468 49.480 49.493 49.507 49.523 49.540 49.560 49.581 49.605 49.630 49.655 49.682 49.712 49.748 49.788 49.825 49.853 49.891 49.958 50.045 50.097 50.027 50.033 50.328 50.689 50.442 48.966 49.417 54.375 54.836 44.797 30.405 19.063 6.393 0.137 0.000 0.000 0.000 0.000 0.000 0.000 0.000 0.000 0.000 0.000 0.000 0.000 0.000 0.000 0.000
18.784 22.083 24.488 27.063 31.384 42.027 45.911 47.505 48.304 48.758 49.033 49.207 49.319 49.391 49.438 49.467 49.486 49.498 49.506 49.512 49.517 49.523 49.530 49.539 49.549 49.562 49.576 49.592 49.610 49.630 49.651 49.674 49.699 49.725 49.752 49.781 49.812 49.845 49.880 49.916 49.953 49.995 50.043 50.093 50.133 50.173 50.236 50.326 50.384 50.314 50.332 50.636 50.926 50.439 48.665 50.976 54.991 52.607 40.295 26.608 15.638 3.091 0.014 0.000 0.000 0.000 0.000 0.000 0.000 0.000 0.000 0.000 0.000
19.403 23.230 26.653 32.509 43.395 46.678 47.976 48.625 48.987 49.202 49.332 49.413 49.461 49.490 49.507 49.516 49.521 49.524 49.526 49.530 49.535 49.543 49.552 49.564 49.578 49.594 49.611 49.631 49.652 49.674 49.697 49.721 49.746 49.771 49.797 49.824 49.851 49.879 49.907 49.937 49.967 49.999 50.033 50.069 50.106 50.143 50.184 50.230 50.276 50.311 50.344 50.399 50.471 50.490 50.368 50.403 50.710 50.826 49.956 47.982 51.419 54.678 49.198 35.854 23.464 12.031 1.153 0.001 0.000 0.000 0.000 0.000 0.000
20.189 24.854 30.693 42.861 46.636 48.028 48.690 49.047 49.251 49.371 49.441 49.480 49.501 49.512 49.515 49.517 49.517 49.519 49.522 49.528 49.536 49.548 49.562 49.579 49.598 49.619 49.642 49.666 49.691 49.716 49.742 49.768 49.794 49.820 49.845 49.870 49.894 49.918 49.942 49.965 49.988 50.012 50.036 50.061 50.086 50.112 50.140 50.168 50.199 50.229 50.260 50.292 50.328 50.360 50.379 50.399 50.441 50.483 50.444 50.282 50.360 50.644 50.531 49.307 47.424 51.957 53.940 46.275 32.982 21.620 9.050 0.385 0.000
21.125 27.092 40.332 45.870 47.770 48.599 49.019 49.250 49.381 49.454 49.493 49.512 49.519 49.520 49.518 49.516 49.515 49.517 49.523 49.532 49.544 49.560 49.580 49.602 49.626 49.653 49.681 49.710 49.740 49.770 49.799 49.828 49.856 49.883 49.908 49.933 49.955 49.977 49.996 50.015 50.032 50.049 50.065 50.080 50.095 50.110 50.125 50.141 50.157 50.175 50.193 50.212 50.232 50.253 50.273 50.293 50.315 50.337 50.353 50.356 50.366 50.395 50.405 50.315 50.155 50.283 50.518 50.208 48.801 47.120 52.550 53.479 44.746
22.139 29.965 43.444 47.045 48.315 48.902 49.209 49.376 49.468 49.515 49.537 49.545 49.544 49.539 49.534 49.530 49.530 49.533 49.540 49.551 49.567 49.586 49.609 49.635 49.664 49.695 49.727 49.760 49.793 49.827 49.859 49.891 49.921 49.950 49.977 50.002 50.024 50.044 50.062 50.078 50.092 50.104 50.114 50.122 50.129 50.136 50.141 50.146 50.151 50.156 50.162 50.168 50.175 50.182 50.191 50.200 50.211 50.222 50.234 50.246 50.258 50.271 50.285 50.290 50.287 50.295 50.316 50.308 50.202 50.063 50.219 50.416 50.031
23.088 33.502 45.100 47.651 48.627 49.095 49.341 49.473 49.542 49.575 49.586 49.586 49.579 49.571 49.564 49.559 49.558 49.561 49.569 49.582 49.600 49.622 49.648 49.677 49.709 49.743 49.779 49.816 49.853 49.890 49.926 49.961 49.994 50.025 50.054 50.080 50.103 50.124 50.141 50.156 50.167 50.176 50.182 50.185 50.187 50.186 50.184 50.181 50.177 50.171 50.166 50.160 50.155 50.150 50.146 50.143 50.141 50.140 50.141 50.143 50.147 50.153 50.161 50.170 50.180 50.192 50.206 50.220 50.228 50.231 50.246 50.270 50.265
23.897 37.394 46.018 48.002 48.833 49.236 49.446 49.556 49.611 49.634 49.639 49.633 49.623 49.612 49.603 49.597 49.595 49.599 49.608 49.622 49.641 49.664 49.692 49.723 49.758 49.794 49.833 49.872 49.911 49.950 49.989 50.026 50.061 50.094 50.124 50.152 50.176 50.198 50.216 50.230 50.241 50.249 50.254 50.255 50.253 50.249 50.242 50.233 50.222 50.210 50.197 50.182 50.168 50.153 50.138 50.125 50.112 50.101 50.092 50.085 50.080 50.077 50.077 50.080 50.085 50.093 50.104 50.117 50.131 50.148 50.166 50.187 50.209
24.515 40.711 46.409 48.216 48.974 49.341 49.532 49.631 49.677 49.694 49.693 49.683 49.670 49.656 49.644 49.636 49.633 49.635 49.643 49.656 49.675 49.699 49.728 49.760 49.796 49.834 49.874 49.915 49.957 49.999 50.040 50.080 50.118 50.153 50.186 50.216 50.243 50.266 50.286 50.302 50.314 50.322 50.327 50.328 50.325 50.319 50.311 50.299 50.286 50.270 50.253 50.235 50.217 50.198 50.180 50.163 50.147 50.134 50.123 50.114 50.109 50.108 50.111 50.117 50.128 50.143 50.161 50.183 50.208 50.235 50.263 50.292 50.321
24.895 41.797 46.688 48.372 49.081 49.427 49.605 49.695 49.735 49.746 49.741 49.726 49.709 49.692 49.677 49.667 49.662 49.662 49.669 49.683 49.702 49.726 49.755 49.789 49.826 49.866 49.908 49.952 49.996 50.040 50.084 50.126 50.167 50.206 50.242 50.276 50.306 50.333 50.356 50.375 50.391 50.403 50.411 50.415 50.416 50.413 50.408 50.400 50.389 50.377 50.363 50.349 50.335 50.321 50.308 50.296 50.287 50.280 50.277 50.277 50.281 50.290 50.303 50.320 50.342 50.368 50.399 50.434 50.474 50.518 50.567 50.621 50.679
25.167 42.081 46.840 48.469 49.156 49.492 49.664 49.749 49.784 49.792 49.783 49.765 49.744 49.724 49.707 49.694 49.686 49.685 49.691 49.703 49.721 49.745 49.774 49.808 49.847 49.888 49.932 49.978 50.025 50.073 50.120 50.166 50.211 50.254 50.294 50.332 50.366 50.397 50.424 50.448 50.467 50.482 50.494 50.501 50.506 50.507 50.505 50.501 50.495 50.488 50.480 50.471 50.463 50.456 50.451 50.448 50.448 50.452 50.459 50.472 50.489 50.512 50.540 50.574 50.614 50.659 50.710 50.766 50.827 50.892 50.960 51.031 51.105
25.813 42.701 47.115 48.604 49.238 49.548 49.704 49.779 49.807 49.807 49.792 49.769 49.744 49.720 49.699 49.684 49.674 49.672 49.677 49.690 49.709 49.735 49.768 49.805 49.847 49.892 49.941 49.991 50.043 50.095 50.147 50.198 50.247 50.294 50.339 50.381 50.420 50.455 50.486 50.513 50.536 50.555 50.570 50.581 50.589 50.593 50.594 50.592 50.588 50.583 50.577 50.571 50.565 50.560 50.558 50.558 50.562 50.570 50.582 50.600 50.624 50.654 50.690 50.733 50.783 50.839 50.903 50.974 51.052 51.137 51.229 51.326 51.429
29.358 44.979 47.904 48.904 49.367 49.604 49.725 49.782 49.801 49.798 49.783 49.761 49.739 49.718 49.701 49.690 49.685 49.687 49.696 49.712 49.734 49.763 49.796 49.835 49.877 49.923 49.971 50.020 50.070 50.121 50.171 50.220 50.268 50.313 50.356 50.396 50.433 50.466 50.495 50.521 50.543 50.562 50.576 50.588 50.596 50.602 50.605 50.607 50.607 50.607 50.607 50.607 50.608 50.611 50.616 50.624 50.636 50.651 50.672 50.696 50.726 50.762 50.803 50.850 50.902 50.960 51.023 51.092 51.165 51.243 51.326 51.414 51.506
25.811 42.700 47.115 48.604 49.238 49.548 49.704 49.779 49.807 49.807 49.792 49.769 49.744 49.720 49.699 49.684 49.674 49.672 49.678 49.690 49.710 49.736 49.768 49.805 49.847 49.892 49.941 49.991 50.043 50.095 50.147 50.198 50.247 50.295 50.339 50.381 50.420 50.455 50.486 50.513 50.536 50.555 50.570 50.582 50.589 50.593 50.594 50.592 50.589 50.583 50.577 50.571 50.565 50.561 50.558 50.558 50.562 50.570 50.583 50.600 50.624 50.654 50.690 50.733 50.783 50.840 50.903 50.974 51.052 51.137 51.229 51.326 51.429
25.166 42.080 46.840 48.468 49.156 49.492 49.664 49.749 49.785 49.792 49.783 49.765 49.745 49.724 49.707 49.694 49.687 49.685 49.691 49.703 49.721 49.745 49.774 49.809 49.847 49.888 49.932 49.978 50.025 50.073 50.120 50.166 50.211 50.254 50.295 50.332 50.367 50.397 50.425 50.448 50.467 50.482 50.494 50.502 50.506 50.507 50.506 50.501 50.495 50.488 50.480 50.471 50.463 50.456 50.451 50.448 50.448 50.452 50.460 50.472 50.489 50.512 50.540 50.574 50.614 50.659 50.710 50.766 50.827 50.891 50.960 51.031 51.104
24.894 41.796 46.687 48.371 49.081 49.427 49.605 49.695 49.735 49.746 49.741 49.727 49.709 49.692 49.677 49.667 49.662 49.663 49.670 49.683 49.702 49.726 49.755 49.789 49.826 49.866 49.908 49.952 49.996 50.040 50.084 50.127 50.167 50.206 50.242 50.276 50.306 50.333 50.356 50.375 50.391 50.403 50.411 50.415 50.416 50.414 50.408 50.400 50.389 50.377 50.364 50.349 50.335 50.321 50.308 50.296 50.287 50.280 50.277 50.277 50.281 50.290 50.302 50.320 50.341 50.368 50.398 50.434 50.473 50.518 50.567 50.620 50.678
24.514 40.704 46.408 48.216 48.974 49.341 49.532 49.631 49.677 49.694 49.693 49.683 49.670 49.656 49.644 49.636 49.633 49.635 49.643 49.657 49.676 49.700 49.728 49.760 49.796 49.834 49.874 49.916 49.957 49.999 50.040 50.080 50.118 50.154 50.187 50.217 50.244 50.267 50.286 50.302 50.314 50.322 50.327 50.328 50.325 50.320 50.311 50.299 50.286 50.270 50.253 50.235 50.217 50.198 50.180 50.163 50.147 50.134 50.122 50.114 50.109 50.108 50.110 50.117 50.127 50.142 50.160 50.182 50.207 50.234 50.262 50.291 50.320
23.895 37.385 46.017 48.002 48.833 49.235 49.446 49.556 49.612 49.635 49.639 49.633 49.623 49.612 49.603 49.597 49.596 49.599 49.608 49.622 49.641 49.665 49.692 49.724 49.758 49.795 49.833 49.872 49.911 49.951 49.989 50.026 50.061 50.094 50.124 50.152 50.177 50.198 50.216 50.230 50.241 50.249 50.254 50.255 50.253 50.249 50.242 50.233 50.222 50.210 50.196 50.182 50.167 50.153 50.138 50.124 50.112 50.101 50.091 50.084 50.079 50.076 50.077 50.079 50.084 50.092 50.103 50.116 50.130 50.147 50.165 50.186 50.207
23.086 33.496 45.099 47.650 48.627 49.095 49.341 49.473 49.542 49.575 49.586 49.586 49.580 49.571 49.564 49.559 49.558 49.561 49.569 49.582 49.600 49.622 49.648 49.677 49.709 49.743 49.779 49.816 49.853 49.890 49.926 49.961 49.994 50.026 50.054 50.080 50.104 50.124 50.141 50.156 50.167 50.176 50.182 50.185 50.187 50.186 50.184 50.181 50.176 50.171 50.165 50.160 50.154 50.149 50.145 50.142 50.140 50.139 50.140 50.142 50.146 50.152 50.160 50.169 50.179 50.190 50.204 50.218 50.226 50.230 50.244 50.269 50.264
22.138 29.963 43.442 47.044 48.314 48.902 49.209 49.376 49.468 49.515 49.538 49.545 49.544 49.539 49.534 49.530 49.530 49.533 49.540 49.551 49.567 49.586 49.609 49.636 49.664 49.695 49.727 49.760 49.794 49.827 49.860 49.891 49.921 49.950 49.977 50.002 50.024 50.044 50.062 50.078 50.092 50.103 50.113 50.122 50.129 50.135 50.140 50.145 50.150 50.155 50.161 50.167 50.174 50.181 50.189 50.199 50.209 50.221 50.232 50.244 50.256 50.270 50.283 50.288 50.286 50.293 50.314 50.307 50.201 50.061 50.214 50.413 50.037
21.125 27.090 40.322 45.869 47.770 48.599 49.019 49.250 49.381 49.454 49.493 49.512 49.519 49.520 49.518 49.516 49.515 49.517 49.523 49.532 49.544 49.560 49.580 49.602 49.626 49.653 49.681 49.710 49.740 49.770 49.799 49.828 49.856 49.883 49.908 49.932 49.955 49.976 49.996 50.014 50.032 50.048 50.064 50.079 50.094 50.109 50.124 50.140 50.156 50.173 50.191 50.210 50.230 50.251 50.272 50.292 50.313 50.336 50.351 50.355 50.364 50.392 50.404 50.315 50.153 50.277 50.513 50.213 48.818 47.115 52.522 53.509 44.835
20.189 24.853 30.691 42.859 46.636 48.028 48.690 49.047 49.251 49.371 49.441 49.480 49.501 49.512 49.515 49.517 49.517 49.519 49.522 49.528 49.536 49.548 49.562 49.578 49.598 49.619 49.641 49.665 49.690 49.716 49.742 49.768 49.794 49.819 49.844 49.869 49.893 49.917 49.941 49.964 49.987 50.011 50.035 50.059 50.085 50.111 50.138 50.167 50.197 50.228 50.258 50.290 50.326 50.358 50.377 50.397 50.438 50.481 50.443 50.282 50.356 50.639 50.534 49.324 47.427 51.923 53.962 46.378 33.100 21.720 9.182 0.404 0.000
19.403 23.230 26.653 32.508 43.394 46.678 47.976 48.625 48.987 49.202 49.332 49.413 49.461 49.490 49.507 49.516 49.520 49.523 49.526 49.530 49.535 49.542 49.552 49.563 49.577 49.593 49.611 49.630 49.651 49.673 49.696 49.720 49.745 49.770 49.796 49.823 49.850 49.877 49.906 49.936 49.966 49.998 50.032 50.068 50.104 50.142 50.182 50.228 50.274 50.309 50.342 50.397 50.469 50.489 50.368 50.401 50.706 50.827 49.971 47.998 51.388 54.685 49.308 35.993 23.572 12.171 1.201 0.001 0.000 0.000 0.000 0.000 0.000
18.784 22.083 24.488 27.064 31.385 42.029 45.912 47.505 48.305 48.758 49.034 49.207 49.319 49.391 49.438 49.467 49.486 49.498 49.506 49.512 49.517 49.523 49.530 49.538 49.549 49.561 49.575 49.591 49.609 49.629 49.650 49.673 49.698 49.724 49.751 49.780 49.811 49.844 49.879 49.914 49.952 49.993 50.041 50.091 50.132 50.172 50.234 50.324 50.383 50.315 50.328 50.632 50.926 50.452 48.688 50.956 54.973 52.704 40.461 26.736 15.768 3.188 0.015 0.000 0.000 0.000 0.000 0.000 0.000 0.000 0.000 0.000 0.000
18.317 21.278 23.187 24.803 26.535 29.032 34.829 43.435 46.074 47.396 48.124 48.567 48.854 49.043 49.170 49.258 49.319 49.361 49.391 49.413 49.430 49.443 49.456 49.468 49.480 49.493 49.507 49.522 49.539 49.559 49.580 49.604 49.629 49.654 49.681 49.711 49.747 49.787 49.824 49.852 49.889 49.956 50.044 50.097 50.029 50.033 50.324 50.688 50.452 48.991 49.273 54.266 54.902 44.972 30.564 19.186 6.538 0.148 0.000 0.000 0.000 0.000 0.000 0.000 0.000 0.000 0.000 0.000 0.000 0.000 0.000 0.000 0.000
17.881 20.561 22.128 23.294 24.321 25.367 26.627 28.486 32.159 41.386 44.639 46.187 47.218 47.858 48.254 48.525 48.723 48.871 48.980 49.059 49.117 49.162 49.198 49.229 49.254 49.276 49.296 49.316 49.337 49.362 49.388 49.411 49.423 49.429 49.443 49.482 49.542 49.588 49.557 49.441 49.506 49.846 50.140 49.782 48.301 49.012 53.313 54.768 46.530 32.619 21.133 9.419 0.514 0.000 0.000 0.000 0.000 0.000 0.000 0.000 0.000 0.000 0.000 0.000 0.000 0.000 0.000 0.000 0.000 0.000 0.000 0.000 0.000
17.357 19.672 20.885 21.694 22.332 22.903 23.479 24.126 24.901 25.937 27.414 29.913 35.370 42.711 44.523 45.507 46.253 46.863 47.364 47.756 48.007 48.157 48.266 48.348 48.409 48.457 48.501 48.552 48.611 48.671 48.674 48.601 48.429 48.278 48.342 48.602 48.827 48.623 47.608 45.954 48.040 52.225 51.606 42.288 29.510 19.357 8.317 0.393 0.000 0.000 0.000 0.000 0.000 0.000 0.000 0.000 0.000 0.000 0.000 0.000 0.000 0.000 0.000 0.000 0.000 0.000 0.000 0.000 0.000 0.000 0.000 0.000 0.000
16.557 18.311 19.089 19.549 19.891 20.191 20.483 20.799 21.154 21.560 22.029 22.581 23.236 24.033 25.011 26.217 27.753 29.778 32.549 36.604 43.007 44.029 44.339 44.539 44.702 44.897 45.175 45.531 45.891 44.890 43.578 41.591 39.658 39.688 43.062 46.706 46.162 38.646 27.975 19.225 11.244 1.718 0.004 0.000 0.000 0.000 0.000 0.000 0.000 0.000 0.000 0.000 0.000 0.000 0.000 0.000 0.000 0.000 0.000 0.000 0.000 0.000 0.000 0.000 0.000 0.000 0.000 0.000 0.000 0.000 0.000 0.000 0.000
15.317 16.240 16.563 16.751 16.905 17.053 17.207 17.377 17.564 17.781 18.027 18.302 18.611 18.963 19.355 19.790 20.267 20.783 21.326 21.868 22.364 22.757 23.002 23.298 24.344 26.681 30.303 34.188 35.901 33.164 26.778 19.947 14.576 9.695 2.541 0.027 0.000 0.000 0.000 0.000 0.000 0.000 0.000 0.000 0.000 0.000 0.000 0.000 0.000 0.000 0.000 0.000 0.000 0.000 0.000 0.000 0.000 0.000 0.000 0.000 0.000 0.000 0.000 0.000 0.000 0.000 0.000 0.000 0.000 0.000 0.000 0.000 0.000
