Examples/2023_ISeeSnow/data/CoulombOnly/Results/curv77s/s/1HS_03_curv77s_MoT-Voellmy_s_0041.asc
ncols        182
nrows        17
xllcorner    2292.5
yllcorner    -4292.5
cellsize     5.00
NODATA_value -9999
0.000 0.000 0.000 0.000 0.000 0.000 0.000 0.000 0.000 0.000 0.000 0.000 0.000 0.000 0.000 0.000 0.000 0.000 0.000 0.000 0.000 0.000 0.000 0.000 0.000 0.000 0.000 0.000 0.000 0.000 0.000 0.000 0.000 0.000 0.000 0.000 0.000 0.000 0.000 0.000 0.000 0.000 0.000 0.000 0.000 0.000 0.000 0.000 0.000 0.000 0.000 0.000 0.000 0.000 0.000 0.000 0.000 0.000 0.000 0.000 0.000 0.000 0.000 0.000 0.000 0.000 0.000 0.000 0.000 0.000 0.000 0.000 0.000 0.000 0.000 0.000 0.000 0.000 0.000 0.000 0.000 0.000 0.000 0.000 0.000 0.000 0.000 0.000 0.000 0.000 0.000 0.000 0.000 0.000 0.000 0.000 0.000 0.000 0.000 0.000 0.000 0.002 0.026 0.082 0.176 0.309 0.477 0.673 0.887 1.109 1.326 1.519 1.674 1.783 1.847 1.868 1.848 1.790 1.697 1.572 1.416 1.234 1.029 0.804 0.562 0.342 0.189 0.102 0.054 0.028 0.015 0.007 0.003 0.001 0.001 0.000 0.000 0.000 0.000 0.000 0.000 0.000 0.000 0.000 0.000 0.000 0.000 0.000 0.000 0.000 0.000 0.000 0.000 0.000 0.000 0.000 0.000 0.000 0.000 0.000 0.000 0.000 0.000 0.000 0.000 0.000 0.000 0.000 0.000 0.000 0.000 0.000 0.000 0.000 0.000 0.000 0.000 0.000 0.000 0.000 0.000 0.000
23.479 23.705 23.814 23.909 24.008 24.113 24.222 24.331 24.440 24.549 24.657 24.767 24.885 25.010 25.137 25.265 25.398 25.535 25.677 25.824 25.976 26.133 26.299 26.475 26.661 26.856 27.062 27.282 27.521 27.782 28.070 28.396 28.776 29.243 29.900 30.956 32.660 35.145 38.274 41.541 44.144 45.269 44.472 41.886 38.104 33.846 29.672 25.867 22.483 19.434 16.612 13.972 11.498 8.593 3.153 0.091 0.000 0.000 0.000 0.000 0.000 0.000 0.000 0.000 0.000 0.000 0.000 0.000 0.000 0.000 0.000 0.000 0.000 0.000 0.000 0.000 0.000 0.000 0.000 0.000 0.000 0.000 0.000 0.000 0.000 0.000 0.000 0.000 0.000 0.000 0.000 0.000 0.001 0.027 0.173 0.554 1.263 2.440 5.035 13.541 25.515 35.942 44.506 51.755 58.085 63.758 68.955 73.792 78.341 82.645 86.721 86.420 87.073 87.447 87.715 87.890 87.985 88.044 88.075 88.068 88.005 87.948 87.886 87.855 87.678 76.639 60.171 46.957 37.332 30.068 24.278 19.506 15.514 12.161 9.354 7.021 5.104 3.549 2.304 1.319 0.547 0.091 0.002 0.000 0.000 0.000 0.000 0.000 0.000 0.000 0.000 0.000 0.000 0.000 0.000 0.000 0.000 0.000 0.000 0.000 0.000 0.000 0.000 0.000 0.000 0.000 0.000 0.000 0.000 0.000 0.000 0.000 0.000 0.000 0.000 0.000 0.000 0.000 0.000 0.000 0.000 0.000
23.325 23.974 24.174 24.315 24.453 24.596 24.744 24.896 25.053 25.214 25.379 25.548 25.720 25.895 26.075 26.266 26.468 26.680 26.897 27.117 27.349 27.595 27.852 28.116 28.396 28.693 28.999 29.325 29.675 30.038 30.430 30.852 31.292 31.773 32.296 32.870 33.505 34.206 34.987 35.845 36.799 37.867 39.086 40.544 42.310 44.657 47.905 53.123 64.571 80.303 83.063 83.746 83.933 84.013 84.326 84.666 84.942 85.169 85.361 85.524 85.666 85.791 85.903 86.004 86.096 86.182 86.262 86.338 86.409 86.477 86.543 86.605 86.665 86.723 86.779 86.833 86.884 86.934 86.981 87.025 87.068 87.108 87.145 87.180 87.212 87.242 87.269 87.294 87.334 87.413 87.533 87.682 87.844 88.011 88.178 88.345 88.516 88.689 88.862 89.030 89.187 89.328 89.451 89.561 89.663 89.763 89.863 89.963 90.055 90.136 90.203 90.256 90.300 90.340 90.382 90.429 90.482 90.539 90.600 90.662 90.721 90.778 90.829 90.875 90.915 90.951 90.982 91.009 91.034 91.059 91.084 91.110 91.138 91.168 91.200 91.236 91.276 91.318 91.354 91.408 91.571 54.010 13.162 7.820 5.081 3.141 1.776 0.820 0.188 0.009 0.000 0.000 0.000 0.000 0.000 0.000 0.000 0.000 0.000 0.000 0.000 0.000 0.000 0.000 0.000 0.000 0.000 0.000 0.000 0.000 0.000 0.000 0.000 0.000 0.000 0.000 0.000 0.000 0.000 0.000 0.000 0.000
24.559 26.058 26.527 26.784 27.014 27.247 27.485 27.731 27.989 28.258 28.538 28.826 29.126 29.443 29.779 30.133 30.507 30.901 31.316 31.756 32.228 32.740 33.298 33.910 34.587 35.344 36.202 37.191 38.360 39.786 41.608 44.101 47.925 55.280 73.283 78.689 80.644 81.729 82.495 83.097 83.592 84.008 84.364 84.673 84.945 85.189 85.413 85.621 85.813 85.954 86.047 86.110 86.158 86.200 86.239 86.280 86.322 86.364 86.407 86.451 86.495 86.539 86.583 86.627 86.671 86.715 86.759 86.802 86.845 86.887 86.928 86.969 87.009 87.048 87.087 87.126 87.168 87.215 87.268 87.326 87.388 87.456 87.527 87.601 87.678 87.758 87.839 87.923 88.008 88.095 88.184 88.274 88.367 88.461 88.556 88.654 88.753 88.853 88.955 89.057 89.158 89.258 89.356 89.451 89.545 89.637 89.729 89.821 89.915 90.010 90.105 90.202 90.299 90.395 90.491 90.585 90.676 90.765 90.851 90.933 91.011 91.084 91.154 91.218 91.279 91.335 91.386 91.435 91.480 91.522 91.561 91.599 91.635 91.670 91.704 91.737 91.769 91.801 91.833 91.864 91.896 91.928 91.962 91.999 92.041 92.081 92.151 92.296 78.067 15.445 4.934 2.963 1.663 0.805 0.240 0.022 0.000 0.000 0.000 0.000 0.000 0.000 0.000 0.000 0.000 0.000 0.000 0.000 0.000 0.000 0.000 0.000 0.000 0.000 0.000 0.000 0.000 0.000 0.000 0.000 0.000 0.000
26.446 29.189 30.254 30.785 31.176 31.533 31.885 32.246 32.621 33.010 33.418 33.847 34.301 34.780 35.295 35.857 36.477 37.163 37.935 38.824 39.881 41.189 42.901 45.337 49.338 58.253 73.893 78.164 80.089 81.360 82.334 83.132 83.804 84.378 84.829 85.138 85.352 85.511 85.636 85.741 85.830 85.908 85.978 86.041 86.099 86.152 86.201 86.246 86.287 86.324 86.358 86.390 86.421 86.453 86.485 86.518 86.552 86.587 86.622 86.657 86.693 86.730 86.767 86.804 86.841 86.880 86.921 86.964 87.009 87.058 87.108 87.162 87.217 87.275 87.336 87.400 87.468 87.540 87.615 87.693 87.774 87.859 87.945 88.035 88.126 88.219 88.315 88.411 88.509 88.607 88.705 88.804 88.902 89.001 89.100 89.198 89.297 89.394 89.492 89.589 89.685 89.781 89.877 89.972 90.066 90.159 90.251 90.343 90.434 90.524 90.613 90.700 90.786 90.871 90.954 91.035 91.114 91.191 91.265 91.336 91.405 91.470 91.533 91.592 91.649 91.702 91.752 91.800 91.846 91.889 91.930 91.970 92.008 92.044 92.079 92.113 92.146 92.177 92.207 92.234 92.261 92.285 92.308 92.329 92.349 92.367 92.385 92.403 92.423 92.446 92.475 92.517 92.562 92.685 92.612 28.294 4.496 2.670 1.554 0.840 0.390 0.107 0.008 0.000 0.000 0.000 0.000 0.000 0.000 0.000 0.000 0.000 0.000 0.000 0.000 0.000 0.000 0.000 0.000 0.000 0.000 0.000
28.099 32.232 34.295 35.463 36.277 36.933 37.521 38.084 38.650 39.233 39.856 40.535 41.298 42.197 43.303 44.810 47.095 51.275 63.356 74.673 78.154 80.122 81.502 82.574 83.445 84.160 84.694 85.071 85.346 85.555 85.720 85.851 85.957 86.041 86.107 86.159 86.200 86.233 86.261 86.287 86.310 86.333 86.354 86.376 86.398 86.421 86.444 86.469 86.494 86.520 86.548 86.578 86.609 86.642 86.677 86.714 86.753 86.793 86.835 86.880 86.926 86.974 87.024 87.077 87.134 87.194 87.259 87.328 87.402 87.480 87.561 87.647 87.737 87.829 87.925 88.023 88.122 88.221 88.320 88.419 88.518 88.616 88.714 88.811 88.908 89.004 89.100 89.196 89.291 89.386 89.480 89.574 89.667 89.759 89.851 89.945 90.039 90.134 90.230 90.327 90.424 90.523 90.621 90.720 90.819 90.917 91.015 91.113 91.209 91.304 91.397 91.489 91.580 91.668 91.755 91.839 91.921 92.001 92.078 92.153 92.225 92.294 92.361 92.424 92.484 92.540 92.593 92.641 92.685 92.725 92.759 92.789 92.813 92.833 92.848 92.860 92.869 92.876 92.881 92.885 92.888 92.891 92.893 92.893 92.891 92.886 92.878 92.867 92.852 92.833 92.810 92.783 92.753 92.720 92.684 92.648 92.613 92.581 92.559 92.534 92.610 91.966 20.922 1.685 0.760 0.290 0.082 0.012 0.001 0.000 0.000 0.000 0.000 0.000 0.000 0.000 0.000 0.000 0.000 0.000 0.000 0.000
29.453 34.645 37.696 39.697 41.201 42.435 43.518 44.541 45.587 46.803 48.446 51.293 58.272 72.447 77.354 79.765 81.368 82.584 83.550 84.259 84.776 85.165 85.468 85.708 85.899 86.052 86.172 86.266 86.339 86.398 86.445 86.482 86.512 86.535 86.555 86.573 86.589 86.606 86.624 86.644 86.667 86.692 86.720 86.752 86.787 86.825 86.867 86.912 86.960 87.012 87.067 87.125 87.186 87.250 87.317 87.387 87.460 87.536 87.615 87.697 87.783 87.871 87.962 88.057 88.154 88.251 88.349 88.446 88.542 88.638 88.733 88.827 88.920 89.012 89.103 89.193 89.282 89.370 89.458 89.545 89.631 89.717 89.803 89.888 89.973 90.057 90.141 90.225 90.308 90.390 90.472 90.553 90.633 90.714 90.796 90.877 90.960 91.043 91.126 91.210 91.294 91.378 91.462 91.545 91.627 91.709 91.790 91.870 91.948 92.026 92.102 92.177 92.250 92.322 92.393 92.462 92.529 92.595 92.660 92.723 92.786 92.847 92.907 92.966 93.024 93.082 93.138 93.193 93.247 93.300 93.350 93.397 93.441 93.482 93.518 93.549 93.574 93.594 93.607 93.614 93.614 93.607 93.594 93.573 93.545 93.511 93.471 93.425 93.373 93.317 93.256 93.191 93.123 93.052 92.980 92.907 92.833 92.759 92.686 92.616 92.547 92.483 92.422 92.368 92.321 92.232 91.861 91.539 91.411 57.984 2.546 0.353 0.127 0.016 0.000 0.000 0.000 0.000 0.000 0.000 0.000 0.000
30.041 35.814 39.487 42.093 44.177 45.955 47.545 49.044 50.601 52.654 57.163 70.912 77.489 80.624 82.387 83.519 84.311 84.894 85.334 85.670 85.927 86.124 86.275 86.390 86.477 86.543 86.591 86.627 86.655 86.677 86.695 86.712 86.727 86.743 86.759 86.776 86.795 86.815 86.838 86.864 86.892 86.923 86.957 86.994 87.034 87.076 87.122 87.171 87.222 87.276 87.332 87.391 87.453 87.516 87.582 87.650 87.720 87.791 87.864 87.939 88.016 88.093 88.172 88.252 88.333 88.416 88.499 88.583 88.668 88.753 88.839 88.926 89.014 89.102 89.191 89.280 89.370 89.460 89.550 89.641 89.732 89.823 89.915 90.006 90.098 90.189 90.281 90.373 90.464 90.556 90.648 90.739 90.831 90.923 91.013 91.104 91.193 91.282 91.370 91.458 91.545 91.631 91.718 91.803 91.889 91.974 92.059 92.143 92.227 92.310 92.393 92.474 92.555 92.635 92.714 92.791 92.867 92.941 93.013 93.083 93.151 93.217 93.279 93.339 93.395 93.447 93.496 93.540 93.580 93.614 93.644 93.668 93.687 93.701 93.709 93.712 93.709 93.701 93.689 93.671 93.648 93.621 93.589 93.552 93.511 93.466 93.417 93.364 93.307 93.247 93.183 93.117 93.048 92.978 92.905 92.831 92.756 92.680 92.604 92.528 92.452 92.377 92.303 92.232 92.163 92.037 91.572 91.071 90.595 90.160 89.813 89.651 89.812 38.601 0.396 0.000 0.000 0.000 0.000 0.000 0.000 0.000
43.577 71.177 77.873 80.445 81.868 82.835 83.564 84.149 84.636 85.052 85.412 85.718 85.965 86.160 86.314 86.435 86.531 86.605 86.664 86.710 86.746 86.776 86.801 86.823 86.844 86.865 86.887 86.910 86.934 86.960 86.987 87.017 87.050 87.085 87.125 87.167 87.213 87.262 87.313 87.368 87.425 87.483 87.544 87.606 87.670 87.735 87.801 87.868 87.936 88.005 88.075 88.145 88.217 88.289 88.362 88.436 88.511 88.587 88.664 88.742 88.822 88.902 88.983 89.066 89.150 89.234 89.320 89.407 89.494 89.583 89.672 89.762 89.852 89.943 90.035 90.126 90.218 90.310 90.402 90.494 90.586 90.677 90.768 90.859 90.948 91.038 91.126 91.214 91.301 91.387 91.472 91.556 91.639 91.722 91.803 91.883 91.963 92.042 92.119 92.196 92.272 92.348 92.422 92.496 92.570 92.643 92.715 92.787 92.858 92.930 93.001 93.072 93.142 93.213 93.284 93.355 93.426 93.496 93.567 93.638 93.709 93.779 93.850 93.920 93.989 94.057 94.125 94.191 94.255 94.318 94.379 94.437 94.492 94.544 94.592 94.636 94.676 94.711 94.740 94.764 94.782 94.793 94.798 94.796 94.787 94.770 94.745 94.713 94.673 94.626 94.570 94.507 94.436 94.359 94.274 94.183 94.086 93.982 93.874 93.761 93.643 93.521 93.396 93.268 93.136 92.934 92.382 91.789 91.202 90.622 90.048 89.482 88.924 88.376 87.840 87.321 86.833 86.416 86.087 85.667 86.915 49.743
30.041 35.814 39.488 42.094 44.178 45.956 47.546 49.044 50.602 52.654 57.165 70.915 77.491 80.625 82.388 83.520 84.311 84.894 85.334 85.670 85.927 86.124 86.275 86.390 86.478 86.543 86.591 86.627 86.655 86.677 86.695 86.712 86.728 86.743 86.759 86.776 86.795 86.815 86.838 86.864 86.892 86.923 86.957 86.994 87.034 87.076 87.122 87.171 87.222 87.276 87.332 87.391 87.453 87.516 87.582 87.650 87.720 87.791 87.865 87.939 88.016 88.093 88.172 88.252 88.334 88.416 88.499 88.583 88.668 88.753 88.840 88.927 89.014 89.102 89.191 89.280 89.370 89.460 89.551 89.641 89.732 89.823 89.915 90.006 90.098 90.189 90.281 90.373 90.464 90.556 90.648 90.739 90.831 90.923 91.014 91.104 91.193 91.282 91.370 91.458 91.545 91.632 91.718 91.804 91.889 91.974 92.059 92.144 92.227 92.311 92.393 92.475 92.556 92.635 92.714 92.791 92.867 92.941 93.013 93.083 93.151 93.217 93.279 93.339 93.395 93.448 93.496 93.540 93.580 93.614 93.644 93.668 93.687 93.701 93.709 93.712 93.709 93.701 93.689 93.671 93.648 93.621 93.589 93.552 93.511 93.466 93.417 93.364 93.307 93.246 93.183 93.117 93.048 92.977 92.904 92.830 92.755 92.679 92.603 92.527 92.451 92.376 92.303 92.231 92.163 92.036 91.571 91.071 90.595 90.160 89.812 89.651 89.813 38.459 0.390 0.000 0.000 0.000 0.000 0.000 0.000 0.000
29.453 34.645 37.697 39.697 41.201 42.436 43.519 44.542 45.588 46.804 48.448 51.297 58.284 72.455 77.357 79.767 81.369 82.585 83.550 84.259 84.776 85.166 85.468 85.708 85.900 86.052 86.172 86.266 86.340 86.398 86.445 86.482 86.512 86.535 86.555 86.573 86.589 86.606 86.624 86.644 86.667 86.692 86.720 86.752 86.787 86.825 86.867 86.912 86.960 87.012 87.067 87.125 87.186 87.250 87.317 87.387 87.460 87.536 87.615 87.697 87.783 87.871 87.962 88.057 88.154 88.251 88.349 88.446 88.542 88.638 88.733 88.827 88.920 89.012 89.103 89.193 89.282 89.370 89.458 89.545 89.631 89.717 89.803 89.888 89.973 90.057 90.141 90.224 90.307 90.390 90.471 90.552 90.633 90.714 90.795 90.877 90.960 91.043 91.126 91.210 91.294 91.378 91.462 91.545 91.627 91.709 91.790 91.870 91.948 92.026 92.102 92.177 92.250 92.322 92.393 92.462 92.529 92.595 92.660 92.723 92.786 92.847 92.907 92.966 93.024 93.082 93.138 93.193 93.247 93.300 93.350 93.397 93.441 93.481 93.517 93.548 93.574 93.594 93.607 93.614 93.614 93.607 93.593 93.573 93.545 93.511 93.471 93.424 93.373 93.316 93.255 93.190 93.123 93.052 92.980 92.906 92.832 92.759 92.686 92.615 92.547 92.482 92.422 92.368 92.320 92.231 91.860 91.539 91.414 57.882 2.530 0.352 0.126 0.016 0.000 0.000 0.000 0.000 0.000 0.000 0.000 0.000
28.099 32.232 34.295 35.464 36.277 36.933 37.521 38.084 38.651 39.233 39.856 40.535 41.299 42.197 43.304 44.811 47.097 51.278 63.370 74.675 78.155 80.123 81.502 82.575 83.445 84.160 84.695 85.071 85.346 85.555 85.720 85.851 85.957 86.041 86.107 86.159 86.199 86.233 86.261 86.287 86.310 86.332 86.354 86.376 86.398 86.421 86.444 86.468 86.494 86.520 86.548 86.578 86.609 86.642 86.677 86.714 86.752 86.793 86.835 86.879 86.925 86.974 87.024 87.077 87.133 87.194 87.259 87.328 87.401 87.479 87.561 87.647 87.736 87.829 87.925 88.023 88.122 88.221 88.320 88.419 88.517 88.615 88.713 88.810 88.907 89.004 89.100 89.195 89.291 89.385 89.480 89.573 89.666 89.758 89.851 89.944 90.038 90.133 90.229 90.326 90.424 90.522 90.621 90.720 90.818 90.917 91.015 91.112 91.208 91.303 91.397 91.489 91.579 91.667 91.754 91.838 91.920 92.000 92.077 92.152 92.224 92.294 92.360 92.423 92.483 92.540 92.592 92.641 92.685 92.724 92.758 92.788 92.812 92.832 92.848 92.860 92.868 92.875 92.880 92.884 92.888 92.890 92.892 92.892 92.890 92.886 92.878 92.867 92.852 92.832 92.809 92.783 92.752 92.719 92.684 92.648 92.613 92.580 92.559 92.533 92.610 91.873 20.810 1.682 0.759 0.289 0.082 0.012 0.001 0.000 0.000 0.000 0.000 0.000 0.000 0.000 0.000 0.000 0.000 0.000 0.000 0.000
26.446 29.190 30.255 30.786 31.177 31.533 31.886 32.247 32.621 33.011 33.418 33.847 34.301 34.781 35.295 35.858 36.477 37.164 37.936 38.825 39.882 41.190 42.901 45.339 49.340 58.261 73.896 78.165 80.090 81.360 82.334 83.132 83.804 84.378 84.829 85.137 85.352 85.511 85.636 85.740 85.830 85.908 85.978 86.041 86.099 86.152 86.201 86.246 86.287 86.323 86.357 86.389 86.421 86.453 86.485 86.518 86.552 86.586 86.621 86.657 86.693 86.729 86.766 86.803 86.841 86.879 86.920 86.963 87.009 87.057 87.108 87.161 87.217 87.275 87.336 87.400 87.467 87.539 87.614 87.692 87.774 87.858 87.945 88.034 88.125 88.219 88.314 88.410 88.508 88.606 88.704 88.803 88.902 89.000 89.099 89.198 89.296 89.394 89.491 89.588 89.685 89.781 89.876 89.971 90.065 90.158 90.251 90.342 90.433 90.523 90.612 90.699 90.785 90.870 90.953 91.034 91.113 91.190 91.264 91.335 91.404 91.470 91.532 91.592 91.648 91.701 91.752 91.799 91.845 91.888 91.929 91.969 92.007 92.044 92.079 92.113 92.145 92.176 92.206 92.234 92.260 92.285 92.308 92.329 92.349 92.367 92.385 92.403 92.423 92.446 92.475 92.516 92.563 92.686 92.596 28.064 4.487 2.667 1.551 0.839 0.389 0.106 0.008 0.000 0.000 0.000 0.000 0.000 0.000 0.000 0.000 0.000 0.000 0.000 0.000 0.000 0.000 0.000 0.000 0.000 0.000 0.000
24.559 26.058 26.527 26.784 27.014 27.247 27.485 27.731 27.989 28.259 28.538 28.826 29.126 29.443 29.779 30.134 30.507 30.901 31.316 31.756 32.228 32.740 33.298 33.911 34.588 35.345 36.202 37.191 38.360 39.786 41.608 44.101 47.925 55.279 73.282 78.689 80.644 81.728 82.494 83.096 83.591 84.008 84.364 84.672 84.944 85.189 85.413 85.621 85.812 85.954 86.046 86.110 86.158 86.199 86.239 86.280 86.321 86.364 86.407 86.450 86.494 86.538 86.582 86.627 86.671 86.715 86.758 86.802 86.844 86.886 86.928 86.968 87.008 87.048 87.086 87.125 87.167 87.215 87.267 87.325 87.388 87.455 87.526 87.600 87.678 87.757 87.839 87.922 88.007 88.094 88.183 88.274 88.366 88.460 88.555 88.653 88.752 88.853 88.954 89.056 89.158 89.258 89.355 89.451 89.544 89.636 89.728 89.821 89.914 90.009 90.105 90.201 90.298 90.395 90.490 90.584 90.676 90.765 90.850 90.932 91.010 91.084 91.153 91.218 91.278 91.334 91.386 91.434 91.479 91.521 91.561 91.598 91.634 91.669 91.703 91.736 91.768 91.800 91.832 91.864 91.896 91.928 91.962 91.998 92.041 92.080 92.151 92.295 77.770 15.283 4.923 2.957 1.659 0.802 0.238 0.022 0.000 0.000 0.000 0.000 0.000 0.000 0.000 0.000 0.000 0.000 0.000 0.000 0.000 0.000 0.000 0.000 0.000 0.000 0.000 0.000 0.000 0.000 0.000 0.000 0.000 0.000
23.325 23.974 24.174 24.314 24.453 24.596 24.744 24.896 25.053 25.214 25.379 25.548 25.720 25.895 26.076 26.266 26.468 26.680 26.897 27.117 27.349 27.595 27.852 28.116 28.396 28.693 28.999 29.325 29.675 30.038 30.431 30.852 31.292 31.773 32.296 32.869 33.505 34.206 34.987 35.845 36.798 37.866 39.085 40.543 42.307 44.653 47.899 53.106 64.525 80.287 83.060 83.744 83.932 84.011 84.324 84.665 84.940 85.168 85.359 85.523 85.665 85.790 85.902 86.003 86.095 86.181 86.261 86.337 86.408 86.477 86.542 86.604 86.665 86.723 86.778 86.832 86.883 86.933 86.980 87.024 87.067 87.107 87.144 87.179 87.211 87.241 87.268 87.293 87.333 87.411 87.530 87.679 87.842 88.009 88.176 88.345 88.516 88.690 88.864 89.032 89.189 89.330 89.453 89.562 89.664 89.764 89.864 89.963 90.055 90.136 90.202 90.255 90.299 90.339 90.381 90.428 90.480 90.538 90.599 90.661 90.721 90.777 90.828 90.874 90.915 90.950 90.981 91.008 91.033 91.058 91.083 91.109 91.137 91.167 91.199 91.234 91.273 91.314 91.352 91.419 91.590 53.517 13.084 7.801 5.068 3.132 1.770 0.816 0.186 0.008 0.000 0.000 0.000 0.000 0.000 0.000 0.000 0.000 0.000 0.000 0.000 0.000 0.000 0.000 0.000 0.000 0.000 0.000 0.000 0.000 0.000 0.000 0.000 0.000 0.000 0.000 0.000 0.000 0.000 0.000 0.000 0.000
23.479 23.705 23.814 23.910 24.009 24.114 24.223 24.332 24.441 24.549 24.658 24.768 24.885 25.010 25.137 25.266 25.398 25.535 25.677 25.824 25.976 26.133 26.299 26.475 26.662 26.857 27.063 27.283 27.521 27.782 28.070 28.396 28.776 29.243 29.899 30.954 32.656 35.139 38.268 41.537 44.144 45.274 44.481 41.898 38.116 33.857 29.680 25.873 22.487 19.437 16.613 13.974 11.499 8.595 3.157 0.092 0.000 0.000 0.000 0.000 0.000 0.000 0.000 0.000 0.000 0.000 0.000 0.000 0.000 0.000 0.000 0.000 0.000 0.000 0.000 0.000 0.000 0.000 0.000 0.000 0.000 0.000 0.000 0.000 0.000 0.000 0.000 0.000 0.000 0.000 0.000 0.000 0.001 0.026 0.171 0.553 1.260 2.434 4.945 13.337 25.273 35.706 44.281 51.542 57.883 63.568 68.775 73.621 78.178 82.487 86.564 86.400 87.065 87.438 87.706 87.882 87.981 88.038 88.062 88.057 88.005 87.927 87.882 87.850 87.642 76.125 59.812 46.747 37.202 29.977 24.210 19.454 15.473 12.129 9.328 7.001 5.088 3.537 2.295 1.313 0.541 0.089 0.002 0.000 0.000 0.000 0.000 0.000 0.000 0.000 0.000 0.000 0.000 0.000 0.000 0.000 0.000 0.000 0.000 0.000 0.000 0.000 0.000 0.000 0.000 0.000 0.000 0.000 0.000 0.000 0.000 0.000 0.000 0.000 0.000 0.000 0.000 0.000 0.000 0.000 0.000 0.000
0.000 0.000 0.000 0.000 0.000 0.000 0.000 0.000 0.000 0.000 0.000 0.000 0.000 0.000 0.000 0.000 0.000 0.000 0.000 0.000 0.000 0.000 0.000 0.000 0.000 0.000 0.000 0.000 0.000 0.000 0.000 0.000 0.000 0.000 0.000 0.000 0.000 0.000 0.000 0.000 0.000 0.000 0.000 0.000 0.000 0.000 0.000 0.000 0.000 0.000 0.000 0.000 0.000 0.000 0.000 0.000 0.000 0.000 0.000 0.000 0.000 0.000 0.000 0.000 0.000 0.000 0.000 0.000 0.000 0.000 0.000 0.000 0.000 0.000 0.000 0.000 0.000 0.000 0.000 0.000 0.000 0.000 0.000 0.000 0.000 0.000 0.000 0.000 0.000 0.000 0.000 0.000 0.000 0.000 0.000 0.000 0.000 0.000 0.000 0.000 0.000 0.002 0.025 0.081 0.174 0.305 0.472 0.666 0.879 1.099 1.314 1.507 1.660 1.769 1.833 1.854 1.835 1.778 1.685 1.560 1.405 1.224 1.020 0.795 0.555 0.337 0.186 0.100 0.054 0.028 0.014 0.007 0.003 0.001 0.001 0.000 0.000 0.000 0.000 0.000 0.000 0.000 0.000 0.000 0.000 0.000 0.000 0.000 0.000 0.000 0.000 0.000 0.000 0.000 0.000 0.000 0.000 0.000 0.000 0.000 0.000 0.000 0.000 0.000 0.000 0.000 0.000 0.000 0.000 0.000 0.000 0.000 0.000 0.000 0.000 0.000 0.000 0.000 0.000 0.000 0.000 0.000
