Examples/2023_ISeeSnow/data/CoulombOnly/Results/curv77s/s/1HS_03_curv77s_MoT-Voellmy_s_0048.asc
ncols        190
nrows        31
xllcorner    2787.5
yllcorner    -4327.5
cellsize     5.00
NODATA_value -9999
[rows 0 to 30 of 31, columns 71 to 141 of 190]
0.000 0.000 0.000 0.000 0.000 0.000 0.000 0.000 0.000 0.000 0.000 0.000 0.001 0.002 0.005 0.011 0.026 0.055 0.112 0.213 0.384 0.651 1.048 1.613 2.389 3.417 4.743 6.403 8.431 10.849 13.666 16.832 20.155 23.523 26.919 30.308 33.645 36.898 40.040 43.050 45.953 48.798 51.454 53.904 56.129 58.111 59.824 61.238 62.308 62.976 63.161 62.755 61.623 59.612 56.589 52.511 47.506 41.894 36.103 30.508 25.338 20.680 16.540 12.890 9.691 6.908 4.504 2.443 0.823 0.157 0.034
0.002 0.004 0.009 0.019 0.040 0.080 0.153 0.278 0.484 0.810 1.303 2.020 3.028 4.398 6.206 8.518 11.384 14.828 18.839 23.370 28.256 33.303 38.377 43.386 48.257 52.937 57.384 61.570 65.479 69.107 72.461 73.497 74.293 74.474 74.481 74.439 74.310 74.094 73.813 73.480 73.219 73.178 73.116 73.031 72.926 72.804 72.669 72.522 72.364 72.197 72.020 71.835 71.641 71.441 71.234 71.021 70.803 70.578 70.349 70.114 69.877 69.636 69.394 69.150 68.898 68.648 68.416 68.178 59.463 31.592 18.070
4.230 5.706 7.573 9.881 12.665 15.938 19.684 23.856 28.383 33.209 38.222 43.231 48.095 52.724 57.056 61.056 64.713 68.031 71.026 73.720 75.841 77.324 78.345 79.034 79.479 79.732 79.826 79.791 79.651 79.430 79.148 78.815 78.443 78.036 77.600 77.140 76.659 76.159 75.642 75.113 74.690 74.512 74.333 74.148 73.956 73.760 73.559 73.355 73.148 72.939 72.727 72.514 72.300 72.085 71.869 71.653 71.437 71.220 71.004 70.787 70.571 70.355 70.139 69.924 69.710 69.496 69.283 69.071 68.859 68.647 68.436
46.933 50.223 53.339 56.244 58.924 61.380 63.619 65.659 67.518 69.755 74.109 77.459 79.896 81.599 82.770 83.562 84.074 84.372 84.501 84.498 84.389 84.197 83.939 83.628 83.275 82.888 82.471 82.031 81.571 81.093 80.600 80.094 79.575 79.046 78.506 77.957 77.400 76.834 76.261 75.684 75.224 75.011 74.795 74.577 74.356 74.134 73.910 73.684 73.458 73.231 73.004 72.777 72.550 72.324 72.098 71.873 71.649 71.426 71.204 70.985 70.766 70.550 70.336 70.123 69.913 69.705 69.499 69.295 69.093 68.894 68.696
66.326 73.020 78.157 81.803 84.355 86.145 87.387 88.225 88.763 89.072 89.207 89.207 89.101 88.913 88.659 88.353 88.006 87.625 87.216 86.784 86.333 85.867 85.386 84.894 84.392 83.880 83.361 82.833 82.298 81.757 81.209 80.655 80.095 79.529 78.957 78.379 77.795 77.205 76.609 76.016 75.547 75.321 75.086 74.849 74.611 74.373 74.133 73.894 73.654 73.414 73.174 72.935 72.696 72.458 72.222 71.986 71.751 71.519 71.288 71.058 70.831 70.607 70.385 70.165 69.948 69.734 69.523 69.314 69.108 68.905 68.705
93.985 94.222 94.289 94.227 94.068 93.833 93.540 93.200 92.824 92.420 91.991 91.544 91.082 90.607 90.122 89.628 89.126 88.618 88.104 87.585 87.061 86.532 85.999 85.462 84.921 84.376 83.826 83.272 82.714 82.152 81.585 81.013 80.436 79.855 79.268 78.676 78.079 77.477 76.869 76.268 75.799 75.569 75.322 75.072 74.823 74.573 74.322 74.072 73.821 73.570 73.320 73.071 72.821 72.573 72.325 72.079 71.833 71.590 71.347 71.107 70.869 70.633 70.400 70.169 69.941 69.717 69.495 69.276 69.060 68.847 68.638
97.724 97.282 96.821 96.344 95.856 95.359 94.854 94.344 93.830 93.312 92.790 92.266 91.740 91.212 90.681 90.149 89.615 89.079 88.540 88.000 87.457 86.912 86.364 85.813 85.259 84.702 84.142 83.578 83.010 82.439 81.863 81.283 80.698 80.108 79.514 78.914 78.310 77.700 77.084 76.479 76.014 75.784 75.528 75.271 75.014 74.756 74.498 74.240 73.981 73.723 73.465 73.207 72.950 72.693 72.436 72.180 71.925 71.671 71.418 71.167 70.918 70.670 70.425 70.182 69.942 69.705 69.471 69.239 69.011 68.786 68.563
98.569 98.024 97.480 96.936 96.394 95.852 95.311 94.771 94.232 93.693 93.154 92.616 92.077 91.537 90.997 90.456 89.914 89.371 88.826 88.279 87.731 87.180 86.627 86.071 85.513 84.951 84.387 83.818 83.247 82.671 82.091 81.507 80.918 80.324 79.726 79.122 78.513 77.898 77.279 76.671 76.211 75.982 75.722 75.460 75.197 74.934 74.671 74.408 74.145 73.881 73.618 73.355 73.091 72.828 72.564 72.301 72.038 71.776 71.515 71.254 70.995 70.737 70.481 70.228 69.976 69.727 69.481 69.237 68.996 68.757 68.522
98.850 98.292 97.738 97.188 96.639 96.093 95.549 95.007 94.465 93.924 93.384 92.844 92.304 91.763 91.222 90.681 90.138 89.593 89.048 88.501 87.951 87.400 86.847 86.291 85.732 85.170 84.605 84.036 83.464 82.887 82.307 81.721 81.131 80.535 79.934 79.328 78.716 78.099 77.475 76.866 76.409 76.181 75.917 75.650 75.384 75.117 74.850 74.583 74.316 74.049 73.781 73.514 73.246 72.978 72.709 72.441 72.172 71.904 71.636 71.368 71.101 70.836 70.572 70.310 70.049 69.791 69.536 69.282 69.031 68.783 68.536
99.009 98.456 97.907 97.360 96.816 96.273 95.733 95.193 94.655 94.117 93.579 93.041 92.503 91.965 91.426 90.885 90.344 89.801 89.257 88.712 88.164 87.614 87.062 86.508 85.951 85.390 84.827 84.259 83.688 83.112 82.531 81.946 81.355 80.759 80.156 79.548 78.933 78.313 77.685 77.074 76.620 76.394 76.124 75.852 75.580 75.308 75.036 74.764 74.493 74.221 73.949 73.677 73.405 73.132 72.859 72.586 72.313 72.040 71.767 71.494 71.223 70.953 70.684 70.417 70.153 69.890 69.630 69.372 69.117 68.862 68.610
99.205 98.665 98.129 97.596 97.065 96.536 96.009 95.481 94.955 94.428 93.901 93.373 92.845 92.315 91.784 91.251 90.717 90.181 89.644 89.104 88.563 88.020 87.475 86.927 86.376 85.822 85.264 84.702 84.135 83.563 82.984 82.399 81.807 81.207 80.599 79.983 79.358 78.724 78.082 77.442 76.934 76.660 76.370 76.080 75.791 75.504 75.220 74.937 74.656 74.377 74.098 73.821 73.545 73.269 72.994 72.719 72.445 72.171 71.898 71.626 71.356 71.086 70.818 70.552 70.288 70.025 69.765 69.505 69.247 68.990 68.734
99.306 98.749 98.196 97.645 97.098 96.553 96.010 95.469 94.929 94.391 93.853 93.315 92.778 92.241 91.703 91.166 90.628 90.090 89.551 89.011 88.470 87.929 87.386 86.841 86.294 85.745 85.193 84.637 84.078 83.514 82.947 82.374 81.796 81.214 80.626 80.033 79.435 78.831 78.222 77.648 77.273 77.103 76.844 76.580 76.313 76.043 75.770 75.495 75.218 74.937 74.655 74.370 74.083 73.795 73.505 73.215 72.924 72.633 72.343 72.054 71.766 71.479 71.194 70.909 70.625 70.340 70.055 69.769 69.482 69.194 68.907
99.887 99.353 98.824 98.297 97.774 97.253 96.734 96.217 95.702 95.188 94.676 94.165 93.655 93.148 92.642 92.139 91.638 91.141 90.647 90.157 89.671 89.188 88.706 88.223 87.736 87.242 86.737 86.214 85.670 85.099 84.500 83.868 83.206 82.518 81.808 81.087 80.360 79.636 78.919 78.221 77.675 77.409 77.150 76.894 76.639 76.382 76.122 75.859 75.592 75.320 75.045 74.764 74.478 74.186 73.886 73.579 73.261 72.933 72.595 72.249 71.897 71.546 71.195 70.845 70.489 70.125 69.747 69.354 68.952 68.550 68.160
99.767 99.208 98.650 98.091 97.532 96.974 96.417 95.859 95.302 94.745 94.187 93.629 93.071 92.511 91.949 91.386 90.820 90.252 89.681 89.108 88.533 87.958 87.383 86.811 86.242 85.678 85.118 84.564 84.013 83.467 82.924 82.383 81.843 81.303 80.762 80.218 79.671 79.119 78.560 78.060 77.808 77.731 77.505 77.264 77.016 76.758 76.490 76.213 75.926 75.630 75.326 75.014 74.695 74.372 74.044 73.711 73.375 73.033 72.684 72.329 71.966 71.596 71.221 70.843 70.466 70.094 69.731 69.378 69.036 68.705 68.385
100.313 99.797 99.283 98.770 98.258 97.746 97.233 96.721 96.208 95.694 95.180 94.665 94.149 93.632 93.114 92.595 92.075 91.553 91.029 90.503 89.973 89.438 88.896 88.343 87.778 87.199 86.602 85.987 85.355 84.706 84.043 83.367 82.681 81.988 81.290 80.590 79.890 79.192 78.497 77.812 77.258 76.965 76.679 76.402 76.133 75.871 75.615 75.364 75.117 74.871 74.626 74.379 74.129 73.875 73.618 73.359 73.098 72.840 72.585 72.335 72.090 71.850 71.615 71.383 71.153 70.927 70.706 70.490 70.282 70.086 69.903
100.360 99.806 99.254 98.703 98.153 97.603 97.054 96.505 95.956 95.407 94.858 94.307 93.756 93.204 92.651 92.097 91.541 90.983 90.424 89.863 89.300 88.734 88.167 87.597 87.025 86.450 85.872 85.292 84.708 84.122 83.532 82.938 82.341 81.740 81.135 80.526 79.912 79.293 78.670 78.119 77.852 77.766 77.511 77.249 76.985 76.719 76.451 76.180 75.908 75.634 75.357 75.078 74.796 74.512 74.226 73.937 73.646 73.353 73.058 72.761 72.463 72.163 71.862 71.559 71.257 70.954 70.651 70.348 70.046 69.745 69.445
100.313 99.797 99.283 98.770 98.258 97.745 97.233 96.720 96.207 95.694 95.179 94.664 94.148 93.631 93.113 92.594 92.073 91.551 91.027 90.501 89.971 89.437 88.894 88.342 87.777 87.198 86.601 85.987 85.355 84.707 84.044 83.368 82.683 81.990 81.292 80.592 79.892 79.194 78.499 77.814 77.259 76.966 76.680 76.402 76.133 75.871 75.615 75.364 75.116 74.870 74.625 74.377 74.127 73.873 73.616 73.356 73.096 72.837 72.582 72.332 72.087 71.847 71.612 71.380 71.150 70.924 70.702 70.486 70.279 70.082 69.899
99.767 99.208 98.649 98.091 97.532 96.974 96.416 95.859 95.302 94.744 94.187 93.629 93.070 92.510 91.948 91.385 90.819 90.251 89.680 89.107 88.532 87.957 87.382 86.810 86.241 85.677 85.118 84.563 84.013 83.467 82.924 82.383 81.843 81.303 80.762 80.219 79.672 79.120 78.561 78.062 77.810 77.733 77.507 77.267 77.018 76.760 76.493 76.216 75.929 75.632 75.328 75.015 74.697 74.373 74.045 73.712 73.375 73.033 72.685 72.329 71.966 71.596 71.220 70.842 70.465 70.093 69.729 69.376 69.034 68.703 68.383
99.887 99.353 98.824 98.297 97.774 97.253 96.734 96.217 95.702 95.188 94.676 94.165 93.656 93.148 92.643 92.140 91.639 91.142 90.648 90.158 89.672 89.189 88.707 88.224 87.737 87.243 86.737 86.214 85.670 85.099 84.499 83.867 83.205 82.516 81.807 81.085 80.359 79.635 78.919 78.220 77.675 77.408 77.150 76.894 76.639 76.382 76.122 75.859 75.592 75.320 75.044 74.763 74.477 74.185 73.886 73.578 73.261 72.933 72.595 72.248 71.897 71.546 71.196 70.846 70.491 70.127 69.749 69.357 68.955 68.553 68.162
99.306 98.749 98.195 97.645 97.098 96.553 96.010 95.469 94.929 94.390 93.852 93.315 92.777 92.240 91.703 91.166 90.628 90.089 89.551 89.011 88.470 87.929 87.385 86.841 86.294 85.745 85.193 84.637 84.078 83.514 82.946 82.374 81.796 81.213 80.626 80.033 79.435 78.831 78.222 77.648 77.272 77.103 76.844 76.580 76.312 76.043 75.770 75.495 75.217 74.937 74.654 74.369 74.083 73.794 73.505 73.214 72.924 72.633 72.343 72.054 71.766 71.479 71.194 70.909 70.625 70.341 70.056 69.770 69.483 69.195 68.908
99.204 98.665 98.129 97.596 97.065 96.536 96.008 95.481 94.954 94.428 93.901 93.373 92.844 92.314 91.783 91.251 90.717 90.181 89.643 89.104 88.563 88.020 87.475 86.927 86.376 85.822 85.264 84.702 84.135 83.563 82.984 82.399 81.807 81.207 80.599 79.983 79.358 78.724 78.081 77.442 76.933 76.660 76.369 76.079 75.790 75.504 75.219 74.936 74.655 74.376 74.098 73.821 73.545 73.269 72.994 72.719 72.445 72.171 71.898 71.626 71.356 71.086 70.818 70.552 70.288 70.026 69.765 69.506 69.248 68.991 68.735
99.009 98.456 97.906 97.359 96.815 96.273 95.732 95.193 94.654 94.116 93.579 93.041 92.503 91.964 91.425 90.885 90.344 89.801 89.257 88.711 88.164 87.614 87.062 86.508 85.950 85.390 84.826 84.259 83.688 83.112 82.531 81.946 81.355 80.758 80.156 79.548 78.933 78.312 77.685 77.074 76.620 76.393 76.123 75.852 75.580 75.308 75.036 74.764 74.492 74.221 73.949 73.677 73.405 73.132 72.859 72.586 72.313 72.040 71.767 71.494 71.223 70.953 70.684 70.418 70.153 69.891 69.630 69.373 69.117 68.863 68.610
98.849 98.292 97.738 97.187 96.639 96.093 95.549 95.006 94.464 93.924 93.383 92.843 92.303 91.763 91.222 90.680 90.137 89.593 89.047 88.500 87.951 87.400 86.846 86.290 85.732 85.170 84.605 84.036 83.464 82.887 82.306 81.721 81.130 80.535 79.934 79.328 78.716 78.099 77.475 76.866 76.408 76.181 75.916 75.650 75.383 75.117 74.850 74.583 74.316 74.048 73.781 73.514 73.246 72.978 72.709 72.441 72.172 71.904 71.636 71.368 71.101 70.836 70.572 70.310 70.050 69.792 69.536 69.283 69.032 68.783 68.536
98.568 98.023 97.479 96.936 96.393 95.851 95.311 94.771 94.231 93.692 93.154 92.615 92.076 91.537 90.997 90.456 89.914 89.370 88.825 88.279 87.730 87.179 86.626 86.071 85.512 84.951 84.386 83.818 83.246 82.671 82.091 81.506 80.918 80.324 79.725 79.122 78.513 77.898 77.278 76.671 76.210 75.982 75.722 75.459 75.197 74.934 74.671 74.408 74.145 73.881 73.618 73.354 73.091 72.828 72.564 72.301 72.038 71.776 71.515 71.254 70.995 70.737 70.481 70.228 69.976 69.727 69.481 69.237 68.996 68.758 68.522
97.722 97.280 96.819 96.343 95.855 95.358 94.853 94.343 93.829 93.311 92.789 92.265 91.739 91.211 90.681 90.148 89.614 89.078 88.540 87.999 87.456 86.911 86.363 85.812 85.259 84.702 84.141 83.578 83.010 82.438 81.862 81.282 80.697 80.108 79.513 78.914 78.309 77.699 77.084 76.478 76.014 75.783 75.528 75.271 75.013 74.756 74.498 74.239 73.981 73.723 73.465 73.207 72.950 72.693 72.436 72.180 71.925 71.671 71.418 71.167 70.918 70.670 70.425 70.183 69.943 69.705 69.471 69.240 69.011 68.786 68.564
93.975 94.214 94.282 94.222 94.063 93.829 93.537 93.198 92.822 92.418 91.990 91.543 91.081 90.606 90.121 89.627 89.125 88.617 88.103 87.584 87.060 86.531 85.998 85.461 84.920 84.375 83.825 83.272 82.714 82.151 81.584 81.012 80.436 79.854 79.268 78.676 78.079 77.477 76.869 76.267 75.799 75.569 75.321 75.072 74.822 74.572 74.322 74.071 73.821 73.570 73.320 73.070 72.821 72.573 72.325 72.079 71.833 71.590 71.347 71.107 70.869 70.633 70.400 70.169 69.942 69.717 69.495 69.276 69.060 68.847 68.638
66.273 72.961 78.106 81.765 84.327 86.123 87.369 88.212 88.752 89.064 89.200 89.201 89.096 88.909 88.656 88.350 88.003 87.622 87.214 86.782 86.332 85.865 85.385 84.893 84.391 83.880 83.360 82.832 82.298 81.756 81.209 80.654 80.094 79.528 78.956 78.378 77.794 77.205 76.609 76.015 75.546 75.320 75.086 74.849 74.611 74.372 74.133 73.894 73.654 73.414 73.174 72.935 72.696 72.458 72.221 71.986 71.751 71.519 71.287 71.058 70.831 70.607 70.385 70.165 69.948 69.734 69.523 69.314 69.108 68.905 68.705
46.875 50.171 53.293 56.205 58.892 61.353 63.598 65.643 67.506 69.727 74.074 77.425 79.870 81.582 82.758 83.553 84.067 84.366 84.495 84.492 84.384 84.193 83.936 83.626 83.273 82.886 82.470 82.030 81.570 81.092 80.599 80.093 79.574 79.045 78.505 77.957 77.399 76.834 76.260 75.684 75.224 75.010 74.795 74.576 74.356 74.133 73.909 73.684 73.458 73.231 73.004 72.777 72.550 72.323 72.098 71.872 71.648 71.426 71.204 70.984 70.766 70.550 70.336 70.123 69.913 69.705 69.499 69.295 69.093 68.893 68.695
4.203 5.672 7.532 9.833 12.610 15.875 19.614 23.782 28.306 33.130 38.144 43.156 48.025 52.660 56.998 61.006 64.670 67.993 70.993 73.692 75.816 77.303 78.327 79.021 79.470 79.726 79.822 79.787 79.647 79.427 79.145 78.813 78.441 78.034 77.599 77.139 76.657 76.158 75.641 75.112 74.689 74.512 74.333 74.147 73.955 73.759 73.559 73.355 73.148 72.938 72.727 72.514 72.300 72.085 71.869 71.653 71.436 71.220 71.003 70.787 70.571 70.355 70.139 69.924 69.709 69.496 69.283 69.070 68.858 68.646 68.435
0.002 0.004 0.009 0.019 0.040 0.079 0.151 0.275 0.480 0.804 1.294 2.007 3.009 4.374 6.175 8.480 11.339 14.775 18.779 23.304 28.188 33.234 38.309 43.320 48.195 52.878 57.329 61.519 65.432 69.063 72.420 73.493 74.292 74.465 74.473 74.433 74.305 74.090 73.809 73.477 73.217 73.176 73.115 73.030 72.925 72.804 72.669 72.523 72.365 72.198 72.021 71.835 71.642 71.441 71.235 71.021 70.803 70.578 70.348 70.114 69.876 69.636 69.394 69.150 68.897 68.647 68.416 68.178 59.407 31.541 18.057
0.000 0.000 0.000 0.000 0.000 0.000 0.000 0.000 0.000 0.000 0.000 0.000 0.001 0.002 0.004 0.011 0.026 0.055 0.111 0.212 0.381 0.646 1.042 1.605 2.377 3.403 4.725 6.381 8.405 10.819 13.631 16.796 20.117 23.484 26.880 30.269 33.607 36.860 40.003 43.014 45.919 48.765 51.421 53.872 56.098 58.081 59.795 61.208 62.279 62.947 63.132 62.726 61.593 59.581 56.558 52.482 47.479 41.870 36.083 30.492 25.324 20.669 16.531 12.882 9.685 6.903 4.499 2.439 0.821 0.156 0.033
