Examples/2023_ISeeSnow/data/CoulombOnly/Results/curv77s/s/1HS_03_curv77s_MoT-Voellmy_s_0018.asc
ncols        104
nrows        39
xllcorner    1247.5
yllcorner    -4347.5
cellsize     5.00
NODATA_value -9999
[rows 0 to 31 of 39, columns 0 to 72 of 104]
1.786 0.043 0.000 0.000 0.000 0.000 0.000 0.000 0.000 0.000 0.000 0.000 0.000 0.000 0.000 0.000 0.000 0.000 0.000 0.000 0.000 0.000 0.000 0.000 0.000 0.000 0.000 0.000 0.000 0.000 0.000 0.000 0.000 0.000 0.000 0.000 0.000 0.000 0.000 0.000 0.000 0.000 0.000 0.000 0.000 0.000 0.000 0.000 0.000 0.000 0.000 0.000 0.000 0.000 0.000 0.000 0.000 0.000 0.000 0.000 0.000 0.000 0.000 0.000 0.000 0.000 0.000 0.000 0.000 0.000 0.000 0.000 0.000
13.773 14.715 15.060 15.198 15.288 15.392 15.535 15.723 15.958 16.256 16.613 17.049 17.566 18.176 18.923 19.840 20.990 22.486 24.590 27.820 34.193 37.178 37.491 37.535 37.529 37.529 38.277 39.629 39.596 37.410 33.691 29.436 25.030 16.223 1.915 0.001 0.000 0.000 0.000 0.000 0.000 0.000 0.000 0.000 0.000 0.000 0.000 0.000 0.000 0.000 0.000 0.000 0.000 0.000 0.000 0.000 0.000 0.000 0.000 0.000 0.000 0.000 0.000 0.000 0.000 0.000 0.000 0.000 0.000 0.000 0.000 0.000 0.000
14.496 15.834 16.666 17.258 17.769 18.287 18.898 19.713 20.937 23.211 29.836 34.754 36.065 36.689 37.063 37.321 37.511 37.658 37.773 37.861 37.912 37.915 37.894 37.863 37.829 37.797 37.783 37.791 37.796 37.756 37.632 37.399 37.072 36.841 36.874 36.940 37.017 37.273 39.911 43.636 41.090 35.045 28.687 20.886 5.000 0.025 0.000 0.000 0.000 0.000 0.000 0.000 0.000 0.000 0.000 0.000 0.000 0.000 0.000 0.000 0.000 0.000 0.000 0.000 0.000 0.000 0.000 0.000 0.000 0.000 0.000 0.000 0.000
15.043 16.676 17.855 18.852 19.884 21.237 23.718 31.819 35.301 36.744 37.490 37.884 38.090 38.198 38.251 38.272 38.274 38.263 38.244 38.219 38.189 38.156 38.122 38.088 38.054 38.020 37.988 37.958 37.928 37.897 37.859 37.810 37.752 37.696 37.649 37.613 37.590 37.597 37.695 37.835 37.866 37.667 37.211 36.701 36.642 36.762 37.454 43.715 45.785 41.603 33.551 25.393 17.559 4.830 0.044 0.000 0.000 0.000 0.000 0.000 0.000 0.000 0.000 0.000 0.000 0.000 0.000 0.000 0.000 0.000 0.000 0.000 0.000
15.529 17.434 19.018 20.723 23.434 32.030 35.756 37.260 37.937 38.272 38.442 38.524 38.555 38.558 38.546 38.525 38.500 38.474 38.448 38.424 38.401 38.379 38.358 38.338 38.318 38.298 38.276 38.254 38.230 38.205 38.176 38.145 38.111 38.074 38.038 38.002 37.970 37.944 37.928 37.922 37.913 37.886 37.832 37.763 37.708 37.682 37.744 38.010 38.349 38.494 38.192 37.365 36.373 36.222 39.198 43.761 44.214 39.027 29.632 20.526 12.950 3.256 0.029 0.000 0.000 0.000 0.000 0.000 0.000 0.000 0.000 0.000 0.000
16.082 18.400 20.781 24.780 33.790 36.676 37.744 38.231 38.471 38.589 38.641 38.658 38.654 38.641 38.623 38.605 38.588 38.574 38.563 38.554 38.547 38.542 38.537 38.532 38.527 38.520 38.511 38.500 38.486 38.470 38.450 38.428 38.404 38.377 38.349 38.320 38.291 38.263 38.237 38.213 38.190 38.166 38.139 38.110 38.083 38.059 38.050 38.064 38.100 38.140 38.153 38.108 38.015 37.935 38.024 38.266 38.519 38.528 38.001 36.805 35.604 39.877 42.130 38.202 29.055 19.918 11.229 1.510 0.002 0.000 0.000 0.000 0.000
17.453 21.279 30.017 35.568 37.183 37.876 38.211 38.381 38.468 38.509 38.525 38.529 38.527 38.523 38.521 38.521 38.525 38.532 38.542 38.554 38.568 38.583 38.598 38.612 38.625 38.636 38.644 38.650 38.652 38.651 38.646 38.638 38.626 38.612 38.594 38.573 38.550 38.526 38.500 38.474 38.448 38.421 38.395 38.368 38.342 38.318 38.298 38.283 38.275 38.273 38.273 38.270 38.260 38.248 38.245 38.261 38.296 38.329 38.320 38.227 38.102 38.218 38.472 38.488 37.833 36.439 38.428 42.197 38.915 29.710 20.385 10.537 0.924
18.435 23.978 34.092 36.774 37.695 38.099 38.293 38.387 38.431 38.450 38.455 38.457 38.459 38.464 38.474 38.489 38.508 38.532 38.559 38.589 38.621 38.654 38.686 38.717 38.745 38.770 38.792 38.810 38.823 38.831 38.835 38.833 38.828 38.819 38.806 38.790 38.771 38.750 38.728 38.704 38.679 38.653 38.628 38.602 38.576 38.551 38.527 38.506 38.487 38.471 38.458 38.448 38.438 38.430 38.425 38.423 38.427 38.435 38.444 38.447 38.445 38.458 38.493 38.527 38.507 38.398 38.466 38.700 38.711 38.014 36.650 40.398 41.576
19.935 30.131 35.905 37.362 37.946 38.212 38.339 38.399 38.425 38.434 38.438 38.440 38.446 38.456 38.471 38.491 38.517 38.547 38.581 38.618 38.656 38.695 38.734 38.772 38.808 38.840 38.870 38.895 38.916 38.932 38.944 38.951 38.954 38.953 38.949 38.941 38.931 38.919 38.905 38.890 38.873 38.856 38.837 38.818 38.798 38.778 38.757 38.737 38.717 38.697 38.679 38.662 38.647 38.633 38.622 38.612 38.607 38.604 38.606 38.611 38.619 38.631 38.650 38.675 38.700 38.720 38.749 38.800 38.850 38.838 38.749 38.894 39.098
21.883 33.676 36.737 37.717 38.118 38.300 38.382 38.415 38.425 38.424 38.422 38.422 38.429 38.442 38.462 38.490 38.525 38.566 38.611 38.661 38.712 38.765 38.817 38.869 38.918 38.964 39.006 39.044 39.077 39.105 39.127 39.143 39.153 39.158 39.157 39.152 39.143 39.130 39.114 39.097 39.078 39.059 39.039 39.018 38.998 38.978 38.958 38.939 38.919 38.900 38.881 38.863 38.846 38.830 38.815 38.803 38.794 38.787 38.784 38.785 38.791 38.801 38.817 38.838 38.864 38.895 38.931 38.973 39.021 39.066 39.107 39.160 39.227
23.805 34.839 37.166 37.912 38.226 38.368 38.431 38.455 38.461 38.461 38.462 38.467 38.479 38.498 38.524 38.558 38.598 38.644 38.694 38.747 38.802 38.857 38.911 38.964 39.015 39.062 39.105 39.144 39.177 39.206 39.229 39.248 39.261 39.270 39.275 39.277 39.276 39.272 39.266 39.258 39.248 39.238 39.225 39.212 39.197 39.181 39.165 39.147 39.128 39.109 39.089 39.070 39.050 39.032 39.015 39.000 38.988 38.979 38.973 38.971 38.974 38.982 38.995 39.014 39.038 39.068 39.103 39.144 39.189 39.239 39.291 39.347 39.406
25.029 35.458 37.392 38.037 38.313 38.435 38.486 38.502 38.502 38.497 38.494 38.495 38.504 38.520 38.545 38.577 38.617 38.664 38.716 38.772 38.831 38.892 38.954 39.016 39.076 39.133 39.188 39.238 39.283 39.322 39.356 39.383 39.405 39.420 39.430 39.434 39.434 39.430 39.424 39.414 39.403 39.391 39.378 39.363 39.349 39.334 39.318 39.302 39.286 39.269 39.252 39.236 39.220 39.204 39.190 39.177 39.166 39.159 39.154 39.153 39.157 39.165 39.179 39.198 39.222 39.251 39.286 39.326 39.370 39.419 39.471 39.525 39.582
26.385 35.867 37.557 38.141 38.390 38.497 38.539 38.550 38.547 38.541 38.538 38.541 38.552 38.571 38.601 38.638 38.684 38.736 38.794 38.856 38.921 38.986 39.052 39.116 39.177 39.236 39.290 39.339 39.384 39.423 39.457 39.486 39.510 39.529 39.544 39.554 39.561 39.565 39.565 39.563 39.558 39.550 39.540 39.528 39.515 39.500 39.485 39.468 39.451 39.434 39.416 39.399 39.383 39.367 39.354 39.342 39.332 39.326 39.323 39.324 39.330 39.340 39.356 39.377 39.404 39.435 39.472 39.514 39.560 39.609 39.661 39.716 39.772
26.586 35.961 37.629 38.209 38.456 38.562 38.602 38.611 38.607 38.600 38.595 38.596 38.605 38.623 38.650 38.685 38.729 38.780 38.836 38.897 38.962 39.028 39.095 39.162 39.227 39.290 39.350 39.405 39.456 39.502 39.542 39.576 39.605 39.628 39.645 39.657 39.665 39.668 39.668 39.665 39.659 39.651 39.642 39.631 39.619 39.606 39.592 39.579 39.565 39.551 39.537 39.523 39.510 39.498 39.488 39.479 39.473 39.469 39.470 39.474 39.483 39.497 39.517 39.542 39.573 39.609 39.650 39.696 39.746 39.799 39.855 39.913 39.971
26.837 36.068 37.701 38.274 38.516 38.618 38.655 38.661 38.654 38.643 38.634 38.633 38.639 38.656 38.682 38.717 38.761 38.812 38.870 38.933 39.000 39.069 39.139 39.208 39.276 39.342 39.405 39.463 39.518 39.567 39.611 39.650 39.683 39.712 39.735 39.753 39.766 39.774 39.779 39.780 39.778 39.772 39.764 39.755 39.743 39.730 39.717 39.702 39.687 39.673 39.658 39.644 39.631 39.619 39.608 39.600 39.595 39.593 39.595 39.602 39.614 39.632 39.655 39.685 39.721 39.762 39.809 39.862 39.918 39.978 40.041 40.105 40.169
26.508 36.025 37.727 38.316 38.566 38.672 38.711 38.718 38.711 38.700 38.692 38.691 38.698 38.715 38.741 38.777 38.821 38.873 38.932 38.995 39.063 39.132 39.203 39.273 39.342 39.408 39.471 39.531 39.585 39.635 39.679 39.717 39.749 39.776 39.798 39.814 39.826 39.833 39.837 39.838 39.836 39.831 39.825 39.817 39.808 39.798 39.788 39.776 39.765 39.753 39.742 39.731 39.720 39.710 39.703 39.697 39.694 39.695 39.700 39.709 39.725 39.746 39.774 39.808 39.849 39.897 39.950 40.009 40.073 40.141 40.212 40.285 40.358
26.394 36.030 37.760 38.355 38.607 38.713 38.751 38.756 38.746 38.733 38.722 38.717 38.720 38.734 38.757 38.790 38.832 38.882 38.939 39.001 39.068 39.137 39.209 39.280 39.351 39.420 39.487 39.550 39.609 39.663 39.712 39.756 39.794 39.826 39.853 39.875 39.892 39.903 39.911 39.915 39.915 39.912 39.907 39.900 39.891 39.881 39.870 39.858 39.845 39.833 39.820 39.808 39.797 39.787 39.779 39.774 39.772 39.773 39.780 39.792 39.810 39.835 39.867 39.906 39.952 40.006 40.066 40.133 40.205 40.282 40.363 40.446 40.530
26.213 36.005 37.774 38.380 38.636 38.745 38.784 38.790 38.781 38.769 38.759 38.755 38.760 38.775 38.800 38.834 38.878 38.930 38.988 39.052 39.120 39.191 39.262 39.334 39.404 39.473 39.537 39.598 39.655 39.706 39.752 39.792 39.827 39.856 39.880 39.899 39.913 39.924 39.930 39.934 39.934 39.933 39.929 39.924 39.917 39.909 39.901 39.892 39.882 39.872 39.863 39.853 39.845 39.838 39.832 39.830 39.830 39.835 39.845 39.860 39.882 39.910 39.946 39.990 40.041 40.100 40.167 40.240 40.320 40.405 40.495 40.588 40.684
26.484 36.087 37.809 38.404 38.655 38.761 38.798 38.802 38.791 38.776 38.763 38.757 38.759 38.771 38.793 38.825 38.866 38.916 38.972 39.034 39.101 39.171 39.242 39.315 39.387 39.457 39.525 39.590 39.650 39.707 39.758 39.803 39.843 39.878 39.907 39.931 39.949 39.963 39.973 39.979 39.981 39.981 39.978 39.973 39.966 39.958 39.949 39.940 39.930 39.920 39.910 39.901 39.892 39.886 39.881 39.879 39.881 39.888 39.899 39.917 39.941 39.972 40.011 40.058 40.113 40.175 40.246 40.323 40.408 40.499 40.595 40.695 40.800
28.388 36.544 37.911 38.440 38.664 38.758 38.790 38.792 38.781 38.767 38.756 38.752 38.758 38.773 38.798 38.834 38.879 38.932 38.991 39.057 39.126 39.198 39.272 39.345 39.417 39.487 39.553 39.616 39.674 39.727 39.774 39.816 39.852 39.883 39.909 39.929 39.946 39.957 39.966 39.971 39.973 39.973 39.971 39.968 39.963 39.957 39.950 39.943 39.936 39.928 39.920 39.913 39.907 39.902 39.900 39.900 39.904 39.911 39.924 39.943 39.969 40.001 40.042 40.090 40.146 40.211 40.284 40.364 40.451 40.545 40.645 40.750 40.858
26.484 36.087 37.809 38.404 38.655 38.761 38.798 38.802 38.791 38.776 38.763 38.757 38.759 38.771 38.794 38.825 38.866 38.916 38.972 39.034 39.101 39.171 39.243 39.315 39.387 39.457 39.525 39.590 39.651 39.707 39.758 39.803 39.843 39.878 39.907 39.931 39.949 39.963 39.973 39.979 39.981 39.981 39.978 39.973 39.966 39.958 39.949 39.940 39.930 39.920 39.910 39.901 39.892 39.886 39.881 39.880 39.882 39.888 39.899 39.917 39.941 39.972 40.011 40.058 40.113 40.175 40.246 40.323 40.408 40.499 40.595 40.695 40.799
26.213 36.005 37.774 38.380 38.636 38.745 38.784 38.790 38.781 38.769 38.759 38.755 38.760 38.775 38.800 38.834 38.878 38.930 38.988 39.052 39.120 39.191 39.262 39.334 39.404 39.473 39.538 39.598 39.655 39.706 39.752 39.792 39.827 39.856 39.880 39.899 39.913 39.924 39.930 39.934 39.934 39.933 39.929 39.924 39.917 39.909 39.901 39.892 39.882 39.872 39.863 39.853 39.845 39.838 39.833 39.830 39.830 39.835 39.845 39.860 39.882 39.910 39.946 39.990 40.041 40.100 40.167 40.240 40.320 40.405 40.495 40.588 40.684
26.394 36.030 37.760 38.355 38.607 38.713 38.751 38.756 38.746 38.733 38.722 38.717 38.720 38.734 38.757 38.790 38.832 38.882 38.939 39.001 39.068 39.137 39.209 39.280 39.351 39.420 39.487 39.550 39.609 39.663 39.712 39.756 39.794 39.826 39.853 39.875 39.892 39.904 39.911 39.915 39.915 39.913 39.908 39.900 39.891 39.881 39.870 39.858 39.846 39.833 39.820 39.808 39.797 39.787 39.779 39.774 39.772 39.774 39.780 39.792 39.810 39.835 39.867 39.906 39.952 40.006 40.066 40.133 40.205 40.282 40.363 40.446 40.530
26.508 36.025 37.727 38.316 38.566 38.672 38.711 38.718 38.711 38.700 38.692 38.691 38.698 38.715 38.741 38.777 38.821 38.873 38.932 38.995 39.063 39.132 39.203 39.273 39.342 39.408 39.472 39.531 39.585 39.635 39.679 39.717 39.750 39.776 39.798 39.814 39.826 39.834 39.837 39.838 39.836 39.831 39.825 39.817 39.808 39.798 39.788 39.777 39.765 39.754 39.742 39.731 39.720 39.711 39.703 39.697 39.694 39.695 39.700 39.710 39.725 39.746 39.774 39.808 39.849 39.897 39.950 40.009 40.073 40.141 40.212 40.284 40.358
26.837 36.068 37.701 38.274 38.516 38.618 38.655 38.661 38.654 38.643 38.635 38.633 38.639 38.656 38.682 38.717 38.761 38.812 38.870 38.933 39.000 39.069 39.139 39.208 39.276 39.342 39.405 39.463 39.518 39.567 39.611 39.650 39.684 39.712 39.735 39.753 39.766 39.775 39.779 39.780 39.778 39.772 39.765 39.755 39.743 39.731 39.717 39.702 39.688 39.673 39.658 39.644 39.631 39.619 39.608 39.600 39.595 39.593 39.596 39.602 39.614 39.632 39.656 39.685 39.721 39.762 39.809 39.862 39.918 39.978 40.040 40.104 40.169
26.585 35.961 37.629 38.209 38.456 38.562 38.602 38.611 38.607 38.600 38.595 38.596 38.605 38.623 38.650 38.685 38.729 38.780 38.836 38.897 38.962 39.028 39.095 39.162 39.227 39.290 39.350 39.405 39.456 39.502 39.542 39.576 39.605 39.628 39.645 39.657 39.665 39.669 39.668 39.665 39.659 39.651 39.642 39.631 39.619 39.606 39.593 39.579 39.565 39.551 39.537 39.523 39.510 39.498 39.488 39.479 39.473 39.469 39.470 39.474 39.483 39.497 39.517 39.542 39.572 39.608 39.650 39.696 39.746 39.799 39.855 39.913 39.971
26.384 35.867 37.557 38.141 38.390 38.497 38.539 38.550 38.547 38.541 38.538 38.541 38.552 38.572 38.601 38.639 38.684 38.737 38.794 38.856 38.921 38.986 39.052 39.116 39.177 39.236 39.290 39.339 39.384 39.423 39.457 39.486 39.510 39.529 39.544 39.555 39.562 39.565 39.565 39.563 39.558 39.550 39.540 39.529 39.515 39.501 39.485 39.468 39.451 39.434 39.416 39.399 39.383 39.368 39.354 39.342 39.332 39.326 39.323 39.324 39.329 39.340 39.356 39.377 39.403 39.435 39.472 39.513 39.559 39.608 39.661 39.715 39.771
25.027 35.457 37.391 38.037 38.313 38.435 38.486 38.502 38.502 38.497 38.494 38.495 38.504 38.520 38.545 38.577 38.617 38.664 38.716 38.772 38.831 38.892 38.954 39.016 39.076 39.133 39.188 39.238 39.283 39.322 39.356 39.384 39.405 39.420 39.430 39.434 39.434 39.431 39.424 39.414 39.403 39.391 39.378 39.364 39.349 39.334 39.318 39.302 39.286 39.269 39.252 39.236 39.220 39.204 39.190 39.177 39.166 39.158 39.154 39.153 39.157 39.165 39.178 39.197 39.221 39.250 39.285 39.325 39.369 39.418 39.469 39.524 39.581
23.802 34.838 37.166 37.912 38.226 38.368 38.431 38.455 38.461 38.462 38.462 38.467 38.479 38.498 38.525 38.558 38.598 38.644 38.694 38.747 38.802 38.857 38.911 38.964 39.015 39.062 39.105 39.144 39.177 39.206 39.229 39.248 39.261 39.270 39.276 39.277 39.276 39.272 39.266 39.258 39.248 39.237 39.225 39.212 39.197 39.181 39.164 39.147 39.128 39.109 39.089 39.069 39.050 39.032 39.015 39.000 38.988 38.978 38.972 38.971 38.973 38.981 38.994 39.013 39.037 39.067 39.102 39.142 39.188 39.237 39.290 39.345 39.404
21.882 33.675 36.736 37.717 38.118 38.300 38.382 38.415 38.425 38.424 38.422 38.423 38.429 38.442 38.462 38.490 38.525 38.566 38.611 38.661 38.712 38.765 38.817 38.869 38.918 38.964 39.006 39.044 39.077 39.105 39.127 39.143 39.153 39.158 39.157 39.152 39.143 39.130 39.115 39.097 39.078 39.059 39.038 39.018 38.998 38.978 38.958 38.938 38.919 38.899 38.881 38.862 38.845 38.829 38.815 38.803 38.793 38.786 38.783 38.784 38.790 38.800 38.815 38.836 38.863 38.893 38.929 38.971 39.019 39.065 39.105 39.159 39.225
19.934 30.123 35.904 37.362 37.946 38.212 38.339 38.399 38.425 38.435 38.438 38.440 38.446 38.456 38.471 38.491 38.517 38.547 38.581 38.618 38.656 38.696 38.734 38.772 38.808 38.840 38.870 38.895 38.916 38.932 38.944 38.951 38.954 38.953 38.949 38.941 38.931 38.919 38.905 38.890 38.873 38.855 38.837 38.818 38.798 38.777 38.757 38.736 38.716 38.697 38.679 38.662 38.646 38.632 38.621 38.612 38.606 38.603 38.605 38.610 38.617 38.630 38.649 38.673 38.698 38.718 38.747 38.798 38.848 38.837 38.748 38.891 39.096
18.434 23.977 34.092 36.774 37.695 38.099 38.293 38.388 38.431 38.450 38.456 38.457 38.459 38.464 38.474 38.489 38.508 38.532 38.559 38.589 38.621 38.654 38.686 38.717 38.745 38.770 38.792 38.810 38.823 38.831 38.835 38.833 38.828 38.819 38.806 38.790 38.771 38.750 38.727 38.703 38.679 38.653 38.627 38.601 38.576 38.551 38.527 38.505 38.486 38.470 38.457 38.447 38.437 38.429 38.424 38.422 38.426 38.434 38.443 38.446 38.444 38.456 38.491 38.525 38.506 38.398 38.463 38.697 38.714 38.025 36.663 40.387 41.619
