Examples/2023_ISeeSnow/data/CoulombOnly/Results/curv77s/s/1HS_03_curv77s_MoT-Voellmy_s_0035.asc
ncols        162
nrows        17
xllcorner    1917.5
yllcorner    -4292.5
cellsize     5.00
NODATA_value -9999
0.000 0.000 0.000 0.000 0.000 0.000 0.000 0.000 0.000 0.000 0.000 0.000 0.000 0.044 0.131 0.178 0.127 0.024 0.000 0.000 0.000 0.000 0.000 0.000 0.000 0.000 0.000 0.000 0.000 0.000 0.000 0.000 0.000 0.000 0.000 0.000 0.000 0.000 0.000 0.000 0.000 0.000 0.000 0.000 0.000 0.000 0.000 0.000 0.000 0.000 0.000 0.000 0.000 0.000 0.000 0.000 0.000 0.000 0.000 0.000 0.000 0.000 0.000 0.000 0.000 0.000 0.000 0.000 0.000 0.000 0.000 0.000 0.000 0.000 0.000 0.000 0.000 0.000 0.000 0.000 0.000 0.000 0.000 0.000 0.000 0.000 0.000 0.000 0.000 0.000 0.000 0.000 0.000 0.000 0.000 0.000 0.000 0.000 0.000 0.000 0.000 0.000 0.000 0.000 0.000 0.000 0.000 0.000 0.000 0.000 0.000 0.000 0.000 0.000 0.000 0.000 0.000 0.000 0.000 0.000 0.000 0.000 0.000 0.000 0.000 0.000 0.000 0.000 0.000 0.000 0.000 0.000 0.000 0.000 0.000 0.000 0.000 0.000 0.000 0.000 0.000 0.000 0.000 0.000 0.000 0.000 0.000 0.000 0.000 0.000 0.000 0.000 0.000 0.000 0.000 0.000 0.000 0.000 0.000 0.000 0.000 0.000
15.606 26.462 33.579 36.730 37.336 36.715 35.739 34.783 33.814 32.698 31.348 29.758 27.989 26.147 24.357 22.738 21.381 20.343 19.644 19.267 19.168 19.290 19.581 19.995 20.498 21.065 21.681 22.334 23.018 23.733 24.469 25.228 26.002 26.780 27.578 28.411 29.293 30.268 31.367 32.680 34.323 36.532 39.961 46.684 64.543 69.988 71.745 72.500 72.903 73.152 73.322 73.451 73.559 73.637 73.701 73.756 73.805 73.848 73.888 73.925 73.960 73.993 74.024 74.055 74.085 74.114 74.143 74.172 74.201 74.230 74.259 74.288 74.317 74.346 74.376 74.406 74.436 74.466 74.496 74.527 74.558 74.591 74.628 74.684 74.804 75.185 76.788 85.416 84.427 77.975 70.383 61.941 37.436 2.657 0.000 0.000 0.000 0.000 0.000 0.000 0.000 0.000 0.000 0.000 0.000 0.000 0.000 0.000 0.000 0.000 0.000 0.000 0.000 0.000 0.000 0.000 0.000 0.000 0.000 0.000 0.000 0.000 0.000 0.000 0.000 0.000 0.000 0.000 0.000 0.000 0.000 0.000 0.000 0.000 0.000 0.000 0.000 0.000 0.000 0.000 0.000 0.000 0.000 0.000 0.000 0.000 0.000 0.000 0.000 0.000 0.000 0.000 0.000 0.000 0.000 0.000 0.000 0.000 0.000 0.000 0.000 0.000
32.802 27.527 25.345 28.521 32.244 33.286 32.067 29.797 27.305 25.020 23.118 21.646 20.598 19.945 19.639 19.619 19.820 20.186 20.679 21.276 21.962 22.735 23.592 24.529 25.542 26.642 27.822 29.104 30.517 32.130 34.137 37.021 42.451 59.554 66.532 69.332 70.741 71.572 72.101 72.457 72.708 72.894 73.041 73.162 73.264 73.343 73.406 73.458 73.503 73.544 73.583 73.625 73.670 73.706 73.743 73.781 73.819 73.857 73.896 73.935 73.975 74.015 74.056 74.097 74.138 74.181 74.223 74.266 74.310 74.354 74.398 74.442 74.487 74.531 74.575 74.619 74.663 74.707 74.750 74.793 74.835 74.877 74.920 74.963 75.007 75.055 75.111 75.175 75.230 75.259 75.258 75.233 75.229 75.269 75.315 75.363 75.412 75.463 75.516 75.570 75.625 75.682 75.742 75.816 75.931 76.193 76.995 79.983 84.945 80.401 72.987 61.161 20.167 0.174 0.000 0.000 0.000 0.000 0.000 0.000 0.000 0.000 0.000 0.000 0.000 0.000 0.000 0.000 0.000 0.000 0.000 0.000 0.000 0.000 0.000 0.000 0.000 0.000 0.000 0.000 0.000 0.000 0.000 0.000 0.000 0.000 0.000 0.000 0.000 0.000 0.000 0.000 0.000 0.000 0.000 0.000 0.000 0.000 0.000 0.000 0.000 0.000
25.739 25.196 25.870 26.590 26.168 24.889 23.437 22.208 21.320 20.768 20.515 20.515 20.724 21.109 21.643 22.308 23.091 23.983 24.975 26.073 27.283 28.621 30.126 31.859 33.991 37.044 42.951 60.305 67.078 69.806 71.165 71.948 72.440 72.767 72.982 73.126 73.226 73.298 73.353 73.396 73.433 73.467 73.500 73.534 73.570 73.607 73.647 73.690 73.736 73.784 73.835 73.890 73.948 74.002 74.058 74.113 74.167 74.220 74.273 74.325 74.375 74.424 74.471 74.517 74.561 74.603 74.643 74.681 74.718 74.754 74.789 74.824 74.859 74.894 74.930 74.967 75.006 75.047 75.090 75.135 75.183 75.232 75.284 75.339 75.395 75.453 75.512 75.573 75.634 75.695 75.754 75.813 75.870 75.927 75.982 76.037 76.090 76.142 76.192 76.241 76.288 76.333 76.377 76.421 76.465 76.514 76.573 76.645 76.709 76.719 76.651 76.531 76.499 76.527 76.557 76.589 76.627 76.683 76.793 77.067 77.858 80.410 83.338 78.668 70.944 40.174 1.931 0.000 0.000 0.000 0.000 0.000 0.000 0.000 0.000 0.000 0.000 0.000 0.000 0.000 0.000 0.000 0.000 0.000 0.000 0.000 0.000 0.000 0.000 0.000 0.000 0.000 0.000 0.000 0.000 0.000 0.000 0.000 0.000 0.000 0.000 0.000
21.466 21.467 21.521 21.619 21.673 21.690 21.728 21.837 22.050 22.377 22.827 23.401 24.101 24.926 25.876 26.952 28.179 29.587 31.234 33.260 36.069 41.097 58.555 66.548 69.770 71.301 72.145 72.652 72.964 73.162 73.291 73.375 73.433 73.473 73.503 73.528 73.551 73.574 73.600 73.629 73.661 73.698 73.740 73.785 73.835 73.889 73.947 74.009 74.073 74.140 74.211 74.284 74.361 74.435 74.510 74.586 74.663 74.740 74.817 74.896 74.975 75.055 75.136 75.217 75.299 75.381 75.464 75.548 75.631 75.715 75.798 75.881 75.962 76.042 76.119 76.194 76.264 76.330 76.391 76.447 76.498 76.544 76.585 76.622 76.655 76.684 76.711 76.736 76.759 76.781 76.803 76.825 76.847 76.871 76.895 76.921 76.949 76.978 77.009 77.042 77.077 77.112 77.149 77.187 77.225 77.264 77.304 77.343 77.381 77.416 77.447 77.474 77.501 77.530 77.559 77.590 77.624 77.660 77.703 77.756 77.826 77.912 77.960 77.877 77.637 77.451 77.499 77.616 77.861 78.511 80.491 85.207 81.260 75.040 59.603 11.668 0.017 0.000 0.000 0.000 0.000 0.000 0.000 0.000 0.000 0.000 0.000 0.000 0.000 0.000 0.000 0.000 0.000 0.000 0.000 0.000 0.000 0.000 0.000 0.000 0.000 0.000
21.048 21.666 22.122 22.624 23.174 23.748 24.339 24.953 25.605 26.315 27.095 27.969 28.973 30.148 31.582 33.462 36.267 41.752 59.582 67.290 70.332 71.758 72.529 72.975 73.244 73.410 73.513 73.577 73.617 73.642 73.660 73.674 73.687 73.702 73.719 73.739 73.763 73.790 73.820 73.854 73.893 73.935 73.982 74.032 74.087 74.145 74.207 74.273 74.341 74.412 74.485 74.561 74.640 74.719 74.798 74.879 74.960 75.040 75.118 75.195 75.269 75.339 75.408 75.473 75.536 75.596 75.654 75.711 75.765 75.819 75.871 75.922 75.972 76.022 76.071 76.120 76.170 76.221 76.272 76.324 76.378 76.433 76.489 76.547 76.606 76.668 76.731 76.796 76.864 76.933 77.004 77.076 77.150 77.225 77.300 77.376 77.452 77.527 77.601 77.674 77.744 77.813 77.878 77.941 78.000 78.056 78.108 78.157 78.202 78.244 78.282 78.317 78.349 78.377 78.403 78.425 78.445 78.461 78.475 78.486 78.493 78.497 78.495 78.487 78.473 78.456 78.440 78.428 78.424 78.433 78.458 78.472 78.399 78.189 77.903 77.823 77.847 77.938 78.176 78.758 80.112 82.024 77.167 45.259 2.103 0.000 0.000 0.000 0.000 0.000 0.000 0.000 0.000 0.000 0.000 0.000 0.000 0.000 0.000 0.000 0.000 0.000
23.135 24.812 25.903 26.793 27.609 28.388 29.151 29.921 30.734 31.638 32.705 34.086 36.162 40.067 51.166 65.333 69.456 71.303 72.291 72.874 73.239 73.477 73.634 73.738 73.806 73.849 73.877 73.894 73.905 73.914 73.923 73.934 73.950 73.970 73.997 74.029 74.068 74.113 74.162 74.217 74.276 74.339 74.405 74.475 74.547 74.621 74.698 74.776 74.857 74.939 75.023 75.109 75.197 75.284 75.373 75.462 75.551 75.640 75.729 75.817 75.905 75.991 76.077 76.161 76.245 76.327 76.409 76.490 76.570 76.651 76.731 76.812 76.893 76.976 77.059 77.142 77.226 77.308 77.390 77.470 77.549 77.625 77.699 77.770 77.837 77.901 77.961 78.017 78.070 78.120 78.167 78.213 78.256 78.299 78.342 78.385 78.429 78.474 78.521 78.570 78.621 78.674 78.729 78.785 78.843 78.903 78.963 79.024 79.085 79.146 79.207 79.266 79.324 79.380 79.433 79.484 79.531 79.575 79.614 79.649 79.678 79.703 79.722 79.735 79.742 79.743 79.737 79.725 79.706 79.681 79.649 79.609 79.560 79.502 79.437 79.367 79.296 79.225 79.157 79.093 79.026 78.907 78.660 78.448 78.554 78.889 79.590 80.882 81.021 65.998 11.348 0.008 0.000 0.000 0.000 0.000 0.000 0.000 0.000 0.000 0.000 0.000
25.623 28.497 30.467 31.958 33.193 34.283 35.306 36.347 37.518 39.039 41.478 46.952 61.465 67.131 69.580 70.938 71.814 72.430 72.887 73.236 73.509 73.723 73.893 74.028 74.135 74.220 74.286 74.338 74.378 74.409 74.433 74.451 74.465 74.479 74.492 74.507 74.525 74.547 74.575 74.607 74.643 74.683 74.726 74.775 74.828 74.886 74.947 75.012 75.079 75.149 75.220 75.293 75.368 75.443 75.519 75.596 75.672 75.749 75.825 75.901 75.976 76.051 76.124 76.197 76.269 76.340 76.410 76.479 76.547 76.614 76.680 76.746 76.811 76.875 76.940 77.004 77.069 77.134 77.199 77.266 77.333 77.401 77.469 77.539 77.609 77.681 77.753 77.825 77.898 77.972 78.045 78.120 78.194 78.269 78.344 78.419 78.495 78.572 78.648 78.726 78.804 78.882 78.961 79.039 79.118 79.197 79.275 79.353 79.429 79.504 79.577 79.648 79.715 79.780 79.840 79.896 79.947 79.993 80.033 80.068 80.095 80.117 80.131 80.139 80.141 80.135 80.123 80.105 80.081 80.051 80.015 79.974 79.928 79.877 79.821 79.761 79.696 79.627 79.554 79.477 79.396 79.309 79.219 79.128 79.039 78.952 78.860 78.745 78.553 78.281 78.186 78.213 78.335 78.593 79.015 33.359 0.359 0.000 0.000 0.000 0.000 0.000
45.856 55.631 58.931 61.321 63.359 65.184 66.819 68.263 69.511 70.564 71.432 72.131 72.680 73.101 73.418 73.654 73.827 73.953 74.044 74.109 74.157 74.193 74.222 74.247 74.272 74.298 74.325 74.356 74.389 74.426 74.466 74.508 74.552 74.598 74.645 74.693 74.741 74.790 74.839 74.888 74.936 74.985 75.035 75.084 75.134 75.185 75.237 75.291 75.346 75.403 75.462 75.523 75.586 75.652 75.721 75.791 75.864 75.939 76.017 76.096 76.176 76.258 76.341 76.425 76.509 76.594 76.679 76.765 76.850 76.935 77.020 77.105 77.189 77.273 77.356 77.438 77.520 77.601 77.682 77.761 77.840 77.918 77.995 78.071 78.145 78.219 78.292 78.363 78.434 78.504 78.573 78.642 78.710 78.778 78.847 78.915 78.984 79.054 79.124 79.196 79.269 79.344 79.421 79.499 79.578 79.660 79.743 79.827 79.913 80.000 80.087 80.174 80.261 80.348 80.433 80.516 80.598 80.676 80.751 80.822 80.888 80.949 81.004 81.053 81.094 81.128 81.154 81.170 81.178 81.175 81.161 81.136 81.100 81.052 80.992 80.921 80.838 80.744 80.640 80.526 80.404 80.275 80.141 80.005 79.867 79.729 79.588 79.445 79.299 79.150 78.999 78.843 78.678 78.497 78.284 78.113 78.011 77.923 77.833 77.705 77.446 75.996
25.627 28.503 30.475 31.968 33.204 34.294 35.320 36.362 37.534 39.057 41.501 47.001 61.505 67.146 69.586 70.941 71.815 72.431 72.887 73.236 73.509 73.723 73.893 74.028 74.135 74.220 74.287 74.338 74.379 74.409 74.433 74.451 74.466 74.479 74.492 74.507 74.525 74.548 74.575 74.608 74.643 74.683 74.727 74.775 74.829 74.886 74.947 75.012 75.079 75.149 75.220 75.294 75.368 75.444 75.520 75.596 75.672 75.749 75.825 75.901 75.976 76.051 76.125 76.198 76.270 76.341 76.410 76.479 76.547 76.614 76.681 76.746 76.811 76.876 76.940 77.004 77.069 77.134 77.200 77.266 77.333 77.401 77.469 77.539 77.609 77.681 77.753 77.825 77.898 77.972 78.045 78.120 78.194 78.269 78.344 78.419 78.495 78.572 78.649 78.726 78.804 78.882 78.961 79.040 79.118 79.197 79.275 79.353 79.429 79.504 79.577 79.648 79.715 79.780 79.840 79.896 79.947 79.993 80.033 80.067 80.095 80.117 80.131 80.139 80.140 80.135 80.123 80.105 80.080 80.050 80.015 79.974 79.928 79.877 79.821 79.760 79.696 79.627 79.554 79.477 79.395 79.309 79.218 79.127 79.038 78.951 78.860 78.744 78.552 78.281 78.185 78.212 78.334 78.593 79.015 33.384 0.360 0.000 0.000 0.000 0.000 0.000
23.134 24.812 25.903 26.793 27.610 28.389 29.151 29.922 30.735 31.639 32.706 34.087 36.163 40.067 51.172 65.336 69.457 71.304 72.291 72.874 73.239 73.477 73.634 73.738 73.806 73.850 73.877 73.894 73.905 73.914 73.923 73.934 73.950 73.971 73.997 74.030 74.068 74.113 74.162 74.217 74.276 74.339 74.406 74.475 74.547 74.621 74.698 74.776 74.857 74.939 75.023 75.110 75.197 75.284 75.373 75.462 75.551 75.640 75.729 75.817 75.905 75.991 76.077 76.162 76.245 76.328 76.409 76.490 76.571 76.651 76.732 76.813 76.894 76.976 77.059 77.143 77.226 77.309 77.390 77.471 77.549 77.625 77.699 77.769 77.837 77.900 77.960 78.017 78.070 78.120 78.167 78.212 78.256 78.299 78.342 78.385 78.429 78.474 78.521 78.570 78.621 78.674 78.729 78.785 78.843 78.903 78.963 79.024 79.085 79.146 79.207 79.266 79.324 79.380 79.433 79.484 79.531 79.574 79.614 79.648 79.678 79.703 79.722 79.735 79.742 79.743 79.737 79.725 79.706 79.681 79.649 79.609 79.560 79.502 79.436 79.367 79.296 79.225 79.157 79.093 79.025 78.907 78.660 78.447 78.553 78.888 79.589 80.881 81.023 66.026 11.377 0.008 0.000 0.000 0.000 0.000 0.000 0.000 0.000 0.000 0.000 0.000
21.047 21.666 22.121 22.623 23.174 23.748 24.340 24.954 25.606 26.316 27.096 27.970 28.974 30.149 31.584 33.463 36.270 41.758 59.589 67.294 70.333 71.759 72.529 72.976 73.245 73.410 73.513 73.577 73.617 73.642 73.660 73.674 73.688 73.702 73.719 73.739 73.763 73.790 73.820 73.854 73.893 73.935 73.982 74.032 74.087 74.145 74.207 74.273 74.341 74.412 74.485 74.561 74.640 74.719 74.798 74.879 74.960 75.040 75.118 75.195 75.268 75.339 75.407 75.473 75.535 75.596 75.654 75.710 75.765 75.818 75.870 75.922 75.972 76.022 76.071 76.120 76.170 76.221 76.272 76.324 76.378 76.433 76.489 76.547 76.606 76.668 76.731 76.796 76.864 76.933 77.003 77.076 77.150 77.224 77.300 77.376 77.451 77.526 77.601 77.673 77.744 77.812 77.877 77.940 77.999 78.055 78.107 78.156 78.201 78.243 78.281 78.316 78.348 78.377 78.402 78.425 78.444 78.461 78.474 78.485 78.492 78.496 78.495 78.486 78.472 78.455 78.440 78.428 78.423 78.432 78.458 78.471 78.398 78.188 77.903 77.822 77.847 77.937 78.176 78.757 80.112 82.023 77.167 45.261 2.103 0.000 0.000 0.000 0.000 0.000 0.000 0.000 0.000 0.000 0.000 0.000 0.000 0.000 0.000 0.000 0.000 0.000
21.465 21.467 21.521 21.620 21.673 21.691 21.729 21.838 22.050 22.378 22.828 23.401 24.102 24.927 25.877 26.953 28.180 29.588 31.235 33.262 36.072 41.103 58.563 66.551 69.771 71.302 72.146 72.652 72.964 73.162 73.291 73.375 73.433 73.473 73.503 73.528 73.551 73.574 73.600 73.629 73.661 73.698 73.739 73.785 73.835 73.889 73.947 74.008 74.073 74.140 74.210 74.284 74.361 74.435 74.510 74.586 74.662 74.740 74.817 74.896 74.975 75.055 75.135 75.217 75.298 75.381 75.464 75.547 75.631 75.714 75.798 75.880 75.962 76.041 76.119 76.193 76.263 76.329 76.390 76.446 76.497 76.543 76.585 76.621 76.654 76.684 76.710 76.735 76.758 76.781 76.802 76.824 76.847 76.870 76.894 76.920 76.948 76.978 77.009 77.041 77.076 77.111 77.148 77.186 77.224 77.263 77.303 77.342 77.380 77.415 77.446 77.473 77.501 77.529 77.558 77.590 77.623 77.659 77.702 77.755 77.825 77.912 77.959 77.876 77.636 77.451 77.498 77.615 77.861 78.511 80.494 85.203 81.255 75.034 59.578 11.643 0.017 0.000 0.000 0.000 0.000 0.000 0.000 0.000 0.000 0.000 0.000 0.000 0.000 0.000 0.000 0.000 0.000 0.000 0.000 0.000 0.000 0.000 0.000 0.000 0.000 0.000
25.740 25.196 25.868 26.589 26.169 24.891 23.439 22.210 21.322 20.770 20.517 20.516 20.725 21.110 21.643 22.308 23.091 23.983 24.975 26.074 27.284 28.622 30.127 31.861 33.993 37.047 42.957 60.312 67.081 69.807 71.166 71.948 72.440 72.767 72.982 73.126 73.226 73.298 73.353 73.396 73.433 73.467 73.500 73.534 73.569 73.607 73.647 73.690 73.736 73.784 73.834 73.889 73.948 74.002 74.057 74.112 74.167 74.220 74.273 74.324 74.375 74.424 74.471 74.517 74.560 74.602 74.642 74.681 74.718 74.754 74.789 74.823 74.858 74.893 74.929 74.966 75.005 75.046 75.089 75.134 75.182 75.231 75.283 75.338 75.394 75.452 75.511 75.572 75.633 75.694 75.753 75.811 75.869 75.925 75.981 76.036 76.089 76.141 76.191 76.240 76.287 76.332 76.376 76.420 76.465 76.513 76.572 76.644 76.708 76.718 76.650 76.530 76.498 76.526 76.556 76.588 76.626 76.682 76.793 77.067 77.859 80.416 83.334 78.661 70.930 40.123 1.921 0.000 0.000 0.000 0.000 0.000 0.000 0.000 0.000 0.000 0.000 0.000 0.000 0.000 0.000 0.000 0.000 0.000 0.000 0.000 0.000 0.000 0.000 0.000 0.000 0.000 0.000 0.000 0.000 0.000 0.000 0.000 0.000 0.000 0.000 0.000
32.838 27.555 25.353 28.513 32.238 33.287 32.072 29.802 27.310 25.024 23.121 21.648 20.600 19.946 19.640 19.619 19.820 20.187 20.679 21.276 21.962 22.736 23.592 24.529 25.542 26.643 27.823 29.105 30.519 32.131 34.140 37.026 42.461 59.565 66.536 69.334 70.741 71.572 72.101 72.457 72.708 72.894 73.041 73.162 73.264 73.343 73.406 73.457 73.502 73.543 73.582 73.624 73.669 73.705 73.743 73.780 73.818 73.856 73.895 73.934 73.974 74.014 74.055 74.096 74.138 74.180 74.223 74.266 74.309 74.353 74.397 74.442 74.486 74.530 74.575 74.619 74.662 74.706 74.749 74.792 74.834 74.877 74.919 74.962 75.006 75.055 75.111 75.175 75.229 75.259 75.257 75.233 75.228 75.268 75.314 75.362 75.411 75.462 75.515 75.569 75.624 75.681 75.741 75.815 75.930 76.193 76.996 79.991 84.941 80.391 72.973 61.127 20.101 0.172 0.000 0.000 0.000 0.000 0.000 0.000 0.000 0.000 0.000 0.000 0.000 0.000 0.000 0.000 0.000 0.000 0.000 0.000 0.000 0.000 0.000 0.000 0.000 0.000 0.000 0.000 0.000 0.000 0.000 0.000 0.000 0.000 0.000 0.000 0.000 0.000 0.000 0.000 0.000 0.000 0.000 0.000 0.000 0.000 0.000 0.000 0.000 0.000
15.580 26.453 33.582 36.738 37.344 36.721 35.744 34.787 33.818 32.701 31.350 29.760 27.990 26.148 24.357 22.738 21.381 20.343 19.644 19.267 19.168 19.290 19.581 19.996 20.498 21.065 21.682 22.334 23.020 23.734 24.471 25.229 26.003 26.782 27.580 28.413 29.295 30.270 31.369 32.684 34.328 36.542 39.977 46.717 64.571 69.997 71.748 72.501 72.904 73.152 73.322 73.451 73.559 73.636 73.701 73.756 73.804 73.848 73.887 73.924 73.959 73.992 74.024 74.054 74.084 74.114 74.143 74.172 74.200 74.229 74.258 74.287 74.316 74.345 74.375 74.405 74.435 74.465 74.495 74.526 74.557 74.590 74.628 74.683 74.802 75.182 76.776 85.361 84.453 78.000 70.406 61.976 37.585 2.702 0.000 0.000 0.000 0.000 0.000 0.000 0.000 0.000 0.000 0.000 0.000 0.000 0.000 0.000 0.000 0.000 0.000 0.000 0.000 0.000 0.000 0.000 0.000 0.000 0.000 0.000 0.000 0.000 0.000 0.000 0.000 0.000 0.000 0.000 0.000 0.000 0.000 0.000 0.000 0.000 0.000 0.000 0.000 0.000 0.000 0.000 0.000 0.000 0.000 0.000 0.000 0.000 0.000 0.000 0.000 0.000 0.000 0.000 0.000 0.000 0.000 0.000 0.000 0.000 0.000 0.000 0.000 0.000
0.000 0.000 0.000 0.000 0.000 0.000 0.000 0.000 0.000 0.000 0.000 0.000 0.000 0.053 0.147 0.197 0.146 0.028 0.000 0.000 0.000 0.000 0.000 0.000 0.000 0.000 0.000 0.000 0.000 0.000 0.000 0.000 0.000 0.000 0.000 0.000 0.000 0.000 0.000 0.000 0.000 0.000 0.000 0.000 0.000 0.000 0.000 0.000 0.000 0.000 0.000 0.000 0.000 0.000 0.000 0.000 0.000 0.000 0.000 0.000 0.000 0.000 0.000 0.000 0.000 0.000 0.000 0.000 0.000 0.000 0.000 0.000 0.000 0.000 0.000 0.000 0.000 0.000 0.000 0.000 0.000 0.000 0.000 0.000 0.000 0.000 0.000 0.000 0.000 0.000 0.000 0.000 0.000 0.000 0.000 0.000 0.000 0.000 0.000 0.000 0.000 0.000 0.000 0.000 0.000 0.000 0.000 0.000 0.000 0.000 0.000 0.000 0.000 0.000 0.000 0.000 0.000 0.000 0.000 0.000 0.000 0.000 0.000 0.000 0.000 0.000 0.000 0.000 0.000 0.000 0.000 0.000 0.000 0.000 0.000 0.000 0.000 0.000 0.000 0.000 0.000 0.000 0.000 0.000 0.000 0.000 0.000 0.000 0.000 0.000 0.000 0.000 0.000 0.000 0.000 0.000 0.000 0.000 0.000 0.000 0.000 0.000
