Examples/2023_ISeeSnow/data/CoulombOnly/Results/curv77s/s/1HS_03_curv77s_MoT-Voellmy_s_0037.asc
ncols        169
nrows        17
xllcorner    2032.5
yllcorner    -4292.5
cellsize     5.00
NODATA_value -9999
0.000 0.000 0.000 0.000 0.000 0.000 0.000 0.000 0.000 0.000 0.000 0.000 0.000 0.000 0.000 0.000 0.000 0.000 0.000 0.000 0.000 0.000 0.000 0.000 0.000 0.000 0.000 0.000 0.000 0.000 0.000 0.000 0.000 0.000 0.000 0.000 0.000 0.000 0.000 0.000 0.000 0.000 0.000 0.000 0.000 0.000 0.000 0.000 0.000 0.000 0.000 0.000 0.000 0.000 0.000 0.000 0.000 0.000 0.000 0.000 0.000 0.000 0.000 0.000 0.000 0.000 0.000 0.000 0.000 0.000 0.000 0.000 0.000 0.000 0.000 0.000 0.000 0.000 0.000 0.000 0.000 0.000 0.000 0.000 0.000 0.000 0.000 0.000 0.000 0.000 0.000 0.000 0.000 0.000 0.000 0.000 0.000 0.000 0.000 0.000 0.000 0.000 0.000 0.000 0.000 0.000 0.000 0.000 0.000 0.000 0.000 0.000 0.000 0.000 0.000 0.000 0.000 0.000 0.000 0.000 0.000 0.000 0.000 0.000 0.000 0.000 0.000 0.000 0.000 0.000 0.000 0.000 0.000 0.000 0.000 0.000 0.000 0.000 0.000 0.000 0.000 0.000 0.000 0.000 0.000 0.000 0.000 0.000 0.000 0.000 0.000 0.000 0.000 0.000 0.000 0.000 0.000 0.000 0.000 0.000 0.000 0.000 0.000 0.000 0.000 0.000 0.000 0.000 0.000
17.695 17.802 17.973 18.205 18.481 18.789 19.120 19.464 19.815 20.167 20.509 20.837 21.151 21.449 21.736 22.012 22.280 22.542 22.797 23.049 23.299 23.545 23.790 24.041 24.297 24.556 24.817 25.083 25.359 25.652 25.957 26.277 26.616 26.973 27.350 27.745 28.176 28.651 29.162 29.708 30.318 30.984 31.728 32.563 33.509 34.598 35.882 37.409 39.346 41.861 45.447 51.551 67.470 76.120 77.664 78.097 78.246 78.308 78.339 78.358 78.373 78.385 78.397 78.409 78.421 78.434 78.447 78.462 78.477 78.494 78.511 78.529 78.547 78.566 78.586 78.607 78.630 78.667 78.774 79.360 84.631 92.117 90.618 83.485 75.143 67.077 59.330 45.865 10.431 0.036 0.000 0.000 0.000 0.000 0.000 0.000 0.000 0.000 0.000 0.000 0.000 0.000 0.000 0.000 0.000 0.000 0.000 0.000 0.000 0.000 0.000 0.000 0.000 0.000 0.000 0.000 0.000 0.000 0.000 0.000 0.000 0.000 0.000 0.000 0.000 0.000 0.000 0.000 0.000 0.000 0.000 0.000 0.000 0.000 0.000 0.000 0.000 0.000 0.000 0.000 0.000 0.000 0.000 0.000 0.000 0.000 0.000 0.000 0.000 0.000 0.000 0.000 0.000 0.000 0.000 0.000 0.000 0.000 0.000 0.000 0.000 0.000 0.000 0.000 0.000 0.000 0.000 0.000 0.000
18.359 18.817 19.162 19.533 19.931 20.350 20.780 21.215 21.654 22.096 22.538 22.979 23.417 23.854 24.293 24.735 25.182 25.636 26.099 26.570 27.050 27.548 28.074 28.627 29.210 29.844 30.535 31.304 32.185 33.213 34.471 36.073 38.315 41.867 49.337 66.917 72.132 74.064 75.074 75.708 76.146 76.467 76.710 76.899 77.050 77.174 77.279 77.372 77.456 77.534 77.609 77.682 77.748 77.799 77.838 77.870 77.900 77.930 77.961 77.993 78.027 78.062 78.098 78.136 78.175 78.215 78.257 78.299 78.343 78.387 78.432 78.478 78.524 78.572 78.620 78.668 78.717 78.766 78.817 78.873 78.942 79.017 79.084 79.134 79.160 79.160 79.140 79.124 79.155 79.195 79.234 79.270 79.304 79.337 79.369 79.399 79.428 79.458 79.487 79.518 79.553 79.602 79.689 79.888 80.436 82.151 88.030 88.274 81.180 72.972 49.084 4.809 0.001 0.000 0.000 0.000 0.000 0.000 0.000 0.000 0.000 0.000 0.000 0.000 0.000 0.000 0.000 0.000 0.000 0.000 0.000 0.000 0.000 0.000 0.000 0.000 0.000 0.000 0.000 0.000 0.000 0.000 0.000 0.000 0.000 0.000 0.000 0.000 0.000 0.000 0.000 0.000 0.000 0.000 0.000 0.000 0.000 0.000 0.000 0.000 0.000 0.000 0.000 0.000 0.000 0.000 0.000 0.000 0.000
20.179 21.119 21.642 22.139 22.650 23.175 23.711 24.260 24.819 25.389 25.971 26.567 27.175 27.795 28.432 29.092 29.780 30.500 31.257 32.065 32.943 33.923 35.060 36.458 38.348 41.322 47.581 64.393 70.532 73.095 74.504 75.408 76.036 76.493 76.836 77.084 77.248 77.356 77.429 77.481 77.521 77.554 77.585 77.615 77.647 77.680 77.715 77.754 77.794 77.838 77.883 77.930 77.978 78.027 78.077 78.128 78.180 78.233 78.286 78.339 78.393 78.447 78.501 78.555 78.608 78.662 78.714 78.766 78.818 78.869 78.919 78.969 79.018 79.067 79.115 79.163 79.211 79.258 79.305 79.353 79.401 79.449 79.498 79.547 79.596 79.643 79.690 79.737 79.784 79.833 79.883 79.933 79.984 80.035 80.085 80.136 80.185 80.233 80.280 80.326 80.370 80.413 80.457 80.504 80.559 80.627 80.700 80.737 80.702 80.594 80.490 80.493 80.514 80.534 80.555 80.585 80.638 80.765 81.120 82.215 85.906 88.885 83.882 76.613 61.893 14.320 0.038 0.000 0.000 0.000 0.000 0.000 0.000 0.000 0.000 0.000 0.000 0.000 0.000 0.000 0.000 0.000 0.000 0.000 0.000 0.000 0.000 0.000 0.000 0.000 0.000 0.000 0.000 0.000 0.000 0.000 0.000 0.000 0.000 0.000 0.000 0.000 0.000 0.000 0.000 0.000 0.000 0.000 0.000
22.417 24.000 24.732 25.345 25.957 26.586 27.234 27.901 28.590 29.304 30.043 30.810 31.615 32.463 33.361 34.330 35.414 36.681 38.271 40.544 44.682 58.059 68.814 72.459 74.346 75.492 76.256 76.775 77.116 77.344 77.495 77.600 77.676 77.733 77.779 77.817 77.853 77.887 77.922 77.959 77.999 78.042 78.089 78.140 78.194 78.252 78.313 78.377 78.443 78.512 78.582 78.653 78.725 78.797 78.869 78.940 79.010 79.079 79.147 79.212 79.275 79.336 79.395 79.451 79.504 79.555 79.604 79.650 79.694 79.736 79.776 79.814 79.851 79.886 79.920 79.953 79.985 80.016 80.047 80.077 80.107 80.138 80.169 80.200 80.232 80.264 80.297 80.332 80.367 80.405 80.443 80.483 80.525 80.569 80.614 80.661 80.710 80.759 80.810 80.862 80.914 80.967 81.021 81.075 81.128 81.181 81.231 81.279 81.323 81.364 81.403 81.442 81.482 81.523 81.565 81.609 81.655 81.706 81.764 81.834 81.914 81.965 81.936 81.798 81.590 81.504 81.481 81.497 81.649 82.165 83.556 86.980 87.502 82.296 72.721 29.387 0.423 0.000 0.000 0.000 0.000 0.000 0.000 0.000 0.000 0.000 0.000 0.000 0.000 0.000 0.000 0.000 0.000 0.000 0.000 0.000 0.000 0.000 0.000 0.000 0.000 0.000 0.000 0.000 0.000 0.000 0.000 0.000 0.000
24.652 27.063 28.121 28.877 29.587 30.307 31.055 31.839 32.662 33.541 34.491 35.534 36.718 38.166 40.122 43.329 51.281 66.820 71.916 74.213 75.521 76.352 76.886 77.234 77.467 77.626 77.738 77.817 77.875 77.920 77.952 77.978 78.000 78.019 78.038 78.056 78.074 78.094 78.115 78.138 78.164 78.192 78.224 78.259 78.298 78.340 78.385 78.434 78.485 78.539 78.595 78.654 78.714 78.775 78.838 78.901 78.965 79.029 79.093 79.157 79.221 79.285 79.348 79.410 79.473 79.534 79.596 79.656 79.717 79.777 79.836 79.896 79.955 80.014 80.073 80.131 80.190 80.249 80.308 80.367 80.427 80.487 80.548 80.610 80.672 80.735 80.799 80.864 80.929 80.995 81.062 81.129 81.196 81.264 81.331 81.398 81.465 81.531 81.597 81.661 81.725 81.787 81.848 81.908 81.967 82.024 82.081 82.137 82.191 82.245 82.297 82.349 82.399 82.448 82.494 82.539 82.580 82.619 82.654 82.685 82.711 82.732 82.746 82.755 82.763 82.770 82.779 82.789 82.802 82.819 82.839 82.853 82.827 82.731 82.562 82.433 82.360 82.299 82.270 82.319 82.510 82.966 83.919 85.639 85.167 74.553 21.030 0.081 0.000 0.000 0.000 0.000 0.000 0.000 0.000 0.000 0.000 0.000 0.000 0.000 0.000 0.000 0.000 0.000 0.000 0.000 0.000 0.000 0.000
26.404 29.733 31.302 32.354 33.307 34.299 35.372 36.561 37.895 39.466 41.494 44.722 53.435 67.002 71.710 74.062 75.451 76.332 76.913 77.310 77.590 77.791 77.937 78.042 78.117 78.170 78.207 78.233 78.250 78.263 78.273 78.283 78.295 78.309 78.328 78.351 78.380 78.414 78.454 78.499 78.548 78.603 78.662 78.725 78.791 78.861 78.933 79.008 79.085 79.164 79.244 79.324 79.404 79.485 79.565 79.645 79.724 79.802 79.879 79.956 80.031 80.105 80.178 80.250 80.321 80.391 80.459 80.527 80.594 80.659 80.724 80.788 80.851 80.913 80.974 81.035 81.096 81.156 81.216 81.275 81.335 81.395 81.456 81.517 81.578 81.640 81.702 81.766 81.829 81.894 81.959 82.024 82.091 82.158 82.225 82.294 82.363 82.434 82.506 82.579 82.653 82.729 82.806 82.885 82.964 83.045 83.126 83.206 83.286 83.364 83.441 83.516 83.588 83.657 83.724 83.787 83.847 83.904 83.958 84.008 84.055 84.099 84.141 84.179 84.213 84.243 84.268 84.287 84.302 84.310 84.313 84.310 84.300 84.284 84.261 84.231 84.196 84.155 84.110 84.060 84.007 83.950 83.888 83.813 83.707 83.565 83.464 83.406 83.380 83.412 83.556 83.879 84.401 85.017 32.388 0.274 0.000 0.000 0.000 0.000 0.000 0.000 0.000 0.000 0.000 0.000 0.000 0.000 0.000
28.340 32.757 35.190 36.855 38.136 39.170 40.043 40.819 41.547 42.292 43.166 44.343 46.169 49.185 55.303 68.861 73.594 75.414 76.339 76.902 77.287 77.574 77.798 77.977 78.118 78.223 78.296 78.339 78.362 78.372 78.376 78.378 78.381 78.388 78.400 78.416 78.437 78.464 78.497 78.534 78.577 78.623 78.675 78.729 78.788 78.850 78.914 78.981 79.050 79.121 79.194 79.268 79.344 79.420 79.498 79.576 79.654 79.732 79.811 79.889 79.966 80.043 80.119 80.194 80.268 80.341 80.413 80.484 80.555 80.624 80.693 80.762 80.830 80.899 80.968 81.037 81.108 81.179 81.250 81.323 81.397 81.472 81.548 81.625 81.703 81.781 81.860 81.940 82.020 82.101 82.182 82.262 82.343 82.424 82.505 82.586 82.667 82.748 82.829 82.910 82.991 83.072 83.152 83.233 83.313 83.394 83.473 83.553 83.632 83.710 83.788 83.864 83.940 84.014 84.086 84.156 84.224 84.289 84.351 84.409 84.463 84.512 84.555 84.593 84.623 84.646 84.663 84.672 84.675 84.671 84.661 84.644 84.622 84.593 84.560 84.522 84.479 84.431 84.380 84.325 84.267 84.205 84.140 84.071 83.999 83.925 83.849 83.770 83.690 83.605 83.514 83.410 83.284 83.120 82.998 82.945 82.928 82.959 83.057 83.243 83.524 37.951 0.483 0.001 0.000 0.000 0.000 0.000 0.000
43.531 64.643 68.863 70.708 71.974 73.005 73.899 74.684 75.370 75.961 76.461 76.879 77.222 77.499 77.720 77.893 78.027 78.129 78.206 78.264 78.307 78.340 78.366 78.389 78.410 78.431 78.453 78.479 78.507 78.538 78.574 78.612 78.654 78.699 78.747 78.796 78.848 78.901 78.955 79.009 79.065 79.121 79.177 79.233 79.290 79.347 79.404 79.462 79.521 79.581 79.642 79.705 79.769 79.834 79.901 79.970 80.041 80.114 80.189 80.265 80.344 80.424 80.506 80.589 80.673 80.759 80.845 80.933 81.021 81.109 81.198 81.287 81.377 81.466 81.554 81.643 81.731 81.818 81.905 81.991 82.076 82.160 82.244 82.326 82.407 82.488 82.567 82.645 82.722 82.798 82.873 82.948 83.021 83.094 83.166 83.237 83.308 83.379 83.449 83.519 83.590 83.661 83.732 83.803 83.876 83.949 84.022 84.097 84.173 84.250 84.327 84.406 84.485 84.565 84.645 84.725 84.806 84.885 84.964 85.042 85.118 85.192 85.264 85.333 85.397 85.458 85.514 85.565 85.610 85.649 85.680 85.704 85.720 85.727 85.726 85.714 85.693 85.662 85.621 85.569 85.508 85.436 85.354 85.264 85.164 85.057 84.942 84.820 84.693 84.560 84.423 84.282 84.140 83.996 83.852 83.707 83.561 83.410 83.251 83.081 82.892 82.732 82.620 82.515 82.404 82.260 82.025 82.666 72.762
28.339 32.757 35.190 36.856 38.140 39.175 40.051 40.829 41.559 42.306 43.182 44.360 46.189 49.222 55.395 68.920 73.612 75.421 76.342 76.903 77.288 77.574 77.798 77.977 78.117 78.223 78.296 78.339 78.362 78.373 78.376 78.378 78.382 78.388 78.400 78.416 78.438 78.465 78.497 78.534 78.577 78.624 78.675 78.730 78.788 78.850 78.914 78.981 79.050 79.121 79.194 79.268 79.344 79.421 79.498 79.576 79.654 79.733 79.811 79.889 79.967 80.043 80.119 80.194 80.269 80.342 80.414 80.485 80.555 80.625 80.694 80.762 80.831 80.899 80.968 81.038 81.108 81.179 81.250 81.323 81.397 81.472 81.548 81.625 81.703 81.781 81.860 81.940 82.020 82.101 82.181 82.262 82.343 82.424 82.505 82.586 82.667 82.748 82.829 82.910 82.991 83.072 83.152 83.233 83.313 83.394 83.473 83.553 83.632 83.710 83.788 83.864 83.940 84.014 84.086 84.156 84.224 84.289 84.351 84.409 84.463 84.512 84.555 84.592 84.623 84.646 84.663 84.672 84.675 84.671 84.661 84.644 84.621 84.593 84.560 84.521 84.478 84.431 84.380 84.325 84.266 84.204 84.139 84.071 83.999 83.925 83.848 83.770 83.689 83.605 83.514 83.410 83.283 83.120 82.997 82.945 82.928 82.958 83.057 83.243 83.525 37.887 0.479 0.000 0.000 0.000 0.000 0.000 0.000
26.406 29.734 31.303 32.354 33.307 34.298 35.370 36.559 37.893 39.464 41.493 44.723 53.442 67.007 71.714 74.064 75.452 76.333 76.913 77.310 77.590 77.791 77.937 78.042 78.117 78.171 78.207 78.233 78.250 78.264 78.274 78.283 78.295 78.309 78.328 78.351 78.380 78.414 78.454 78.499 78.549 78.603 78.662 78.725 78.791 78.861 78.933 79.008 79.085 79.164 79.244 79.324 79.404 79.485 79.565 79.645 79.724 79.802 79.879 79.956 80.031 80.105 80.178 80.250 80.321 80.391 80.460 80.527 80.594 80.660 80.724 80.788 80.851 80.913 80.975 81.035 81.096 81.156 81.216 81.275 81.335 81.395 81.455 81.516 81.577 81.639 81.702 81.765 81.829 81.893 81.958 82.024 82.090 82.157 82.225 82.294 82.363 82.434 82.506 82.579 82.653 82.729 82.806 82.885 82.964 83.045 83.126 83.206 83.286 83.364 83.441 83.516 83.588 83.657 83.724 83.787 83.847 83.904 83.958 84.008 84.055 84.099 84.140 84.178 84.212 84.242 84.267 84.287 84.301 84.310 84.313 84.310 84.300 84.284 84.260 84.231 84.195 84.155 84.109 84.060 84.007 83.950 83.888 83.812 83.707 83.564 83.464 83.406 83.379 83.411 83.556 83.879 84.402 85.016 32.377 0.273 0.000 0.000 0.000 0.000 0.000 0.000 0.000 0.000 0.000 0.000 0.000 0.000 0.000
24.652 27.064 28.122 28.878 29.587 30.308 31.055 31.840 32.663 33.541 34.492 35.534 36.719 38.167 40.123 43.333 51.291 66.826 71.918 74.214 75.522 76.353 76.886 77.234 77.467 77.626 77.738 77.817 77.875 77.920 77.952 77.978 78.000 78.019 78.038 78.056 78.074 78.094 78.115 78.138 78.164 78.193 78.224 78.260 78.298 78.340 78.385 78.434 78.485 78.539 78.595 78.654 78.714 78.775 78.838 78.901 78.965 79.029 79.093 79.157 79.221 79.284 79.347 79.410 79.472 79.534 79.595 79.656 79.716 79.776 79.836 79.895 79.955 80.013 80.072 80.131 80.190 80.249 80.308 80.367 80.427 80.487 80.548 80.610 80.672 80.735 80.799 80.863 80.929 80.995 81.061 81.128 81.196 81.263 81.331 81.398 81.465 81.531 81.596 81.661 81.724 81.786 81.848 81.908 81.966 82.024 82.080 82.136 82.191 82.244 82.297 82.349 82.399 82.447 82.494 82.538 82.580 82.618 82.653 82.684 82.711 82.731 82.745 82.755 82.762 82.770 82.778 82.788 82.801 82.818 82.839 82.852 82.826 82.729 82.561 82.432 82.359 82.298 82.269 82.319 82.509 82.966 83.920 85.641 85.165 74.538 21.004 0.081 0.000 0.000 0.000 0.000 0.000 0.000 0.000 0.000 0.000 0.000 0.000 0.000 0.000 0.000 0.000 0.000 0.000 0.000 0.000 0.000 0.000
22.417 24.001 24.732 25.345 25.958 26.586 27.235 27.901 28.590 29.305 30.043 30.811 31.616 32.463 33.362 34.331 35.415 36.682 38.273 40.546 44.687 58.081 68.817 72.461 74.347 75.492 76.256 76.775 77.116 77.344 77.495 77.600 77.676 77.733 77.779 77.818 77.853 77.887 77.922 77.959 77.999 78.042 78.089 78.140 78.194 78.252 78.313 78.377 78.443 78.512 78.582 78.653 78.725 78.797 78.869 78.940 79.010 79.079 79.147 79.212 79.275 79.336 79.395 79.451 79.504 79.555 79.603 79.650 79.694 79.736 79.775 79.814 79.850 79.885 79.919 79.952 79.984 80.015 80.046 80.076 80.107 80.137 80.168 80.199 80.231 80.264 80.297 80.331 80.367 80.404 80.443 80.483 80.525 80.569 80.614 80.661 80.709 80.759 80.809 80.861 80.913 80.967 81.020 81.074 81.127 81.180 81.230 81.278 81.322 81.363 81.402 81.441 81.481 81.522 81.564 81.608 81.654 81.705 81.763 81.833 81.913 81.965 81.935 81.796 81.588 81.502 81.479 81.496 81.648 82.167 83.561 86.995 87.495 82.279 72.680 29.274 0.417 0.000 0.000 0.000 0.000 0.000 0.000 0.000 0.000 0.000 0.000 0.000 0.000 0.000 0.000 0.000 0.000 0.000 0.000 0.000 0.000 0.000 0.000 0.000 0.000 0.000 0.000 0.000 0.000 0.000 0.000 0.000 0.000
20.179 21.119 21.642 22.139 22.650 23.175 23.711 24.260 24.820 25.390 25.972 26.567 27.175 27.795 28.432 29.093 29.781 30.500 31.258 32.066 32.944 33.924 35.062 36.459 38.350 41.325 47.589 64.400 70.535 73.097 74.504 75.409 76.036 76.493 76.836 77.084 77.248 77.356 77.429 77.481 77.521 77.554 77.585 77.615 77.647 77.680 77.715 77.753 77.794 77.837 77.882 77.929 77.977 78.027 78.077 78.128 78.180 78.232 78.285 78.339 78.393 78.447 78.501 78.554 78.608 78.661 78.714 78.766 78.817 78.868 78.919 78.968 79.018 79.066 79.115 79.162 79.210 79.257 79.304 79.352 79.400 79.448 79.497 79.546 79.595 79.642 79.689 79.736 79.783 79.832 79.881 79.932 79.982 80.033 80.084 80.134 80.184 80.232 80.279 80.324 80.368 80.412 80.456 80.503 80.558 80.626 80.699 80.736 80.701 80.592 80.489 80.492 80.512 80.533 80.554 80.584 80.638 80.765 81.121 82.221 85.935 88.881 83.857 76.577 61.798 14.202 0.037 0.000 0.000 0.000 0.000 0.000 0.000 0.000 0.000 0.000 0.000 0.000 0.000 0.000 0.000 0.000 0.000 0.000 0.000 0.000 0.000 0.000 0.000 0.000 0.000 0.000 0.000 0.000 0.000 0.000 0.000 0.000 0.000 0.000 0.000 0.000 0.000 0.000 0.000 0.000 0.000 0.000 0.000
18.359 18.817 19.162 19.533 19.931 20.350 20.780 21.215 21.655 22.096 22.538 22.979 23.417 23.854 24.293 24.735 25.182 25.637 26.099 26.570 27.051 27.549 28.075 28.628 29.211 29.844 30.536 31.306 32.187 33.215 34.473 36.075 38.320 41.873 49.357 66.929 72.136 74.066 75.074 75.708 76.146 76.467 76.710 76.898 77.049 77.174 77.279 77.372 77.456 77.534 77.609 77.682 77.748 77.799 77.838 77.870 77.900 77.930 77.961 77.993 78.026 78.061 78.098 78.135 78.175 78.215 78.256 78.299 78.342 78.386 78.431 78.477 78.524 78.571 78.619 78.667 78.716 78.766 78.817 78.872 78.941 79.016 79.084 79.133 79.159 79.159 79.139 79.124 79.154 79.194 79.233 79.269 79.304 79.337 79.368 79.398 79.428 79.457 79.486 79.517 79.553 79.601 79.689 79.889 80.439 82.164 88.076 88.267 81.141 72.930 48.917 4.738 0.001 0.000 0.000 0.000 0.000 0.000 0.000 0.000 0.000 0.000 0.000 0.000 0.000 0.000 0.000 0.000 0.000 0.000 0.000 0.000 0.000 0.000 0.000 0.000 0.000 0.000 0.000 0.000 0.000 0.000 0.000 0.000 0.000 0.000 0.000 0.000 0.000 0.000 0.000 0.000 0.000 0.000 0.000 0.000 0.000 0.000 0.000 0.000 0.000 0.000 0.000 0.000 0.000 0.000 0.000 0.000 0.000
17.695 17.802 17.973 18.205 18.481 18.789 19.120 19.465 19.816 20.168 20.510 20.838 21.151 21.449 21.736 22.012 22.280 22.542 22.797 23.049 23.300 23.545 23.790 24.041 24.298 24.556 24.817 25.083 25.359 25.652 25.957 26.278 26.617 26.975 27.352 27.748 28.178 28.652 29.164 29.710 30.320 30.987 31.731 32.566 33.512 34.603 35.888 37.417 39.356 41.873 45.471 51.595 67.624 76.131 77.667 78.098 78.246 78.308 78.339 78.358 78.372 78.384 78.396 78.408 78.420 78.433 78.447 78.461 78.477 78.493 78.510 78.528 78.547 78.566 78.585 78.606 78.630 78.666 78.773 79.356 84.600 92.102 90.626 83.508 75.160 67.090 59.343 45.912 10.491 0.037 0.000 0.000 0.000 0.000 0.000 0.000 0.000 0.000 0.000 0.000 0.000 0.000 0.000 0.000 0.000 0.000 0.000 0.000 0.000 0.000 0.000 0.000 0.000 0.000 0.000 0.000 0.000 0.000 0.000 0.000 0.000 0.000 0.000 0.000 0.000 0.000 0.000 0.000 0.000 0.000 0.000 0.000 0.000 0.000 0.000 0.000 0.000 0.000 0.000 0.000 0.000 0.000 0.000 0.000 0.000 0.000 0.000 0.000 0.000 0.000 0.000 0.000 0.000 0.000 0.000 0.000 0.000 0.000 0.000 0.000 0.000 0.000 0.000 0.000 0.000 0.000 0.000 0.000 0.000
0.000 0.000 0.000 0.000 0.000 0.000 0.000 0.000 0.000 0.000 0.000 0.000 0.000 0.000 0.000 0.000 0.000 0.000 0.000 0.000 0.000 0.000 0.000 0.000 0.000 0.000 0.000 0.000 0.000 0.000 0.000 0.000 0.000 0.000 0.000 0.000 0.000 0.000 0.000 0.000 0.000 0.000 0.000 0.000 0.000 0.000 0.000 0.000 0.000 0.000 0.000 0.000 0.000 0.000 0.000 0.000 0.000 0.000 0.000 0.000 0.000 0.000 0.000 0.000 0.000 0.000 0.000 0.000 0.000 0.000 0.000 0.000 0.000 0.000 0.000 0.000 0.000 0.000 0.000 0.000 0.000 0.000 0.000 0.000 0.000 0.000 0.000 0.000 0.000 0.000 0.000 0.000 0.000 0.000 0.000 0.000 0.000 0.000 0.000 0.000 0.000 0.000 0.000 0.000 0.000 0.000 0.000 0.000 0.000 0.000 0.000 0.000 0.000 0.000 0.000 0.000 0.000 0.000 0.000 0.000 0.000 0.000 0.000 0.000 0.000 0.000 0.000 0.000 0.000 0.000 0.000 0.000 0.000 0.000 0.000 0.000 0.000 0.000 0.000 0.000 0.000 0.000 0.000 0.000 0.000 0.000 0.000 0.000 0.000 0.000 0.000 0.000 0.000 0.000 0.000 0.000 0.000 0.000 0.000 0.000 0.000 0.000 0.000 0.000 0.000 0.000 0.000 0.000 0.000
