Examples/2023_ISeeSnow/data/CoulombOnly/Results/curv77s/s/1HS_03_curv77s_MoT-Voellmy_s_0068.asc
ncols        81
nrows        61
xllcorner    3882.5
yllcorner    -4402.5
cellsize     5.00
NODATA_value -9999
[rows 0 to 33 of 61, columns 0 to 76 of 81]
2.207 2.032 1.706 1.224 0.514 0.009 0.002 0.010 0.003 0.001 0.003 0.004 0.005 0.009 0.000 0.007 0.010 0.002 0.004 0.002 0.001 0.001 0.002 0.002 0.000 0.000 0.000 0.000 0.000 0.000 0.001 0.001 0.000 0.000 0.000 0.001 0.000 0.001 0.000 0.001 0.000 0.001 0.001 0.000 0.000 0.000 0.000 0.000 0.000 0.000 0.000 0.005 0.000 0.005 0.000 0.001 0.000 0.003 0.008 0.010 0.000 0.000 0.000 0.000 0.000 0.000 0.000 0.000 0.000 0.000 0.000 0.000 0.000 0.000 0.000 0.000 0.000
0.004 0.002 0.004 0.000 0.001 0.001 0.001 0.001 0.001 0.002 0.002 0.003 0.006 0.005 0.002 0.002 0.001 0.002 0.000 0.000 0.000 0.063 0.131 0.172 0.190 0.186 0.164 0.125 0.073 0.015 0.000 0.000 0.000 0.000 0.001 0.000 0.000 0.001 0.002 0.000 0.000 0.000 0.001 0.001 0.001 0.000 0.000 0.000 0.000 0.000 0.000 0.000 0.000 0.005 0.000 0.000 0.000 0.001 0.000 0.004 0.000 0.005 0.000 0.000 0.000 0.000 0.000 0.000 0.000 0.000 0.000 0.000 0.000 0.000 0.000 0.000 0.000
0.001 0.001 0.001 0.001 0.001 0.000 0.001 0.000 0.001 0.001 0.002 0.004 0.003 0.003 0.002 0.000 0.073 0.264 0.413 0.527 0.610 0.664 0.693 0.699 0.684 0.650 0.600 0.534 0.455 0.365 0.266 0.158 0.046 0.000 0.000 0.000 0.000 0.000 0.000 0.000 0.000 0.000 0.000 0.000 0.000 0.000 0.000 0.000 0.001 0.000 0.000 0.000 0.000 0.000 0.000 0.000 0.000 0.000 0.000 0.000 0.000 0.002 0.005 0.005 0.000 0.000 0.000 0.000 0.000 0.000 0.000 0.000 0.000 0.000 0.000 0.000 0.000
0.001 0.000 0.000 0.000 0.000 0.001 0.000 0.000 0.001 0.001 0.000 0.003 0.000 0.082 0.384 0.621 0.807 0.951 1.060 1.137 1.187 1.211 1.212 1.191 1.152 1.094 1.021 0.933 0.832 0.720 0.599 0.469 0.333 0.192 0.050 0.000 0.000 0.001 0.000 0.000 0.000 0.000 0.000 0.000 0.000 0.001 0.000 0.000 0.000 0.000 0.000 0.001 0.000 0.000 0.000 0.000 0.000 0.000 0.000 0.000 0.000 0.000 0.000 0.000 0.005 0.000 0.000 0.000 0.000 0.000 0.000 0.000 0.000 0.000 0.000 0.000 0.000
0.000 0.000 0.000 0.000 0.000 0.000 0.000 0.000 0.000 0.000 0.001 0.106 0.542 0.866 1.116 1.310 1.459 1.571 1.651 1.702 1.728 1.730 1.710 1.669 1.610 1.534 1.442 1.335 1.214 1.082 0.940 0.790 0.632 0.469 0.302 0.132 0.000 0.000 0.367 0.001 0.000 0.000 0.001 0.000 0.000 0.000 0.000 0.000 0.001 0.000 0.000 0.001 0.000 0.000 0.000 0.000 0.000 0.000 0.000 0.000 0.000 0.000 0.000 0.000 0.002 0.001 0.002 0.000 0.000 0.000 0.000 0.000 0.000 0.000 0.000 0.000 0.000
0.000 0.000 0.000 0.000 0.000 0.000 0.000 0.000 0.000 0.000 0.388 0.909 1.280 1.559 1.772 1.936 2.059 2.149 2.208 2.241 2.250 2.235 2.200 2.145 2.071 1.979 1.871 1.747 1.610 1.459 1.297 1.126 0.946 0.761 0.570 0.377 0.182 0.000 0.000 0.001 0.002 0.001 0.000 0.000 0.000 0.000 0.000 0.000 0.000 0.000 0.000 0.000 0.001 0.000 0.000 0.000 0.001 0.000 0.000 0.000 0.000 0.000 0.000 0.000 0.282 0.000 0.003 0.004 0.000 0.000 0.000 0.000 0.000 0.000 0.000 0.000 0.000
0.000 0.000 0.000 0.000 0.000 0.000 0.000 0.000 0.000 0.469 1.158 1.614 1.943 2.190 2.379 2.522 2.628 2.701 2.747 2.767 2.763 2.737 2.690 2.623 2.538 2.434 2.313 2.175 2.021 1.853 1.673 1.480 1.279 1.070 0.856 0.638 0.418 0.198 0.000 0.000 0.001 0.000 0.000 0.001 0.002 0.000 0.001 0.001 0.000 0.000 0.000 0.000 0.000 0.000 0.001 0.000 0.000 0.000 0.006 0.000 0.000 0.000 0.003 0.217 0.005 0.000 0.230 0.007 0.007 0.000 0.000 0.000 0.000 0.000 0.000 0.000 0.000
0.000 0.000 0.000 0.000 0.005 0.000 0.000 0.000 0.431 1.220 1.836 2.251 2.553 2.780 2.952 3.081 3.175 3.238 3.274 3.285 3.272 3.238 3.183 3.108 3.014 2.900 2.768 2.618 2.451 2.267 2.068 1.856 1.632 1.399 1.160 0.916 0.671 0.424 0.179 0.000 0.000 0.000 0.001 0.000 0.000 0.000 0.001 0.001 0.000 0.000 0.000 0.000 0.000 0.000 0.000 0.000 0.000 0.001 0.000 0.000 0.000 0.000 0.000 0.000 0.001 0.247 0.007 0.000 0.068 0.007 0.000 0.000 0.000 0.000 0.000 0.000 0.000
0.000 0.000 0.000 0.000 0.000 0.000 0.089 0.430 0.967 1.865 2.449 2.841 3.126 3.340 3.501 3.622 3.708 3.764 3.794 3.799 3.781 3.742 3.681 3.600 3.499 3.378 3.237 3.077 2.897 2.699 2.483 2.252 2.006 1.749 1.484 1.213 0.939 0.665 0.391 0.121 0.000 0.001 0.000 0.000 0.001 0.001 0.002 0.000 0.001 0.002 0.002 0.001 0.001 0.001 0.001 0.001 0.007 0.000 0.000 0.000 0.000 0.000 0.000 0.000 0.087 0.007 0.003 0.227 0.229 0.079 0.002 0.000 0.000 0.000 0.000 0.000 0.000
0.000 0.000 0.000 0.000 0.000 0.195 0.469 0.844 1.471 2.444 3.015 3.395 3.671 3.877 4.033 4.149 4.230 4.283 4.309 4.311 4.290 4.247 4.183 4.098 3.993 3.866 3.719 3.550 3.360 3.149 2.918 2.668 2.401 2.120 1.827 1.528 1.224 0.920 0.617 0.317 0.028 0.000 0.000 0.001 0.001 0.000 0.000 0.000 0.000 0.002 0.001 0.001 0.001 0.000 0.000 0.000 0.000 0.000 0.000 0.000 0.008 0.000 0.004 0.230 0.004 0.001 0.119 0.191 0.286 0.002 0.003 0.000 0.000 0.000 0.000 0.000 0.000
0.000 0.000 0.000 0.120 0.310 0.534 0.821 1.223 1.923 2.966 3.541 3.919 4.193 4.398 4.552 4.665 4.745 4.796 4.821 4.821 4.799 4.754 4.689 4.602 4.493 4.363 4.210 4.035 3.836 3.614 3.369 3.102 2.815 2.510 2.191 1.861 1.526 1.190 0.855 0.525 0.199 0.000 0.001 0.000 0.000 0.002 0.001 0.001 0.003 0.002 0.001 0.001 0.000 0.002 0.001 0.001 0.000 0.000 0.000 0.000 0.001 0.000 0.293 0.009 0.000 0.006 0.233 0.162 0.002 0.001 0.005 0.004 0.000 0.000 0.000 0.000 0.000
0.000 0.113 0.263 0.431 0.623 0.853 1.146 1.563 2.302 3.435 4.032 4.419 4.697 4.903 5.059 5.173 5.254 5.305 5.329 5.330 5.308 5.263 5.197 5.109 4.999 4.866 4.710 4.530 4.324 4.093 3.836 3.554 3.247 2.919 2.573 2.214 1.846 1.476 1.107 0.743 0.386 0.038 0.000 0.002 0.000 0.000 0.000 0.000 0.003 0.002 0.001 0.000 0.002 0.001 0.000 0.002 0.001 0.001 0.000 0.000 0.001 0.009 0.000 0.007 0.181 0.168 0.241 0.002 0.000 0.165 0.181 0.047 0.001 0.000 0.000 0.000 0.000
0.272 0.410 0.558 0.726 0.920 1.150 1.445 1.864 2.605 3.846 4.490 4.896 5.183 5.396 5.555 5.673 5.756 5.809 5.835 5.837 5.816 5.772 5.706 5.618 5.508 5.374 5.216 5.032 4.822 4.584 4.317 4.021 3.697 3.347 2.974 2.584 2.183 1.777 1.372 0.972 0.579 0.196 0.000 0.001 0.001 0.001 0.001 0.000 0.003 0.002 0.001 0.002 0.001 0.003 0.001 0.000 0.002 0.001 0.000 0.000 0.076 0.003 0.001 0.183 0.287 0.201 0.002 0.000 0.268 0.195 0.223 0.142 0.006 0.000 0.000 0.000 0.000
0.551 0.691 0.841 1.008 1.199 1.429 1.721 2.130 2.833 4.194 4.912 5.349 5.653 5.876 6.043 6.165 6.253 6.309 6.338 6.342 6.323 6.281 6.216 6.129 6.019 5.886 5.727 5.541 5.327 5.084 4.809 4.501 4.161 3.791 3.393 2.973 2.539 2.096 1.654 1.217 0.790 0.372 0.000 0.003 0.002 0.002 0.001 0.001 0.003 0.001 0.000 0.002 0.004 0.001 0.003 0.001 0.006 0.001 0.000 0.088 0.011 0.000 0.326 0.082 0.183 0.005 0.000 0.179 0.244 0.255 0.116 0.084 0.055 0.000 0.000 0.000 0.000
0.812 0.963 1.110 1.276 1.466 1.690 1.974 2.363 3.009 4.468 5.291 5.776 6.104 6.343 6.520 6.650 6.743 6.805 6.838 6.845 6.828 6.789 6.726 6.641 6.532 6.399 6.240 6.054 5.839 5.591 5.310 4.993 4.639 4.250 3.828 3.378 2.907 2.424 1.937 1.456 0.987 0.531 0.089 0.000 0.000 0.003 0.002 0.001 0.003 0.001 0.002 0.001 0.002 0.004 0.001 0.000 0.001 0.000 0.039 0.003 0.003 0.250 0.186 0.000 0.000 0.003 0.240 0.116 0.175 0.299 0.219 0.322 0.084 0.002 0.000 0.000 0.000
1.062 1.225 1.374 1.536 1.720 1.937 2.206 2.573 3.146 4.451 5.614 6.169 6.534 6.794 6.985 7.126 7.227 7.295 7.333 7.345 7.332 7.295 7.235 7.152 7.045 6.914 6.756 6.570 6.354 6.105 5.819 5.495 5.131 4.726 4.284 3.811 3.314 2.805 2.292 1.783 1.283 0.792 0.310 0.000 0.001 0.000 0.002 0.001 0.003 0.001 0.002 0.004 0.001 0.002 0.003 0.006 0.000 0.000 0.001 0.002 0.007 0.364 0.007 0.001 0.005 0.187 0.276 0.202 0.177 0.240 0.231 0.212 0.010 0.006 0.000 0.000 0.000
1.295 1.472 1.623 1.782 1.960 2.168 2.424 2.761 3.264 4.249 5.818 6.515 6.934 7.224 7.435 7.591 7.702 7.778 7.823 7.840 7.831 7.798 7.742 7.661 7.557 7.428 7.272 7.088 6.872 6.622 6.334 6.004 5.629 5.207 4.736 4.221 3.668 3.089 2.502 1.926 1.375 0.857 0.371 0.000 0.002 0.002 0.000 0.002 0.001 0.002 0.003 0.004 0.005 0.001 0.001 0.005 0.008 0.003 0.000 0.008 0.369 0.003 0.000 0.167 0.259 0.136 0.322 0.244 0.149 0.213 0.249 0.000 0.001 0.004 0.000 0.000 0.000
1.519 1.710 1.862 2.016 2.189 2.388 2.626 2.931 3.364 4.116 5.877 6.784 7.291 7.625 7.864 8.038 8.164 8.250 8.303 8.327 8.324 8.296 8.244 8.167 8.066 7.940 7.788 7.606 7.392 7.143 6.855 6.524 6.149 5.728 5.266 4.772 4.254 3.721 3.174 2.614 2.038 1.444 0.833 0.214 0.007 0.002 0.004 0.006 0.002 0.003 0.004 0.000 0.002 0.002 0.000 0.003 0.004 0.005 0.408 0.000 0.000 0.001 0.367 0.099 0.324 0.105 0.204 0.236 0.130 0.000 0.000 0.000 0.060 0.007 0.000 0.000 0.000
1.731 1.937 2.089 2.240 2.404 2.591 2.809 3.086 3.459 4.038 5.308 6.913 7.577 7.981 8.259 8.459 8.604 8.705 8.769 8.802 8.806 8.785 8.738 8.666 8.570 8.448 8.299 8.121 7.910 7.663 7.374 7.035 6.639 6.177 5.639 5.028 4.355 3.653 2.956 2.294 1.681 1.122 0.611 0.134 0.000 0.000 0.003 0.001 0.003 0.006 0.007 0.006 0.000 0.005 0.004 0.000 0.003 0.001 0.001 0.002 0.001 0.367 0.154 0.001 0.358 0.362 0.210 0.239 0.008 0.000 0.006 0.233 0.124 0.009 0.000 0.000 0.000
1.925 2.147 2.299 2.446 2.603 2.775 2.979 3.222 3.541 3.993 4.793 6.758 7.734 8.261 8.601 8.839 9.010 9.130 9.210 9.255 9.269 9.256 9.216 9.151 9.061 8.946 8.803 8.630 8.426 8.187 7.908 7.590 7.232 6.837 6.411 5.955 5.465 4.929 4.341 3.701 3.016 2.296 1.546 0.777 0.000 0.000 0.000 0.008 0.006 0.004 0.000 0.000 0.003 0.002 0.294 0.292 0.008 0.002 0.002 0.002 0.004 0.110 0.052 0.286 0.186 0.208 0.004 0.000 0.000 0.002 0.180 0.268 0.072 0.004 0.000 0.000 0.000
2.101 2.335 2.490 2.633 2.778 2.939 3.124 3.340 3.610 3.971 4.521 5.649 7.611 8.406 8.852 9.150 9.360 9.508 9.609 9.671 9.700 9.698 9.670 9.615 9.534 9.427 9.292 9.128 8.928 8.688 8.398 8.043 7.609 7.079 6.451 5.736 4.961 4.165 3.387 2.654 1.981 1.371 0.817 0.303 0.000 0.001 0.005 0.002 0.005 0.002 0.003 0.004 0.003 0.046 0.000 0.007 0.006 0.005 0.005 0.003 0.007 0.006 0.289 0.343 0.000 0.000 0.006 0.004 0.183 0.266 0.167 0.181 0.062 0.000 0.000 0.000 0.000
2.257 2.502 2.655 2.790 2.925 3.070 3.236 3.430 3.660 3.949 4.349 5.003 6.545 8.286 8.948 9.350 9.620 9.809 9.941 10.027 10.076 10.093 10.080 10.039 9.973 9.880 9.760 9.613 9.436 9.227 8.986 8.710 8.399 8.049 7.648 7.184 6.648 6.040 5.371 4.650 3.888 3.109 2.335 1.574 0.820 0.049 0.372 0.002 0.000 0.001 0.008 0.005 0.008 0.006 0.002 0.006 0.343 0.374 0.369 0.390 0.377 0.354 0.000 0.001 0.000 0.002 0.320 0.007 0.251 0.169 0.261 0.198 0.007 0.000 0.000 0.000 0.000
2.367 2.619 2.770 2.900 3.029 3.165 3.313 3.481 3.676 3.912 4.215 4.648 5.388 7.427 8.744 9.359 9.734 9.989 10.167 10.289 10.369 10.412 10.424 10.406 10.360 10.285 10.180 10.041 9.861 9.631 9.341 8.978 8.522 7.957 7.269 6.465 5.576 4.655 3.761 2.942 2.217 1.558 0.934 0.335 0.000 0.008 0.003 0.000 0.004 0.002 0.003 0.006 0.002 0.002 0.429 0.321 0.005 0.360 0.377 0.009 0.002 0.002 0.004 0.004 0.162 0.106 0.255 0.202 0.197 0.303 0.142 0.003 0.000 0.000 0.000 0.000 0.000
2.420 2.672 2.818 2.940 3.058 3.181 3.314 3.463 3.634 3.835 4.081 4.402 4.866 5.693 7.927 9.036 9.608 9.967 10.215 10.394 10.521 10.607 10.660 10.685 10.684 10.661 10.615 10.540 10.430 10.279 10.078 9.817 9.490 9.091 8.619 8.082 7.490 6.859 6.205 5.540 4.867 4.186 3.505 2.830 2.158 1.483 0.785 0.026 0.000 0.003 0.360 0.338 0.185 0.144 0.453 0.253 0.007 0.006 0.004 0.001 0.002 0.001 0.068 0.252 0.281 0.321 0.188 0.047 0.248 0.173 0.002 0.000 0.000 0.000 0.000 0.000 0.000
2.297 2.537 2.676 2.792 2.904 3.021 3.150 3.293 3.458 3.651 3.880 4.163 4.543 5.111 6.338 8.130 8.915 9.408 9.767 10.042 10.255 10.412 10.513 10.557 10.547 10.490 10.398 10.290 10.171 10.030 9.831 9.537 9.107 8.510 7.740 6.830 5.852 4.886 3.985 3.167 2.432 1.768 1.161 0.596 0.083 0.012 0.015 0.462 0.006 0.242 0.096 0.333 0.125 0.000 0.000 0.009 0.008 0.000 0.005 0.002 0.258 0.327 0.005 0.266 0.133 0.132 0.146 0.166 0.126 0.008 0.000 0.000 0.000 0.000 0.000 0.000 0.000
1.879 2.159 2.371 2.574 2.783 3.012 3.270 3.555 3.864 4.186 4.508 4.811 5.083 5.306 5.470 5.589 5.699 5.833 6.011 6.218 6.416 6.546 6.575 6.528 6.460 6.392 6.158 6.136 6.765 8.427 9.394 9.514 9.332 8.946 8.370 7.618 6.743 5.822 4.925 4.096 3.357 2.717 2.177 1.733 1.387 1.141 0.955 0.808 0.671 0.526 0.340 0.226 0.158 0.049 0.044 0.121 0.330 0.008 0.465 0.245 0.116 0.229 0.360 0.013 0.601 0.272 0.053 0.154 0.006 0.008 0.000 0.000 0.000 0.000 0.000 0.000 0.000
0.000 0.216 0.479 0.784 1.172 1.788 2.755 3.377 3.824 4.162 4.409 4.573 4.656 4.656 4.574 4.411 4.179 3.891 3.572 3.243 2.924 2.629 2.367 2.146 1.970 1.838 1.744 1.678 1.631 1.601 1.583 1.576 1.580 1.594 1.618 1.652 1.692 1.736 1.780 1.822 1.860 1.892 1.919 1.942 1.959 1.971 1.980 1.991 2.010 2.038 2.075 2.118 2.163 2.203 2.233 2.246 2.239 2.210 2.159 2.090 1.999 1.884 1.743 1.577 1.376 1.130 0.817 0.399 0.182 0.275 0.028 0.246 0.338 0.180 0.008 0.000 0.000
5.289 5.490 5.554 5.593 5.636 5.678 5.690 5.645 5.531 5.359 5.165 4.993 4.881 4.858 4.944 5.149 5.439 5.729 5.990 6.315 6.689 6.864 6.602 5.858 4.764 3.662 2.943 2.727 2.953 3.669 4.624 4.660 4.564 4.428 4.271 4.120 4.000 3.918 3.876 3.866 3.881 3.913 3.954 3.999 4.040 4.075 4.116 4.173 4.250 4.344 4.441 4.525 4.562 4.524 4.351 4.118 3.880 3.687 3.549 3.493 3.479 3.513 3.626 3.963 4.046 3.230 2.414 1.416 0.133 0.005 0.009 0.008 0.009 0.002 0.001 0.000 0.000
5.582 8.209 8.964 9.384 9.652 9.816 9.889 9.875 9.768 9.559 9.236 8.789 8.214 7.524 6.755 5.965 5.218 4.566 4.037 3.632 3.336 3.127 2.984 2.888 2.827 2.790 2.766 2.748 2.731 2.710 2.682 2.645 2.598 2.542 2.478 2.410 2.338 2.267 2.198 2.134 2.076 2.025 1.984 1.959 1.953 1.963 1.984 2.014 2.051 2.088 2.123 2.151 2.174 2.190 2.203 2.216 2.232 2.253 2.278 2.306 2.334 2.359 2.378 2.388 2.382 2.355 2.293 2.172 1.960 1.597 0.969 0.008 0.045 0.211 0.386 0.332 0.122
2.950 3.008 3.030 3.082 3.179 3.316 3.483 3.669 3.864 4.067 4.285 4.533 4.897 5.472 6.221 6.947 7.430 7.534 7.226 6.504 5.468 4.459 3.809 3.567 3.746 4.242 4.165 3.402 3.079 3.743 4.143 4.467 4.713 4.868 4.895 4.793 4.601 4.369 4.136 3.922 3.733 3.568 3.425 3.298 3.189 3.097 3.026 2.983 2.972 3.001 3.080 3.233 3.491 3.863 4.219 4.365 4.256 4.111 3.971 3.843 3.731 3.643 3.588 3.580 3.607 3.133 2.362 1.346 0.613 0.146 0.001 0.010 0.010 0.003 0.000 0.000 0.000
4.269 4.890 5.372 5.901 6.641 8.342 11.441 12.413 12.779 12.838 12.665 12.286 11.711 10.960 10.067 9.087 8.085 7.127 6.262 5.510 4.872 4.335 3.881 3.492 3.156 2.862 2.605 2.380 2.184 2.015 1.871 1.752 1.655 1.580 1.525 1.487 1.465 1.457 1.462 1.477 1.501 1.534 1.572 1.616 1.664 1.716 1.771 1.827 1.885 1.943 2.002 2.060 2.117 2.173 2.227 2.279 2.329 2.375 2.419 2.458 2.493 2.523 2.547 2.565 2.576 2.579 2.572 2.555 2.524 2.477 2.408 2.312 2.174 1.975 1.673 1.180 0.400
2.943 3.000 3.022 3.075 3.172 3.310 3.478 3.665 3.861 4.064 4.283 4.532 4.897 5.476 6.225 6.946 7.421 7.521 7.214 6.498 5.466 4.459 3.809 3.569 3.748 4.257 4.183 3.415 3.084 3.745 4.144 4.467 4.712 4.867 4.892 4.790 4.598 4.366 4.133 3.919 3.730 3.566 3.422 3.296 3.187 3.095 3.025 2.982 2.973 3.002 3.081 3.234 3.492 3.863 4.215 4.359 4.250 4.106 3.967 3.840 3.729 3.642 3.588 3.580 3.608 3.139 2.368 1.347 0.612 0.146 0.001 0.009 0.009 0.003 0.001 0.000 0.000
5.587 8.211 8.965 9.384 9.652 9.815 9.888 9.873 9.765 9.556 9.233 8.785 8.209 7.518 6.749 5.959 5.212 4.561 4.033 3.628 3.333 3.125 2.982 2.887 2.826 2.789 2.765 2.747 2.730 2.709 2.681 2.644 2.597 2.542 2.479 2.410 2.339 2.267 2.199 2.134 2.076 2.025 1.985 1.959 1.954 1.964 1.985 2.016 2.052 2.089 2.123 2.152 2.174 2.191 2.204 2.217 2.233 2.254 2.280 2.308 2.336 2.361 2.381 2.390 2.385 2.358 2.296 2.177 1.965 1.605 0.980 0.024 0.051 0.092 0.053 0.331 0.124
5.286 5.487 5.552 5.592 5.637 5.681 5.696 5.653 5.539 5.368 5.173 4.999 4.886 4.862 4.947 5.151 5.440 5.729 5.988 6.310 6.679 6.851 6.592 5.854 4.761 3.660 2.941 2.724 2.948 3.665 4.617 4.653 4.559 4.424 4.268 4.118 3.998 3.917 3.875 3.865 3.879 3.911 3.953 3.998 4.038 4.074 4.114 4.172 4.250 4.344 4.441 4.525 4.562 4.524 4.352 4.118 3.882 3.691 3.554 3.500 3.483 3.516 3.629 3.965 4.050 3.235 2.419 1.419 0.135 0.006 0.010 0.008 0.009 0.002 0.001 0.000 0.000
