Examples/2023_ISeeSnow/data/CoulombOnly/Results/curv77s/s/1HS_03_curv77s_MoT-Voellmy_s_0045.asc
ncols        192
nrows        23
xllcorner    2567.5
yllcorner    -4307.5
cellsize     5.00
NODATA_value -9999
[rows 0 to 22 of 23, columns 0 to 71 of 192]
0.000 0.000 0.000 0.000 0.000 0.000 0.000 0.000 0.000 0.000 0.000 0.000 0.000 0.000 0.000 0.000 0.000 0.000 0.000 0.000 0.000 0.000 0.000 0.000 0.000 0.000 0.000 0.000 0.000 0.000 0.000 0.000 0.000 0.000 0.000 0.000 0.000 0.000 0.000 0.000 0.000 0.000 0.000 0.000 0.000 0.000 0.000 0.000 0.000 0.000 0.000 0.000 0.000 0.000 0.000 0.000 0.000 0.000 0.000 0.000 0.000 0.000 0.000 0.000 0.000 0.000 0.000 0.000 0.000 0.000 0.000 0.000
0.000 0.000 0.000 0.000 0.000 0.000 0.000 0.000 0.000 0.000 0.000 0.000 0.000 0.000 0.000 0.000 0.000 0.000 0.000 0.000 0.000 0.000 0.000 0.000 0.000 0.000 0.000 0.000 0.000 0.000 0.000 0.000 0.000 0.000 0.000 0.000 0.000 0.000 0.000 0.000 0.000 0.000 0.000 0.000 0.000 0.000 0.000 0.000 0.000 0.000 0.000 0.000 0.000 0.000 0.000 0.000 0.000 0.000 0.000 0.000 0.000 0.001 0.004 0.016 0.048 0.124 0.275 0.532 0.933 1.526 2.366 3.510
0.000 0.000 0.000 0.000 0.000 0.000 0.000 0.000 0.000 0.000 0.000 0.000 0.000 0.000 0.000 0.000 0.000 0.000 0.000 0.000 0.000 0.000 0.000 0.000 0.000 0.000 0.000 0.000 0.000 0.000 0.000 0.000 0.000 0.000 0.000 0.000 0.000 0.000 0.000 0.000 0.000 0.000 0.000 0.000 0.000 0.000 0.000 0.000 0.000 0.000 0.000 0.002 0.014 0.071 0.229 0.563 1.152 2.094 3.489 5.419 7.937 11.043 14.688 18.785 23.210 27.825 32.491 37.080 41.488 45.644 49.462 52.924
0.000 0.000 0.000 0.000 0.000 0.000 0.000 0.000 0.000 0.000 0.000 0.000 0.000 0.000 0.000 0.000 0.000 0.000 0.000 0.000 0.000 0.000 0.000 0.000 0.000 0.000 0.000 0.000 0.000 0.000 0.000 0.000 0.000 0.000 0.000 0.000 0.000 0.000 0.000 0.000 0.000 0.000 0.000 0.000 0.000 0.013 0.341 1.336 3.343 6.596 11.137 16.744 22.983 29.306 35.189 40.243 44.271 47.255 49.308 50.613 51.371 51.789 52.022 52.279 52.801 53.838 55.648 58.525 62.893 70.506 77.663 82.406
5.154 3.751 1.390 0.056 0.000 0.000 0.000 0.000 0.000 0.000 0.000 0.000 0.000 0.000 0.000 0.000 0.000 0.000 0.000 0.000 0.000 0.000 0.000 0.000 0.000 0.000 0.000 0.000 0.000 0.000 0.000 0.000 0.000 0.000 0.000 0.000 0.000 0.001 0.032 0.197 0.609 1.345 2.522 5.590 25.250 45.752 55.550 57.391 55.395 53.389 54.626 55.280 54.640 53.302 51.821 50.648 50.183 50.755 52.604 55.943 61.105 70.032 78.741 83.830 87.191 89.451 91.018 92.140 92.967 93.593 94.078 94.463
20.733 21.560 24.144 25.902 26.720 27.078 27.224 27.286 27.323 27.360 27.401 27.450 27.506 27.568 27.641 27.724 27.818 27.920 28.028 28.138 28.250 28.368 28.495 28.631 28.772 28.917 29.066 29.221 29.381 29.546 29.716 29.891 30.070 30.255 30.444 30.638 30.836 31.041 31.251 31.465 31.680 31.896 32.086 32.109 31.889 31.803 32.839 37.252 42.835 47.095 50.321 53.755 58.506 66.085 77.371 83.699 87.390 89.707 91.224 92.251 92.974 93.500 93.898 94.209 94.460 94.670 94.850 95.008 95.149 95.278 95.398 95.509
25.762 26.090 26.492 26.911 27.277 27.575 27.814 28.010 28.177 28.327 28.465 28.597 28.725 28.853 28.984 29.118 29.258 29.404 29.556 29.717 29.885 30.059 30.245 30.440 30.643 30.853 31.075 31.307 31.548 31.794 32.048 32.314 32.592 32.879 33.173 33.477 33.796 34.130 34.455 34.696 34.901 35.294 36.050 37.322 39.793 46.005 56.328 75.836 84.939 89.036 91.120 92.310 93.046 93.530 93.865 94.106 94.289 94.433 94.553 94.656 94.750 94.838 94.922 95.005 95.087 95.169 95.252 95.335 95.419 95.504 95.589 95.675
28.228 28.889 29.186 29.430 29.674 29.921 30.165 30.403 30.637 30.868 31.096 31.322 31.549 31.779 32.011 32.248 32.492 32.744 33.003 33.274 33.557 33.852 34.160 34.488 34.834 35.196 35.580 35.992 36.429 36.892 37.384 37.914 38.484 39.102 39.771 40.524 41.452 42.713 44.779 49.372 68.550 84.520 89.288 91.384 92.453 93.069 93.461 93.731 93.929 94.082 94.207 94.312 94.404 94.487 94.564 94.638 94.709 94.779 94.850 94.922 94.995 95.070 95.147 95.226 95.307 95.391 95.476 95.564 95.653 95.744 95.836 95.930
30.971 32.398 33.023 33.397 33.704 33.995 34.288 34.587 34.893 35.207 35.530 35.863 36.210 36.574 36.959 37.364 37.790 38.243 38.731 39.260 39.833 40.463 41.167 41.952 42.859 43.921 45.212 46.865 49.173 52.906 61.270 78.421 84.334 87.376 89.354 90.711 91.667 92.356 92.866 93.251 93.546 93.771 93.944 94.081 94.193 94.288 94.372 94.448 94.520 94.590 94.659 94.728 94.799 94.873 94.948 95.027 95.108 95.192 95.279 95.368 95.459 95.552 95.646 95.742 95.838 95.935 96.033 96.132 96.231 96.330 96.430 96.531
33.573 36.110 37.484 38.339 38.961 39.475 39.940 40.388 40.839 41.306 41.799 42.328 42.909 43.563 44.313 45.196 46.278 47.739 49.980 54.616 73.115 83.086 87.563 89.897 91.303 92.229 92.871 93.333 93.673 93.927 94.120 94.264 94.369 94.449 94.512 94.564 94.609 94.650 94.688 94.727 94.765 94.805 94.845 94.888 94.934 94.983 95.035 95.091 95.151 95.214 95.281 95.352 95.425 95.501 95.580 95.661 95.744 95.827 95.912 95.998 96.084 96.170 96.257 96.345 96.433 96.521 96.610 96.699 96.788 96.879 96.970 97.061
35.284 39.193 41.841 43.841 45.500 46.968 48.341 49.690 51.099 52.750 55.203 60.904 75.262 81.581 84.912 87.142 88.811 90.121 91.165 91.998 92.658 93.164 93.552 93.854 94.093 94.285 94.442 94.572 94.682 94.776 94.858 94.930 94.994 95.052 95.105 95.153 95.198 95.239 95.278 95.315 95.351 95.386 95.420 95.453 95.487 95.521 95.556 95.592 95.630 95.669 95.710 95.754 95.800 95.850 95.902 95.958 96.017 96.080 96.146 96.216 96.289 96.366 96.445 96.526 96.610 96.696 96.784 96.873 96.964 97.055 97.147 97.241
68.550 78.368 81.847 83.945 85.529 86.859 88.026 89.068 90.000 90.832 91.566 92.207 92.752 93.203 93.578 93.890 94.151 94.371 94.557 94.715 94.849 94.960 95.053 95.131 95.197 95.253 95.301 95.343 95.380 95.413 95.443 95.472 95.500 95.528 95.556 95.586 95.617 95.650 95.686 95.724 95.765 95.809 95.856 95.906 95.958 96.013 96.071 96.131 96.193 96.258 96.324 96.392 96.462 96.533 96.606 96.680 96.755 96.832 96.909 96.987 97.067 97.147 97.228 97.309 97.392 97.475 97.559 97.643 97.729 97.814 97.901 97.988
35.283 39.192 41.840 43.839 45.498 46.966 48.338 49.687 51.095 52.745 55.196 60.892 75.251 81.576 84.910 87.141 88.811 90.121 91.165 91.998 92.658 93.164 93.552 93.854 94.093 94.285 94.442 94.572 94.682 94.776 94.858 94.930 94.994 95.052 95.105 95.153 95.198 95.239 95.278 95.315 95.351 95.386 95.420 95.453 95.487 95.521 95.556 95.592 95.630 95.669 95.710 95.754 95.800 95.850 95.902 95.958 96.017 96.080 96.147 96.216 96.289 96.366 96.445 96.526 96.610 96.696 96.784 96.873 96.964 97.055 97.148 97.241
33.573 36.110 37.484 38.339 38.961 39.475 39.940 40.388 40.839 41.306 41.799 42.327 42.909 43.562 44.313 45.196 46.277 47.738 49.979 54.611 73.107 83.081 87.561 89.896 91.303 92.228 92.871 93.332 93.672 93.927 94.120 94.264 94.369 94.449 94.512 94.564 94.609 94.649 94.688 94.727 94.765 94.804 94.845 94.888 94.934 94.983 95.035 95.091 95.151 95.214 95.281 95.351 95.425 95.501 95.580 95.661 95.743 95.827 95.912 95.997 96.084 96.170 96.257 96.345 96.433 96.521 96.610 96.699 96.789 96.879 96.970 97.061
30.971 32.398 33.023 33.397 33.703 33.995 34.288 34.586 34.892 35.206 35.529 35.862 36.209 36.574 36.958 37.364 37.790 38.242 38.730 39.260 39.832 40.462 41.166 41.951 42.858 43.920 45.210 46.863 49.169 52.899 61.248 78.407 84.327 87.371 89.351 90.709 91.665 92.355 92.865 93.250 93.546 93.770 93.943 94.081 94.193 94.288 94.371 94.448 94.519 94.589 94.658 94.728 94.799 94.872 94.948 95.026 95.108 95.192 95.279 95.368 95.459 95.552 95.646 95.741 95.838 95.935 96.033 96.131 96.230 96.330 96.430 96.531
28.228 28.889 29.186 29.429 29.674 29.921 30.164 30.403 30.637 30.868 31.095 31.321 31.549 31.778 32.010 32.247 32.492 32.743 33.002 33.273 33.556 33.851 34.160 34.487 34.833 35.195 35.579 35.990 36.428 36.890 37.382 37.913 38.482 39.100 39.768 40.520 41.448 42.708 44.766 49.334 68.329 84.492 89.276 91.378 92.450 93.067 93.459 93.730 93.928 94.081 94.206 94.311 94.404 94.487 94.564 94.637 94.708 94.779 94.849 94.921 94.994 95.069 95.146 95.225 95.307 95.390 95.476 95.563 95.652 95.743 95.835 95.929
25.762 26.090 26.491 26.910 27.276 27.575 27.814 28.010 28.177 28.326 28.465 28.596 28.724 28.853 28.983 29.118 29.258 29.404 29.556 29.717 29.884 30.059 30.244 30.440 30.642 30.853 31.074 31.306 31.547 31.793 32.046 32.312 32.590 32.878 33.172 33.476 33.795 34.128 34.453 34.695 34.900 35.292 36.046 37.312 39.772 45.964 56.261 75.779 84.910 89.021 91.112 92.305 93.043 93.528 93.863 94.105 94.288 94.432 94.552 94.656 94.749 94.837 94.922 95.004 95.087 95.169 95.251 95.335 95.419 95.503 95.589 95.675
20.733 21.559 24.143 25.902 26.721 27.079 27.225 27.287 27.323 27.359 27.400 27.449 27.505 27.568 27.641 27.726 27.820 27.922 28.029 28.139 28.250 28.368 28.497 28.632 28.773 28.918 29.067 29.222 29.382 29.547 29.717 29.892 30.071 30.256 30.445 30.639 30.838 31.042 31.253 31.467 31.684 31.901 32.091 32.116 31.896 31.806 32.831 37.232 42.819 47.086 50.313 53.741 58.478 66.023 77.321 83.671 87.373 89.695 91.215 92.245 92.969 93.497 93.895 94.206 94.458 94.668 94.848 95.006 95.148 95.277 95.397 95.508
5.154 3.752 1.391 0.056 0.000 0.000 0.000 0.000 0.000 0.000 0.000 0.000 0.000 0.000 0.000 0.000 0.000 0.000 0.000 0.000 0.000 0.000 0.000 0.000 0.000 0.000 0.000 0.000 0.000 0.000 0.000 0.000 0.000 0.000 0.000 0.000 0.000 0.001 0.031 0.195 0.607 1.342 2.516 5.418 24.817 45.463 55.458 57.424 55.489 53.493 54.708 55.351 54.703 53.357 51.866 50.682 50.204 50.761 52.595 55.917 61.059 69.905 78.683 83.797 87.168 89.435 91.006 92.131 92.961 93.588 94.074 94.460
0.000 0.000 0.000 0.000 0.000 0.000 0.000 0.000 0.000 0.000 0.000 0.000 0.000 0.000 0.000 0.000 0.000 0.000 0.000 0.000 0.000 0.000 0.000 0.000 0.000 0.000 0.000 0.000 0.000 0.000 0.000 0.000 0.000 0.000 0.000 0.000 0.000 0.000 0.000 0.000 0.000 0.000 0.000 0.000 0.000 0.011 0.328 1.306 3.287 6.510 11.022 16.608 22.837 29.164 35.063 40.141 44.197 47.209 49.287 50.613 51.387 51.817 52.057 52.314 52.829 53.855 55.647 58.503 62.845 70.326 77.611 82.364
0.000 0.000 0.000 0.000 0.000 0.000 0.000 0.000 0.000 0.000 0.000 0.000 0.000 0.000 0.000 0.000 0.000 0.000 0.000 0.000 0.000 0.000 0.000 0.000 0.000 0.000 0.000 0.000 0.000 0.000 0.000 0.000 0.000 0.000 0.000 0.000 0.000 0.000 0.000 0.000 0.000 0.000 0.000 0.000 0.000 0.000 0.000 0.000 0.000 0.000 0.000 0.001 0.014 0.069 0.223 0.551 1.133 2.065 3.447 5.364 7.866 10.958 14.591 18.679 23.098 27.712 32.381 36.977 41.394 45.563 49.394 52.869
0.000 0.000 0.000 0.000 0.000 0.000 0.000 0.000 0.000 0.000 0.000 0.000 0.000 0.000 0.000 0.000 0.000 0.000 0.000 0.000 0.000 0.000 0.000 0.000 0.000 0.000 0.000 0.000 0.000 0.000 0.000 0.000 0.000 0.000 0.000 0.000 0.000 0.000 0.000 0.000 0.000 0.000 0.000 0.000 0.000 0.000 0.000 0.000 0.000 0.000 0.000 0.000 0.000 0.000 0.000 0.000 0.000 0.000 0.000 0.000 0.000 0.001 0.004 0.015 0.047 0.122 0.270 0.523 0.920 1.507 2.339 3.474
0.000 0.000 0.000 0.000 0.000 0.000 0.000 0.000 0.000 0.000 0.000 0.000 0.000 0.000 0.000 0.000 0.000 0.000 0.000 0.000 0.000 0.000 0.000 0.000 0.000 0.000 0.000 0.000 0.000 0.000 0.000 0.000 0.000 0.000 0.000 0.000 0.000 0.000 0.000 0.000 0.000 0.000 0.000 0.000 0.000 0.000 0.000 0.000 0.000 0.000 0.000 0.000 0.000 0.000 0.000 0.000 0.000 0.000 0.000 0.000 0.000 0.000 0.000 0.000 0.000 0.000 0.000 0.000 0.000 0.000 0.000 0.000
