Examples/2023_ISeeSnow/data/CoulombOnly/Results/curv77s/s/1HS_03_curv77s_MoT-Voellmy_s_0015.asc
ncols        97
nrows        39
xllcorner    1167.5
yllcorner    -4347.5
cellsize     5.00
NODATA_value -9999
[rows 0 to 31 of 39, columns 0 to 71 of 97]
9.855 10.381 10.661 10.894 11.110 11.289 11.372 11.285 10.983 10.481 9.825 8.914 6.411 1.253 0.005 0.000 0.000 0.000 0.000 0.000 0.000 0.000 0.000 0.000 0.000 0.000 0.000 0.000 0.000 0.000 0.000 0.000 0.000 0.000 0.000 0.000 0.000 0.000 0.000 0.000 0.000 0.000 0.000 0.000 0.000 0.000 0.000 0.000 0.000 0.000 0.000 0.000 0.000 0.000 0.000 0.000 0.000 0.000 0.000 0.000 0.000 0.000 0.000 0.000 0.000 0.000 0.000 0.000 0.000 0.000 0.000 0.000
10.806 11.968 12.596 13.070 13.506 13.948 14.421 14.950 15.580 16.409 17.700 20.428 26.994 29.387 30.343 30.813 31.067 31.210 31.286 31.322 31.331 31.321 31.298 31.264 31.222 31.174 31.120 31.062 31.002 30.944 30.899 30.912 31.167 32.614 32.286 29.425 22.356 4.059 0.006 0.000 0.000 0.000 0.000 0.000 0.000 0.000 0.000 0.000 0.000 0.000 0.000 0.000 0.000 0.000 0.000 0.000 0.000 0.000 0.000 0.000 0.000 0.000 0.000 0.000 0.000 0.000 0.000 0.000 0.000 0.000 0.000 0.000
11.483 13.076 14.056 14.847 15.630 16.565 17.966 21.043 28.049 30.269 31.120 31.540 31.759 31.862 31.900 31.904 31.889 31.863 31.832 31.799 31.764 31.727 31.690 31.652 31.612 31.570 31.526 31.480 31.433 31.384 31.334 31.285 31.239 31.194 31.120 31.000 30.866 30.821 30.796 30.768 30.738 30.723 30.796 31.409 34.787 33.280 29.420 24.696 13.346 0.745 0.000 0.000 0.000 0.000 0.000 0.000 0.000 0.000 0.000 0.000 0.000 0.000 0.000 0.000 0.000 0.000 0.000 0.000 0.000 0.000 0.000 0.000
11.922 13.815 15.144 16.429 18.151 22.027 28.920 30.867 31.629 31.970 32.122 32.183 32.198 32.188 32.167 32.142 32.117 32.093 32.070 32.049 32.027 32.004 31.979 31.950 31.916 31.878 31.834 31.786 31.734 31.678 31.620 31.561 31.501 31.440 31.379 31.318 31.258 31.203 31.152 31.104 31.060 31.020 30.989 30.980 30.990 30.956 30.833 30.631 30.501 30.507 30.525 30.544 30.566 30.612 31.165 35.872 36.938 33.391 26.982 20.393 13.524 2.878 0.013 0.000 0.000 0.000 0.000 0.000 0.000 0.000 0.000 0.000
12.435 14.734 16.783 19.984 27.982 30.683 31.632 32.021 32.189 32.253 32.269 32.262 32.245 32.227 32.212 32.200 32.192 32.189 32.187 32.187 32.187 32.186 32.183 32.178 32.171 32.162 32.149 32.134 32.116 32.095 32.070 32.041 32.008 31.970 31.929 31.884 31.836 31.785 31.733 31.680 31.626 31.572 31.520 31.470 31.422 31.372 31.316 31.257 31.203 31.158 31.121 31.089 31.063 31.044 31.059 31.147 31.243 31.238 31.043 30.650 30.251 30.209 30.256 30.306 30.414 33.343 34.198 30.873 24.753 18.382 8.760 0.452
12.863 15.654 18.952 27.377 30.430 31.488 31.911 32.090 32.160 32.179 32.175 32.164 32.154 32.149 32.151 32.161 32.178 32.201 32.229 32.259 32.290 32.319 32.346 32.368 32.385 32.394 32.395 32.389 32.375 32.353 32.325 32.292 32.255 32.215 32.172 32.128 32.083 32.037 31.990 31.943 31.895 31.847 31.799 31.752 31.704 31.657 31.610 31.564 31.518 31.475 31.434 31.396 31.361 31.329 31.304 31.289 31.281 31.272 31.248 31.202 31.144 31.097 31.068 31.056 31.071 31.199 31.360 31.349 30.957 30.200 30.113 34.749
14.753 20.999 29.032 30.743 31.337 31.593 31.711 31.767 31.798 31.820 31.840 31.864 31.893 31.927 31.966 32.008 32.052 32.098 32.142 32.185 32.225 32.260 32.289 32.312 32.328 32.336 32.338 32.333 32.324 32.310 32.295 32.279 32.263 32.248 32.234 32.220 32.207 32.194 32.179 32.163 32.144 32.123 32.098 32.070 32.038 32.004 31.966 31.927 31.885 31.843 31.800 31.758 31.717 31.677 31.640 31.606 31.576 31.551 31.528 31.507 31.487 31.471 31.462 31.461 31.472 31.501 31.548 31.594 31.610 31.587 31.629 31.901
14.928 21.793 29.358 30.896 31.422 31.636 31.723 31.755 31.766 31.771 31.780 31.796 31.822 31.859 31.904 31.958 32.017 32.079 32.142 32.204 32.263 32.319 32.370 32.417 32.459 32.496 32.528 32.554 32.574 32.586 32.589 32.585 32.572 32.551 32.524 32.492 32.458 32.422 32.387 32.352 32.320 32.289 32.259 32.231 32.203 32.176 32.149 32.121 32.093 32.064 32.035 32.006 31.976 31.947 31.919 31.893 31.869 31.847 31.829 31.815 31.805 31.800 31.801 31.809 31.826 31.851 31.887 31.930 31.978 32.026 32.085 32.169
16.618 27.636 30.371 31.210 31.521 31.648 31.701 31.722 31.735 31.748 31.769 31.798 31.837 31.885 31.940 32.001 32.066 32.134 32.201 32.268 32.332 32.391 32.446 32.493 32.533 32.564 32.587 32.601 32.607 32.606 32.600 32.589 32.577 32.564 32.551 32.539 32.529 32.521 32.515 32.509 32.503 32.497 32.489 32.479 32.466 32.449 32.429 32.406 32.380 32.351 32.321 32.289 32.257 32.226 32.195 32.167 32.142 32.120 32.102 32.089 32.082 32.081 32.087 32.100 32.121 32.150 32.188 32.233 32.284 32.341 32.403 32.471
17.268 28.232 30.617 31.321 31.581 31.682 31.718 31.727 31.728 31.732 31.744 31.766 31.800 31.845 31.900 31.964 32.034 32.109 32.186 32.263 32.338 32.410 32.477 32.539 32.594 32.644 32.686 32.722 32.751 32.773 32.787 32.793 32.793 32.786 32.773 32.755 32.735 32.713 32.691 32.668 32.647 32.627 32.608 32.590 32.572 32.555 32.537 32.519 32.501 32.482 32.463 32.444 32.426 32.407 32.389 32.372 32.358 32.345 32.336 32.331 32.331 32.336 32.348 32.367 32.394 32.427 32.468 32.516 32.570 32.629 32.692 32.758
18.215 28.861 30.842 31.416 31.630 31.710 31.736 31.741 31.743 31.751 31.768 31.798 31.841 31.895 31.958 32.030 32.108 32.189 32.271 32.353 32.432 32.506 32.574 32.636 32.690 32.735 32.771 32.800 32.820 32.833 32.840 32.844 32.844 32.842 32.838 32.835 32.830 32.825 32.820 32.814 32.806 32.797 32.787 32.775 32.761 32.745 32.728 32.710 32.691 32.671 32.651 32.631 32.612 32.593 32.576 32.561 32.548 32.539 32.533 32.532 32.536 32.547 32.565 32.590 32.623 32.663 32.710 32.764 32.823 32.887 32.954 33.022
18.299 28.936 30.901 31.471 31.683 31.762 31.786 31.789 31.789 31.794 31.808 31.834 31.872 31.922 31.982 32.051 32.126 32.206 32.289 32.372 32.454 32.533 32.608 32.678 32.741 32.797 32.845 32.886 32.918 32.944 32.962 32.973 32.979 32.980 32.976 32.970 32.960 32.949 32.936 32.922 32.907 32.892 32.878 32.863 32.849 32.835 32.821 32.808 32.795 32.782 32.770 32.758 32.746 32.734 32.724 32.715 32.708 32.703 32.702 32.706 32.716 32.731 32.754 32.785 32.823 32.869 32.922 32.982 33.048 33.118 33.191 33.264
18.536 29.097 30.984 31.530 31.731 31.803 31.821 31.820 31.815 31.817 31.828 31.853 31.891 31.941 32.002 32.073 32.151 32.234 32.320 32.406 32.491 32.573 32.650 32.721 32.785 32.843 32.892 32.934 32.969 32.997 33.019 33.035 33.046 33.053 33.057 33.057 33.055 33.051 33.044 33.037 33.028 33.018 33.007 32.995 32.983 32.970 32.957 32.944 32.931 32.918 32.906 32.893 32.881 32.870 32.860 32.852 32.846 32.843 32.845 32.851 32.863 32.883 32.910 32.945 32.988 33.040 33.100 33.166 33.239 33.316 33.396 33.477
18.378 29.048 31.004 31.570 31.779 31.855 31.876 31.876 31.873 31.876 31.889 31.914 31.953 32.004 32.067 32.139 32.218 32.302 32.389 32.477 32.563 32.647 32.726 32.799 32.866 32.926 32.977 33.021 33.057 33.086 33.107 33.122 33.132 33.137 33.138 33.136 33.131 33.125 33.117 33.108 33.099 33.089 33.080 33.070 33.061 33.051 33.042 33.032 33.023 33.014 33.005 32.996 32.987 32.979 32.972 32.966 32.963 32.963 32.966 32.975 32.990 33.013 33.043 33.082 33.129 33.185 33.250 33.322 33.401 33.484 33.571 33.659
18.323 29.035 31.031 31.609 31.821 31.897 31.916 31.913 31.907 31.905 31.915 31.936 31.971 32.019 32.079 32.148 32.225 32.308 32.395 32.482 32.570 32.655 32.736 32.812 32.882 32.946 33.002 33.050 33.091 33.125 33.151 33.172 33.187 33.197 33.203 33.205 33.205 33.202 33.198 33.192 33.185 33.178 33.170 33.162 33.153 33.144 33.135 33.126 33.117 33.107 33.098 33.089 33.081 33.073 33.066 33.061 33.059 33.059 33.065 33.075 33.092 33.117 33.150 33.191 33.242 33.303 33.372 33.449 33.533 33.622 33.715 33.810
18.196 28.966 31.036 31.637 31.857 31.936 31.957 31.956 31.951 31.950 31.961 31.984 32.021 32.070 32.132 32.203 32.282 32.367 32.455 32.545 32.633 32.719 32.801 32.877 32.946 33.009 33.064 33.110 33.150 33.181 33.206 33.225 33.238 33.247 33.252 33.254 33.253 33.251 33.247 33.242 33.237 33.231 33.224 33.218 33.211 33.204 33.197 33.190 33.182 33.175 33.167 33.160 33.153 33.147 33.141 33.138 33.136 33.138 33.145 33.157 33.175 33.202 33.237 33.281 33.335 33.399 33.471 33.552 33.640 33.734 33.832 33.932
18.112 28.929 31.046 31.661 31.885 31.966 31.986 31.984 31.977 31.975 31.983 32.004 32.038 32.086 32.145 32.214 32.291 32.374 32.461 32.550 32.639 32.725 32.808 32.886 32.959 33.024 33.082 33.133 33.176 33.211 33.240 33.262 33.279 33.291 33.298 33.302 33.304 33.303 33.301 33.297 33.293 33.287 33.281 33.275 33.269 33.262 33.255 33.248 33.241 33.233 33.226 33.219 33.212 33.206 33.201 33.198 33.197 33.200 33.207 33.220 33.240 33.268 33.305 33.352 33.408 33.475 33.550 33.635 33.727 33.825 33.927 34.032
18.062 28.910 31.055 31.678 31.905 31.987 32.008 32.006 32.000 31.998 32.007 32.028 32.063 32.111 32.172 32.242 32.321 32.405 32.494 32.584 32.673 32.760 32.843 32.921 32.993 33.058 33.115 33.164 33.206 33.241 33.269 33.290 33.306 33.318 33.325 33.329 33.331 33.331 33.329 33.326 33.322 33.318 33.313 33.307 33.302 33.296 33.290 33.284 33.278 33.271 33.265 33.258 33.252 33.247 33.242 33.240 33.239 33.243 33.251 33.265 33.286 33.316 33.354 33.402 33.461 33.529 33.608 33.695 33.790 33.892 33.999 34.109
18.111 28.947 31.073 31.691 31.915 31.996 32.017 32.014 32.007 32.005 32.013 32.034 32.068 32.116 32.176 32.245 32.323 32.407 32.495 32.584 32.674 32.761 32.845 32.923 32.996 33.062 33.121 33.172 33.216 33.252 33.282 33.305 33.322 33.335 33.343 33.348 33.350 33.351 33.349 33.347 33.343 33.339 33.334 33.329 33.323 33.318 33.312 33.305 33.299 33.293 33.286 33.280 33.274 33.269 33.264 33.262 33.262 33.266 33.275 33.290 33.313 33.344 33.384 33.434 33.495 33.566 33.646 33.736 33.835 33.940 34.050 34.164
18.493 29.202 31.141 31.705 31.914 31.989 32.007 32.005 31.998 31.996 32.005 32.027 32.063 32.112 32.172 32.243 32.322 32.407 32.496 32.587 32.677 32.765 32.849 32.928 33.001 33.066 33.125 33.175 33.219 33.254 33.283 33.306 33.323 33.335 33.343 33.348 33.351 33.351 33.350 33.347 33.344 33.340 33.336 33.331 33.326 33.320 33.315 33.309 33.303 33.297 33.291 33.285 33.280 33.275 33.271 33.270 33.270 33.275 33.284 33.300 33.323 33.354 33.395 33.446 33.508 33.580 33.662 33.753 33.854 33.961 34.074 34.191
18.110 28.947 31.073 31.691 31.915 31.996 32.017 32.014 32.007 32.005 32.013 32.034 32.069 32.116 32.176 32.245 32.323 32.407 32.495 32.584 32.674 32.761 32.845 32.923 32.996 33.062 33.121 33.172 33.216 33.252 33.282 33.305 33.322 33.335 33.343 33.348 33.350 33.351 33.349 33.347 33.343 33.339 33.334 33.329 33.323 33.318 33.312 33.305 33.299 33.293 33.286 33.280 33.274 33.269 33.264 33.262 33.262 33.267 33.275 33.291 33.313 33.344 33.384 33.434 33.495 33.566 33.646 33.736 33.835 33.940 34.050 34.164
18.062 28.910 31.055 31.678 31.905 31.987 32.008 32.006 32.000 31.998 32.007 32.028 32.063 32.111 32.172 32.242 32.321 32.405 32.494 32.584 32.673 32.760 32.843 32.921 32.993 33.058 33.115 33.164 33.206 33.241 33.269 33.290 33.306 33.318 33.325 33.329 33.331 33.331 33.329 33.326 33.322 33.318 33.313 33.308 33.302 33.296 33.290 33.284 33.278 33.271 33.265 33.258 33.252 33.247 33.242 33.240 33.240 33.243 33.251 33.265 33.286 33.316 33.354 33.403 33.461 33.530 33.608 33.695 33.790 33.892 33.999 34.109
18.112 28.929 31.046 31.661 31.885 31.966 31.986 31.984 31.977 31.975 31.983 32.004 32.038 32.086 32.145 32.214 32.291 32.374 32.461 32.550 32.639 32.725 32.808 32.886 32.959 33.024 33.082 33.133 33.176 33.211 33.240 33.262 33.279 33.291 33.298 33.302 33.304 33.303 33.301 33.297 33.293 33.287 33.282 33.275 33.269 33.262 33.255 33.248 33.241 33.233 33.226 33.219 33.212 33.206 33.201 33.198 33.197 33.200 33.207 33.220 33.240 33.268 33.305 33.352 33.409 33.475 33.550 33.635 33.727 33.825 33.927 34.032
18.196 28.965 31.036 31.637 31.857 31.936 31.957 31.956 31.951 31.950 31.961 31.984 32.021 32.070 32.132 32.203 32.282 32.367 32.455 32.545 32.633 32.719 32.801 32.877 32.947 33.009 33.064 33.111 33.150 33.181 33.206 33.225 33.239 33.247 33.252 33.254 33.253 33.251 33.247 33.242 33.237 33.231 33.225 33.218 33.211 33.204 33.197 33.190 33.182 33.175 33.168 33.160 33.153 33.147 33.142 33.138 33.136 33.138 33.145 33.157 33.176 33.202 33.237 33.282 33.335 33.399 33.471 33.552 33.640 33.734 33.832 33.933
18.323 29.035 31.031 31.609 31.821 31.897 31.916 31.913 31.907 31.905 31.915 31.936 31.971 32.019 32.079 32.148 32.225 32.308 32.395 32.482 32.570 32.655 32.736 32.812 32.882 32.946 33.002 33.050 33.091 33.125 33.151 33.172 33.187 33.197 33.203 33.205 33.205 33.202 33.198 33.192 33.185 33.178 33.170 33.162 33.153 33.144 33.135 33.126 33.117 33.107 33.098 33.089 33.081 33.073 33.066 33.061 33.059 33.060 33.065 33.075 33.092 33.117 33.150 33.192 33.243 33.303 33.372 33.449 33.533 33.622 33.715 33.810
18.378 29.048 31.004 31.570 31.779 31.855 31.876 31.876 31.873 31.876 31.889 31.914 31.953 32.004 32.067 32.139 32.218 32.302 32.389 32.477 32.563 32.647 32.726 32.799 32.866 32.926 32.978 33.021 33.057 33.086 33.107 33.122 33.132 33.137 33.138 33.136 33.131 33.125 33.117 33.108 33.099 33.090 33.080 33.070 33.061 33.051 33.042 33.033 33.023 33.014 33.005 32.996 32.987 32.979 32.972 32.967 32.963 32.963 32.967 32.975 32.991 33.013 33.043 33.082 33.129 33.186 33.250 33.322 33.401 33.484 33.571 33.659
18.536 29.097 30.984 31.530 31.731 31.803 31.821 31.820 31.815 31.817 31.829 31.853 31.891 31.941 32.003 32.073 32.151 32.235 32.320 32.407 32.491 32.573 32.650 32.721 32.786 32.843 32.892 32.934 32.969 32.997 33.019 33.035 33.046 33.053 33.057 33.057 33.055 33.051 33.044 33.037 33.028 33.018 33.007 32.995 32.983 32.970 32.958 32.945 32.932 32.919 32.906 32.893 32.881 32.870 32.860 32.852 32.846 32.843 32.845 32.851 32.864 32.883 32.910 32.945 32.988 33.040 33.100 33.166 33.239 33.316 33.396 33.477
18.299 28.936 30.901 31.471 31.683 31.762 31.786 31.789 31.789 31.794 31.808 31.834 31.872 31.922 31.982 32.051 32.126 32.206 32.289 32.372 32.454 32.533 32.608 32.678 32.741 32.797 32.845 32.886 32.918 32.944 32.962 32.973 32.979 32.980 32.977 32.970 32.960 32.949 32.936 32.922 32.907 32.893 32.878 32.863 32.849 32.835 32.821 32.808 32.795 32.782 32.770 32.758 32.746 32.734 32.724 32.715 32.708 32.703 32.703 32.706 32.716 32.731 32.754 32.785 32.823 32.869 32.922 32.982 33.048 33.118 33.190 33.264
18.215 28.861 30.842 31.416 31.630 31.710 31.736 31.741 31.743 31.751 31.768 31.798 31.841 31.895 31.958 32.030 32.108 32.189 32.271 32.353 32.432 32.506 32.575 32.636 32.690 32.735 32.772 32.800 32.820 32.833 32.841 32.844 32.844 32.842 32.839 32.835 32.830 32.825 32.820 32.814 32.806 32.797 32.787 32.775 32.761 32.745 32.728 32.710 32.691 32.671 32.651 32.631 32.612 32.593 32.576 32.561 32.548 32.539 32.533 32.532 32.536 32.547 32.565 32.590 32.622 32.663 32.710 32.764 32.823 32.887 32.953 33.022
17.267 28.232 30.617 31.321 31.581 31.682 31.718 31.727 31.728 31.732 31.744 31.766 31.800 31.845 31.900 31.964 32.034 32.109 32.186 32.263 32.338 32.410 32.477 32.539 32.594 32.644 32.686 32.722 32.751 32.773 32.787 32.793 32.793 32.786 32.773 32.756 32.735 32.713 32.691 32.669 32.647 32.627 32.608 32.590 32.572 32.555 32.537 32.519 32.501 32.482 32.463 32.444 32.426 32.407 32.389 32.372 32.357 32.345 32.336 32.331 32.330 32.336 32.348 32.367 32.393 32.427 32.468 32.516 32.569 32.628 32.691 32.757
16.617 27.635 30.371 31.209 31.521 31.648 31.701 31.723 31.735 31.749 31.769 31.798 31.837 31.885 31.940 32.001 32.066 32.134 32.201 32.268 32.332 32.391 32.446 32.493 32.533 32.564 32.587 32.601 32.607 32.606 32.600 32.590 32.577 32.564 32.551 32.539 32.529 32.521 32.515 32.509 32.503 32.497 32.489 32.479 32.466 32.449 32.429 32.406 32.380 32.351 32.321 32.289 32.257 32.226 32.196 32.167 32.142 32.120 32.102 32.089 32.081 32.080 32.086 32.099 32.120 32.150 32.187 32.232 32.283 32.340 32.402 32.470
14.928 21.792 29.358 30.896 31.422 31.636 31.723 31.755 31.766 31.771 31.780 31.796 31.822 31.859 31.904 31.958 32.017 32.079 32.142 32.204 32.263 32.319 32.370 32.417 32.459 32.496 32.528 32.554 32.573 32.585 32.589 32.585 32.572 32.551 32.524 32.493 32.458 32.423 32.387 32.353 32.320 32.289 32.259 32.231 32.203 32.176 32.149 32.121 32.093 32.064 32.035 32.006 31.976 31.947 31.919 31.893 31.868 31.847 31.829 31.814 31.804 31.799 31.800 31.808 31.825 31.850 31.886 31.929 31.976 32.025 32.083 32.167
