Examples/2023_ISeeSnow/data/CoulombOnly/Results/curv77s/s/1HS_03_curv77s_MoT-Voellmy_s_0052.asc
ncols        166
nrows        45
xllcorner    3132.5
yllcorner    -4362.5
cellsize     5.00
NODATA_value -9999
[rows 0 to 31 of 45, columns 72 to 143 of 166]
0.001 0.004 0.010 0.023 0.049 0.096 0.175 0.300 0.486 0.749 1.096 1.529 2.045 2.640 3.301 4.015 4.760 5.515 6.253 6.947 7.568 8.088 8.478 8.696 8.703 8.501 8.101 7.519 6.772 5.885 4.889 3.810 2.720 1.767 1.048 0.573 0.293 0.140 0.061 0.024 0.008 0.002 0.000 0.000 0.000 0.000 0.000 0.000 0.000 0.000 0.000 0.000 0.000 0.000 0.000 0.000 0.000 0.000 0.000 0.000 0.000 0.000 0.000 0.000 0.000 0.000 0.000 0.000 0.000 0.000 0.000 0.000
2.314 3.467 4.963 6.815 9.020 11.557 14.392 17.481 20.775 24.158 27.489 30.695 33.745 36.636 39.376 41.971 44.420 46.724 48.884 50.903 52.783 54.522 55.969 55.824 55.937 55.942 55.908 55.849 55.779 55.661 55.524 55.392 53.107 47.258 40.185 32.999 26.570 21.124 16.538 12.635 9.285 6.396 3.902 1.762 0.434 0.073 0.016 0.003 0.000 0.000 0.000 0.000 0.000 0.000 0.000 0.000 0.000 0.000 0.000 0.000 0.000 0.000 0.000 0.000 0.000 0.000 0.000 0.000 0.000 0.000 0.000 0.000
28.099 31.912 35.600 39.082 42.334 45.355 48.156 50.753 53.166 54.570 55.765 56.641 57.236 57.662 57.983 58.220 58.384 58.485 58.536 58.546 58.522 58.469 58.393 58.296 58.182 58.054 57.913 57.761 57.601 57.433 57.259 57.080 56.895 56.707 56.514 56.320 56.124 55.927 55.730 55.532 55.336 55.144 54.947 54.701 36.901 18.482 11.525 7.478 4.345 1.831 0.332 0.022 0.002 0.000 0.000 0.000 0.000 0.000 0.000 0.000 0.000 0.000 0.000 0.000 0.000 0.000 0.000 0.000 0.000 0.000 0.000 0.000
49.428 52.054 54.446 56.082 57.310 58.229 58.915 59.424 59.799 60.067 60.251 60.365 60.424 60.438 60.415 60.361 60.282 60.183 60.066 59.934 59.790 59.635 59.471 59.299 59.122 58.939 58.751 58.560 58.367 58.171 57.974 57.775 57.576 57.377 57.178 56.979 56.781 56.585 56.390 56.196 56.004 55.815 55.627 55.441 55.258 55.076 54.894 54.717 54.552 54.392 34.739 12.423 6.575 3.419 1.049 0.103 0.003 0.000 0.000 0.000 0.000 0.000 0.000 0.000 0.000 0.000 0.000 0.000 0.000 0.000 0.000 0.000
59.888 60.585 61.092 61.456 61.709 61.877 61.977 62.024 62.028 61.996 61.935 61.849 61.742 61.617 61.477 61.325 61.161 60.988 60.808 60.620 60.426 60.227 60.024 59.818 59.609 59.398 59.186 58.972 58.758 58.544 58.330 58.117 57.905 57.694 57.485 57.277 57.072 56.869 56.668 56.471 56.275 56.083 55.894 55.708 55.524 55.344 55.166 54.992 54.821 54.653 54.489 54.325 54.170 54.027 50.418 20.924 6.428 3.041 0.795 0.057 0.001 0.000 0.000 0.000 0.000 0.000 0.000 0.000 0.000 0.000 0.000 0.000
63.270 63.389 63.451 63.465 63.442 63.387 63.307 63.205 63.084 62.947 62.797 62.635 62.462 62.280 62.091 61.894 61.691 61.482 61.269 61.052 60.831 60.607 60.381 60.153 59.924 59.693 59.463 59.232 59.002 58.772 58.544 58.317 58.092 57.869 57.649 57.430 57.215 57.003 56.793 56.587 56.385 56.186 55.990 55.798 55.610 55.425 55.244 55.067 54.893 54.723 54.556 54.393 54.234 54.079 53.928 53.781 53.641 53.495 47.254 15.404 4.123 1.459 0.174 0.002 0.000 0.000 0.000 0.000 0.000 0.000 0.000 0.000
64.768 64.705 64.617 64.510 64.384 64.244 64.090 63.926 63.750 63.566 63.374 63.174 62.968 62.755 62.537 62.315 62.087 61.856 61.622 61.384 61.144 60.901 60.658 60.412 60.166 59.920 59.674 59.428 59.183 58.939 58.696 58.456 58.218 57.982 57.749 57.519 57.292 57.068 56.848 56.632 56.419 56.211 56.006 55.806 55.609 55.417 55.229 55.045 54.865 54.690 54.518 54.350 54.186 54.027 53.871 53.719 53.571 53.429 53.292 53.156 53.030 52.943 26.407 4.647 1.464 0.177 0.002 0.000 0.000 0.000 0.000 0.000
65.674 65.535 65.383 65.220 65.046 64.864 64.673 64.474 64.268 64.056 63.839 63.615 63.387 63.153 62.915 62.674 62.428 62.179 61.928 61.674 61.417 61.159 60.899 60.638 60.377 60.116 59.855 59.594 59.335 59.076 58.820 58.566 58.314 58.064 57.818 57.575 57.335 57.099 56.867 56.639 56.415 56.196 55.981 55.770 55.564 55.362 55.165 54.973 54.785 54.601 54.422 54.247 54.076 53.910 53.747 53.589 53.435 53.286 53.140 53.000 52.865 52.736 52.614 52.501 52.396 26.914 3.912 0.959 0.082 0.000 0.000 0.000
66.351 66.173 65.986 65.791 65.589 65.380 65.165 64.944 64.718 64.486 64.250 64.008 63.763 63.513 63.259 63.001 62.741 62.477 62.210 61.941 61.670 61.397 61.123 60.848 60.573 60.297 60.022 59.747 59.474 59.201 58.931 58.662 58.397 58.133 57.873 57.617 57.364 57.114 56.869 56.629 56.392 56.161 55.934 55.711 55.494 55.282 55.074 54.872 54.674 54.481 54.292 54.108 53.929 53.754 53.584 53.418 53.256 53.099 52.946 52.798 52.653 52.514 52.380 52.251 52.128 52.014 51.921 50.008 17.833 2.161 0.361 0.012
66.917 66.713 66.503 66.287 66.064 65.837 65.604 65.366 65.124 64.877 64.625 64.369 64.109 63.845 63.578 63.306 63.032 62.755 62.475 62.193 61.909 61.623 61.336 61.048 60.760 60.471 60.183 59.895 59.608 59.322 59.039 58.757 58.477 58.200 57.927 57.656 57.389 57.126 56.867 56.613 56.363 56.119 55.879 55.644 55.414 55.190 54.971 54.757 54.548 54.344 54.145 53.951 53.762 53.577 53.398 53.222 53.052 52.885 52.724 52.566 52.414 52.265 52.122 51.983 51.849 51.722 51.602 51.489 51.388 51.312 38.071 6.104
67.409 67.186 66.959 66.726 66.488 66.246 65.999 65.747 65.492 65.232 64.968 64.700 64.428 64.153 63.874 63.591 63.306 63.017 62.726 62.433 62.137 61.840 61.541 61.242 60.942 60.642 60.342 60.042 59.743 59.446 59.149 58.855 58.563 58.273 57.986 57.702 57.422 57.145 56.873 56.605 56.341 56.082 55.829 55.580 55.337 55.100 54.868 54.641 54.420 54.204 53.994 53.788 53.588 53.393 53.202 53.016 52.835 52.659 52.487 52.319 52.157 51.998 51.845 51.697 51.553 51.415 51.283 51.157 51.038 50.929 50.828 50.753
67.839 67.602 67.361 67.115 66.865 66.610 66.352 66.090 65.824 65.554 65.280 65.002 64.721 64.437 64.148 63.857 63.562 63.264 62.964 62.661 62.356 62.049 61.741 61.432 61.122 60.811 60.501 60.191 59.882 59.573 59.266 58.961 58.657 58.356 58.057 57.761 57.468 57.178 56.893 56.611 56.334 56.061 55.794 55.532 55.275 55.024 54.778 54.538 54.304 54.075 53.852 53.634 53.421 53.214 53.011 52.813 52.620 52.432 52.248 52.069 51.895 51.726 51.561 51.402 51.247 51.098 50.955 50.817 50.686 50.563 50.447 50.341
68.214 67.966 67.713 67.457 67.198 66.934 66.668 66.397 66.123 65.846 65.565 65.281 64.993 64.701 64.406 64.107 63.805 63.500 63.192 62.881 62.568 62.253 61.936 61.618 61.300 60.981 60.661 60.343 60.024 59.707 59.390 59.075 58.762 58.451 58.141 57.834 57.530 57.229 56.931 56.638 56.348 56.062 55.782 55.506 55.236 54.971 54.712 54.458 54.210 53.968 53.732 53.500 53.274 53.054 52.838 52.627 52.420 52.219 52.022 51.830 51.642 51.459 51.281 51.109 50.941 50.779 50.623 50.473 50.330 50.193 50.064 49.943
68.544 68.287 68.026 67.763 67.496 67.227 66.954 66.678 66.399 66.117 65.831 65.542 65.248 64.952 64.651 64.347 64.039 63.728 63.413 63.096 62.776 62.454 62.130 61.804 61.478 61.152 60.825 60.498 60.173 59.848 59.524 59.201 58.880 58.560 58.242 57.926 57.613 57.302 56.993 56.688 56.387 56.089 55.796 55.508 55.225 54.947 54.674 54.407 54.146 53.891 53.641 53.396 53.157 52.922 52.693 52.468 52.247 52.031 51.819 51.612 51.409 51.210 51.017 50.828 50.645 50.467 50.295 50.130 49.971 49.819 49.675 49.538
68.840 68.577 68.311 68.042 67.771 67.497 67.220 66.941 66.658 66.372 66.083 65.790 65.494 65.193 64.888 64.580 64.267 63.951 63.631 63.308 62.982 62.654 62.324 61.993 61.661 61.329 60.997 60.665 60.335 60.005 59.676 59.349 59.022 58.697 58.373 58.050 57.728 57.408 57.091 56.775 56.462 56.153 55.847 55.546 55.249 54.958 54.672 54.391 54.116 53.847 53.584 53.326 53.073 52.825 52.581 52.342 52.106 51.875 51.647 51.423 51.203 50.986 50.774 50.566 50.363 50.166 49.974 49.789 49.610 49.439 49.276 49.121
69.116 68.848 68.578 68.305 68.030 67.752 67.471 67.188 66.902 66.613 66.320 66.023 65.722 65.418 65.109 64.797 64.480 64.160 63.836 63.510 63.181 62.851 62.520 62.188 61.857 61.526 61.196 60.866 60.538 60.210 59.884 59.557 59.231 58.904 58.577 58.249 57.921 57.593 57.265 56.937 56.611 56.286 55.964 55.646 55.332 55.023 54.720 54.422 54.131 53.846 53.567 53.293 53.025 52.761 52.503 52.248 51.996 51.748 51.503 51.260 51.020 50.783 50.549 50.319 50.092 49.871 49.654 49.444 49.240 49.044 48.857 48.678
69.391 69.118 68.842 68.563 68.280 67.995 67.705 67.412 67.116 66.816 66.512 66.205 65.895 65.582 65.267 64.949 64.631 64.311 63.991 63.671 63.352 63.034 62.717 62.402 62.088 61.776 61.466 61.156 60.846 60.536 60.225 59.912 59.597 59.278 58.955 58.627 58.296 57.960 57.619 57.275 56.929 56.580 56.232 55.886 55.542 55.203 54.869 54.543 54.223 53.912 53.608 53.311 53.021 52.736 52.456 52.181 51.908 51.639 51.371 51.105 50.841 50.578 50.317 50.059 49.804 49.552 49.306 49.065 48.831 48.606 48.389 48.183
69.758 69.487 69.208 68.920 68.621 68.312 67.992 67.663 67.326 66.985 66.641 66.298 65.959 65.625 65.298 64.979 64.669 64.366 64.071 63.783 63.501 63.223 62.950 62.680 62.412 62.145 61.879 61.611 61.342 61.070 60.795 60.515 60.230 59.938 59.638 59.330 59.013 58.684 58.345 57.994 57.631 57.257 56.872 56.480 56.082 55.682 55.284 54.892 54.510 54.141 53.785 53.442 53.110 52.788 52.473 52.162 51.853 51.544 51.237 50.929 50.622 50.317 50.014 49.715 49.421 49.131 48.849 48.575 48.311 48.057 47.815 47.585
68.873 68.599 68.325 68.052 67.779 67.508 67.238 66.970 66.704 66.441 66.181 65.924 65.669 65.418 65.170 64.925 64.682 64.441 64.202 63.965 63.728 63.491 63.255 63.017 62.777 62.536 62.292 62.045 61.795 61.542 61.285 61.023 60.758 60.488 60.215 59.936 59.654 59.367 59.075 58.779 58.478 58.172 57.860 57.542 57.217 56.884 56.541 56.188 55.823 55.443 55.048 54.636 54.206 53.756 53.289 52.807 52.312 51.812 51.313 50.826 50.357 49.914 49.499 49.112 48.751 48.416 48.104 47.813 47.543 47.292 47.058 46.843
69.157 68.858 68.574 68.301 68.038 67.784 67.538 67.296 67.056 66.807 66.549 66.281 66.001 65.712 65.415 65.112 64.806 64.500 64.195 63.894 63.598 63.308 63.025 62.748 62.477 62.210 61.947 61.687 61.427 61.166 60.903 60.637 60.365 60.088 59.804 59.514 59.218 58.916 58.609 58.300 57.988 57.677 57.366 57.057 56.750 56.445 56.141 55.837 55.531 55.220 54.900 54.568 54.218 53.840 53.418 52.927 52.332 51.590 50.708 49.793 48.990 48.374 47.925 47.590 47.323 47.097 46.896 46.714 46.548 46.395 46.256 46.129
68.709 68.442 68.182 67.928 67.682 67.441 67.207 66.980 66.759 66.544 66.335 66.131 65.932 65.736 65.543 65.351 65.160 64.968 64.774 64.576 64.373 64.163 63.945 63.717 63.477 63.225 62.958 62.677 62.380 62.068 61.740 61.397 61.041 60.672 60.292 59.903 59.507 59.107 58.703 58.299 57.895 57.494 57.097 56.706 56.321 55.945 55.578 55.220 54.865 54.513 54.168 53.832 53.504 53.183 52.867 52.557 52.252 51.952 51.657 51.367 51.081 50.799 50.521 50.249 49.983 49.724 49.471 49.226 48.988 48.756 48.529 48.306
70.915 70.691 70.471 70.251 70.028 69.797 69.555 69.288 68.905 68.276 67.548 66.888 66.349 65.915 65.556 65.247 64.973 64.720 64.482 64.253 64.029 63.807 63.585 63.361 63.132 62.898 62.656 62.407 62.149 61.881 61.602 61.314 61.014 60.704 60.384 60.053 59.714 59.366 59.011 58.650 58.284 57.919 57.571 57.309 57.372 58.460 62.559 74.919 79.110 70.356 55.750 42.928 35.956 32.825 31.370 30.720 30.621 31.171 32.981 35.915 39.965 45.347 47.385 48.189 48.517 48.626 48.628 32.412 8.820 4.085 2.276 1.067
69.791 69.523 69.255 68.986 68.717 68.447 68.176 67.905 67.634 67.362 67.089 66.816 66.543 66.269 65.994 65.719 65.443 65.166 64.888 64.610 64.330 64.049 63.767 63.483 63.198 62.910 62.621 62.329 62.036 61.740 61.441 61.140 60.837 60.531 60.223 59.912 59.599 59.285 58.968 58.649 58.329 58.009 57.687 57.364 57.042 56.719 56.397 56.076 55.755 55.436 55.118 54.802 54.488 54.175 53.865 53.556 53.248 52.942 52.637 52.332 52.028 51.723 51.417 51.110 50.801 50.490 50.176 49.859 49.539 49.216 48.891 48.563
70.894 70.670 70.450 70.231 70.008 69.779 69.538 69.272 68.892 68.271 67.551 66.896 66.357 65.921 65.561 65.251 64.976 64.722 64.484 64.255 64.031 63.809 63.586 63.362 63.133 62.898 62.657 62.408 62.150 61.882 61.603 61.315 61.015 60.705 60.385 60.055 59.715 59.367 59.012 58.651 58.285 57.919 57.567 57.294 57.332 58.375 62.330 74.182 79.538 71.345 57.346 44.418 36.915 33.394 31.715 30.927 30.737 31.238 33.042 35.976 40.042 45.341 47.342 48.141 48.474 48.591 48.598 31.984 8.728 4.097 2.286 1.074
68.708 68.441 68.182 67.928 67.682 67.441 67.208 66.980 66.759 66.544 66.335 66.132 65.932 65.737 65.544 65.352 65.161 64.969 64.775 64.577 64.374 64.164 63.946 63.718 63.478 63.226 62.960 62.679 62.382 62.070 61.743 61.401 61.044 60.675 60.296 59.907 59.511 59.110 58.707 58.302 57.898 57.497 57.099 56.707 56.322 55.945 55.578 55.219 54.864 54.512 54.167 53.830 53.502 53.180 52.864 52.553 52.249 51.949 51.655 51.364 51.079 50.797 50.520 50.248 49.983 49.723 49.471 49.226 48.988 48.756 48.529 48.307
69.156 68.858 68.574 68.301 68.039 67.786 67.539 67.298 67.058 66.810 66.551 66.282 66.003 65.713 65.416 65.113 64.807 64.501 64.196 63.896 63.600 63.311 63.028 62.751 62.480 62.213 61.950 61.689 61.429 61.169 60.906 60.639 60.367 60.090 59.806 59.516 59.219 58.917 58.610 58.300 57.989 57.677 57.366 57.057 56.750 56.445 56.141 55.837 55.531 55.219 54.899 54.567 54.217 53.839 53.417 52.926 52.331 51.589 50.706 49.790 48.988 48.372 47.923 47.588 47.321 47.095 46.895 46.713 46.547 46.394 46.255 46.128
68.872 68.598 68.324 68.051 67.778 67.507 67.237 66.969 66.704 66.441 66.180 65.923 65.669 65.418 65.170 64.925 64.682 64.441 64.203 63.965 63.728 63.492 63.255 63.017 62.778 62.536 62.292 62.046 61.796 61.542 61.285 61.024 60.759 60.489 60.215 59.937 59.654 59.367 59.076 58.779 58.478 58.172 57.860 57.542 57.217 56.884 56.542 56.189 55.824 55.444 55.050 54.637 54.207 53.758 53.291 52.808 52.314 51.813 51.314 50.826 50.358 49.914 49.499 49.112 48.751 48.416 48.103 47.813 47.542 47.291 47.058 46.842
69.758 69.487 69.207 68.919 68.620 68.310 67.990 67.661 67.324 66.983 66.639 66.296 65.957 65.624 65.297 64.979 64.669 64.366 64.071 63.783 63.501 63.224 62.951 62.681 62.413 62.146 61.879 61.612 61.342 61.071 60.795 60.515 60.230 59.938 59.638 59.330 59.012 58.684 58.344 57.993 57.630 57.256 56.872 56.479 56.081 55.681 55.284 54.892 54.510 54.141 53.785 53.442 53.111 52.789 52.474 52.162 51.853 51.545 51.237 50.929 50.623 50.317 50.015 49.715 49.421 49.131 48.849 48.575 48.311 48.057 47.815 47.585
69.392 69.119 68.842 68.563 68.280 67.994 67.705 67.412 67.115 66.815 66.512 66.205 65.894 65.582 65.266 64.949 64.630 64.311 63.991 63.671 63.351 63.033 62.717 62.402 62.088 61.776 61.465 61.155 60.846 60.536 60.225 59.911 59.596 59.277 58.954 58.627 58.295 57.959 57.618 57.274 56.928 56.580 56.232 55.885 55.542 55.202 54.869 54.543 54.224 53.912 53.608 53.312 53.021 52.737 52.457 52.181 51.909 51.639 51.371 51.105 50.841 50.578 50.317 50.059 49.804 49.552 49.306 49.065 48.831 48.606 48.389 48.183
69.116 68.848 68.578 68.305 68.030 67.752 67.471 67.188 66.902 66.612 66.319 66.023 65.722 65.418 65.109 64.796 64.480 64.159 63.836 63.510 63.181 62.851 62.519 62.188 61.856 61.525 61.195 60.866 60.537 60.210 59.883 59.556 59.230 58.903 58.576 58.249 57.921 57.593 57.264 56.937 56.610 56.286 55.964 55.646 55.332 55.023 54.720 54.423 54.131 53.846 53.567 53.293 53.025 52.762 52.503 52.248 51.997 51.748 51.503 51.261 51.021 50.784 50.550 50.319 50.093 49.871 49.655 49.444 49.241 49.045 48.857 48.679
68.840 68.577 68.311 68.042 67.771 67.497 67.220 66.941 66.658 66.372 66.083 65.790 65.493 65.193 64.888 64.580 64.267 63.951 63.631 63.308 62.982 62.653 62.323 61.992 61.660 61.328 60.996 60.665 60.334 60.004 59.676 59.348 59.022 58.696 58.372 58.049 57.728 57.408 57.090 56.775 56.462 56.153 55.847 55.546 55.249 54.958 54.672 54.391 54.117 53.848 53.584 53.326 53.073 52.825 52.581 52.342 52.107 51.875 51.647 51.423 51.203 50.987 50.774 50.567 50.364 50.166 49.975 49.789 49.611 49.439 49.276 49.121
68.544 68.286 68.026 67.763 67.496 67.226 66.954 66.678 66.399 66.116 65.831 65.541 65.248 64.951 64.651 64.347 64.039 63.728 63.413 63.096 62.776 62.453 62.129 61.804 61.478 61.151 60.824 60.498 60.172 59.847 59.523 59.201 58.879 58.560 58.242 57.926 57.612 57.301 56.993 56.688 56.387 56.089 55.796 55.508 55.225 54.947 54.674 54.407 54.146 53.891 53.641 53.396 53.157 52.922 52.693 52.468 52.247 52.031 51.820 51.612 51.409 51.211 51.017 50.828 50.645 50.467 50.295 50.130 49.971 49.819 49.675 49.539
