Examples/2023_ISeeSnow/data/CoulombOnly/Results/curv77s/s/1HS_03_curv77s_MoT-Voellmy_s_0004.asc
ncols        71
nrows        37
xllcorner    1037.5
yllcorner    -4342.5
cellsize     5.00
NODATA_value -9999
0.000 0.000 0.003 0.035 0.156 0.348 0.490 0.556 0.568 0.553 0.526 0.496 0.466 0.436 0.407 0.377 0.347 0.317 0.288 0.261 0.235 0.208 0.182 0.158 0.136 0.113 0.091 0.073 0.058 0.045 0.035 0.026 0.019 0.013 0.009 0.006 0.004 0.002 0.001 0.000 0.000 0.000 0.000 0.000 0.000 0.000 0.000 0.000 0.000 0.000 0.000 0.000 0.000 0.000 0.000 0.000 0.000 0.000 0.000 0.000 0.000 0.000 0.000 0.000 0.000 0.000 0.000 0.000 0.000 0.000 0.000
0.000 0.413 1.904 4.457 7.007 7.935 8.119 8.157 8.169 8.168 8.160 8.149 8.136 8.122 8.107 8.103 8.093 8.078 8.060 8.042 8.031 8.029 8.009 7.986 7.970 7.979 7.949 7.918 7.523 7.080 6.640 6.205 5.775 5.351 4.934 4.527 4.130 3.744 3.371 3.011 2.665 2.333 2.016 1.715 1.432 1.167 0.919 0.690 0.480 0.291 0.128 0.042 0.010 0.002 0.000 0.000 0.000 0.000 0.000 0.000 0.000 0.000 0.000 0.000 0.000 0.000 0.000 0.000 0.000 0.000 0.000
0.000 5.529 7.547 8.044 8.305 8.452 8.530 8.563 8.572 8.567 8.558 8.546 8.533 8.519 8.506 8.492 8.477 8.463 8.448 8.432 8.417 8.400 8.384 8.367 8.350 8.332 8.314 8.296 8.277 8.258 8.239 8.220 8.200 8.180 8.159 8.138 8.117 8.096 8.074 8.051 8.029 8.007 7.984 7.961 7.938 7.914 7.890 7.867 7.843 7.818 7.794 7.771 7.748 7.725 7.703 7.683 7.664 7.645 7.631 7.623 7.642 7.808 3.960 0.155 0.000 0.000 0.000 0.000 0.000 0.000 0.000
0.000 7.367 7.738 8.150 8.490 8.728 8.875 8.954 8.987 8.993 8.987 8.977 8.964 8.951 8.937 8.923 8.909 8.894 8.879 8.863 8.847 8.830 8.813 8.796 8.778 8.760 8.741 8.722 8.703 8.683 8.663 8.643 8.622 8.600 8.579 8.556 8.534 8.511 8.488 8.464 8.440 8.416 8.391 8.366 8.340 8.315 8.288 8.262 8.235 8.208 8.180 8.152 8.123 8.094 8.064 8.034 8.003 7.971 7.938 7.906 7.897 7.921 7.961 7.972 7.932 7.883 4.178 0.066 0.000 0.000 0.000
0.000 7.076 7.561 8.101 8.570 8.915 9.139 9.267 9.328 9.349 9.350 9.343 9.333 9.321 9.309 9.297 9.284 9.270 9.256 9.241 9.226 9.210 9.193 9.176 9.157 9.139 9.119 9.099 9.078 9.057 9.035 9.014 8.991 8.969 8.946 8.923 8.899 8.875 8.851 8.827 8.802 8.777 8.752 8.726 8.701 8.675 8.649 8.623 8.596 8.570 8.543 8.516 8.490 8.463 8.436 8.409 8.382 8.356 8.330 8.316 8.383 8.614 8.985 9.367 9.593 9.577 9.346 8.981 8.564 6.493 0.000
0.000 6.416 7.019 7.614 8.096 8.454 8.700 8.851 8.930 8.963 8.973 8.972 8.968 8.963 8.958 8.953 8.948 8.943 8.938 8.933 8.929 8.924 8.920 8.915 8.911 8.907 8.903 8.899 8.895 8.892 8.888 8.885 8.882 8.878 8.875 8.873 8.870 8.868 8.866 8.864 8.862 8.861 8.860 8.860 8.860 8.860 8.861 8.862 8.864 8.866 8.869 8.873 8.877 8.882 8.888 8.894 8.902 8.910 8.920 8.939 9.022 9.219 9.517 9.823 9.987 9.920 9.646 9.245 8.802 7.673 0.000
0.000 6.447 7.047 7.640 8.119 8.475 8.721 8.873 8.953 8.988 8.999 9.000 8.998 8.994 8.990 8.986 8.982 8.978 8.973 8.969 8.964 8.959 8.954 8.949 8.943 8.938 8.932 8.927 8.921 8.915 8.910 8.904 8.898 8.892 8.887 8.881 8.875 8.869 8.864 8.858 8.853 8.847 8.842 8.837 8.832 8.827 8.822 8.818 8.813 8.809 8.805 8.801 8.798 8.795 8.792 8.789 8.787 8.786 8.785 8.796 8.887 9.118 9.469 9.834 10.055 10.028 9.767 9.357 8.889 8.468 0.000
0.000 6.437 7.037 7.629 8.109 8.467 8.716 8.871 8.953 8.989 9.001 9.003 9.001 8.998 8.995 8.992 8.989 8.985 8.982 8.979 8.975 8.972 8.968 8.965 8.961 8.958 8.954 8.951 8.948 8.944 8.941 8.937 8.934 8.930 8.927 8.924 8.920 8.917 8.914 8.911 8.908 8.905 8.902 8.899 8.897 8.894 8.892 8.890 8.888 8.886 8.884 8.883 8.882 8.881 8.880 8.880 8.880 8.880 8.881 8.893 8.981 9.207 9.552 9.914 10.130 10.095 9.824 9.404 8.922 8.505 0.000
0.000 6.455 7.053 7.644 8.124 8.483 8.732 8.888 8.971 9.008 9.020 9.022 9.021 9.018 9.015 9.012 9.010 9.007 9.004 9.000 8.997 8.994 8.991 8.988 8.985 8.982 8.978 8.975 8.972 8.969 8.965 8.962 8.959 8.956 8.953 8.950 8.946 8.943 8.940 8.937 8.935 8.932 8.929 8.926 8.924 8.921 8.919 8.917 8.915 8.913 8.912 8.910 8.909 8.908 8.907 8.906 8.906 8.906 8.907 8.919 9.008 9.235 9.583 9.947 10.166 10.133 9.861 9.438 8.951 8.532 0.000
0.000 6.472 7.066 7.656 8.135 8.495 8.745 8.901 8.985 9.022 9.035 9.038 9.037 9.035 9.033 9.030 9.028 9.025 9.023 9.021 9.018 9.016 9.013 9.011 9.008 9.006 9.003 9.000 8.998 8.995 8.993 8.990 8.988 8.985 8.983 8.980 8.978 8.975 8.973 8.970 8.968 8.966 8.964 8.962 8.960 8.958 8.956 8.954 8.952 8.951 8.950 8.948 8.947 8.947 8.946 8.945 8.945 8.945 8.946 8.958 9.045 9.270 9.615 9.977 10.195 10.162 9.890 9.467 8.978 8.549 0.000
0.000 6.487 7.079 7.667 8.147 8.507 8.757 8.914 8.998 9.036 9.049 9.052 9.052 9.050 9.049 9.047 9.045 9.043 9.041 9.039 9.037 9.035 9.033 9.031 9.029 9.027 9.025 9.023 9.021 9.019 9.017 9.014 9.012 9.010 9.008 9.006 9.004 9.002 9.000 8.998 8.996 8.995 8.993 8.991 8.989 8.988 8.986 8.985 8.983 8.982 8.981 8.980 8.979 8.978 8.978 8.977 8.977 8.977 8.977 8.989 9.075 9.298 9.640 10.001 10.220 10.188 9.916 9.492 9.003 8.565 0.000
0.000 6.501 7.090 7.678 8.158 8.517 8.768 8.925 9.010 9.048 9.062 9.066 9.066 9.064 9.063 9.062 9.060 9.059 9.057 9.056 9.054 9.052 9.051 9.049 9.048 9.046 9.044 9.043 9.041 9.039 9.038 9.036 9.035 9.033 9.031 9.030 9.028 9.027 9.025 9.023 9.022 9.020 9.019 9.018 9.016 9.015 9.014 9.012 9.011 9.010 9.009 9.008 9.008 9.007 9.006 9.006 9.005 9.005 9.006 9.017 9.102 9.323 9.663 10.022 10.241 10.210 9.939 9.515 9.025 8.578 0.000
0.000 6.512 7.100 7.687 8.167 8.527 8.778 8.935 9.020 9.059 9.073 9.077 9.077 9.076 9.075 9.074 9.073 9.072 9.071 9.070 9.069 9.067 9.066 9.065 9.064 9.063 9.061 9.060 9.059 9.058 9.056 9.055 9.054 9.052 9.051 9.050 9.049 9.048 9.046 9.045 9.044 9.043 9.042 9.041 9.039 9.038 9.037 9.036 9.036 9.035 9.034 9.033 9.032 9.032 9.031 9.031 9.030 9.030 9.030 9.042 9.126 9.344 9.683 10.041 10.260 10.229 9.959 9.534 9.044 8.590 0.000
0.000 6.522 7.109 7.695 8.174 8.534 8.786 8.944 9.029 9.068 9.082 9.087 9.087 9.087 9.086 9.085 9.084 9.083 9.083 9.082 9.081 9.080 9.079 9.078 9.077 9.076 9.076 9.075 9.074 9.073 9.072 9.071 9.070 9.069 9.068 9.067 9.066 9.065 9.064 9.063 9.063 9.062 9.061 9.060 9.059 9.058 9.058 9.057 9.056 9.055 9.055 9.054 9.053 9.053 9.052 9.052 9.052 9.051 9.052 9.063 9.146 9.363 9.700 10.057 10.276 10.246 9.976 9.551 9.060 8.599 0.000
0.000 6.530 7.115 7.701 8.180 8.541 8.792 8.950 9.036 9.075 9.090 9.094 9.095 9.095 9.094 9.094 9.093 9.093 9.092 9.092 9.091 9.090 9.090 9.089 9.088 9.088 9.087 9.087 9.086 9.085 9.085 9.084 9.083 9.083 9.082 9.081 9.081 9.080 9.079 9.078 9.078 9.077 9.077 9.076 9.075 9.075 9.074 9.073 9.073 9.072 9.072 9.071 9.071 9.070 9.070 9.069 9.069 9.069 9.069 9.080 9.162 9.378 9.714 10.070 10.289 10.260 9.990 9.565 9.073 8.607 0.000
0.000 6.537 7.121 7.706 8.185 8.546 8.798 8.956 9.042 9.081 9.096 9.100 9.101 9.101 9.101 9.101 9.100 9.100 9.100 9.099 9.099 9.098 9.098 9.098 9.097 9.097 9.096 9.096 9.095 9.095 9.094 9.094 9.094 9.093 9.093 9.092 9.092 9.091 9.091 9.090 9.090 9.089 9.089 9.088 9.088 9.087 9.087 9.086 9.086 9.085 9.085 9.085 9.084 9.084 9.083 9.083 9.083 9.082 9.082 9.093 9.175 9.390 9.724 10.080 10.299 10.271 10.001 9.576 9.084 8.613 0.000
0.000 6.541 7.124 7.709 8.189 8.549 8.801 8.959 9.045 9.085 9.100 9.105 9.106 9.106 9.106 9.106 9.105 9.105 9.105 9.105 9.104 9.104 9.104 9.104 9.103 9.103 9.103 9.102 9.102 9.102 9.101 9.101 9.101 9.100 9.100 9.100 9.099 9.099 9.099 9.098 9.098 9.098 9.097 9.097 9.097 9.096 9.096 9.095 9.095 9.095 9.094 9.094 9.094 9.093 9.093 9.092 9.092 9.092 9.092 9.103 9.184 9.398 9.732 10.088 10.307 10.278 10.009 9.584 9.091 8.617 0.000
0.000 6.544 7.126 7.711 8.190 8.551 8.803 8.961 9.047 9.087 9.102 9.107 9.108 9.108 9.108 9.108 9.108 9.108 9.108 9.107 9.107 9.107 9.107 9.107 9.106 9.106 9.106 9.106 9.105 9.105 9.105 9.105 9.104 9.104 9.104 9.104 9.103 9.103 9.103 9.102 9.102 9.102 9.102 9.101 9.101 9.100 9.100 9.100 9.099 9.099 9.099 9.098 9.098 9.098 9.097 9.097 9.096 9.096 9.096 9.107 9.188 9.402 9.736 10.091 10.311 10.283 10.014 9.588 9.096 8.619 0.000
0.000 6.541 7.124 7.709 8.189 8.549 8.802 8.960 9.047 9.086 9.101 9.106 9.107 9.107 9.107 9.107 9.107 9.107 9.106 9.106 9.106 9.106 9.105 9.105 9.105 9.105 9.104 9.104 9.104 9.103 9.103 9.103 9.102 9.102 9.102 9.101 9.101 9.101 9.100 9.100 9.099 9.099 9.098 9.098 9.098 9.097 9.097 9.096 9.096 9.095 9.095 9.094 9.094 9.093 9.092 9.092 9.091 9.091 9.091 9.101 9.184 9.399 9.735 10.094 10.316 10.288 10.018 9.591 9.096 8.599 0.000
0.000 6.544 7.127 7.711 8.190 8.551 8.803 8.961 9.047 9.087 9.102 9.107 9.108 9.108 9.108 9.108 9.108 9.108 9.108 9.107 9.107 9.107 9.107 9.107 9.106 9.106 9.106 9.106 9.105 9.105 9.105 9.105 9.104 9.104 9.104 9.104 9.103 9.103 9.103 9.102 9.102 9.102 9.102 9.101 9.101 9.101 9.100 9.100 9.099 9.099 9.099 9.098 9.098 9.098 9.097 9.097 9.096 9.096 9.096 9.107 9.188 9.402 9.736 10.091 10.311 10.283 10.014 9.588 9.096 8.619 0.000
0.000 6.541 7.124 7.709 8.189 8.549 8.801 8.959 9.045 9.085 9.100 9.105 9.106 9.106 9.106 9.106 9.105 9.105 9.105 9.105 9.104 9.104 9.104 9.104 9.103 9.103 9.103 9.102 9.102 9.102 9.101 9.101 9.101 9.100 9.100 9.100 9.099 9.099 9.099 9.098 9.098 9.098 9.097 9.097 9.097 9.096 9.096 9.095 9.095 9.095 9.094 9.094 9.094 9.093 9.093 9.092 9.092 9.092 9.092 9.103 9.184 9.398 9.732 10.088 10.307 10.278 10.009 9.584 9.091 8.617 0.000
0.000 6.537 7.121 7.706 8.185 8.546 8.798 8.956 9.042 9.081 9.096 9.100 9.101 9.101 9.101 9.101 9.100 9.100 9.100 9.099 9.099 9.098 9.098 9.098 9.097 9.097 9.096 9.096 9.095 9.095 9.094 9.094 9.094 9.093 9.093 9.092 9.092 9.091 9.091 9.090 9.090 9.089 9.089 9.088 9.088 9.087 9.087 9.086 9.086 9.085 9.085 9.085 9.084 9.084 9.083 9.083 9.083 9.082 9.082 9.093 9.175 9.390 9.724 10.080 10.299 10.271 10.001 9.576 9.084 8.613 0.000
0.000 6.530 7.115 7.701 8.180 8.541 8.792 8.950 9.036 9.075 9.090 9.094 9.095 9.095 9.094 9.094 9.093 9.093 9.092 9.092 9.091 9.090 9.090 9.089 9.088 9.088 9.087 9.087 9.086 9.085 9.085 9.084 9.083 9.083 9.082 9.081 9.081 9.080 9.079 9.078 9.078 9.077 9.077 9.076 9.075 9.075 9.074 9.073 9.073 9.072 9.072 9.071 9.071 9.070 9.070 9.069 9.069 9.069 9.069 9.080 9.162 9.378 9.714 10.070 10.289 10.260 9.990 9.565 9.073 8.607 0.000
0.000 6.522 7.109 7.695 8.174 8.534 8.786 8.944 9.029 9.068 9.082 9.087 9.087 9.087 9.086 9.085 9.084 9.083 9.083 9.082 9.081 9.080 9.079 9.078 9.077 9.076 9.076 9.075 9.074 9.073 9.072 9.071 9.070 9.069 9.068 9.067 9.066 9.065 9.064 9.063 9.063 9.062 9.061 9.060 9.059 9.058 9.058 9.057 9.056 9.055 9.055 9.054 9.053 9.053 9.052 9.052 9.052 9.051 9.052 9.063 9.146 9.363 9.700 10.057 10.276 10.246 9.976 9.551 9.060 8.599 0.000
0.000 6.512 7.100 7.687 8.167 8.527 8.778 8.935 9.020 9.059 9.073 9.077 9.077 9.076 9.075 9.074 9.073 9.072 9.071 9.070 9.069 9.067 9.066 9.065 9.064 9.063 9.061 9.060 9.059 9.058 9.056 9.055 9.054 9.052 9.051 9.050 9.049 9.048 9.046 9.045 9.044 9.043 9.042 9.041 9.039 9.038 9.037 9.036 9.036 9.035 9.034 9.033 9.032 9.032 9.031 9.031 9.030 9.030 9.031 9.042 9.126 9.344 9.683 10.041 10.260 10.229 9.959 9.534 9.044 8.590 0.000
0.000 6.501 7.090 7.678 8.158 8.517 8.768 8.925 9.010 9.048 9.062 9.066 9.066 9.064 9.063 9.062 9.060 9.059 9.057 9.056 9.054 9.052 9.051 9.049 9.048 9.046 9.044 9.043 9.041 9.039 9.038 9.036 9.035 9.033 9.031 9.030 9.028 9.027 9.025 9.023 9.022 9.020 9.019 9.018 9.016 9.015 9.014 9.013 9.011 9.010 9.009 9.008 9.008 9.007 9.006 9.006 9.005 9.005 9.006 9.017 9.102 9.323 9.663 10.022 10.241 10.210 9.939 9.515 9.025 8.578 0.000
0.000 6.487 7.079 7.667 8.147 8.507 8.757 8.914 8.998 9.036 9.049 9.052 9.052 9.050 9.049 9.047 9.045 9.043 9.041 9.039 9.037 9.035 9.033 9.031 9.029 9.027 9.025 9.023 9.021 9.019 9.017 9.014 9.012 9.010 9.008 9.006 9.004 9.002 9.000 8.998 8.996 8.995 8.993 8.991 8.989 8.988 8.986 8.985 8.983 8.982 8.981 8.980 8.979 8.978 8.978 8.977 8.977 8.977 8.977 8.989 9.075 9.298 9.640 10.001 10.220 10.188 9.916 9.492 9.003 8.565 0.000
0.000 6.472 7.066 7.656 8.135 8.495 8.745 8.901 8.985 9.022 9.035 9.038 9.037 9.035 9.033 9.030 9.028 9.025 9.023 9.021 9.018 9.016 9.013 9.011 9.008 9.006 9.003 9.000 8.998 8.995 8.993 8.990 8.988 8.985 8.983 8.980 8.978 8.975 8.973 8.970 8.968 8.966 8.964 8.962 8.960 8.958 8.956 8.954 8.953 8.951 8.950 8.949 8.947 8.947 8.946 8.945 8.945 8.945 8.946 8.958 9.045 9.270 9.615 9.977 10.195 10.163 9.890 9.467 8.978 8.549 0.000
0.000 6.455 7.053 7.644 8.124 8.483 8.732 8.888 8.971 9.008 9.020 9.022 9.021 9.018 9.015 9.012 9.010 9.007 9.004 9.001 8.997 8.994 8.991 8.988 8.985 8.982 8.978 8.975 8.972 8.969 8.965 8.962 8.959 8.956 8.953 8.950 8.946 8.943 8.940 8.937 8.935 8.932 8.929 8.926 8.924 8.922 8.919 8.917 8.915 8.913 8.912 8.910 8.909 8.908 8.907 8.906 8.906 8.906 8.907 8.919 9.008 9.235 9.583 9.947 10.166 10.133 9.861 9.438 8.951 8.532 0.000
0.000 6.437 7.037 7.629 8.109 8.467 8.716 8.871 8.953 8.989 9.001 9.003 9.001 8.998 8.995 8.992 8.989 8.985 8.982 8.979 8.975 8.972 8.968 8.965 8.961 8.958 8.954 8.951 8.948 8.944 8.941 8.937 8.934 8.930 8.927 8.924 8.920 8.917 8.914 8.911 8.908 8.905 8.902 8.899 8.897 8.894 8.892 8.890 8.888 8.886 8.884 8.883 8.882 8.881 8.880 8.880 8.880 8.880 8.881 8.893 8.981 9.207 9.552 9.914 10.130 10.095 9.824 9.404 8.922 8.505 0.000
0.000 6.447 7.047 7.640 8.119 8.475 8.721 8.873 8.953 8.988 8.999 9.000 8.998 8.994 8.990 8.986 8.982 8.978 8.973 8.969 8.964 8.959 8.954 8.949 8.943 8.938 8.933 8.927 8.921 8.915 8.910 8.904 8.898 8.892 8.887 8.881 8.875 8.869 8.864 8.858 8.853 8.847 8.842 8.837 8.832 8.827 8.822 8.818 8.813 8.809 8.805 8.801 8.798 8.795 8.792 8.789 8.787 8.786 8.785 8.796 8.887 9.118 9.469 9.834 10.055 10.028 9.767 9.357 8.889 8.468 0.000
0.000 6.416 7.019 7.614 8.096 8.454 8.701 8.851 8.930 8.963 8.973 8.972 8.968 8.963 8.958 8.953 8.948 8.943 8.938 8.933 8.929 8.924 8.920 8.915 8.911 8.907 8.903 8.899 8.895 8.892 8.888 8.885 8.881 8.878 8.875 8.873 8.870 8.868 8.866 8.864 8.862 8.861 8.860 8.860 8.860 8.860 8.861 8.862 8.864 8.866 8.869 8.873 8.877 8.882 8.888 8.894 8.902 8.910 8.920 8.939 9.021 9.219 9.517 9.823 9.988 9.921 9.646 9.245 8.802 7.671 0.000
0.000 7.076 7.561 8.101 8.570 8.915 9.140 9.268 9.328 9.349 9.350 9.343 9.333 9.322 9.310 9.297 9.284 9.271 9.256 9.242 9.226 9.210 9.193 9.176 9.158 9.139 9.119 9.099 9.078 9.057 9.036 9.014 8.992 8.969 8.946 8.923 8.900 8.876 8.852 8.827 8.803 8.778 8.752 8.727 8.701 8.675 8.649 8.623 8.597 8.570 8.543 8.517 8.490 8.463 8.436 8.409 8.383 8.356 8.330 8.316 8.384 8.613 8.985 9.366 9.592 9.577 9.345 8.981 8.563 6.493 0.000
0.000 7.368 7.738 8.150 8.491 8.728 8.876 8.954 8.987 8.993 8.988 8.977 8.964 8.951 8.938 8.924 8.909 8.894 8.879 8.863 8.847 8.831 8.814 8.796 8.779 8.760 8.742 8.723 8.703 8.684 8.664 8.643 8.622 8.601 8.579 8.557 8.534 8.512 8.488 8.465 8.441 8.416 8.392 8.366 8.341 8.315 8.289 8.262 8.235 8.208 8.180 8.152 8.123 8.094 8.064 8.034 8.003 7.971 7.939 7.907 7.898 7.922 7.963 7.974 7.933 7.882 4.224 0.069 0.000 0.000 0.000
0.000 5.529 7.547 8.044 8.306 8.453 8.530 8.564 8.572 8.568 8.558 8.546 8.533 8.520 8.506 8.492 8.478 8.463 8.448 8.433 8.417 8.401 8.384 8.367 8.350 8.333 8.315 8.296 8.278 8.259 8.239 8.220 8.200 8.180 8.160 8.139 8.118 8.096 8.074 8.052 8.029 8.007 7.985 7.962 7.938 7.914 7.890 7.867 7.843 7.819 7.795 7.772 7.748 7.726 7.704 7.683 7.663 7.645 7.631 7.623 7.638 7.809 4.083 0.169 0.000 0.000 0.000 0.000 0.000 0.000 0.000
0.000 0.414 1.906 4.461 7.012 7.935 8.119 8.157 8.169 8.169 8.161 8.149 8.136 8.122 8.107 8.103 8.093 8.078 8.061 8.042 8.030 8.029 8.010 7.987 7.968 7.980 7.950 7.918 7.546 7.102 6.661 6.226 5.796 5.372 4.955 4.546 4.149 3.762 3.389 3.028 2.681 2.348 2.030 1.728 1.444 1.179 0.930 0.700 0.489 0.298 0.134 0.044 0.010 0.002 0.000 0.000 0.000 0.000 0.000 0.000 0.000 0.000 0.000 0.000 0.000 0.000 0.000 0.000 0.000 0.000 0.000
0.000 0.000 0.003 0.036 0.156 0.349 0.491 0.558 0.570 0.554 0.527 0.497 0.467 0.437 0.408 0.379 0.348 0.318 0.290 0.263 0.236 0.209 0.183 0.159 0.137 0.114 0.092 0.074 0.059 0.046 0.035 0.026 0.019 0.014 0.009 0.006 0.004 0.002 0.001 0.000 0.000 0.000 0.000 0.000 0.000 0.000 0.000 0.000 0.000 0.000 0.000 0.000 0.000 0.000 0.000 0.000 0.000 0.000 0.000 0.000 0.000 0.000 0.000 0.000 0.000 0.000 0.000 0.000 0.000 0.000 0.000
