Examples/2023_ISeeSnow/data/CoulombOnly/Results/curv77s/s/1HS_03_curv77s_MoT-Voellmy_s_0029.asc
ncols        137
nrows        17
xllcorner    1642.5
yllcorner    -4292.5
cellsize     5.00
NODATA_value -9999
18.406 19.501 19.898 20.117 20.293 20.458 20.629 20.813 21.009 21.218 21.440 21.683 21.948 22.230 22.526 22.836 23.165 23.508 23.856 24.205 24.554 24.901 25.243 25.584 25.931 26.293 26.675 27.073 27.524 28.130 28.967 29.916 30.623 30.874 31.663 34.884 38.677 37.397 29.164 19.390 12.677 8.307 2.961 0.089 0.000 0.000 0.000 0.000 0.000 0.000 0.000 0.000 0.000 0.000 0.000 0.000 0.000 0.000 0.000 0.000 0.000 0.000 0.000 0.000 0.000 0.000 0.000 0.000 0.000 0.000 0.000 0.000 0.000 0.000 0.000 0.000 0.000 0.000 0.000 0.000 0.000 0.000 0.000 0.000 0.000 0.000 0.000 0.000 0.000 0.000 0.000 0.000 0.000 0.000 0.000 0.000 0.000 0.000 0.000 0.000 0.000 0.000 0.000 0.000 0.000 0.000 0.000 0.000 0.000 0.000 0.000 0.000 0.000 0.000 0.000 0.000 0.000 0.000 0.000 0.000 0.000 0.000 0.000 0.000 0.000 0.000 0.000 0.000 0.000 0.000 0.000 0.000 0.000 0.000 0.000 0.000 0.000
19.679 21.870 22.870 23.411 23.777 24.068 24.328 24.580 24.847 25.136 25.455 25.803 26.194 26.634 27.122 27.657 28.250 28.904 29.600 30.359 31.161 32.001 32.872 33.754 34.629 35.467 36.242 36.923 37.475 37.894 38.185 38.352 38.397 38.323 38.201 38.215 38.442 38.697 38.597 37.825 36.708 37.375 42.214 46.244 43.457 33.273 22.084 14.556 9.287 2.541 0.034 0.004 0.345 1.605 5.621 16.091 27.189 35.060 39.754 42.874 45.375 48.447 53.917 56.929 58.612 59.590 60.202 60.619 60.920 61.148 61.327 61.471 61.590 61.690 61.774 61.840 61.887 61.911 61.904 61.856 61.753 61.610 61.479 61.450 61.652 54.503 9.129 0.005 0.000 0.000 0.000 0.000 0.000 0.000 0.000 0.000 0.000 0.000 0.000 0.000 0.000 0.000 0.000 0.000 0.000 0.000 0.000 0.000 0.000 0.000 0.000 0.000 0.000 0.000 0.000 0.000 0.000 0.000 0.000 0.000 0.000 0.000 0.000 0.000 0.000 0.000 0.000 0.000 0.000 0.000 0.000 0.000 0.000 0.000 0.000 0.000 0.000
20.577 23.540 25.149 26.141 26.857 27.432 27.935 28.421 28.926 29.483 30.128 30.910 31.894 33.199 34.970 37.524 41.733 50.551 54.288 55.362 56.139 56.787 57.330 57.780 58.144 58.428 58.641 58.786 58.871 58.899 58.878 58.814 58.709 58.566 58.391 58.196 58.000 57.806 57.599 57.337 56.997 56.698 56.692 54.890 53.209 51.488 49.180 46.602 45.684 48.146 51.715 54.099 51.052 41.322 32.497 37.721 53.902 58.563 60.195 60.894 61.249 61.459 61.598 61.700 61.780 61.847 61.906 61.962 62.016 62.070 62.125 62.181 62.240 62.301 62.366 62.433 62.503 62.577 62.653 62.731 62.812 62.894 62.976 63.059 63.140 63.219 63.304 63.385 63.459 63.526 63.584 63.633 63.670 63.696 63.715 63.735 63.764 63.820 63.948 64.239 64.881 64.278 23.313 0.180 0.000 0.000 0.000 0.000 0.000 0.000 0.000 0.000 0.000 0.000 0.000 0.000 0.000 0.000 0.000 0.000 0.000 0.000 0.000 0.000 0.000 0.000 0.000 0.000 0.000 0.000 0.000 0.000 0.000 0.000 0.000 0.000 0.000
21.158 24.602 26.679 28.102 29.218 30.177 31.091 32.061 33.206 34.802 37.386 42.970 52.885 55.789 57.377 58.591 59.566 60.280 60.728 61.048 61.298 61.499 61.658 61.782 61.878 61.949 61.999 62.032 62.050 62.056 62.052 62.038 62.017 61.989 61.954 61.915 61.873 61.829 61.784 61.737 61.686 61.635 61.597 61.559 61.497 61.400 61.260 61.079 60.915 60.860 60.931 61.143 61.362 61.489 61.569 61.632 61.682 61.724 61.763 61.801 61.840 61.881 61.925 61.972 62.021 62.072 62.126 62.182 62.240 62.300 62.362 62.426 62.492 62.560 62.629 62.700 62.773 62.847 62.923 62.999 63.076 63.152 63.228 63.302 63.376 63.447 63.517 63.584 63.650 63.717 63.785 63.855 63.926 63.996 64.063 64.126 64.185 64.238 64.284 64.322 64.347 64.354 64.372 64.404 64.432 64.459 64.494 64.554 64.669 64.917 65.440 66.417 26.685 0.261 0.000 0.000 0.000 0.000 0.000 0.000 0.000 0.000 0.000 0.000 0.000 0.000 0.000 0.000 0.000 0.000 0.000 0.000 0.000 0.000 0.000 0.000 0.000
21.569 25.318 27.746 29.557 31.125 32.684 34.540 37.431 44.631 54.210 57.227 59.029 60.158 60.862 61.346 61.696 61.951 62.134 62.266 62.363 62.433 62.483 62.517 62.538 62.548 62.550 62.546 62.537 62.523 62.506 62.487 62.466 62.443 62.418 62.392 62.365 62.337 62.307 62.276 62.243 62.207 62.168 62.126 62.079 62.014 61.928 61.847 61.783 61.737 61.707 61.693 61.697 61.717 61.750 61.794 61.846 61.905 61.968 62.035 62.105 62.175 62.247 62.318 62.388 62.458 62.528 62.596 62.664 62.732 62.799 62.866 62.934 63.002 63.071 63.141 63.212 63.285 63.360 63.438 63.517 63.600 63.685 63.774 63.865 63.959 64.056 64.155 64.255 64.355 64.456 64.554 64.649 64.738 64.822 64.897 64.966 65.027 65.082 65.132 65.176 65.215 65.248 65.275 65.296 65.309 65.314 65.312 65.302 65.281 65.250 65.205 65.138 65.086 65.069 65.072 65.114 65.237 65.530 66.155 32.121 0.450 0.000 0.000 0.000 0.000 0.000 0.000 0.000 0.000 0.000 0.000 0.000 0.000 0.000 0.000 0.000 0.000
21.947 25.963 28.754 31.085 33.554 37.144 47.295 55.497 58.487 60.050 60.955 61.526 61.901 62.154 62.326 62.442 62.518 62.565 62.590 62.598 62.593 62.579 62.557 62.530 62.498 62.462 62.424 62.385 62.343 62.301 62.258 62.215 62.171 62.127 62.083 62.039 61.996 61.952 61.906 61.860 61.819 61.783 61.755 61.738 61.739 61.759 61.796 61.849 61.914 61.990 62.073 62.158 62.243 62.327 62.407 62.485 62.559 62.630 62.697 62.762 62.825 62.885 62.943 63.001 63.059 63.118 63.179 63.242 63.308 63.379 63.453 63.531 63.613 63.699 63.787 63.877 63.968 64.059 64.151 64.242 64.333 64.423 64.512 64.599 64.686 64.770 64.851 64.929 65.002 65.068 65.126 65.174 65.214 65.243 65.263 65.279 65.296 65.316 65.339 65.365 65.394 65.424 65.453 65.479 65.501 65.517 65.528 65.533 65.530 65.520 65.504 65.481 65.453 65.419 65.380 65.336 65.286 65.225 65.142 65.094 65.150 65.287 65.560 66.066 28.836 0.294 0.000 0.000 0.000 0.000 0.000 0.000 0.000 0.000 0.000 0.000 0.000
22.438 26.838 30.255 33.887 40.424 53.523 58.036 59.988 61.027 61.640 62.021 62.265 62.419 62.513 62.565 62.586 62.584 62.565 62.533 62.491 62.443 62.389 62.333 62.275 62.217 62.159 62.104 62.051 62.002 61.956 61.915 61.880 61.851 61.831 61.818 61.813 61.816 61.831 61.859 61.900 61.952 62.015 62.089 62.172 62.260 62.348 62.434 62.517 62.596 62.672 62.746 62.816 62.883 62.948 63.012 63.075 63.136 63.198 63.260 63.322 63.386 63.450 63.516 63.583 63.651 63.720 63.789 63.858 63.926 63.994 64.060 64.125 64.189 64.252 64.314 64.377 64.440 64.505 64.572 64.643 64.716 64.794 64.874 64.959 65.046 65.136 65.229 65.323 65.419 65.516 65.614 65.713 65.814 65.917 66.021 66.126 66.229 66.327 66.418 66.499 66.571 66.631 66.681 66.718 66.745 66.760 66.764 66.758 66.740 66.711 66.671 66.618 66.554 66.480 66.397 66.307 66.211 66.110 66.006 65.899 65.792 65.682 65.569 65.446 65.351 65.312 65.317 65.407 65.667 60.163 9.568 0.004 0.000 0.000 0.000 0.000 0.000
23.296 28.569 33.938 45.875 56.003 59.146 60.643 61.457 61.936 62.226 62.401 62.500 62.546 62.555 62.537 62.500 62.449 62.389 62.324 62.257 62.190 62.126 62.066 62.012 61.966 61.928 61.899 61.880 61.871 61.873 61.887 61.911 61.944 61.986 62.037 62.095 62.160 62.231 62.304 62.380 62.458 62.537 62.616 62.692 62.764 62.833 62.899 62.962 63.024 63.085 63.147 63.209 63.271 63.333 63.394 63.455 63.514 63.571 63.627 63.681 63.733 63.784 63.834 63.882 63.931 63.981 64.032 64.087 64.146 64.210 64.279 64.356 64.440 64.530 64.628 64.732 64.840 64.952 65.067 65.183 65.299 65.412 65.524 65.631 65.735 65.834 65.928 66.017 66.100 66.179 66.252 66.319 66.382 66.438 66.487 66.529 66.565 66.596 66.624 66.651 66.675 66.696 66.714 66.727 66.733 66.733 66.724 66.707 66.679 66.641 66.592 66.532 66.460 66.378 66.287 66.186 66.079 65.966 65.849 65.730 65.610 65.490 65.372 65.255 65.142 65.031 64.916 64.790 64.630 64.409 64.364 41.073 1.501 0.000 0.000 0.000 0.000
32.359 52.212 57.090 59.293 60.539 61.298 61.778 62.085 62.279 62.395 62.457 62.480 62.475 62.450 62.413 62.368 62.320 62.271 62.225 62.183 62.148 62.119 62.099 62.087 62.083 62.089 62.102 62.123 62.151 62.183 62.219 62.258 62.301 62.346 62.395 62.445 62.498 62.552 62.607 62.662 62.715 62.767 62.819 62.874 62.932 62.993 63.058 63.123 63.189 63.253 63.315 63.375 63.432 63.488 63.542 63.595 63.649 63.702 63.757 63.814 63.872 63.932 63.995 64.060 64.127 64.195 64.265 64.336 64.406 64.476 64.543 64.609 64.672 64.732 64.790 64.845 64.900 64.955 65.010 65.068 65.130 65.196 65.267 65.344 65.428 65.519 65.616 65.719 65.827 65.940 66.057 66.176 66.296 66.415 66.533 66.647 66.757 66.861 66.957 67.045 67.123 67.192 67.251 67.298 67.335 67.361 67.375 67.379 67.373 67.356 67.328 67.290 67.241 67.182 67.112 67.032 66.940 66.839 66.727 66.605 66.474 66.335 66.187 66.033 65.872 65.706 65.535 65.360 65.183 65.003 64.820 64.645 64.499 64.357 64.194 63.958 62.131
23.295 28.568 33.934 45.856 56.000 59.145 60.642 61.456 61.935 62.226 62.401 62.500 62.546 62.555 62.537 62.500 62.449 62.389 62.324 62.257 62.190 62.126 62.066 62.013 61.966 61.929 61.900 61.880 61.871 61.874 61.887 61.911 61.944 61.986 62.037 62.095 62.160 62.231 62.305 62.380 62.458 62.537 62.616 62.692 62.765 62.834 62.899 62.962 63.024 63.086 63.147 63.209 63.271 63.333 63.395 63.455 63.514 63.572 63.628 63.682 63.734 63.784 63.834 63.883 63.931 63.981 64.033 64.087 64.146 64.210 64.280 64.356 64.440 64.531 64.628 64.732 64.840 64.953 65.067 65.183 65.299 65.412 65.524 65.631 65.735 65.834 65.928 66.016 66.100 66.178 66.251 66.319 66.381 66.438 66.487 66.529 66.565 66.596 66.624 66.651 66.675 66.696 66.714 66.726 66.733 66.733 66.724 66.706 66.679 66.641 66.592 66.532 66.460 66.378 66.286 66.186 66.078 65.965 65.848 65.729 65.609 65.490 65.371 65.255 65.142 65.031 64.916 64.789 64.629 64.408 64.361 41.254 1.534 0.001 0.000 0.000 0.000
22.438 26.837 30.254 33.885 40.417 53.517 58.034 59.987 61.027 61.640 62.021 62.265 62.419 62.513 62.565 62.586 62.584 62.565 62.533 62.492 62.443 62.390 62.333 62.275 62.217 62.159 62.104 62.051 62.002 61.956 61.915 61.880 61.852 61.831 61.818 61.813 61.816 61.831 61.859 61.900 61.952 62.015 62.089 62.172 62.260 62.348 62.433 62.516 62.596 62.672 62.745 62.815 62.883 62.948 63.012 63.074 63.136 63.198 63.260 63.322 63.386 63.450 63.516 63.583 63.651 63.720 63.789 63.858 63.926 63.994 64.060 64.125 64.189 64.252 64.314 64.377 64.440 64.505 64.573 64.643 64.716 64.794 64.875 64.959 65.046 65.137 65.229 65.323 65.419 65.516 65.614 65.713 65.814 65.917 66.021 66.126 66.229 66.327 66.417 66.499 66.570 66.631 66.680 66.718 66.744 66.760 66.764 66.758 66.740 66.711 66.670 66.618 66.554 66.480 66.397 66.307 66.211 66.110 66.006 65.899 65.791 65.682 65.569 65.446 65.351 65.312 65.317 65.407 65.667 60.182 9.585 0.004 0.000 0.000 0.000 0.000 0.000
21.947 25.963 28.753 31.084 33.553 37.141 47.284 55.495 58.486 60.050 60.955 61.526 61.901 62.154 62.326 62.442 62.518 62.565 62.590 62.598 62.593 62.579 62.557 62.530 62.498 62.462 62.424 62.384 62.343 62.301 62.258 62.215 62.171 62.127 62.083 62.039 61.996 61.952 61.905 61.860 61.818 61.783 61.755 61.738 61.738 61.758 61.796 61.848 61.914 61.989 62.072 62.158 62.243 62.326 62.407 62.484 62.558 62.629 62.697 62.762 62.824 62.884 62.943 63.001 63.059 63.118 63.178 63.241 63.308 63.378 63.452 63.531 63.613 63.698 63.786 63.876 63.967 64.059 64.150 64.242 64.332 64.422 64.511 64.599 64.685 64.769 64.851 64.929 65.001 65.067 65.125 65.174 65.213 65.242 65.262 65.279 65.296 65.315 65.338 65.365 65.394 65.424 65.452 65.478 65.500 65.517 65.527 65.533 65.530 65.520 65.503 65.481 65.452 65.419 65.380 65.336 65.285 65.225 65.142 65.094 65.150 65.286 65.558 66.064 28.911 0.297 0.000 0.000 0.000 0.000 0.000 0.000 0.000 0.000 0.000 0.000 0.000
21.569 25.318 27.746 29.557 31.125 32.684 34.540 37.431 44.630 54.209 57.227 59.030 60.159 60.863 61.346 61.696 61.951 62.134 62.266 62.363 62.433 62.483 62.517 62.538 62.548 62.550 62.546 62.537 62.523 62.506 62.487 62.465 62.442 62.418 62.392 62.365 62.337 62.307 62.276 62.243 62.207 62.168 62.126 62.078 62.013 61.927 61.846 61.782 61.736 61.706 61.692 61.696 61.716 61.749 61.793 61.845 61.904 61.968 62.035 62.104 62.175 62.246 62.317 62.388 62.458 62.527 62.596 62.664 62.731 62.798 62.866 62.933 63.001 63.070 63.140 63.212 63.285 63.360 63.437 63.517 63.599 63.685 63.773 63.864 63.959 64.055 64.154 64.254 64.354 64.455 64.553 64.648 64.737 64.821 64.897 64.965 65.026 65.081 65.131 65.175 65.214 65.248 65.275 65.295 65.308 65.314 65.311 65.302 65.280 65.249 65.204 65.138 65.086 65.069 65.072 65.113 65.236 65.529 66.152 32.198 0.454 0.000 0.000 0.000 0.000 0.000 0.000 0.000 0.000 0.000 0.000 0.000 0.000 0.000 0.000 0.000 0.000
21.158 24.602 26.679 28.102 29.218 30.178 31.091 32.062 33.206 34.803 37.388 42.978 52.889 55.791 57.380 58.593 59.568 60.282 60.729 61.049 61.299 61.500 61.659 61.783 61.879 61.950 62.000 62.033 62.051 62.057 62.052 62.039 62.018 61.989 61.955 61.916 61.873 61.829 61.785 61.738 61.687 61.636 61.597 61.560 61.498 61.401 61.261 61.081 60.916 60.860 60.930 61.141 61.361 61.488 61.568 61.631 61.681 61.723 61.761 61.799 61.839 61.880 61.924 61.971 62.020 62.071 62.125 62.181 62.239 62.299 62.361 62.425 62.491 62.558 62.628 62.699 62.772 62.846 62.922 62.998 63.075 63.151 63.227 63.301 63.375 63.446 63.516 63.583 63.649 63.716 63.784 63.854 63.925 63.995 64.062 64.125 64.184 64.237 64.283 64.321 64.347 64.353 64.371 64.403 64.431 64.458 64.494 64.553 64.668 64.915 65.439 66.417 26.796 0.265 0.000 0.000 0.000 0.000 0.000 0.000 0.000 0.000 0.000 0.000 0.000 0.000 0.000 0.000 0.000 0.000 0.000 0.000 0.000 0.000 0.000 0.000 0.000
20.577 23.541 25.149 26.141 26.857 27.432 27.935 28.421 28.927 29.484 30.130 30.912 31.896 33.203 34.976 37.532 41.752 50.603 54.295 55.368 56.144 56.793 57.336 57.786 58.150 58.435 58.647 58.793 58.878 58.906 58.886 58.821 58.716 58.573 58.398 58.203 58.006 57.813 57.605 57.344 57.005 56.703 56.694 54.920 53.250 51.532 49.214 46.631 45.685 48.122 51.687 54.093 51.096 41.388 32.532 37.705 53.896 58.560 60.194 60.893 61.248 61.458 61.597 61.699 61.779 61.846 61.906 61.961 62.015 62.069 62.124 62.180 62.239 62.300 62.364 62.432 62.502 62.576 62.652 62.730 62.811 62.892 62.975 63.058 63.139 63.218 63.303 63.384 63.458 63.525 63.583 63.632 63.669 63.695 63.714 63.734 63.763 63.819 63.946 64.237 64.876 64.330 23.482 0.186 0.000 0.000 0.000 0.000 0.000 0.000 0.000 0.000 0.000 0.000 0.000 0.000 0.000 0.000 0.000 0.000 0.000 0.000 0.000 0.000 0.000 0.000 0.000 0.000 0.000 0.000 0.000 0.000 0.000 0.000 0.000 0.000 0.000
19.679 21.870 22.870 23.411 23.777 24.068 24.329 24.580 24.848 25.137 25.456 25.804 26.195 26.636 27.124 27.661 28.253 28.907 29.605 30.365 31.168 32.008 32.881 33.765 34.641 35.481 36.258 36.940 37.494 37.914 38.205 38.371 38.417 38.342 38.217 38.226 38.450 38.705 38.610 37.845 36.724 37.351 42.156 46.232 43.537 33.406 22.190 14.621 9.349 2.603 0.036 0.004 0.342 1.596 5.596 16.067 27.181 35.061 39.757 42.876 45.375 48.448 53.920 56.931 58.614 59.591 60.203 60.619 60.920 61.148 61.326 61.470 61.590 61.690 61.773 61.839 61.887 61.910 61.904 61.855 61.753 61.611 61.479 61.449 61.655 54.720 9.340 0.006 0.000 0.000 0.000 0.000 0.000 0.000 0.000 0.000 0.000 0.000 0.000 0.000 0.000 0.000 0.000 0.000 0.000 0.000 0.000 0.000 0.000 0.000 0.000 0.000 0.000 0.000 0.000 0.000 0.000 0.000 0.000 0.000 0.000 0.000 0.000 0.000 0.000 0.000 0.000 0.000 0.000 0.000 0.000 0.000 0.000 0.000 0.000 0.000 0.000
18.407 19.501 19.898 20.117 20.294 20.458 20.630 20.814 21.010 21.219 21.441 21.684 21.949 22.232 22.527 22.839 23.168 23.511 23.858 24.208 24.557 24.905 25.247 25.587 25.934 26.296 26.677 27.074 27.523 28.127 28.961 29.909 30.621 30.876 31.646 34.839 38.653 37.458 29.283 19.489 12.736 8.357 3.022 0.095 0.000 0.000 0.000 0.000 0.000 0.000 0.000 0.000 0.000 0.000 0.000 0.000 0.000 0.000 0.000 0.000 0.000 0.000 0.000 0.000 0.000 0.000 0.000 0.000 0.000 0.000 0.000 0.000 0.000 0.000 0.000 0.000 0.000 0.000 0.000 0.000 0.000 0.000 0.000 0.000 0.000 0.000 0.000 0.000 0.000 0.000 0.000 0.000 0.000 0.000 0.000 0.000 0.000 0.000 0.000 0.000 0.000 0.000 0.000 0.000 0.000 0.000 0.000 0.000 0.000 0.000 0.000 0.000 0.000 0.000 0.000 0.000 0.000 0.000 0.000 0.000 0.000 0.000 0.000 0.000 0.000 0.000 0.000 0.000 0.000 0.000 0.000 0.000 0.000 0.000 0.000 0.000 0.000
