Examples/2023_ISeeSnow/data/CoulombOnly/Results/curv77s/s/1HS_03_curv77s_MoT-Voellmy_s_0059.asc
ncols        118
nrows        61
xllcorner    3622.5
yllcorner    -4402.5
cellsize     5.00
NODATA_value -9999
[rows 0 to 31 of 61, columns 0 to 71 of 118]
0.000 0.000 0.000 0.000 0.000 0.000 0.000 0.000 0.000 0.000 0.000 0.000 0.000 0.000 0.000 0.000 0.000 0.000 0.000 0.000 0.000 0.000 0.000 0.000 0.000 0.000 0.000 0.000 0.000 0.000 0.000 0.000 0.000 0.001 0.004 0.010 0.015 0.043 0.105 0.219 0.411 0.708 1.140 1.735 2.507 3.456 4.570 5.828 7.206 8.676 10.208 11.714 13.102 14.319 15.350 16.178 16.781 17.129 17.193 16.948 16.375 15.473 14.266 12.806 11.170 9.444 7.707 6.020 4.424 2.944 1.592 0.581
0.000 0.000 0.000 0.000 0.000 0.000 0.000 0.000 0.000 0.000 0.000 0.000 0.000 0.000 0.000 0.000 0.000 0.000 0.000 0.000 0.000 0.000 0.000 0.000 0.000 0.002 0.006 0.010 0.011 0.026 0.100 0.248 0.510 0.929 1.549 2.408 3.529 4.909 6.526 8.342 10.307 12.371 14.491 16.633 18.764 20.807 22.731 24.536 26.228 27.818 29.316 29.969 30.543 30.920 31.169 31.343 31.457 31.519 31.540 31.526 31.486 31.425 31.345 31.250 31.143 31.025 30.899 30.766 30.633 30.480 30.362 24.283
0.000 0.000 0.000 0.000 0.000 0.000 0.000 0.000 0.000 0.000 0.000 0.000 0.000 0.000 0.000 0.000 0.000 0.002 0.007 0.010 0.010 0.010 0.016 0.138 0.374 0.772 1.376 2.217 3.302 4.615 6.116 7.754 9.477 11.235 12.987 14.708 16.380 18.028 19.667 21.294 22.834 24.265 25.593 26.830 28.515 29.766 30.684 31.353 31.838 32.189 32.439 32.612 32.725 32.789 32.813 32.804 32.767 32.708 32.630 32.536 32.430 32.313 32.187 32.055 31.916 31.773 31.627 31.479 31.329 31.178 31.028 30.877
0.000 0.000 0.000 0.000 0.000 0.000 0.000 0.000 0.000 0.001 0.006 0.009 0.009 0.010 0.006 0.009 0.158 0.498 1.044 1.822 2.832 4.044 5.412 6.882 8.402 9.923 11.400 12.794 14.076 15.230 16.279 17.262 18.215 19.145 20.040 20.910 21.812 22.862 24.354 27.037 29.057 30.486 31.495 32.224 32.758 33.150 33.434 33.634 33.768 33.848 33.885 33.886 33.857 33.803 33.728 33.636 33.529 33.409 33.278 33.139 32.993 32.841 32.685 32.525 32.362 32.198 32.033 31.868 31.703 31.538 31.375 31.214
0.000 0.001 0.005 0.009 0.008 0.008 0.010 0.009 0.010 0.202 0.690 1.417 2.374 3.527 4.827 6.219 7.652 9.076 10.449 11.733 12.893 13.904 14.754 15.458 16.047 16.548 16.976 17.331 17.611 17.832 18.076 18.497 19.264 20.564 22.385 24.763 28.259 30.433 31.799 32.728 33.389 33.869 34.221 34.475 34.653 34.771 34.839 34.867 34.860 34.825 34.765 34.684 34.584 34.469 34.341 34.201 34.051 33.893 33.729 33.558 33.383 33.205 33.024 32.841 32.658 32.475 32.292 32.110 31.929 31.751 31.575 31.401
0.009 0.006 0.355 1.044 1.969 3.093 4.364 5.728 7.134 8.533 9.883 11.145 12.287 13.280 14.103 14.752 15.244 15.607 15.870 16.046 16.140 16.145 16.067 15.946 15.862 15.913 16.167 16.660 17.412 18.442 19.818 21.686 24.055 28.188 30.917 32.548 33.576 34.271 34.763 35.118 35.375 35.555 35.676 35.749 35.781 35.779 35.747 35.691 35.612 35.515 35.401 35.271 35.129 34.976 34.812 34.639 34.459 34.273 34.082 33.886 33.688 33.486 33.284 33.081 32.878 32.676 32.476 32.277 32.081 31.887 31.697 31.510
6.762 8.197 9.563 10.845 12.010 13.030 13.879 14.545 15.032 15.361 15.561 15.658 15.668 15.597 15.442 15.210 14.932 14.665 14.476 14.419 14.514 14.761 15.142 15.645 16.262 17.005 17.904 19.021 20.478 22.479 25.138 29.849 32.514 33.968 34.854 35.443 35.854 36.146 36.353 36.495 36.586 36.634 36.647 36.629 36.585 36.519 36.431 36.326 36.205 36.068 35.919 35.757 35.585 35.403 35.213 35.015 34.811 34.601 34.387 34.169 33.948 33.726 33.503 33.280 33.057 32.837 32.618 32.402 32.189 31.980 31.775 31.574
14.947 15.493 15.689 15.746 15.702 15.573 15.365 15.081 14.731 14.344 13.969 13.662 13.464 13.396 13.455 13.625 13.888 14.222 14.614 15.058 15.552 16.102 16.723 17.438 18.288 19.345 20.733 22.709 25.453 30.673 33.500 34.967 35.828 36.386 36.767 37.033 37.219 37.343 37.420 37.458 37.463 37.440 37.393 37.323 37.235 37.128 37.006 36.869 36.718 36.554 36.379 36.194 35.998 35.793 35.581 35.361 35.135 34.903 34.668 34.428 34.187 33.944 33.700 33.456 33.214 32.974 32.736 32.502 32.272 32.045 31.824 31.608
14.463 14.389 13.945 13.495 13.111 12.831 12.671 12.629 12.692 12.839 13.052 13.315 13.615 13.945 14.300 14.679 15.083 15.516 15.983 16.494 17.064 17.716 18.486 19.439 20.685 22.481 25.071 30.703 33.978 35.647 36.581 37.163 37.551 37.818 38.001 38.124 38.200 38.237 38.243 38.222 38.177 38.111 38.026 37.923 37.805 37.671 37.524 37.364 37.191 37.007 36.811 36.606 36.390 36.166 35.933 35.694 35.447 35.195 34.939 34.679 34.416 34.152 33.887 33.623 33.360 33.099 32.842 32.588 32.339 32.095 31.856 31.623
11.555 11.992 12.111 12.258 12.448 12.672 12.921 13.190 13.476 13.775 14.087 14.413 14.753 15.109 15.485 15.885 16.314 16.780 17.297 17.882 18.566 19.400 20.475 21.974 24.239 28.116 33.792 36.005 37.129 37.797 38.227 38.518 38.716 38.849 38.933 38.978 38.991 38.977 38.939 38.880 38.803 38.708 38.598 38.472 38.333 38.180 38.014 37.835 37.645 37.443 37.230 37.007 36.774 36.531 36.280 36.022 35.756 35.484 35.207 34.926 34.643 34.357 34.071 33.786 33.502 33.220 32.942 32.668 32.399 32.135 31.878 31.627
11.823 12.583 12.878 13.134 13.393 13.659 13.934 14.218 14.512 14.816 15.132 15.462 15.809 16.176 16.568 16.992 17.458 17.982 18.584 19.302 20.206 21.417 23.229 26.087 32.580 35.881 37.435 38.280 38.798 39.138 39.367 39.523 39.624 39.683 39.708 39.706 39.679 39.631 39.565 39.481 39.381 39.266 39.136 38.993 38.837 38.668 38.487 38.293 38.088 37.871 37.642 37.403 37.153 36.894 36.625 36.348 36.064 35.773 35.476 35.175 34.870 34.564 34.256 33.949 33.644 33.341 33.041 32.746 32.457 32.173 31.896 31.626
12.589 13.487 13.814 14.076 14.336 14.601 14.874 15.156 15.449 15.755 16.075 16.413 16.772 17.159 17.580 18.047 18.576 19.195 19.948 20.920 22.280 24.425 28.233 34.819 37.366 38.561 39.242 39.669 39.953 40.144 40.271 40.352 40.395 40.408 40.396 40.361 40.308 40.236 40.149 40.046 39.929 39.798 39.654 39.497 39.327 39.145 38.950 38.743 38.523 38.292 38.049 37.795 37.529 37.254 36.968 36.674 36.371 36.061 35.745 35.424 35.100 34.772 34.444 34.116 33.789 33.464 33.143 32.827 32.517 32.212 31.915 31.626
13.280 14.307 14.664 14.931 15.189 15.453 15.726 16.009 16.305 16.617 16.947 17.300 17.682 18.099 18.567 19.102 19.734 20.516 21.552 23.054 25.508 30.973 36.570 38.511 39.508 40.089 40.460 40.707 40.873 40.982 41.049 41.081 41.087 41.068 41.030 40.973 40.899 40.810 40.706 40.589 40.458 40.314 40.157 39.987 39.805 39.610 39.403 39.183 38.951 38.706 38.450 38.181 37.901 37.610 37.308 36.997 36.677 36.349 36.014 35.674 35.330 34.983 34.634 34.285 33.937 33.591 33.250 32.913 32.581 32.257 31.939 31.630
13.893 15.048 15.441 15.717 15.976 16.241 16.516 16.804 17.108 17.431 17.777 18.153 18.569 19.036 19.574 20.215 21.018 22.100 23.726 26.501 33.960 37.765 39.466 40.343 40.863 41.197 41.420 41.569 41.667 41.725 41.751 41.751 41.729 41.688 41.629 41.555 41.465 41.361 41.244 41.114 40.971 40.815 40.646 40.465 40.271 40.065 39.846 39.614 39.369 39.112 38.842 38.560 38.265 37.959 37.642 37.315 36.978 36.633 36.280 35.922 35.559 35.192 34.824 34.455 34.087 33.722 33.360 33.003 32.652 32.308 31.971 31.642
14.448 15.730 16.167 16.456 16.720 16.988 17.267 17.563 17.880 18.221 18.592 19.003 19.466 20.003 20.648 21.465 22.582 24.296 27.342 35.171 38.751 40.298 41.104 41.586 41.897 42.105 42.245 42.334 42.387 42.409 42.406 42.382 42.339 42.280 42.204 42.115 42.012 41.895 41.766 41.623 41.469 41.302 41.122 40.930 40.725 40.507 40.276 40.033 39.776 39.506 39.223 38.928 38.619 38.299 37.967 37.624 37.272 36.910 36.540 36.164 35.783 35.399 35.012 34.625 34.239 33.855 33.474 33.099 32.729 32.366 32.011 31.663
14.964 16.375 16.862 17.170 17.443 17.718 18.006 18.313 18.644 19.008 19.414 19.873 20.405 21.047 21.862 22.996 24.767 28.039 36.108 39.567 41.043 41.814 42.276 42.575 42.774 42.906 42.991 43.040 43.059 43.055 43.029 42.985 42.925 42.850 42.760 42.657 42.541 42.412 42.271 42.118 41.952 41.774 41.583 41.380 41.164 40.935 40.693 40.437 40.169 39.887 39.591 39.283 38.961 38.627 38.281 37.923 37.555 37.177 36.791 36.399 36.001 35.599 35.195 34.791 34.388 33.987 33.590 33.197 32.811 32.432 32.060 31.696
15.450 16.993 17.541 17.875 18.160 18.444 18.745 19.069 19.422 19.815 20.264 20.786 21.418 22.230 23.352 25.113 28.472 36.802 40.271 41.731 42.491 42.945 43.238 43.433 43.562 43.644 43.690 43.708 43.701 43.674 43.629 43.568 43.492 43.402 43.299 43.183 43.055 42.914 42.761 42.596 42.419 42.230 42.028 41.814 41.587 41.347 41.093 40.827 40.546 40.252 39.944 39.623 39.288 38.940 38.579 38.207 37.824 37.431 37.030 36.621 36.208 35.790 35.371 34.951 34.533 34.117 33.705 33.298 32.898 32.504 32.118 31.740
15.921 17.603 18.218 18.584 18.886 19.184 19.499 19.841 20.223 20.654 21.162 21.777 22.563 23.656 25.364 28.667 37.252 40.868 42.372 43.144 43.602 43.895 44.089 44.217 44.297 44.342 44.357 44.349 44.321 44.274 44.212 44.134 44.043 43.939 43.822 43.693 43.553 43.400 43.236 43.059 42.871 42.671 42.458 42.232 41.994 41.743 41.478 41.199 40.907 40.601 40.281 39.946 39.598 39.236 38.862 38.475 38.077 37.669 37.253 36.829 36.401 35.969 35.535 35.102 34.670 34.241 33.818 33.399 32.988 32.583 32.186 31.796
16.377 18.202 18.897 19.304 19.629 19.943 20.275 20.639 21.055 21.538 22.127 22.876 23.914 25.531 28.619 37.444 41.355 42.968 43.778 44.251 44.551 44.748 44.877 44.957 45.000 45.014 45.003 44.972 44.924 44.858 44.779 44.685 44.579 44.461 44.330 44.188 44.035 43.870 43.694 43.506 43.306 43.095 42.871 42.634 42.385 42.122 41.846 41.556 41.252 40.933 40.600 40.252 39.890 39.514 39.125 38.724 38.311 37.888 37.457 37.019 36.577 36.132 35.686 35.240 34.798 34.359 33.926 33.499 33.079 32.667 32.262 31.865
16.813 18.786 19.570 20.029 20.385 20.721 21.074 21.468 21.921 22.472 23.174 24.124 25.601 28.371 37.295 41.685 43.503 44.389 44.894 45.209 45.413 45.545 45.626 45.668 45.680 45.667 45.633 45.581 45.512 45.428 45.331 45.222 45.100 44.967 44.823 44.668 44.502 44.325 44.137 43.937 43.727 43.504 43.269 43.022 42.761 42.487 42.199 41.897 41.580 41.249 40.902 40.540 40.164 39.773 39.369 38.952 38.524 38.087 37.641 37.190 36.734 36.277 35.820 35.366 34.915 34.469 34.030 33.597 33.173 32.756 32.347 31.946
17.227 19.341 20.219 20.742 21.136 21.500 21.881 22.309 22.811 23.444 24.303 25.584 27.877 33.969 41.762 43.928 44.954 45.518 45.862 46.081 46.221 46.305 46.348 46.358 46.342 46.304 46.247 46.173 46.085 45.982 45.868 45.741 45.604 45.456 45.298 45.130 44.952 44.764 44.565 44.355 44.134 43.901 43.656 43.398 43.127 42.841 42.541 42.227 41.897 41.551 41.189 40.812 40.420 40.013 39.592 39.159 38.715 38.262 37.803 37.338 36.871 36.404 35.938 35.477 35.020 34.570 34.127 33.693 33.267 32.850 32.440 32.039
17.604 19.850 20.825 21.416 21.858 22.256 22.663 23.124 23.688 24.424 25.481 27.251 31.278 40.786 44.082 45.404 46.087 46.488 46.737 46.893 46.986 47.033 47.043 47.025 46.983 46.920 46.840 46.745 46.636 46.515 46.382 46.240 46.087 45.926 45.755 45.576 45.387 45.189 44.982 44.763 44.534 44.292 44.038 43.771 43.489 43.192 42.879 42.550 42.205 41.843 41.464 41.069 40.658 40.233 39.794 39.344 38.883 38.415 37.942 37.465 36.988 36.513 36.041 35.575 35.116 34.665 34.222 33.789 33.364 32.949 32.542 32.143
17.953 20.317 21.380 22.036 22.526 22.962 23.402 23.896 24.502 25.320 26.573 28.945 36.539 43.459 45.522 46.486 47.013 47.329 47.523 47.638 47.697 47.714 47.697 47.653 47.586 47.500 47.397 47.281 47.152 47.013 46.865 46.708 46.543 46.371 46.192 46.006 45.812 45.610 45.398 45.177 44.944 44.698 44.438 44.164 43.873 43.564 43.237 42.891 42.526 42.141 41.738 41.317 40.880 40.428 39.963 39.488 39.005 38.518 38.029 37.541 37.056 36.577 36.104 35.640 35.186 34.741 34.306 33.880 33.465 33.058 32.658 32.266
18.269 20.749 21.901 22.622 23.155 23.617 24.075 24.577 25.182 25.998 27.279 29.816 39.326 44.467 46.343 47.225 47.712 48.001 48.174 48.268 48.307 48.302 48.264 48.198 48.110 48.003 47.881 47.748 47.604 47.453 47.295 47.132 46.964 46.792 46.615 46.432 46.242 46.044 45.836 45.615 45.381 45.131 44.864 44.579 44.276 43.954 43.613 43.251 42.871 42.472 42.055 41.622 41.173 40.710 40.235 39.750 39.257 38.760 38.260 37.761 37.264 36.772 36.287 35.811 35.345 34.888 34.442 34.007 33.582 33.166 32.758 32.358
18.550 21.160 22.411 23.205 23.787 24.269 24.703 25.153 25.670 26.330 27.307 29.116 33.967 43.353 46.180 47.351 47.965 48.317 48.522 48.632 48.674 48.667 48.621 48.545 48.447 48.332 48.206 48.072 47.934 47.794 47.655 47.516 47.379 47.243 47.107 46.969 46.827 46.677 46.515 46.336 46.134 45.900 45.624 45.300 44.924 44.503 44.046 43.566 43.065 42.545 42.010 41.463 40.910 40.356 39.807 39.269 38.747 38.245 37.767 37.314 36.887 36.484 36.105 35.747 35.408 35.083 34.768 34.461 34.157 33.851 33.539 33.217
18.630 21.314 22.613 23.432 24.012 24.466 24.850 25.210 25.575 25.996 26.541 27.328 28.721 31.874 41.525 45.280 46.780 47.550 47.977 48.212 48.329 48.369 48.358 48.315 48.255 48.190 48.132 48.087 48.052 48.016 47.976 47.934 47.891 47.849 47.808 47.770 47.735 47.703 47.674 47.648 47.607 47.441 46.946 46.054 44.879 43.646 42.592 41.901 41.489 41.183 40.872 40.529 40.160 39.779 39.394 39.011 38.637 38.275 37.929 37.602 37.296 37.014 36.754 36.518 36.304 36.110 35.930 35.759 35.590 35.418 35.235 35.039
18.172 20.437 21.384 21.909 22.252 22.519 22.756 22.992 23.243 23.521 23.844 24.221 24.686 25.306 26.191 27.662 31.081 40.159 43.393 44.613 45.174 45.439 45.541 45.539 45.465 45.340 45.181 44.996 44.793 44.572 44.334 44.076 43.803 43.519 43.229 42.936 42.644 42.356 42.074 41.800 41.536 41.283 41.040 40.808 40.587 40.374 40.166 39.965 39.770 39.582 39.403 39.230 39.064 38.902 38.744 38.587 38.431 38.275 38.118 37.960 37.800 37.636 37.469 37.298 37.121 36.938 36.749 36.553 36.349 36.139 35.921 35.697
18.604 19.844 20.489 21.147 21.983 23.057 24.364 25.832 27.328 28.673 29.680 30.209 30.222 29.803 29.137 28.429 27.841 27.451 27.259 27.218 27.263 27.333 27.376 27.352 27.229 26.977 26.585 26.109 26.167 28.710 36.799 40.293 41.631 42.201 42.455 42.558 42.585 42.577 42.559 42.553 42.579 42.636 42.701 42.826 45.627 47.543 45.476 42.413 39.630 36.863 34.858 34.997 36.779 37.647 38.022 38.162 38.183 38.140 38.056 37.945 37.820 37.692 37.560 37.422 37.267 37.088 36.882 36.648 36.387 36.105 35.806 35.494
25.341 40.825 45.354 47.024 47.856 48.364 48.706 48.946 49.113 49.225 49.291 49.318 49.311 49.274 49.210 49.122 49.012 48.882 48.733 48.568 48.385 48.186 47.972 47.742 47.496 47.235 46.960 46.670 46.369 46.057 45.735 45.407 45.074 44.739 44.404 44.072 43.745 43.425 43.115 42.817 42.530 42.257 41.997 41.751 41.518 41.296 41.085 40.883 40.689 40.500 40.317 40.136 39.959 39.784 39.609 39.433 39.255 39.073 38.885 38.688 38.482 38.265 38.036 37.794 37.540 37.273 36.994 36.703 36.403 36.094 35.778 35.457
23.093 21.281 19.439 18.080 17.236 16.801 16.640 16.640 16.717 16.819 16.913 16.981 17.014 17.009 16.965 16.885 16.776 16.651 16.532 16.443 16.403 16.427 16.522 16.689 16.931 17.261 17.708 18.341 19.312 21.015 23.711 27.334 33.953 38.895 40.782 41.630 42.005 42.143 42.153 42.089 41.981 41.847 41.697 41.548 41.441 41.500 42.124 44.923 46.171 43.614 40.302 36.983 33.691 30.600 28.098 26.541 26.252 28.261 35.594 37.306 37.538 37.477 37.341 37.173 36.984 36.779 36.557 36.320 36.068 35.803 35.523 35.231
31.811 49.426 52.611 53.680 54.192 54.449 54.560 54.574 54.513 54.393 54.222 54.008 53.756 53.471 53.158 52.822 52.465 52.093 51.709 51.317 50.919 50.518 50.118 49.719 49.324 48.935 48.552 48.175 47.806 47.445 47.091 46.745 46.405 46.072 45.745 45.424 45.107 44.795 44.487 44.183 43.881 43.583 43.286 42.992 42.700 42.409 42.119 41.830 41.542 41.255 40.968 40.681 40.394 40.107 39.820 39.532 39.244 38.955 38.666 38.377 38.087 37.798 37.509 37.221 36.933 36.648 36.364 36.083 35.804 35.528 35.256 34.987
23.099 21.295 19.453 18.091 17.246 16.810 16.648 16.648 16.725 16.828 16.921 16.989 17.023 17.017 16.973 16.892 16.783 16.661 16.545 16.459 16.423 16.450 16.545 16.712 16.953 17.280 17.724 18.355 19.326 21.036 23.738 27.367 34.057 38.916 40.793 41.637 42.010 42.148 42.158 42.095 41.988 41.856 41.709 41.567 41.477 41.577 42.300 45.318 46.537 43.859 40.486 37.096 33.762 30.680 28.272 26.826 26.590 28.673 35.733 37.313 37.529 37.472 37.339 37.174 36.987 36.783 36.562 36.326 36.075 35.809 35.530 35.237
