Examples/2023_ISeeSnow/data/CoulombOnly/Results/curv77s/s/1HS_03_curv77s_MoT-Voellmy_s_0026.asc
ncols        126
nrows        25
xllcorner    1522.5
yllcorner    -4312.5
cellsize     5.00
NODATA_value -9999
[rows 0 to 24 of 25, columns 0 to 72 of 126]
18.151 19.001 19.417 19.677 19.886 20.080 20.277 20.491 20.725 20.979 21.266 21.585 21.935 22.316 22.741 23.203 23.702 24.230 24.788 25.367 25.957 26.547 27.126 27.684 28.203 28.672 29.104 29.576 30.178 30.891 31.478 31.665 31.917 34.226 38.079 38.012 30.742 20.979 13.701 7.478 0.988 0.002 0.000 0.000 0.000 0.000 0.000 0.000 0.000 0.000 0.000 0.000 0.000 0.000 0.000 0.000 0.000 0.000 0.000 0.000 0.000 0.000 0.000 0.000 0.000 0.000 0.000 0.000 0.000 0.000 0.000 0.000 0.000
19.981 21.568 22.481 23.075 23.524 23.915 24.291 24.680 25.105 25.588 26.171 26.875 27.724 28.794 30.141 31.867 34.158 37.356 42.257 48.764 49.721 50.180 50.535 50.803 50.993 51.109 51.158 51.154 51.115 51.055 50.968 50.828 49.129 47.500 45.905 44.925 43.956 42.510 41.483 43.680 46.715 42.173 30.601 19.836 12.032 3.012 0.030 0.000 0.000 0.000 0.000 0.000 0.000 0.000 0.000 0.000 0.000 0.000 0.000 0.000 0.000 0.000 0.000 0.000 0.000 0.000 0.000 0.000 0.000 0.000 0.000 0.000 0.000
21.019 23.112 24.467 25.440 26.235 26.954 27.687 28.508 29.519 30.934 33.141 37.316 46.832 49.770 51.163 52.193 53.043 53.744 54.288 54.632 54.860 55.036 55.176 55.284 55.365 55.422 55.457 55.473 55.472 55.458 55.431 55.389 55.327 55.182 54.992 54.780 54.530 54.207 53.843 53.687 53.757 53.243 51.489 49.503 49.902 52.934 49.755 37.626 24.639 15.271 4.638 0.078 0.000 0.000 0.000 0.000 0.000 0.000 0.000 0.000 0.000 0.000 0.000 0.000 0.000 0.000 0.000 0.000 0.000 0.000 0.000 0.000 0.000
21.636 24.056 25.766 27.122 28.357 29.661 31.308 33.946 40.346 48.906 51.449 52.984 54.003 54.628 55.057 55.377 55.622 55.809 55.950 56.059 56.146 56.217 56.275 56.323 56.362 56.395 56.422 56.444 56.461 56.475 56.485 56.492 56.494 56.492 56.483 56.467 56.443 56.407 56.356 56.308 56.279 56.248 56.104 55.851 55.688 55.759 55.647 54.661 53.369 53.893 57.237 55.034 42.819 28.422 17.977 6.448 0.175 0.000 0.000 0.000 0.000 0.000 0.000 0.000 0.000 0.000 0.000 0.000 0.000 0.000 0.000 0.000 0.000
22.129 24.821 26.903 28.793 30.938 34.319 44.485 50.381 52.811 54.092 54.839 55.320 55.645 55.870 56.032 56.152 56.242 56.310 56.363 56.405 56.439 56.467 56.491 56.513 56.533 56.553 56.571 56.589 56.608 56.626 56.645 56.664 56.683 56.701 56.720 56.738 56.756 56.773 56.787 56.800 56.813 56.826 56.831 56.821 56.806 56.804 56.800 56.727 56.576 56.501 56.650 56.668 55.867 53.894 54.946 59.017 59.256 49.194 34.105 22.312 11.331 1.007 0.000 0.000 0.000 0.000 0.000 0.000 0.000 0.000 0.000 0.000 0.000
22.681 25.743 28.426 31.583 37.707 49.038 52.591 54.138 54.971 55.465 55.778 55.986 56.126 56.223 56.290 56.337 56.370 56.393 56.410 56.423 56.434 56.443 56.452 56.462 56.472 56.483 56.496 56.510 56.526 56.543 56.561 56.580 56.601 56.622 56.644 56.667 56.691 56.714 56.738 56.761 56.785 56.808 56.831 56.851 56.870 56.888 56.905 56.916 56.917 56.914 56.925 56.938 56.896 56.736 56.652 56.815 56.990 56.597 55.147 52.941 56.883 61.417 58.965 46.985 32.704 21.948 9.967 0.540 0.000 0.000 0.000 0.000 0.000
23.422 27.062 31.037 39.139 50.147 53.229 54.563 55.267 55.677 55.929 56.090 56.193 56.259 56.300 56.325 56.338 56.344 56.346 56.346 56.344 56.343 56.343 56.345 56.348 56.353 56.361 56.370 56.382 56.395 56.410 56.426 56.443 56.462 56.481 56.501 56.521 56.542 56.563 56.583 56.603 56.623 56.643 56.661 56.679 56.696 56.712 56.727 56.741 56.753 56.763 56.772 56.781 56.785 56.779 56.770 56.770 56.779 56.764 56.674 56.500 56.498 56.684 56.784 56.382 55.226 53.545 52.855 59.279 63.338 59.230 47.235 34.507 24.362
24.347 28.952 36.213 49.288 53.076 54.555 55.295 55.710 55.956 56.107 56.198 56.251 56.280 56.292 56.294 56.289 56.281 56.271 56.261 56.252 56.244 56.239 56.237 56.237 56.240 56.245 56.252 56.262 56.274 56.287 56.301 56.317 56.333 56.350 56.366 56.383 56.399 56.414 56.429 56.443 56.455 56.466 56.475 56.482 56.488 56.492 56.494 56.493 56.491 56.486 56.479 56.470 56.459 56.445 56.428 56.409 56.389 56.367 56.341 56.309 56.277 56.251 56.226 56.187 56.107 56.000 55.925 55.938 55.989 56.025 56.026 56.008 56.004
25.432 31.523 46.440 52.086 54.179 55.129 55.632 55.919 56.088 56.187 56.241 56.267 56.274 56.269 56.257 56.241 56.224 56.206 56.190 56.176 56.164 56.156 56.151 56.149 56.150 56.155 56.161 56.171 56.182 56.195 56.209 56.224 56.239 56.255 56.270 56.285 56.299 56.312 56.324 56.334 56.342 56.348 56.351 56.352 56.351 56.347 56.339 56.330 56.317 56.301 56.283 56.263 56.240 56.216 56.190 56.164 56.137 56.112 56.087 56.064 56.044 56.028 56.018 56.017 56.026 56.044 56.071 56.106 56.147 56.195 56.249 56.311 56.380
26.536 34.793 49.283 53.248 54.720 55.433 55.820 56.042 56.168 56.237 56.270 56.278 56.272 56.256 56.234 56.210 56.185 56.162 56.141 56.123 56.108 56.098 56.091 56.088 56.089 56.094 56.101 56.112 56.125 56.141 56.158 56.176 56.196 56.215 56.235 56.254 56.273 56.291 56.307 56.322 56.335 56.346 56.355 56.362 56.366 56.369 56.369 56.368 56.365 56.360 56.355 56.350 56.345 56.341 56.338 56.338 56.340 56.346 56.356 56.371 56.393 56.422 56.457 56.496 56.539 56.585 56.637 56.694 56.759 56.832 56.911 56.998 57.091
27.665 38.966 51.034 53.862 55.035 55.624 55.947 56.130 56.230 56.280 56.297 56.293 56.276 56.250 56.221 56.190 56.159 56.131 56.106 56.086 56.070 56.059 56.053 56.052 56.056 56.065 56.077 56.094 56.113 56.136 56.160 56.186 56.213 56.241 56.269 56.296 56.323 56.350 56.374 56.398 56.420 56.440 56.459 56.477 56.493 56.507 56.521 56.535 56.549 56.562 56.577 56.594 56.612 56.633 56.657 56.685 56.717 56.754 56.796 56.843 56.894 56.949 57.008 57.072 57.139 57.208 57.276 57.343 57.409 57.474 57.538 57.603 57.668
29.211 46.388 52.240 54.360 55.300 55.784 56.051 56.198 56.274 56.306 56.308 56.293 56.266 56.233 56.197 56.162 56.129 56.100 56.076 56.058 56.045 56.039 56.039 56.044 56.054 56.070 56.089 56.112 56.138 56.167 56.197 56.229 56.262 56.295 56.328 56.362 56.395 56.427 56.458 56.489 56.519 56.549 56.577 56.605 56.632 56.659 56.686 56.713 56.740 56.768 56.795 56.824 56.854 56.884 56.916 56.949 56.983 57.018 57.055 57.093 57.132 57.172 57.214 57.258 57.307 57.363 57.429 57.507 57.596 57.694 57.799 57.908 58.021
41.933 51.932 54.139 55.138 55.663 55.960 56.132 56.228 56.274 56.288 56.281 56.260 56.232 56.200 56.168 56.136 56.108 56.085 56.066 56.053 56.045 56.044 56.048 56.057 56.071 56.090 56.113 56.139 56.169 56.201 56.236 56.273 56.312 56.351 56.391 56.432 56.473 56.514 56.555 56.595 56.634 56.673 56.710 56.746 56.781 56.815 56.847 56.878 56.909 56.938 56.967 56.995 57.024 57.054 57.085 57.117 57.152 57.190 57.231 57.277 57.327 57.383 57.443 57.508 57.576 57.644 57.711 57.773 57.830 57.885 57.938 57.993 58.050
29.209 46.385 52.239 54.359 55.300 55.784 56.051 56.198 56.274 56.306 56.308 56.293 56.266 56.233 56.198 56.162 56.130 56.101 56.077 56.058 56.046 56.039 56.039 56.044 56.055 56.070 56.089 56.112 56.139 56.167 56.198 56.229 56.262 56.295 56.329 56.362 56.395 56.427 56.459 56.490 56.520 56.549 56.577 56.605 56.633 56.660 56.686 56.713 56.740 56.768 56.796 56.824 56.854 56.884 56.916 56.949 56.983 57.018 57.055 57.093 57.132 57.172 57.214 57.258 57.307 57.363 57.429 57.507 57.596 57.694 57.799 57.908 58.021
27.662 38.957 51.032 53.861 55.035 55.624 55.947 56.130 56.230 56.280 56.297 56.293 56.276 56.251 56.221 56.190 56.160 56.131 56.107 56.086 56.070 56.059 56.053 56.053 56.057 56.065 56.078 56.094 56.114 56.136 56.161 56.187 56.214 56.241 56.269 56.297 56.324 56.350 56.375 56.398 56.420 56.441 56.459 56.477 56.493 56.508 56.522 56.535 56.549 56.563 56.577 56.594 56.612 56.633 56.658 56.685 56.718 56.754 56.796 56.843 56.894 56.949 57.008 57.072 57.139 57.208 57.276 57.343 57.409 57.474 57.538 57.603 57.668
26.534 34.787 49.280 53.247 54.720 55.432 55.820 56.042 56.168 56.237 56.270 56.279 56.272 56.256 56.234 56.210 56.186 56.162 56.141 56.123 56.109 56.098 56.091 56.088 56.089 56.094 56.102 56.113 56.126 56.141 56.158 56.177 56.196 56.216 56.235 56.255 56.273 56.291 56.307 56.322 56.335 56.346 56.355 56.362 56.366 56.369 56.369 56.368 56.364 56.360 56.355 56.350 56.344 56.340 56.338 56.337 56.340 56.346 56.356 56.371 56.392 56.421 56.456 56.495 56.538 56.584 56.636 56.694 56.759 56.831 56.911 56.998 57.091
25.430 31.520 46.436 52.084 54.179 55.129 55.632 55.919 56.088 56.187 56.241 56.267 56.274 56.270 56.258 56.242 56.224 56.206 56.190 56.176 56.165 56.156 56.151 56.149 56.151 56.155 56.162 56.171 56.182 56.195 56.209 56.224 56.239 56.255 56.271 56.285 56.300 56.313 56.324 56.334 56.342 56.348 56.351 56.352 56.351 56.346 56.339 56.329 56.316 56.301 56.283 56.262 56.240 56.215 56.190 56.163 56.137 56.111 56.086 56.063 56.043 56.027 56.017 56.016 56.025 56.043 56.070 56.104 56.146 56.193 56.248 56.309 56.379
24.347 28.950 36.208 49.285 53.075 54.555 55.295 55.710 55.956 56.107 56.198 56.251 56.280 56.292 56.294 56.289 56.281 56.271 56.261 56.252 56.244 56.239 56.237 56.237 56.240 56.245 56.252 56.262 56.274 56.287 56.301 56.317 56.333 56.349 56.366 56.383 56.399 56.414 56.429 56.442 56.454 56.465 56.474 56.482 56.487 56.491 56.493 56.493 56.490 56.485 56.478 56.469 56.458 56.443 56.427 56.408 56.388 56.366 56.340 56.308 56.276 56.249 56.225 56.186 56.105 55.999 55.924 55.936 55.987 56.024 56.025 56.007 56.003
23.422 27.061 31.035 39.133 50.145 53.228 54.563 55.267 55.677 55.929 56.090 56.193 56.259 56.300 56.325 56.338 56.344 56.346 56.346 56.344 56.343 56.343 56.345 56.348 56.353 56.360 56.370 56.381 56.394 56.409 56.425 56.443 56.461 56.480 56.500 56.521 56.541 56.562 56.582 56.603 56.622 56.642 56.660 56.678 56.695 56.711 56.726 56.740 56.751 56.761 56.770 56.779 56.784 56.778 56.768 56.768 56.777 56.763 56.673 56.500 56.495 56.680 56.782 56.386 55.237 53.557 52.847 59.253 63.345 59.300 47.330 34.585 24.435
22.681 25.743 28.426 31.583 37.705 49.038 52.591 54.138 54.971 55.465 55.778 55.986 56.126 56.223 56.290 56.337 56.370 56.393 56.410 56.423 56.433 56.443 56.452 56.461 56.471 56.483 56.495 56.510 56.525 56.542 56.560 56.580 56.600 56.621 56.643 56.666 56.690 56.713 56.737 56.760 56.784 56.807 56.829 56.850 56.868 56.886 56.903 56.915 56.915 56.913 56.923 56.936 56.896 56.736 56.651 56.811 56.988 56.603 55.165 52.957 56.851 61.409 59.041 47.115 32.815 22.034 10.094 0.564 0.000 0.000 0.000 0.000 0.000
22.129 24.821 26.904 28.794 30.939 34.321 44.494 50.383 52.813 54.093 54.840 55.321 55.645 55.870 56.032 56.152 56.242 56.310 56.363 56.404 56.438 56.467 56.491 56.513 56.533 56.552 56.570 56.589 56.607 56.625 56.644 56.663 56.682 56.700 56.719 56.737 56.755 56.772 56.786 56.799 56.812 56.825 56.830 56.821 56.806 56.804 56.800 56.728 56.577 56.501 56.648 56.670 55.880 53.916 54.930 58.984 59.307 49.336 34.242 22.409 11.461 1.048 0.001 0.000 0.000 0.000 0.000 0.000 0.000 0.000 0.000 0.000 0.000
21.637 24.057 25.768 27.124 28.359 29.664 31.311 33.952 40.364 48.914 51.453 52.987 54.005 54.630 55.058 55.378 55.623 55.809 55.951 56.059 56.146 56.217 56.275 56.323 56.362 56.395 56.422 56.443 56.461 56.475 56.485 56.492 56.494 56.492 56.483 56.467 56.443 56.408 56.357 56.309 56.280 56.249 56.107 55.854 55.689 55.759 55.653 54.680 53.387 53.874 57.218 55.120 42.984 28.556 18.078 6.572 0.186 0.000 0.000 0.000 0.000 0.000 0.000 0.000 0.000 0.000 0.000 0.000 0.000 0.000 0.000 0.000 0.000
21.020 23.114 24.470 25.443 26.238 26.958 27.692 28.512 29.525 30.941 33.153 37.342 46.850 49.779 51.170 52.200 53.049 53.750 54.294 54.635 54.862 55.038 55.178 55.286 55.367 55.424 55.459 55.475 55.474 55.460 55.433 55.392 55.331 55.187 54.998 54.787 54.537 54.216 53.852 53.691 53.761 53.401 51.512 49.522 49.879 52.924 49.857 37.794 24.768 15.375 4.747 0.084 0.000 0.000 0.000 0.000 0.000 0.000 0.000 0.000 0.000 0.000 0.000 0.000 0.000 0.000 0.000 0.000 0.000 0.000 0.000 0.000 0.000
19.982 21.570 22.484 23.078 23.528 23.920 24.296 24.684 25.109 25.594 26.175 26.881 27.730 28.804 30.154 31.884 34.182 37.396 42.343 48.798 49.732 50.190 50.545 50.814 51.004 51.120 51.169 51.165 51.125 51.064 50.978 50.838 49.206 47.571 45.936 44.960 43.993 42.546 41.498 43.640 46.722 42.295 30.762 19.951 12.133 3.101 0.033 0.000 0.000 0.000 0.000 0.000 0.000 0.000 0.000 0.000 0.000 0.000 0.000 0.000 0.000 0.000 0.000 0.000 0.000 0.000 0.000 0.000 0.000 0.000 0.000 0.000 0.000
18.151 19.002 19.418 19.679 19.888 20.083 20.280 20.494 20.727 20.982 21.270 21.588 21.939 22.321 22.745 23.209 23.708 24.237 24.797 25.377 25.968 26.560 27.140 27.699 28.219 28.689 29.120 29.588 30.186 30.896 31.486 31.679 31.919 34.186 38.045 38.072 30.883 21.106 13.786 7.578 1.034 0.002 0.000 0.000 0.000 0.000 0.000 0.000 0.000 0.000 0.000 0.000 0.000 0.000 0.000 0.000 0.000 0.000 0.000 0.000 0.000 0.000 0.000 0.000 0.000 0.000 0.000 0.000 0.000 0.000 0.000 0.000 0.000
