Examples/2023_ISeeSnow/data/CoulombOnly/Results/curv77s/s/1HS_03_curv77s_MoT-Voellmy_s_0003.asc
ncols        68
nrows        35
xllcorner    1037.5
yllcorner    -4337.5
cellsize     5.00
NODATA_value -9999
0.000 0.130 0.615 1.354 1.912 2.164 2.219 2.194 2.146 2.093 2.039 1.984 1.928 1.871 1.814 1.756 1.697 1.637 1.576 1.516 1.455 1.394 1.334 1.273 1.213 1.153 1.094 1.035 0.977 0.919 0.863 0.807 0.751 0.696 0.642 0.589 0.538 0.489 0.442 0.396 0.353 0.310 0.269 0.231 0.196 0.163 0.132 0.104 0.078 0.056 0.036 0.019 0.006 0.001 0.000 0.000 0.000 0.000 0.000 0.000 0.000 0.000 0.000 0.000 0.000 0.000 0.000 0.000
0.000 4.990 5.638 6.014 6.150 6.194 6.204 6.200 6.192 6.184 6.174 6.165 6.156 6.146 6.136 6.126 6.115 6.105 6.094 6.082 6.071 6.059 6.047 6.035 6.022 6.009 5.996 5.983 5.969 5.955 5.941 5.927 5.914 5.900 5.885 5.869 5.854 5.838 5.822 5.805 5.790 5.776 5.760 5.742 5.724 5.706 5.694 5.678 5.658 5.637 5.630 5.610 5.586 5.586 5.557 5.568 5.385 4.706 4.071 3.477 2.903 1.719 0.223 0.000 0.000 0.000 0.000 0.000
0.000 5.149 5.854 6.318 6.546 6.644 6.676 6.680 6.674 6.665 6.655 6.645 6.635 6.624 6.613 6.602 6.591 6.579 6.567 6.555 6.542 6.529 6.516 6.502 6.488 6.474 6.460 6.445 6.430 6.415 6.400 6.384 6.368 6.351 6.334 6.317 6.300 6.282 6.265 6.247 6.228 6.209 6.191 6.171 6.152 6.132 6.113 6.092 6.072 6.052 6.031 6.010 5.989 5.967 5.946 5.924 5.901 5.879 5.856 5.835 5.860 6.096 6.181 6.108 5.284 0.281 0.000 0.000
0.000 4.906 5.848 6.482 6.838 7.015 7.086 7.104 7.102 7.094 7.085 7.074 7.064 7.053 7.041 7.029 7.017 7.005 6.992 6.979 6.965 6.951 6.937 6.923 6.908 6.893 6.878 6.863 6.847 6.831 6.814 6.798 6.781 6.763 6.746 6.728 6.710 6.692 6.673 6.654 6.635 6.616 6.596 6.577 6.557 6.537 6.516 6.496 6.475 6.455 6.434 6.413 6.392 6.371 6.350 6.329 6.308 6.287 6.267 6.255 6.380 6.870 7.385 7.544 7.315 6.859 6.328 2.571
0.000 4.427 5.498 6.115 6.464 6.652 6.735 6.762 6.768 6.766 6.763 6.760 6.757 6.754 6.751 6.748 6.745 6.742 6.739 6.736 6.733 6.730 6.728 6.725 6.722 6.719 6.716 6.713 6.711 6.708 6.706 6.703 6.701 6.699 6.696 6.694 6.693 6.691 6.689 6.688 6.687 6.686 6.685 6.685 6.684 6.685 6.685 6.686 6.687 6.688 6.690 6.692 6.695 6.698 6.702 6.706 6.711 6.717 6.723 6.737 6.874 7.314 7.778 7.893 7.618 7.123 6.562 2.955
0.000 4.438 5.511 6.129 6.480 6.668 6.752 6.780 6.786 6.784 6.782 6.779 6.776 6.773 6.769 6.766 6.763 6.759 6.756 6.752 6.749 6.745 6.742 6.738 6.734 6.730 6.727 6.723 6.719 6.715 6.712 6.708 6.704 6.700 6.696 6.693 6.689 6.685 6.682 6.678 6.675 6.671 6.668 6.665 6.662 6.659 6.656 6.653 6.651 6.648 6.646 6.644 6.642 6.641 6.639 6.638 6.637 6.637 6.637 6.646 6.787 7.262 7.765 7.918 7.661 7.164 6.594 3.601
0.000 4.442 5.513 6.131 6.483 6.673 6.757 6.786 6.792 6.792 6.790 6.787 6.785 6.782 6.780 6.778 6.775 6.772 6.770 6.767 6.765 6.762 6.759 6.757 6.754 6.751 6.749 6.746 6.743 6.741 6.738 6.735 6.733 6.730 6.728 6.725 6.723 6.720 6.718 6.716 6.714 6.711 6.709 6.707 6.706 6.704 6.702 6.701 6.700 6.698 6.697 6.697 6.696 6.696 6.695 6.696 6.696 6.696 6.697 6.707 6.846 7.316 7.814 7.959 7.694 7.190 6.613 3.760
0.000 4.455 5.523 6.141 6.493 6.684 6.769 6.798 6.805 6.805 6.803 6.801 6.799 6.797 6.795 6.792 6.790 6.788 6.786 6.784 6.781 6.779 6.777 6.775 6.772 6.770 6.768 6.765 6.763 6.761 6.758 6.756 6.754 6.751 6.749 6.747 6.745 6.743 6.741 6.739 6.737 6.735 6.733 6.731 6.729 6.728 6.726 6.725 6.724 6.723 6.722 6.721 6.720 6.720 6.719 6.719 6.719 6.720 6.721 6.730 6.868 7.336 7.835 7.981 7.717 7.211 6.633 3.873
0.000 4.467 5.532 6.151 6.503 6.694 6.780 6.809 6.816 6.817 6.815 6.814 6.812 6.810 6.809 6.807 6.805 6.803 6.801 6.800 6.798 6.796 6.794 6.792 6.790 6.788 6.787 6.785 6.783 6.781 6.779 6.777 6.775 6.773 6.772 6.770 6.768 6.766 6.765 6.763 6.761 6.760 6.758 6.757 6.755 6.754 6.753 6.752 6.751 6.750 6.749 6.748 6.748 6.747 6.747 6.747 6.747 6.747 6.748 6.757 6.893 7.358 7.854 8.001 7.737 7.231 6.651 3.964
0.000 4.478 5.541 6.159 6.513 6.704 6.790 6.820 6.827 6.827 6.826 6.825 6.824 6.822 6.821 6.820 6.818 6.817 6.815 6.814 6.812 6.811 6.809 6.808 6.806 6.805 6.803 6.802 6.800 6.799 6.797 6.796 6.794 6.793 6.791 6.790 6.789 6.787 6.786 6.784 6.783 6.782 6.781 6.779 6.778 6.777 6.776 6.775 6.774 6.774 6.773 6.772 6.772 6.771 6.771 6.771 6.771 6.771 6.771 6.780 6.915 7.377 7.872 8.019 7.756 7.249 6.668 4.045
0.000 4.488 5.548 6.167 6.521 6.712 6.798 6.829 6.836 6.837 6.836 6.835 6.834 6.833 6.832 6.831 6.830 6.829 6.828 6.827 6.825 6.824 6.823 6.822 6.821 6.820 6.818 6.817 6.816 6.815 6.814 6.812 6.811 6.810 6.809 6.808 6.807 6.806 6.804 6.803 6.802 6.801 6.800 6.799 6.798 6.798 6.797 6.796 6.795 6.795 6.794 6.793 6.793 6.793 6.792 6.792 6.792 6.792 6.792 6.801 6.935 7.393 7.887 8.035 7.772 7.265 6.683 4.117
0.000 4.496 5.555 6.174 6.527 6.719 6.806 6.836 6.844 6.845 6.845 6.844 6.843 6.842 6.842 6.841 6.840 6.839 6.838 6.837 6.837 6.836 6.835 6.834 6.833 6.832 6.831 6.830 6.829 6.829 6.828 6.827 6.826 6.825 6.824 6.823 6.822 6.821 6.821 6.820 6.819 6.818 6.817 6.817 6.816 6.815 6.815 6.814 6.813 6.813 6.812 6.812 6.811 6.811 6.811 6.811 6.810 6.810 6.810 6.819 6.952 7.408 7.901 8.049 7.786 7.279 6.695 4.180
0.000 4.503 5.560 6.179 6.533 6.725 6.812 6.843 6.851 6.852 6.852 6.851 6.851 6.850 6.850 6.849 6.848 6.848 6.847 6.847 6.846 6.845 6.845 6.844 6.843 6.843 6.842 6.841 6.841 6.840 6.839 6.839 6.838 6.837 6.837 6.836 6.835 6.835 6.834 6.834 6.833 6.832 6.832 6.831 6.831 6.830 6.830 6.829 6.829 6.828 6.828 6.827 6.827 6.827 6.827 6.826 6.826 6.826 6.826 6.834 6.967 7.421 7.912 8.061 7.799 7.291 6.706 4.234
0.000 4.509 5.565 6.184 6.538 6.730 6.817 6.848 6.856 6.858 6.858 6.857 6.857 6.857 6.856 6.856 6.855 6.855 6.854 6.854 6.854 6.853 6.853 6.852 6.852 6.851 6.851 6.850 6.850 6.850 6.849 6.849 6.848 6.848 6.847 6.847 6.846 6.846 6.845 6.845 6.844 6.844 6.844 6.843 6.843 6.842 6.842 6.842 6.841 6.841 6.841 6.840 6.840 6.840 6.839 6.839 6.839 6.839 6.839 6.847 6.979 7.431 7.922 8.071 7.809 7.300 6.715 4.279
0.000 4.513 5.568 6.187 6.542 6.734 6.821 6.852 6.861 6.862 6.862 6.862 6.862 6.861 6.861 6.861 6.861 6.860 6.860 6.860 6.860 6.859 6.859 6.859 6.858 6.858 6.858 6.858 6.857 6.857 6.857 6.856 6.856 6.856 6.855 6.855 6.855 6.854 6.854 6.854 6.853 6.853 6.853 6.852 6.852 6.852 6.852 6.851 6.851 6.851 6.850 6.850 6.850 6.850 6.849 6.849 6.849 6.849 6.849 6.857 6.988 7.439 7.929 8.078 7.817 7.308 6.722 4.314
0.000 4.516 5.570 6.190 6.544 6.737 6.824 6.855 6.864 6.865 6.865 6.865 6.865 6.865 6.865 6.865 6.865 6.864 6.864 6.864 6.864 6.864 6.864 6.863 6.863 6.863 6.863 6.863 6.862 6.862 6.862 6.862 6.862 6.861 6.861 6.861 6.861 6.860 6.860 6.860 6.860 6.860 6.859 6.859 6.859 6.859 6.858 6.858 6.858 6.858 6.857 6.857 6.857 6.857 6.857 6.856 6.856 6.856 6.856 6.864 6.995 7.445 7.935 8.084 7.822 7.313 6.727 4.339
0.000 4.518 5.572 6.191 6.546 6.739 6.826 6.857 6.865 6.867 6.867 6.867 6.867 6.867 6.867 6.867 6.867 6.867 6.866 6.866 6.866 6.866 6.866 6.866 6.866 6.866 6.865 6.865 6.865 6.865 6.865 6.865 6.865 6.864 6.864 6.864 6.864 6.864 6.864 6.863 6.863 6.863 6.863 6.863 6.862 6.862 6.862 6.862 6.862 6.861 6.861 6.861 6.861 6.860 6.860 6.860 6.860 6.860 6.859 6.867 6.998 7.448 7.938 8.087 7.825 7.317 6.730 4.356
0.000 4.517 5.571 6.190 6.545 6.738 6.825 6.856 6.865 6.866 6.867 6.866 6.866 6.866 6.866 6.866 6.866 6.866 6.866 6.865 6.865 6.865 6.865 6.865 6.865 6.864 6.864 6.864 6.864 6.864 6.863 6.863 6.863 6.863 6.862 6.862 6.862 6.862 6.861 6.861 6.861 6.861 6.860 6.860 6.860 6.859 6.859 6.859 6.858 6.858 6.858 6.857 6.857 6.857 6.856 6.856 6.856 6.855 6.855 6.863 6.994 7.446 7.938 8.088 7.826 7.316 6.729 4.437
0.000 4.518 5.572 6.191 6.546 6.739 6.826 6.857 6.865 6.867 6.867 6.867 6.867 6.867 6.867 6.867 6.867 6.867 6.866 6.866 6.866 6.866 6.866 6.866 6.866 6.866 6.865 6.865 6.865 6.865 6.865 6.865 6.865 6.864 6.864 6.864 6.864 6.864 6.864 6.863 6.863 6.863 6.863 6.863 6.862 6.862 6.862 6.862 6.862 6.861 6.861 6.861 6.861 6.860 6.860 6.860 6.860 6.860 6.859 6.867 6.998 7.448 7.938 8.087 7.825 7.317 6.730 4.356
0.000 4.516 5.570 6.190 6.544 6.737 6.824 6.855 6.864 6.865 6.865 6.865 6.865 6.865 6.865 6.865 6.865 6.864 6.864 6.864 6.864 6.864 6.864 6.863 6.863 6.863 6.863 6.863 6.862 6.862 6.862 6.862 6.862 6.861 6.861 6.861 6.861 6.860 6.860 6.860 6.860 6.860 6.859 6.859 6.859 6.859 6.858 6.858 6.858 6.858 6.857 6.857 6.857 6.857 6.857 6.856 6.856 6.856 6.856 6.864 6.995 7.445 7.935 8.084 7.822 7.313 6.727 4.339
0.000 4.513 5.568 6.187 6.542 6.734 6.821 6.852 6.861 6.862 6.862 6.862 6.862 6.861 6.861 6.861 6.861 6.860 6.860 6.860 6.860 6.859 6.859 6.859 6.858 6.858 6.858 6.858 6.857 6.857 6.857 6.856 6.856 6.856 6.855 6.855 6.855 6.854 6.854 6.854 6.853 6.853 6.853 6.852 6.852 6.852 6.852 6.851 6.851 6.851 6.850 6.850 6.850 6.850 6.849 6.849 6.849 6.849 6.849 6.857 6.988 7.439 7.929 8.078 7.817 7.308 6.722 4.314
0.000 4.509 5.565 6.184 6.538 6.730 6.817 6.848 6.856 6.858 6.858 6.857 6.857 6.857 6.856 6.856 6.855 6.855 6.854 6.854 6.854 6.853 6.853 6.852 6.852 6.851 6.851 6.850 6.850 6.850 6.849 6.849 6.848 6.848 6.847 6.847 6.846 6.846 6.845 6.845 6.844 6.844 6.844 6.843 6.843 6.842 6.842 6.842 6.841 6.841 6.841 6.840 6.840 6.840 6.839 6.839 6.839 6.839 6.839 6.847 6.979 7.431 7.922 8.071 7.809 7.300 6.715 4.279
0.000 4.503 5.560 6.179 6.533 6.725 6.812 6.843 6.851 6.852 6.852 6.851 6.851 6.850 6.850 6.849 6.848 6.848 6.847 6.847 6.846 6.845 6.845 6.844 6.843 6.843 6.842 6.841 6.841 6.840 6.839 6.839 6.838 6.837 6.837 6.836 6.836 6.835 6.834 6.834 6.833 6.832 6.832 6.831 6.831 6.830 6.830 6.829 6.829 6.828 6.828 6.827 6.827 6.827 6.827 6.826 6.826 6.826 6.826 6.834 6.967 7.421 7.912 8.061 7.799 7.291 6.706 4.234
0.000 4.496 5.555 6.174 6.527 6.719 6.806 6.836 6.844 6.845 6.845 6.844 6.843 6.842 6.842 6.841 6.840 6.839 6.838 6.837 6.837 6.836 6.835 6.834 6.833 6.832 6.831 6.830 6.829 6.829 6.828 6.827 6.826 6.825 6.824 6.823 6.822 6.821 6.821 6.820 6.819 6.818 6.817 6.817 6.816 6.815 6.815 6.814 6.813 6.813 6.812 6.812 6.811 6.811 6.811 6.811 6.810 6.810 6.811 6.819 6.952 7.408 7.901 8.049 7.786 7.279 6.695 4.180
0.000 4.488 5.548 6.167 6.521 6.712 6.798 6.829 6.836 6.837 6.836 6.835 6.834 6.833 6.832 6.831 6.830 6.829 6.828 6.827 6.825 6.824 6.823 6.822 6.821 6.820 6.818 6.817 6.816 6.815 6.814 6.812 6.811 6.810 6.809 6.808 6.807 6.806 6.804 6.803 6.802 6.801 6.800 6.799 6.798 6.798 6.797 6.796 6.795 6.795 6.794 6.793 6.793 6.793 6.792 6.792 6.792 6.792 6.792 6.801 6.935 7.394 7.887 8.035 7.772 7.265 6.683 4.117
0.000 4.478 5.541 6.159 6.513 6.704 6.790 6.820 6.827 6.827 6.826 6.825 6.824 6.822 6.821 6.820 6.818 6.817 6.815 6.814 6.812 6.811 6.809 6.808 6.806 6.805 6.803 6.802 6.800 6.799 6.797 6.796 6.794 6.793 6.791 6.790 6.789 6.787 6.786 6.784 6.783 6.782 6.781 6.779 6.778 6.777 6.776 6.775 6.774 6.774 6.773 6.772 6.772 6.771 6.771 6.771 6.771 6.771 6.771 6.780 6.915 7.377 7.872 8.019 7.756 7.249 6.668 4.045
0.000 4.467 5.532 6.151 6.503 6.694 6.780 6.809 6.816 6.817 6.815 6.814 6.812 6.810 6.809 6.807 6.805 6.803 6.801 6.800 6.798 6.796 6.794 6.792 6.790 6.788 6.787 6.785 6.783 6.781 6.779 6.777 6.775 6.773 6.772 6.770 6.768 6.766 6.765 6.763 6.761 6.760 6.758 6.757 6.756 6.754 6.753 6.752 6.751 6.750 6.749 6.748 6.748 6.747 6.747 6.747 6.747 6.747 6.748 6.757 6.893 7.358 7.854 8.001 7.737 7.231 6.651 3.964
0.000 4.455 5.523 6.141 6.493 6.684 6.769 6.798 6.805 6.805 6.803 6.801 6.799 6.797 6.795 6.792 6.790 6.788 6.786 6.784 6.781 6.779 6.777 6.775 6.772 6.770 6.768 6.765 6.763 6.761 6.758 6.756 6.754 6.751 6.749 6.747 6.745 6.743 6.741 6.739 6.737 6.735 6.733 6.731 6.729 6.728 6.726 6.725 6.724 6.723 6.722 6.721 6.720 6.720 6.720 6.719 6.720 6.720 6.721 6.730 6.868 7.336 7.835 7.981 7.717 7.211 6.633 3.873
0.000 4.442 5.513 6.131 6.483 6.673 6.757 6.786 6.792 6.792 6.790 6.787 6.785 6.782 6.780 6.778 6.775 6.772 6.770 6.767 6.765 6.762 6.759 6.757 6.754 6.751 6.749 6.746 6.743 6.741 6.738 6.735 6.733 6.730 6.728 6.725 6.723 6.720 6.718 6.716 6.714 6.711 6.709 6.707 6.706 6.704 6.702 6.701 6.700 6.698 6.697 6.697 6.696 6.696 6.696 6.696 6.696 6.696 6.697 6.707 6.846 7.316 7.814 7.959 7.694 7.190 6.613 3.760
0.000 4.438 5.511 6.129 6.480 6.668 6.752 6.780 6.786 6.784 6.782 6.779 6.776 6.773 6.769 6.766 6.763 6.759 6.756 6.752 6.749 6.745 6.742 6.738 6.734 6.730 6.727 6.723 6.719 6.715 6.712 6.708 6.704 6.700 6.697 6.693 6.689 6.685 6.682 6.678 6.675 6.671 6.668 6.665 6.662 6.659 6.656 6.653 6.651 6.648 6.646 6.644 6.642 6.641 6.639 6.638 6.637 6.637 6.637 6.646 6.787 7.262 7.765 7.918 7.661 7.164 6.594 3.602
0.000 4.427 5.498 6.115 6.464 6.652 6.735 6.762 6.768 6.766 6.763 6.760 6.757 6.754 6.751 6.748 6.745 6.742 6.739 6.736 6.733 6.730 6.728 6.725 6.722 6.719 6.716 6.713 6.711 6.708 6.706 6.703 6.701 6.698 6.696 6.694 6.692 6.691 6.689 6.688 6.687 6.686 6.685 6.685 6.684 6.685 6.685 6.686 6.687 6.688 6.690 6.692 6.695 6.698 6.702 6.706 6.711 6.716 6.723 6.737 6.874 7.314 7.778 7.893 7.618 7.123 6.562 2.955
0.000 4.907 5.848 6.482 6.838 7.015 7.086 7.105 7.103 7.094 7.085 7.075 7.064 7.053 7.041 7.030 7.017 7.005 6.992 6.979 6.965 6.952 6.938 6.923 6.909 6.894 6.878 6.863 6.847 6.831 6.815 6.798 6.781 6.764 6.746 6.728 6.710 6.692 6.673 6.655 6.635 6.616 6.597 6.577 6.557 6.537 6.517 6.496 6.476 6.455 6.434 6.413 6.393 6.372 6.351 6.330 6.309 6.288 6.267 6.255 6.380 6.870 7.385 7.544 7.315 6.859 6.327 2.570
0.000 5.149 5.854 6.318 6.546 6.644 6.677 6.680 6.674 6.665 6.656 6.646 6.635 6.625 6.614 6.602 6.591 6.579 6.567 6.555 6.542 6.529 6.516 6.503 6.489 6.475 6.460 6.446 6.431 6.415 6.400 6.384 6.368 6.351 6.335 6.318 6.300 6.283 6.265 6.247 6.229 6.210 6.191 6.172 6.152 6.133 6.113 6.093 6.072 6.052 6.031 6.010 5.989 5.968 5.946 5.924 5.902 5.879 5.856 5.835 5.860 6.097 6.182 6.109 5.320 0.287 0.000 0.000
0.000 4.992 5.639 6.014 6.150 6.195 6.204 6.200 6.193 6.184 6.175 6.165 6.156 6.146 6.136 6.126 6.116 6.105 6.094 6.083 6.071 6.059 6.047 6.035 6.022 6.009 5.996 5.983 5.969 5.955 5.941 5.927 5.914 5.900 5.885 5.870 5.854 5.838 5.822 5.806 5.790 5.776 5.760 5.743 5.725 5.706 5.694 5.678 5.659 5.638 5.629 5.610 5.585 5.586 5.558 5.567 5.431 4.749 4.111 3.515 2.938 1.748 0.228 0.000 0.000 0.000 0.000 0.000
0.000 0.130 0.616 1.355 1.914 2.167 2.222 2.197 2.149 2.096 2.042 1.987 1.931 1.875 1.817 1.759 1.700 1.640 1.580 1.519 1.458 1.398 1.337 1.277 1.216 1.157 1.097 1.038 0.980 0.923 0.866 0.810 0.754 0.699 0.644 0.592 0.541 0.491 0.444 0.399 0.355 0.312 0.272 0.233 0.198 0.165 0.134 0.105 0.079 0.057 0.037 0.020 0.006 0.001 0.000 0.000 0.000 0.000 0.000 0.000 0.000 0.000 0.000 0.000 0.000 0.000 0.000 0.000
