Examples/2023_ISeeSnow/data/CoulombOnly/Results/curv77s/s/1HS_03_curv77s_MoT-Voellmy_s_0010.asc
ncols        85
nrows        39
xllcorner    1077.5
yllcorner    -4347.5
cellsize     5.00
NODATA_value -9999
[rows 0 to 31 of 39, columns 0 to 71 of 85]
0.570 1.074 1.766 2.633 3.611 4.640 5.677 6.703 7.713 8.723 9.768 10.906 12.134 13.404 14.663 15.841 16.826 17.383 16.846 13.245 5.834 1.246 0.132 0.000 0.000 0.000 0.000 0.000 0.000 0.000 0.000 0.000 0.000 0.000 0.000 0.000 0.000 0.000 0.000 0.000 0.000 0.000 0.000 0.000 0.000 0.000 0.000 0.000 0.000 0.000 0.000 0.000 0.000 0.000 0.000 0.000 0.000 0.000 0.000 0.000 0.000 0.000 0.000 0.000 0.000 0.000 0.000 0.000 0.000 0.000 0.000 0.000
6.778 7.408 7.721 8.077 8.612 9.334 10.265 11.561 13.948 18.797 20.327 20.869 21.097 21.195 21.232 21.237 21.224 21.200 21.168 21.133 21.101 21.065 21.024 20.980 20.933 20.884 20.833 20.778 20.718 20.643 20.543 20.410 20.287 20.325 13.900 1.025 0.000 0.000 0.000 0.000 0.000 0.000 0.000 0.000 0.000 0.000 0.000 0.000 0.000 0.000 0.000 0.000 0.000 0.000 0.000 0.000 0.000 0.000 0.000 0.000 0.000 0.000 0.000 0.000 0.000 0.000 0.000 0.000 0.000 0.000 0.000 0.000
7.360 8.200 8.981 9.874 11.095 13.486 19.077 20.721 21.248 21.444 21.517 21.541 21.546 21.543 21.538 21.530 21.519 21.504 21.485 21.461 21.433 21.401 21.365 21.327 21.285 21.242 21.197 21.150 21.101 21.052 21.000 20.947 20.892 20.834 20.777 20.732 20.682 20.626 20.564 20.498 20.432 20.367 20.304 20.248 20.214 20.269 20.742 20.988 19.243 13.099 1.454 0.001 0.000 0.000 0.000 0.000 0.000 0.000 0.000 0.000 0.000 0.000 0.000 0.000 0.000 0.000 0.000 0.000 0.000 0.000 0.000 0.000
8.154 9.436 10.768 13.067 18.995 20.791 21.336 21.521 21.586 21.611 21.625 21.640 21.658 21.680 21.702 21.721 21.735 21.743 21.744 21.736 21.722 21.701 21.675 21.644 21.610 21.574 21.535 21.494 21.451 21.406 21.357 21.306 21.253 21.198 21.142 21.085 21.027 20.969 20.911 20.856 20.803 20.753 20.704 20.658 20.615 20.574 20.535 20.488 20.428 20.373 20.351 20.330 20.307 20.281 20.254 20.226 20.197 20.169 20.141 20.113 20.086 20.060 20.045 20.184 21.517 20.108 16.897 9.521 0.662 0.000 0.000 0.000
8.942 11.056 15.511 20.126 21.056 21.350 21.449 21.486 21.509 21.537 21.574 21.620 21.673 21.728 21.781 21.829 21.869 21.899 21.919 21.929 21.929 21.921 21.906 21.887 21.864 21.838 21.810 21.782 21.752 21.721 21.690 21.659 21.628 21.598 21.567 21.536 21.505 21.472 21.437 21.398 21.356 21.308 21.255 21.197 21.134 21.067 20.999 20.928 20.858 20.787 20.718 20.651 20.584 20.518 20.452 20.388 20.325 20.263 20.203 20.144 20.089 20.037 19.989 19.951 19.920 19.857 19.734 19.622 19.599 19.597 19.645 19.937
9.453 12.288 18.686 20.560 21.099 21.263 21.306 21.320 21.341 21.379 21.436 21.506 21.583 21.663 21.740 21.810 21.871 21.920 21.956 21.981 21.995 22.000 21.998 21.991 21.979 21.965 21.949 21.933 21.916 21.900 21.883 21.864 21.845 21.823 21.798 21.769 21.733 21.691 21.642 21.586 21.526 21.463 21.403 21.347 21.299 21.257 21.221 21.189 21.160 21.134 21.109 21.084 21.060 21.035 21.011 20.986 20.961 20.938 20.918 20.905 20.900 20.907 20.928 20.966 21.019 21.086 21.164 21.252 21.348 21.446 21.540 21.623
12.743 19.199 20.203 20.449 20.536 20.592 20.657 20.744 20.853 20.979 21.115 21.252 21.384 21.505 21.614 21.707 21.784 21.844 21.887 21.916 21.930 21.932 21.925 21.910 21.890 21.865 21.838 21.810 21.784 21.760 21.737 21.716 21.697 21.680 21.666 21.658 21.657 21.663 21.675 21.694 21.715 21.738 21.756 21.767 21.767 21.758 21.739 21.712 21.678 21.640 21.598 21.554 21.509 21.464 21.419 21.375 21.332 21.293 21.258 21.230 21.212 21.208 21.221 21.252 21.304 21.374 21.459 21.556 21.659 21.759 21.851 21.924
12.052 18.918 20.199 20.521 20.623 20.667 20.705 20.755 20.826 20.918 21.029 21.154 21.285 21.417 21.542 21.656 21.756 21.840 21.907 21.959 21.997 22.023 22.040 22.049 22.054 22.056 22.056 22.053 22.048 22.040 22.031 22.020 22.009 21.997 21.984 21.966 21.945 21.919 21.889 21.856 21.820 21.784 21.750 21.719 21.691 21.667 21.646 21.628 21.612 21.597 21.584 21.572 21.561 21.550 21.539 21.528 21.518 21.510 21.505 21.506 21.515 21.536 21.571 21.622 21.689 21.770 21.863 21.963 22.065 22.162 22.247 22.311
13.828 19.518 20.276 20.467 20.526 20.557 20.599 20.665 20.755 20.867 20.995 21.132 21.271 21.406 21.534 21.650 21.751 21.836 21.905 21.957 21.994 22.017 22.030 22.033 22.030 22.022 22.012 22.000 21.989 21.978 21.969 21.960 21.952 21.944 21.937 21.930 21.924 21.918 21.913 21.907 21.901 21.895 21.887 21.879 21.869 21.859 21.848 21.836 21.824 21.811 21.798 21.785 21.772 21.759 21.746 21.733 21.721 21.711 21.705 21.704 21.713 21.734 21.770 21.823 21.895 21.984 22.087 22.199 22.315 22.426 22.523 22.599
13.629 19.513 20.306 20.507 20.571 20.605 20.647 20.710 20.797 20.904 21.028 21.162 21.301 21.439 21.571 21.693 21.801 21.894 21.970 22.030 22.075 22.106 22.125 22.136 22.140 22.140 22.136 22.130 22.122 22.114 22.105 22.095 22.084 22.073 22.062 22.050 22.036 22.023 22.008 21.993 21.977 21.962 21.947 21.934 21.921 21.909 21.898 21.888 21.878 21.869 21.860 21.852 21.844 21.836 21.829 21.822 21.817 21.814 21.815 21.822 21.839 21.870 21.916 21.980 22.062 22.161 22.274 22.397 22.523 22.645 22.754 22.839
13.901 19.584 20.338 20.526 20.579 20.605 20.640 20.698 20.781 20.887 21.010 21.146 21.287 21.427 21.561 21.685 21.796 21.891 21.969 22.030 22.076 22.109 22.130 22.142 22.148 22.149 22.147 22.142 22.137 22.131 22.125 22.118 22.112 22.105 22.098 22.092 22.085 22.078 22.071 22.064 22.056 22.049 22.042 22.034 22.027 22.019 22.011 22.004 21.996 21.988 21.981 21.973 21.965 21.958 21.951 21.944 21.939 21.936 21.937 21.944 21.962 21.994 22.042 22.108 22.194 22.298 22.418 22.548 22.683 22.814 22.931 23.026
13.740 19.587 20.369 20.563 20.619 20.646 20.683 20.742 20.827 20.935 21.061 21.198 21.341 21.483 21.620 21.745 21.858 21.954 22.034 22.097 22.144 22.178 22.200 22.213 22.219 22.220 22.218 22.214 22.208 22.202 22.195 22.188 22.180 22.173 22.165 22.158 22.150 22.142 22.134 22.127 22.119 22.112 22.104 22.097 22.090 22.084 22.077 22.070 22.064 22.058 22.052 22.046 22.040 22.035 22.029 22.025 22.022 22.021 22.024 22.035 22.055 22.090 22.142 22.213 22.303 22.412 22.535 22.670 22.810 22.947 23.071 23.171
13.631 19.597 20.397 20.593 20.648 20.673 20.706 20.762 20.843 20.948 21.071 21.206 21.347 21.489 21.625 21.752 21.865 21.964 22.046 22.112 22.162 22.198 22.223 22.238 22.247 22.250 22.251 22.249 22.245 22.241 22.237 22.232 22.228 22.223 22.218 22.212 22.207 22.202 22.197 22.191 22.186 22.181 22.175 22.170 22.164 22.159 22.153 22.148 22.142 22.137 22.132 22.127 22.121 22.117 22.112 22.108 22.105 22.105 22.109 22.120 22.141 22.177 22.230 22.302 22.394 22.504 22.630 22.768 22.911 23.051 23.178 23.282
13.524 19.593 20.421 20.622 20.679 20.704 20.738 20.794 20.875 20.981 21.104 21.241 21.383 21.526 21.663 21.791 21.905 22.004 22.087 22.153 22.204 22.241 22.266 22.281 22.290 22.294 22.295 22.293 22.291 22.287 22.283 22.279 22.275 22.270 22.266 22.261 22.257 22.252 22.247 22.243 22.238 22.234 22.229 22.225 22.220 22.216 22.211 22.207 22.202 22.198 22.194 22.190 22.186 22.182 22.178 22.175 22.173 22.173 22.178 22.189 22.212 22.248 22.302 22.375 22.468 22.579 22.706 22.845 22.989 23.130 23.259 23.366
13.452 19.585 20.440 20.647 20.704 20.729 20.762 20.817 20.897 21.001 21.124 21.260 21.401 21.544 21.681 21.809 21.925 22.025 22.109 22.177 22.229 22.267 22.294 22.311 22.321 22.326 22.328 22.328 22.326 22.324 22.321 22.318 22.315 22.312 22.308 22.305 22.302 22.298 22.295 22.291 22.287 22.284 22.280 22.276 22.273 22.269 22.265 22.262 22.258 22.254 22.251 22.247 22.243 22.240 22.237 22.234 22.232 22.233 22.238 22.250 22.272 22.309 22.362 22.435 22.528 22.639 22.766 22.905 23.049 23.191 23.321 23.428
13.389 19.579 20.456 20.667 20.725 20.750 20.783 20.838 20.918 21.022 21.145 21.281 21.423 21.566 21.704 21.832 21.948 22.049 22.134 22.202 22.254 22.293 22.320 22.338 22.349 22.355 22.357 22.358 22.357 22.355 22.353 22.351 22.348 22.345 22.343 22.340 22.337 22.335 22.332 22.329 22.326 22.323 22.320 22.317 22.314 22.311 22.308 22.305 22.302 22.299 22.296 22.293 22.290 22.287 22.284 22.282 22.280 22.281 22.286 22.298 22.321 22.357 22.410 22.483 22.575 22.686 22.813 22.951 23.095 23.236 23.366 23.474
13.340 19.575 20.469 20.682 20.742 20.767 20.799 20.853 20.933 21.037 21.160 21.295 21.437 21.580 21.718 21.847 21.964 22.065 22.150 22.219 22.272 22.312 22.340 22.358 22.370 22.376 22.379 22.380 22.380 22.379 22.377 22.376 22.374 22.372 22.370 22.367 22.365 22.363 22.361 22.359 22.356 22.354 22.351 22.349 22.347 22.344 22.342 22.339 22.336 22.334 22.331 22.328 22.326 22.323 22.320 22.318 22.317 22.318 22.323 22.335 22.357 22.393 22.446 22.518 22.610 22.721 22.847 22.985 23.128 23.270 23.400 23.508
13.310 19.572 20.477 20.693 20.753 20.778 20.810 20.864 20.943 21.047 21.169 21.305 21.447 21.590 21.728 21.857 21.974 22.076 22.162 22.231 22.285 22.325 22.353 22.372 22.384 22.391 22.394 22.396 22.396 22.395 22.394 22.392 22.391 22.389 22.387 22.386 22.384 22.382 22.380 22.378 22.376 22.374 22.372 22.370 22.368 22.366 22.364 22.362 22.359 22.357 22.355 22.352 22.350 22.347 22.345 22.343 22.342 22.343 22.348 22.360 22.382 22.418 22.471 22.544 22.636 22.746 22.873 23.011 23.154 23.296 23.426 23.535
13.317 19.579 20.483 20.698 20.757 20.781 20.813 20.867 20.947 21.050 21.173 21.308 21.451 21.594 21.733 21.862 21.980 22.082 22.168 22.237 22.291 22.332 22.360 22.379 22.392 22.399 22.402 22.404 22.404 22.404 22.403 22.402 22.400 22.399 22.398 22.396 22.395 22.393 22.391 22.390 22.388 22.386 22.384 22.382 22.381 22.379 22.377 22.374 22.372 22.370 22.368 22.366 22.363 22.361 22.359 22.357 22.356 22.357 22.362 22.374 22.397 22.433 22.486 22.559 22.651 22.762 22.890 23.029 23.174 23.317 23.449 23.560
13.473 19.625 20.484 20.692 20.749 20.774 20.806 20.861 20.942 21.046 21.170 21.306 21.449 21.593 21.732 21.862 21.980 22.082 22.168 22.238 22.292 22.332 22.361 22.380 22.392 22.399 22.403 22.404 22.405 22.404 22.403 22.402 22.401 22.399 22.398 22.396 22.395 22.393 22.392 22.390 22.388 22.386 22.385 22.383 22.381 22.379 22.377 22.375 22.373 22.371 22.368 22.366 22.364 22.361 22.359 22.357 22.356 22.357 22.362 22.375 22.397 22.433 22.487 22.559 22.652 22.764 22.892 23.032 23.179 23.325 23.461 23.576
13.317 19.579 20.483 20.698 20.757 20.781 20.813 20.867 20.947 21.050 21.173 21.308 21.451 21.594 21.733 21.862 21.980 22.082 22.168 22.237 22.291 22.332 22.360 22.379 22.392 22.399 22.402 22.404 22.404 22.404 22.403 22.402 22.400 22.399 22.398 22.396 22.395 22.393 22.391 22.390 22.388 22.386 22.384 22.382 22.381 22.379 22.377 22.374 22.372 22.370 22.368 22.366 22.363 22.361 22.359 22.357 22.356 22.357 22.362 22.374 22.397 22.433 22.486 22.559 22.651 22.762 22.890 23.029 23.174 23.317 23.449 23.560
13.310 19.572 20.477 20.693 20.753 20.778 20.810 20.864 20.943 21.047 21.169 21.305 21.447 21.590 21.728 21.857 21.974 22.076 22.162 22.231 22.285 22.325 22.353 22.372 22.384 22.391 22.394 22.396 22.396 22.395 22.394 22.392 22.391 22.389 22.387 22.386 22.384 22.382 22.380 22.378 22.376 22.374 22.372 22.370 22.368 22.366 22.364 22.362 22.359 22.357 22.355 22.352 22.350 22.347 22.345 22.343 22.342 22.343 22.348 22.360 22.382 22.418 22.471 22.544 22.636 22.746 22.873 23.011 23.154 23.296 23.426 23.535
13.340 19.575 20.469 20.682 20.742 20.767 20.799 20.853 20.933 21.037 21.160 21.295 21.437 21.580 21.718 21.847 21.964 22.065 22.150 22.219 22.272 22.312 22.340 22.358 22.370 22.376 22.379 22.380 22.380 22.379 22.377 22.376 22.374 22.372 22.370 22.367 22.365 22.363 22.361 22.359 22.356 22.354 22.352 22.349 22.347 22.344 22.342 22.339 22.336 22.334 22.331 22.328 22.326 22.323 22.320 22.318 22.317 22.318 22.323 22.335 22.357 22.393 22.446 22.519 22.610 22.721 22.847 22.985 23.128 23.270 23.400 23.508
13.389 19.579 20.456 20.667 20.725 20.750 20.783 20.838 20.918 21.022 21.145 21.281 21.423 21.566 21.704 21.832 21.948 22.049 22.134 22.202 22.254 22.293 22.320 22.338 22.349 22.355 22.357 22.358 22.357 22.355 22.353 22.351 22.348 22.345 22.343 22.340 22.337 22.335 22.332 22.329 22.326 22.323 22.320 22.317 22.314 22.311 22.308 22.305 22.302 22.299 22.296 22.293 22.290 22.287 22.284 22.282 22.280 22.281 22.286 22.298 22.321 22.357 22.410 22.483 22.575 22.686 22.813 22.951 23.095 23.236 23.366 23.474
13.452 19.585 20.440 20.647 20.704 20.729 20.762 20.817 20.897 21.001 21.124 21.260 21.401 21.544 21.681 21.809 21.925 22.025 22.109 22.177 22.229 22.267 22.294 22.311 22.321 22.326 22.328 22.328 22.326 22.324 22.321 22.318 22.315 22.312 22.308 22.305 22.302 22.298 22.295 22.291 22.287 22.284 22.280 22.276 22.273 22.269 22.265 22.262 22.258 22.254 22.251 22.247 22.243 22.240 22.237 22.234 22.232 22.233 22.238 22.250 22.272 22.309 22.362 22.435 22.528 22.639 22.767 22.905 23.049 23.191 23.321 23.428
13.524 19.593 20.421 20.622 20.679 20.704 20.738 20.794 20.875 20.981 21.104 21.241 21.383 21.526 21.663 21.791 21.905 22.005 22.087 22.153 22.204 22.241 22.266 22.282 22.290 22.294 22.295 22.293 22.291 22.287 22.283 22.279 22.275 22.270 22.266 22.261 22.257 22.252 22.248 22.243 22.238 22.234 22.229 22.225 22.220 22.216 22.211 22.207 22.203 22.198 22.194 22.190 22.186 22.182 22.178 22.175 22.173 22.173 22.178 22.190 22.212 22.248 22.302 22.375 22.468 22.579 22.707 22.845 22.989 23.130 23.259 23.366
13.631 19.597 20.397 20.593 20.648 20.673 20.706 20.762 20.843 20.948 21.071 21.206 21.347 21.489 21.625 21.752 21.865 21.964 22.046 22.112 22.162 22.198 22.223 22.239 22.247 22.250 22.251 22.249 22.246 22.242 22.237 22.232 22.228 22.223 22.218 22.212 22.207 22.202 22.197 22.191 22.186 22.181 22.175 22.170 22.164 22.159 22.153 22.148 22.142 22.137 22.132 22.127 22.122 22.117 22.112 22.108 22.105 22.105 22.109 22.120 22.141 22.177 22.230 22.302 22.394 22.504 22.631 22.768 22.911 23.051 23.178 23.282
13.740 19.587 20.369 20.563 20.619 20.646 20.683 20.742 20.827 20.935 21.061 21.198 21.341 21.483 21.620 21.745 21.858 21.954 22.034 22.097 22.144 22.178 22.200 22.213 22.219 22.220 22.218 22.214 22.208 22.202 22.195 22.188 22.180 22.173 22.165 22.158 22.150 22.142 22.135 22.127 22.119 22.112 22.105 22.097 22.090 22.084 22.077 22.070 22.064 22.058 22.052 22.046 22.040 22.035 22.030 22.025 22.022 22.021 22.024 22.035 22.056 22.090 22.142 22.213 22.303 22.412 22.536 22.671 22.810 22.947 23.071 23.171
13.901 19.584 20.338 20.526 20.579 20.605 20.640 20.698 20.781 20.887 21.010 21.146 21.287 21.427 21.561 21.685 21.796 21.891 21.969 22.030 22.076 22.109 22.130 22.142 22.148 22.149 22.147 22.142 22.137 22.131 22.125 22.118 22.112 22.105 22.098 22.092 22.085 22.078 22.071 22.064 22.056 22.049 22.042 22.034 22.027 22.019 22.011 22.004 21.996 21.988 21.981 21.973 21.966 21.958 21.951 21.944 21.939 21.936 21.937 21.945 21.962 21.994 22.042 22.109 22.194 22.298 22.418 22.548 22.683 22.813 22.931 23.026
13.629 19.513 20.306 20.507 20.571 20.605 20.647 20.710 20.797 20.904 21.028 21.162 21.301 21.439 21.571 21.693 21.801 21.894 21.970 22.030 22.075 22.106 22.125 22.136 22.140 22.140 22.136 22.130 22.122 22.114 22.105 22.095 22.085 22.074 22.062 22.050 22.037 22.023 22.008 21.993 21.977 21.962 21.948 21.934 21.921 21.909 21.898 21.888 21.878 21.869 21.860 21.852 21.844 21.836 21.829 21.822 21.817 21.814 21.815 21.822 21.839 21.870 21.916 21.980 22.062 22.161 22.274 22.397 22.523 22.645 22.754 22.839
13.828 19.518 20.276 20.467 20.526 20.557 20.599 20.665 20.755 20.867 20.995 21.132 21.271 21.406 21.534 21.650 21.751 21.836 21.905 21.957 21.994 22.018 22.030 22.033 22.030 22.023 22.012 22.000 21.989 21.978 21.969 21.960 21.952 21.944 21.937 21.930 21.924 21.918 21.912 21.907 21.901 21.895 21.887 21.879 21.869 21.859 21.848 21.836 21.824 21.811 21.798 21.785 21.772 21.759 21.746 21.733 21.721 21.711 21.705 21.704 21.713 21.734 21.770 21.823 21.895 21.984 22.087 22.199 22.315 22.426 22.523 22.598
12.052 18.917 20.199 20.521 20.623 20.668 20.705 20.755 20.826 20.918 21.029 21.154 21.285 21.417 21.542 21.656 21.756 21.840 21.907 21.959 21.997 22.023 22.040 22.049 22.054 22.056 22.056 22.053 22.048 22.040 22.031 22.020 22.009 21.997 21.984 21.967 21.945 21.920 21.890 21.856 21.821 21.785 21.751 21.719 21.692 21.667 21.646 21.628 21.612 21.597 21.584 21.572 21.561 21.550 21.539 21.528 21.518 21.510 21.505 21.506 21.515 21.536 21.571 21.622 21.688 21.770 21.862 21.963 22.065 22.162 22.246 22.311
