Examples/2023_ISeeSnow/data/CoulombOnly/Results/curv77s/s/1HS_03_curv77s_MoT-Voellmy_s_0066.asc
ncols        87
nrows        71
xllcorner    3852.5
yllcorner    -4427.5
cellsize     5.00
NODATA_value -9999
[rows 0 to 32 of 71, columns 0 to 74 of 87]
0.000 0.000 0.000 0.000 0.000 0.000 0.000 0.000 0.000 0.000 0.000 0.000 0.000 0.000 0.000 0.000 0.000 0.000 0.000 0.000 0.000 0.000 0.000 0.000 0.001 0.005 0.008 0.014 0.040 0.089 0.162 0.261 0.380 0.510 0.643 0.766 0.868 0.936 0.958 0.924 0.839 0.715 0.564 0.401 0.245 0.125 0.053 0.018 0.010 0.002 0.000 0.000 0.000 0.000 0.000 0.000 0.000 0.000 0.000 0.000 0.000 0.000 0.000 0.000 0.000 0.000 0.000 0.000 0.000 0.000 0.000 0.000 0.000 0.000 0.000
0.000 0.000 0.000 0.000 0.000 0.000 0.000 0.000 0.000 0.000 0.000 0.000 0.000 0.000 0.000 0.000 0.001 0.004 0.008 0.005 0.006 0.009 0.008 0.005 0.015 0.150 0.512 0.959 1.468 2.016 2.538 3.018 3.453 3.843 4.190 4.497 4.766 4.996 5.010 4.990 4.952 4.900 4.833 4.751 4.443 3.711 2.880 2.118 1.496 1.003 0.610 0.299 0.079 0.012 0.002 0.000 0.000 0.000 0.000 0.000 0.000 0.000 0.000 0.000 0.000 0.000 0.000 0.000 0.000 0.000 0.000 0.000 0.000 0.000 0.000
0.000 0.000 0.000 0.000 0.000 0.000 0.000 0.000 0.000 0.002 0.009 0.009 0.005 0.003 0.002 0.006 0.013 0.009 0.013 0.239 0.849 1.484 2.106 2.682 3.205 3.667 4.049 4.354 4.595 4.787 4.919 5.098 5.275 5.427 5.543 5.625 5.678 5.704 5.707 5.691 5.657 5.609 5.548 5.475 5.392 5.301 5.200 5.091 4.974 4.847 4.705 4.537 3.763 1.859 0.869 0.418 0.120 0.013 0.001 0.000 0.000 0.000 0.000 0.000 0.000 0.000 0.000 0.000 0.000 0.000 0.000 0.000 0.000 0.000 0.000
0.000 0.001 0.004 0.009 0.007 0.003 0.006 0.010 0.000 0.005 0.011 0.010 0.078 0.783 1.466 2.095 2.638 3.069 3.397 3.651 3.836 3.941 3.962 3.914 3.935 4.317 4.753 5.136 5.453 5.708 5.909 6.063 6.176 6.254 6.301 6.323 6.323 6.303 6.267 6.217 6.154 6.080 5.996 5.904 5.803 5.696 5.583 5.465 5.342 5.215 5.084 4.951 4.814 4.672 4.522 4.350 4.005 1.809 0.553 0.179 0.019 0.000 0.000 0.000 0.000 0.000 0.000 0.000 0.000 0.000 0.000 0.000 0.000 0.000 0.000
0.001 0.005 0.003 0.007 0.000 0.173 0.945 1.672 2.331 2.893 3.330 3.626 3.793 3.860 3.843 3.735 3.526 3.215 2.877 2.729 2.928 3.532 4.316 4.932 5.420 5.805 6.110 6.349 6.534 6.673 6.773 6.840 6.879 6.892 6.885 6.859 6.817 6.761 6.693 6.615 6.526 6.429 6.325 6.213 6.096 5.972 5.844 5.711 5.574 5.435 5.293 5.149 5.005 4.861 4.716 4.573 4.428 4.279 4.115 3.900 2.114 0.448 0.091 0.007 0.000 0.000 0.000 0.000 0.000 0.000 0.000 0.000 0.000 0.000 0.000
2.070 2.772 3.360 3.822 4.139 4.308 4.347 4.283 4.132 3.888 3.532 3.050 2.485 1.967 1.653 1.631 1.880 2.350 3.009 3.924 4.937 5.585 6.061 6.428 6.715 6.940 7.114 7.244 7.338 7.399 7.433 7.442 7.430 7.400 7.353 7.292 7.219 7.135 7.041 6.939 6.829 6.712 6.589 6.460 6.326 6.187 6.043 5.896 5.745 5.591 5.435 5.278 5.121 4.963 4.808 4.654 4.504 4.356 4.211 4.067 3.918 3.748 3.371 1.114 0.149 0.013 0.000 0.000 0.000 0.000 0.000 0.000 0.000 0.000 0.000
4.668 4.699 4.474 4.121 3.650 3.056 2.376 1.708 1.183 0.898 0.860 1.002 1.259 1.594 2.001 2.500 3.146 4.000 5.279 6.060 6.580 6.961 7.253 7.480 7.654 7.786 7.881 7.944 7.979 7.989 7.977 7.946 7.898 7.834 7.758 7.669 7.570 7.462 7.346 7.223 7.093 6.957 6.816 6.671 6.520 6.365 6.206 6.044 5.878 5.710 5.540 5.368 5.196 5.024 4.854 4.687 4.523 4.364 4.209 4.060 3.916 3.775 3.633 3.478 3.259 1.548 0.151 0.012 0.000 0.000 0.000 0.000 0.000 0.000 0.000
2.067 1.494 0.897 0.508 0.361 0.396 0.537 0.736 0.969 1.226 1.507 1.818 2.172 2.590 3.115 3.830 4.920 6.238 6.926 7.379 7.710 7.960 8.151 8.296 8.402 8.475 8.518 8.536 8.531 8.505 8.460 8.399 8.323 8.233 8.131 8.019 7.898 7.768 7.631 7.487 7.338 7.184 7.025 6.861 6.694 6.522 6.347 6.169 5.988 5.804 5.618 5.431 5.244 5.057 4.872 4.690 4.511 4.337 4.169 4.007 3.852 3.704 3.563 3.426 3.290 3.140 2.919 1.288 0.074 0.004 0.000 0.000 0.000 0.000 0.000
0.148 0.295 0.467 0.653 0.848 1.052 1.266 1.493 1.735 2.000 2.295 2.636 3.046 3.575 4.329 5.622 6.962 7.621 8.051 8.359 8.589 8.763 8.892 8.984 9.044 9.077 9.085 9.071 9.036 8.983 8.913 8.828 8.729 8.617 8.494 8.361 8.218 8.068 7.911 7.747 7.578 7.404 7.225 7.043 6.857 6.668 6.475 6.280 6.082 5.882 5.680 5.477 5.273 5.070 4.869 4.671 4.477 4.287 4.104 3.928 3.759 3.599 3.447 3.304 3.168 3.037 2.904 2.748 2.423 0.592 0.009 0.000 0.000 0.000 0.000
0.797 0.978 1.150 1.328 1.514 1.711 1.921 2.147 2.396 2.675 2.999 3.391 3.901 4.643 5.966 7.489 8.191 8.630 8.937 9.163 9.332 9.456 9.543 9.599 9.628 9.632 9.614 9.576 9.520 9.446 9.356 9.251 9.132 9.001 8.858 8.705 8.543 8.372 8.194 8.010 7.820 7.625 7.427 7.225 7.019 6.811 6.599 6.385 6.169 5.950 5.730 5.510 5.289 5.069 4.850 4.635 4.424 4.219 4.019 3.828 3.645 3.471 3.306 3.151 3.006 2.870 2.741 2.615 2.481 2.295 1.323 0.056 0.001 0.000 0.000
1.348 1.554 1.724 1.896 2.079 2.276 2.489 2.723 2.985 3.288 3.655 4.126 4.807 5.991 7.819 8.649 9.131 9.457 9.693 9.867 9.994 10.084 10.142 10.172 10.178 10.162 10.125 10.069 9.995 9.904 9.797 9.676 9.540 9.392 9.231 9.059 8.877 8.686 8.487 8.282 8.071 7.855 7.635 7.411 7.185 6.956 6.724 6.490 6.254 6.016 5.777 5.537 5.297 5.058 4.821 4.587 4.358 4.135 3.919 3.711 3.512 3.323 3.145 2.977 2.820 2.674 2.538 2.411 2.289 2.165 2.009 1.556 0.169 0.004 0.000
1.805 2.050 2.224 2.397 2.581 2.780 2.999 3.244 3.525 3.861 4.286 4.878 5.861 7.924 8.977 9.552 9.921 10.181 10.370 10.509 10.607 10.673 10.710 10.722 10.711 10.679 10.627 10.557 10.470 10.365 10.245 10.109 9.958 9.793 9.615 9.425 9.224 9.013 8.793 8.566 8.333 8.094 7.852 7.606 7.358 7.107 6.853 6.598 6.341 6.083 5.823 5.562 5.302 5.043 4.785 4.532 4.283 4.041 3.807 3.581 3.366 3.161 2.967 2.786 2.616 2.459 2.313 2.178 2.052 1.934 1.815 1.672 1.395 0.189 0.007
2.199 2.489 2.674 2.850 3.037 3.241 3.468 3.727 4.032 4.407 4.910 5.681 7.253 9.119 9.876 10.322 10.624 10.840 10.998 11.112 11.190 11.237 11.259 11.257 11.234 11.190 11.127 11.046 10.948 10.832 10.700 10.551 10.387 10.207 10.013 9.805 9.585 9.354 9.113 8.864 8.607 8.346 8.079 7.810 7.538 7.264 6.989 6.712 6.433 6.153 5.871 5.589 5.308 5.027 4.748 4.473 4.203 3.940 3.686 3.441 3.207 2.985 2.776 2.579 2.396 2.226 2.069 1.925 1.791 1.669 1.553 1.437 1.298 1.027 0.051
2.550 2.888 3.085 3.265 3.456 3.667 3.904 4.179 4.511 4.934 5.536 6.574 8.912 10.046 10.640 11.013 11.271 11.458 11.593 11.689 11.752 11.787 11.797 11.785 11.752 11.700 11.628 11.539 11.431 11.306 11.163 11.003 10.826 10.633 10.424 10.199 9.961 9.709 9.446 9.174 8.894 8.608 8.317 8.024 7.727 7.429 7.130 6.830 6.529 6.226 5.923 5.619 5.315 5.012 4.711 4.413 4.121 3.836 3.560 3.294 3.040 2.800 2.573 2.360 2.162 1.979 1.810 1.654 1.512 1.382 1.262 1.150 1.035 0.892 0.569
2.865 3.253 3.470 3.655 3.851 4.067 4.314 4.606 4.965 5.442 6.166 7.605 9.913 10.829 11.326 11.652 11.881 12.047 12.166 12.249 12.301 12.326 12.328 12.309 12.269 12.209 12.131 12.034 11.919 11.786 11.634 11.464 11.276 11.070 10.847 10.606 10.349 10.078 9.793 9.498 9.193 8.882 8.565 8.246 7.924 7.601 7.277 6.953 6.629 6.304 5.978 5.651 5.325 4.999 4.675 4.355 4.039 3.731 3.431 3.143 2.868 2.606 2.360 2.130 1.916 1.718 1.536 1.369 1.217 1.078 0.951 0.835 0.725 0.609 0.449
3.153 3.592 3.828 4.020 4.221 4.445 4.702 5.011 5.399 5.934 6.800 8.846 10.774 11.520 11.961 12.255 12.464 12.615 12.723 12.797 12.841 12.859 12.855 12.829 12.784 12.719 12.635 12.533 12.411 12.271 12.112 11.934 11.735 11.518 11.280 11.024 10.749 10.458 10.152 9.833 9.503 9.166 8.822 8.476 8.127 7.778 7.429 7.080 6.731 6.383 6.034 5.686 5.337 4.989 4.642 4.298 3.959 3.626 3.303 2.991 2.692 2.409 2.142 1.892 1.660 1.447 1.250 1.071 0.907 0.758 0.624 0.501 0.389 0.279 0.157
3.418 3.906 4.165 4.366 4.573 4.803 5.070 5.392 5.809 6.400 7.422 10.134 11.482 12.155 12.560 12.833 13.029 13.170 13.269 13.336 13.374 13.387 13.378 13.348 13.298 13.229 13.141 13.033 12.907 12.761 12.595 12.409 12.201 11.973 11.723 11.451 11.160 10.849 10.521 10.178 9.823 9.458 9.087 8.713 8.336 7.960 7.584 7.209 6.836 6.463 6.092 5.720 5.349 4.979 4.610 4.243 3.881 3.524 3.176 2.839 2.516 2.209 1.919 1.648 1.397 1.166 0.954 0.760 0.584 0.425 0.282 0.152 0.034 0.000 0.000
3.665 4.202 4.483 4.694 4.908 5.143 5.419 5.755 6.194 6.836 8.012 10.850 12.122 12.750 13.132 13.393 13.579 13.713 13.807 13.869 13.903 13.912 13.899 13.866 13.812 13.739 13.647 13.536 13.405 13.254 13.082 12.889 12.673 12.435 12.173 11.887 11.579 11.249 10.900 10.533 10.151 9.759 9.360 8.956 8.550 8.145 7.742 7.340 6.941 6.544 6.149 5.755 5.361 4.969 4.579 4.190 3.805 3.425 3.053 2.691 2.342 2.009 1.695 1.401 1.129 0.878 0.648 0.440 0.251 0.080 0.074 0.212 0.000 0.000 0.068
3.893 4.477 4.786 5.008 5.227 5.469 5.750 6.094 6.553 7.236 8.532 11.479 12.709 13.313 13.684 13.938 14.118 14.248 14.339 14.397 14.428 14.434 14.418 14.382 14.325 14.250 14.154 14.039 13.905 13.749 13.572 13.372 13.149 12.901 12.628 12.330 12.006 11.657 11.286 10.896 10.488 10.068 9.639 9.205 8.769 8.334 7.902 7.473 7.047 6.624 6.205 5.787 5.372 4.959 4.547 4.138 3.731 3.329 2.933 2.547 2.172 1.813 1.473 1.154 0.858 0.585 0.337 0.111 0.093 0.222 0.060 0.000 0.000 0.147 0.040
4.111 4.738 5.072 5.306 5.530 5.776 6.062 6.414 6.881 7.587 8.967 12.014 13.249 13.850 14.219 14.470 14.649 14.777 14.865 14.921 14.950 14.954 14.936 14.897 14.838 14.759 14.661 14.543 14.405 14.245 14.063 13.858 13.628 13.372 13.089 12.778 12.439 12.072 11.680 11.266 10.832 10.383 9.924 9.459 8.992 8.526 8.064 7.606 7.153 6.704 6.260 5.820 5.382 4.947 4.515 4.086 3.659 3.237 2.819 2.409 2.009 1.624 1.257 0.910 0.588 0.292 0.021 0.224 0.056 0.000 0.000 0.000 0.139 0.221 0.113
4.318 4.990 5.349 5.592 5.820 6.069 6.358 6.713 7.184 7.893 9.279 12.452 13.741 14.361 14.737 14.991 15.171 15.299 15.387 15.442 15.469 15.472 15.452 15.411 15.350 15.269 15.168 15.047 14.905 14.742 14.556 14.345 14.109 13.846 13.553 13.230 12.877 12.493 12.081 11.643 11.183 10.706 10.217 9.721 9.223 8.726 8.232 7.744 7.261 6.784 6.314 5.848 5.388 4.933 4.481 4.033 3.589 3.148 2.711 2.279 1.856 1.444 1.049 0.674 0.323 0.001 0.204 0.070 0.001 0.000 0.008 0.097 0.074 0.198 0.156
4.513 5.224 5.610 5.865 6.099 6.348 6.632 6.985 7.450 8.141 9.455 12.777 14.183 14.845 15.238 15.500 15.685 15.815 15.904 15.959 15.986 15.988 15.967 15.924 15.861 15.777 15.674 15.550 15.406 15.239 15.049 14.834 14.592 14.321 14.020 13.686 13.319 12.919 12.486 12.023 11.534 11.025 10.502 9.971 9.439 8.910 8.388 7.875 7.369 6.871 6.380 5.895 5.414 4.937 4.465 3.997 3.532 3.072 2.615 2.162 1.715 1.278 0.854 0.449 0.068 0.213 0.116 0.000 0.000 0.080 0.141 0.162 0.025 0.154 0.186
4.699 5.447 5.856 6.124 6.360 6.609 6.889 7.234 7.681 8.331 9.523 12.960 14.552 15.291 15.715 15.993 16.187 16.322 16.414 16.471 16.498 16.500 16.478 16.434 16.369 16.284 16.178 16.052 15.905 15.735 15.542 15.323 15.076 14.799 14.490 14.147 13.768 13.354 12.906 12.426 11.921 11.395 10.854 10.302 9.744 9.181 8.617 8.054 7.495 6.942 6.400 5.872 5.358 4.859 4.374 3.899 3.431 2.967 2.504 2.042 1.581 1.123 0.674 0.239 0.174 0.000 0.000 0.001 0.066 0.170 0.073 0.208 0.053 0.134 0.201
4.873 5.655 6.087 6.365 6.604 6.850 7.125 7.454 7.876 8.475 9.500 12.328 14.813 15.679 16.157 16.462 16.670 16.815 16.912 16.973 17.002 17.005 16.982 16.938 16.872 16.786 16.679 16.551 16.402 16.230 16.034 15.812 15.561 15.279 14.962 14.607 14.211 13.773 13.292 12.769 12.210 11.624 11.022 10.417 9.820 9.238 8.674 8.128 7.598 7.080 6.568 6.059 5.550 5.041 4.530 4.020 3.512 3.006 2.503 2.002 1.505 1.012 0.528 0.056 0.001 0.002 0.000 0.108 0.072 0.008 0.016 0.001 0.074 0.124 0.001
5.037 5.848 6.300 6.586 6.827 7.068 7.331 7.643 8.032 8.566 9.422 11.304 14.800 15.973 16.542 16.890 17.123 17.282 17.389 17.456 17.490 17.495 17.475 17.431 17.365 17.279 17.172 17.044 16.894 16.721 16.524 16.300 16.046 15.761 15.442 15.087 14.697 14.272 13.817 13.337 12.833 12.303 11.746 11.160 10.546 9.905 9.241 8.559 7.869 7.179 6.502 5.846 5.220 4.630 4.079 3.562 3.076 2.612 2.161 1.715 1.265 0.805 0.335 0.000 0.002 0.094 0.044 0.067 0.180 0.142 0.074 0.187 0.000 0.000 0.000
5.185 6.018 6.490 6.784 7.024 7.256 7.504 7.793 8.148 8.613 9.298 10.590 14.382 16.070 16.825 17.249 17.522 17.706 17.829 17.907 17.949 17.960 17.944 17.903 17.841 17.756 17.651 17.525 17.377 17.206 17.010 16.785 16.529 16.235 15.899 15.513 15.071 14.566 13.998 13.373 12.709 12.034 11.363 10.708 10.076 9.468 8.885 8.323 7.779 7.250 6.733 6.224 5.722 5.224 4.727 4.227 3.720 3.201 2.667 2.117 1.551 0.974 0.396 0.000 0.246 0.203 0.192 0.219 0.179 0.074 0.000 0.000 0.001 0.001 0.135
5.314 6.167 6.650 6.947 7.183 7.407 7.642 7.905 8.216 8.610 9.157 10.039 12.078 15.728 16.917 17.486 17.829 18.054 18.204 18.301 18.357 18.379 18.372 18.339 18.283 18.205 18.106 17.985 17.843 17.677 17.486 17.269 17.023 16.747 16.441 16.105 15.740 15.345 14.922 14.467 13.975 13.428 12.825 12.170 11.475 10.750 10.012 9.271 8.529 7.785 7.039 6.292 5.544 4.800 4.068 3.361 2.695 2.087 1.541 1.053 0.605 0.177 0.236 0.193 0.167 0.157 0.151 0.135 0.001 0.001 0.000 0.000 0.023 0.006 0.053
5.423 6.287 6.775 7.069 7.297 7.507 7.722 7.958 8.229 8.561 8.994 9.622 10.727 13.955 16.587 17.493 17.975 18.272 18.468 18.597 18.678 18.720 18.731 18.715 18.675 18.612 18.527 18.420 18.289 18.133 17.947 17.726 17.465 17.153 16.782 16.340 15.826 15.240 14.588 13.885 13.149 12.401 11.661 10.941 10.252 9.595 8.969 8.373 7.804 7.261 6.742 6.239 5.748 5.265 4.787 4.312 3.836 3.356 2.867 2.361 1.832 1.267 0.655 0.010 0.008 0.009 0.002 0.003 0.004 0.001 0.108 0.198 0.115 0.107 0.163
5.477 6.350 6.845 7.137 7.357 7.553 7.748 7.955 8.188 8.464 8.807 9.266 9.955 11.251 15.234 17.037 17.830 18.265 18.541 18.726 18.850 18.930 18.974 18.989 18.979 18.946 18.892 18.818 18.723 18.605 18.457 18.276 18.060 17.805 17.510 17.172 16.786 16.348 15.859 15.322 14.746 14.140 13.513 12.874 12.228 11.575 10.921 10.265 9.604 8.930 8.236 7.518 6.779 6.022 5.249 4.461 3.653 2.818 1.955 1.079 0.238 0.029 0.003 0.008 0.004 0.001 0.000 0.000 0.009 0.163 0.118 0.048 0.121 0.006 0.105
5.438 6.318 6.815 7.107 7.320 7.506 7.687 7.876 8.087 8.333 8.630 9.003 9.507 10.282 11.884 15.615 17.083 17.792 18.239 18.548 18.765 18.921 19.032 19.106 19.137 19.119 19.048 18.928 18.775 18.611 18.445 18.270 18.060 17.790 17.434 16.968 16.384 15.686 14.901 14.063 13.212 12.378 11.581 10.827 10.120 9.458 8.839 8.263 7.728 7.238 6.794 6.394 6.037 5.717 5.427 5.160 4.903 4.643 4.361 4.039 3.653 3.176 2.577 1.824 0.898 0.284 0.086 0.046 0.088 0.031 0.218 0.163 0.150 0.135 0.084
5.047 5.956 6.499 6.848 7.123 7.369 7.608 7.867 8.184 8.572 9.013 9.481 9.954 10.410 10.834 11.227 11.653 12.315 13.636 16.777 18.181 18.655 18.959 19.170 19.195 18.880 18.245 17.466 16.764 16.368 16.343 16.632 16.935 17.064 16.995 16.758 16.374 15.860 15.229 14.504 13.716 12.903 12.100 11.336 10.624 9.972 9.379 8.843 8.360 7.926 7.536 7.185 6.869 6.580 6.312 6.066 5.861 5.701 5.488 5.135 4.589 3.838 2.897 1.780 0.498 0.160 0.007 0.139 0.069 0.008 0.101 0.061 0.007 0.006 0.000
3.693 4.405 4.830 5.146 5.453 5.790 6.208 6.833 8.229 10.359 11.358 12.002 12.464 12.797 13.024 13.156 13.200 13.164 13.055 12.886 12.668 12.419 12.152 11.883 11.622 11.375 11.146 10.938 10.755 10.599 10.473 10.374 10.297 10.234 10.183 10.140 10.103 10.071 10.044 10.022 10.005 9.992 9.983 9.977 9.973 9.969 9.965 9.959 9.952 9.943 9.932 9.918 9.902 9.882 9.859 9.832 9.797 9.750 9.689 9.615 9.528 9.424 9.301 9.159 8.995 8.810 8.601 8.362 8.086 7.761 7.374 6.907 6.349 5.691 4.938
7.489 7.974 8.146 8.173 8.155 8.123 8.088 8.056 8.034 8.032 8.049 8.067 8.057 7.998 7.894 7.783 7.745 7.896 8.272 8.750 9.190 9.447 9.383 8.974 8.543 8.540 8.885 9.114 8.747 7.708 7.136 7.743 9.666 10.471 10.804 10.955 11.029 11.064 11.074 11.062 11.031 10.987 10.935 10.884 10.839 10.803 10.777 10.761 10.755 10.759 10.775 10.788 10.789 10.796 10.836 10.949 11.160 11.351 11.475 11.459 11.222 10.888 10.548 10.214 9.915 9.646 9.378 9.061 8.629 8.027 7.213 6.114 4.703 2.877 0.821
