Examples/2023_ISeeSnow/data/CoulombOnly/Results/curv77s/s/1HS_03_curv77s_MoT-Voellmy_s_0002.asc
ncols        66
nrows        35
xllcorner    1037.5
yllcorner    -4337.5
cellsize     5.00
NODATA_value -9999
0.000 0.002 0.030 0.072 0.083 0.083 0.081 0.079 0.077 0.074 0.072 0.069 0.067 0.065 0.062 0.058 0.055 0.051 0.048 0.044 0.041 0.038 0.035 0.032 0.029 0.026 0.024 0.022 0.019 0.017 0.015 0.014 0.012 0.011 0.009 0.008 0.007 0.006 0.005 0.004 0.003 0.003 0.002 0.002 0.001 0.001 0.001 0.001 0.000 0.000 0.000 0.000 0.000 0.000 0.000 0.000 0.000 0.000 0.000 0.000 0.000 0.000 0.000 0.000 0.000 0.000
0.000 1.645 3.901 3.952 3.994 3.993 3.989 3.983 3.978 3.972 3.966 3.960 3.954 3.948 3.941 3.938 3.932 3.925 3.918 3.911 3.903 3.896 3.888 3.880 3.872 3.864 3.855 3.846 3.837 3.828 3.819 3.784 3.658 3.532 3.405 3.277 3.150 3.022 2.894 2.766 2.638 2.511 2.384 2.258 2.133 2.010 1.888 1.767 1.648 1.531 1.416 1.304 1.195 1.088 0.986 0.886 0.791 0.699 0.612 0.530 0.453 0.383 0.043 0.000 0.000 0.000
0.000 3.297 4.203 4.451 4.510 4.520 4.517 4.511 4.504 4.498 4.491 4.484 4.477 4.469 4.462 4.454 4.446 4.438 4.430 4.421 4.412 4.403 4.394 4.385 4.376 4.366 4.356 4.346 4.336 4.325 4.314 4.303 4.292 4.281 4.270 4.258 4.246 4.234 4.222 4.209 4.197 4.184 4.171 4.158 4.145 4.132 4.118 4.105 4.091 4.077 4.063 4.049 4.035 4.021 4.006 3.992 3.978 3.963 3.949 3.934 3.952 4.583 4.514 2.305 0.018 0.000
0.000 3.186 4.460 4.834 4.970 5.005 5.006 5.000 4.993 4.986 4.978 4.971 4.963 4.955 4.947 4.938 4.930 4.921 4.912 4.902 4.893 4.883 4.873 4.863 4.853 4.842 4.831 4.821 4.809 4.798 4.786 4.774 4.762 4.750 4.738 4.725 4.712 4.699 4.686 4.673 4.659 4.645 4.632 4.618 4.603 4.589 4.575 4.560 4.546 4.531 4.516 4.501 4.486 4.471 4.456 4.441 4.426 4.411 4.396 4.383 4.482 5.424 5.617 5.196 4.559 2.709
0.000 2.870 4.236 4.573 4.714 4.754 4.761 4.760 4.758 4.756 4.754 4.752 4.750 4.748 4.746 4.744 4.742 4.740 4.738 4.735 4.733 4.731 4.729 4.727 4.725 4.723 4.721 4.719 4.717 4.715 4.713 4.712 4.710 4.708 4.707 4.705 4.704 4.702 4.701 4.700 4.699 4.698 4.698 4.697 4.697 4.696 4.696 4.697 4.697 4.698 4.699 4.700 4.701 4.703 4.705 4.707 4.710 4.713 4.717 4.722 4.837 5.732 5.904 5.440 4.764 3.015
0.000 2.875 4.240 4.579 4.720 4.761 4.768 4.767 4.765 4.763 4.761 4.759 4.757 4.754 4.752 4.750 4.748 4.746 4.743 4.741 4.739 4.736 4.734 4.732 4.729 4.727 4.724 4.722 4.720 4.717 4.715 4.712 4.710 4.708 4.705 4.703 4.701 4.699 4.696 4.694 4.692 4.690 4.688 4.687 4.685 4.683 4.682 4.680 4.679 4.678 4.677 4.676 4.675 4.675 4.674 4.674 4.674 4.674 4.675 4.677 4.786 5.706 5.895 5.440 4.764 3.341
0.000 2.883 4.246 4.585 4.728 4.769 4.775 4.775 4.773 4.772 4.770 4.768 4.767 4.765 4.763 4.761 4.760 4.758 4.756 4.754 4.752 4.751 4.749 4.747 4.745 4.743 4.741 4.739 4.737 4.735 4.734 4.732 4.730 4.728 4.726 4.725 4.723 4.721 4.720 4.718 4.717 4.715 4.714 4.712 4.711 4.710 4.709 4.708 4.707 4.707 4.706 4.706 4.705 4.705 4.705 4.705 4.706 4.706 4.707 4.710 4.817 5.733 5.917 5.457 4.777 3.411
0.000 2.892 4.253 4.593 4.736 4.777 4.784 4.784 4.782 4.781 4.780 4.778 4.777 4.775 4.774 4.772 4.771 4.769 4.768 4.766 4.765 4.763 4.762 4.760 4.759 4.757 4.755 4.754 4.752 4.751 4.749 4.748 4.746 4.744 4.743 4.741 4.740 4.739 4.737 4.736 4.735 4.733 4.732 4.731 4.730 4.729 4.728 4.727 4.726 4.726 4.725 4.725 4.725 4.724 4.724 4.724 4.725 4.725 4.726 4.728 4.835 5.746 5.931 5.471 4.790 3.469
0.000 2.900 4.259 4.600 4.743 4.785 4.792 4.792 4.791 4.790 4.789 4.787 4.786 4.785 4.784 4.783 4.782 4.780 4.779 4.778 4.777 4.775 4.774 4.773 4.771 4.770 4.769 4.768 4.766 4.765 4.764 4.762 4.761 4.760 4.759 4.757 4.756 4.755 4.754 4.753 4.752 4.751 4.750 4.749 4.748 4.747 4.746 4.746 4.745 4.744 4.744 4.744 4.743 4.743 4.743 4.743 4.743 4.743 4.744 4.746 4.852 5.759 5.945 5.485 4.802 3.520
0.000 2.908 4.264 4.607 4.750 4.791 4.799 4.799 4.798 4.797 4.797 4.796 4.795 4.794 4.793 4.792 4.791 4.790 4.789 4.788 4.787 4.786 4.785 4.784 4.783 4.782 4.781 4.780 4.779 4.778 4.777 4.776 4.775 4.774 4.773 4.772 4.771 4.770 4.769 4.768 4.767 4.766 4.765 4.765 4.764 4.763 4.763 4.762 4.762 4.761 4.761 4.760 4.760 4.760 4.760 4.760 4.760 4.760 4.760 4.762 4.868 5.771 5.957 5.497 4.813 3.566
0.000 2.914 4.269 4.612 4.755 4.797 4.805 4.805 4.805 4.804 4.804 4.803 4.802 4.801 4.801 4.800 4.799 4.798 4.798 4.797 4.796 4.795 4.795 4.794 4.793 4.792 4.791 4.791 4.790 4.789 4.788 4.787 4.787 4.786 4.785 4.784 4.783 4.783 4.782 4.781 4.781 4.780 4.779 4.779 4.778 4.778 4.777 4.777 4.776 4.776 4.775 4.775 4.775 4.775 4.775 4.774 4.775 4.775 4.775 4.777 4.881 5.782 5.968 5.508 4.822 3.607
0.000 2.920 4.274 4.617 4.760 4.803 4.810 4.811 4.811 4.810 4.810 4.809 4.809 4.808 4.807 4.807 4.806 4.806 4.805 4.805 4.804 4.803 4.803 4.802 4.802 4.801 4.800 4.800 4.799 4.799 4.798 4.797 4.797 4.796 4.796 4.795 4.794 4.794 4.793 4.793 4.792 4.792 4.791 4.791 4.790 4.790 4.790 4.789 4.789 4.788 4.788 4.788 4.788 4.788 4.787 4.787 4.787 4.787 4.787 4.789 4.893 5.791 5.977 5.517 4.831 3.642
0.000 2.925 4.277 4.621 4.765 4.807 4.815 4.816 4.815 4.815 4.815 4.814 4.814 4.814 4.813 4.813 4.812 4.812 4.812 4.811 4.811 4.810 4.810 4.809 4.809 4.809 4.808 4.808 4.807 4.807 4.806 4.806 4.805 4.805 4.805 4.804 4.804 4.803 4.803 4.803 4.802 4.802 4.801 4.801 4.801 4.800 4.800 4.800 4.799 4.799 4.799 4.799 4.799 4.798 4.798 4.798 4.798 4.798 4.798 4.800 4.904 5.799 5.986 5.525 4.838 3.672
0.000 2.928 4.280 4.624 4.768 4.811 4.819 4.819 4.819 4.819 4.819 4.819 4.818 4.818 4.818 4.818 4.817 4.817 4.817 4.816 4.816 4.816 4.816 4.815 4.815 4.815 4.814 4.814 4.814 4.813 4.813 4.813 4.813 4.812 4.812 4.812 4.811 4.811 4.811 4.810 4.810 4.810 4.810 4.809 4.809 4.809 4.809 4.808 4.808 4.808 4.808 4.808 4.808 4.807 4.807 4.807 4.807 4.807 4.807 4.809 4.912 5.806 5.992 5.532 4.844 3.697
0.000 2.931 4.282 4.627 4.771 4.813 4.821 4.822 4.822 4.822 4.822 4.822 4.822 4.822 4.821 4.821 4.821 4.821 4.821 4.821 4.820 4.820 4.820 4.820 4.820 4.819 4.819 4.819 4.819 4.819 4.818 4.818 4.818 4.818 4.818 4.817 4.817 4.817 4.817 4.817 4.816 4.816 4.816 4.816 4.816 4.816 4.815 4.815 4.815 4.815 4.815 4.815 4.814 4.814 4.814 4.814 4.814 4.814 4.814 4.816 4.919 5.811 5.997 5.537 4.848 3.716
0.000 2.934 4.284 4.629 4.773 4.815 4.824 4.825 4.825 4.824 4.824 4.824 4.824 4.824 4.824 4.824 4.824 4.824 4.824 4.823 4.823 4.823 4.823 4.823 4.823 4.823 4.823 4.823 4.822 4.822 4.822 4.822 4.822 4.822 4.822 4.822 4.821 4.821 4.821 4.821 4.821 4.821 4.821 4.821 4.820 4.820 4.820 4.820 4.820 4.820 4.820 4.820 4.819 4.819 4.819 4.819 4.819 4.819 4.819 4.820 4.924 5.815 6.001 5.540 4.852 3.730
0.000 2.935 4.285 4.630 4.774 4.816 4.825 4.826 4.826 4.826 4.826 4.826 4.826 4.826 4.825 4.825 4.825 4.825 4.825 4.825 4.825 4.825 4.825 4.825 4.825 4.825 4.825 4.825 4.825 4.824 4.824 4.824 4.824 4.824 4.824 4.824 4.824 4.824 4.824 4.824 4.824 4.823 4.823 4.823 4.823 4.823 4.823 4.823 4.823 4.823 4.822 4.822 4.822 4.822 4.822 4.822 4.822 4.822 4.822 4.823 4.926 5.817 6.003 5.543 4.854 3.739
0.000 2.934 4.285 4.630 4.773 4.816 4.824 4.825 4.825 4.825 4.825 4.825 4.825 4.825 4.825 4.825 4.825 4.825 4.825 4.825 4.825 4.824 4.824 4.824 4.824 4.824 4.824 4.824 4.824 4.824 4.824 4.823 4.823 4.823 4.823 4.823 4.823 4.823 4.822 4.822 4.822 4.822 4.822 4.822 4.822 4.821 4.821 4.821 4.821 4.821 4.820 4.820 4.820 4.820 4.820 4.819 4.819 4.819 4.819 4.820 4.923 5.815 6.002 5.542 4.852 3.768
0.000 2.935 4.285 4.630 4.774 4.816 4.825 4.826 4.826 4.826 4.826 4.826 4.826 4.826 4.825 4.825 4.825 4.825 4.825 4.825 4.825 4.825 4.825 4.825 4.825 4.825 4.825 4.825 4.825 4.824 4.824 4.824 4.824 4.824 4.824 4.824 4.824 4.824 4.824 4.824 4.824 4.823 4.823 4.823 4.823 4.823 4.823 4.823 4.823 4.823 4.822 4.822 4.822 4.822 4.822 4.822 4.822 4.822 4.822 4.823 4.926 5.817 6.003 5.543 4.854 3.739
0.000 2.934 4.284 4.629 4.773 4.815 4.824 4.825 4.825 4.824 4.824 4.824 4.824 4.824 4.824 4.824 4.824 4.824 4.824 4.823 4.823 4.823 4.823 4.823 4.823 4.823 4.823 4.823 4.822 4.822 4.822 4.822 4.822 4.822 4.822 4.822 4.821 4.821 4.821 4.821 4.821 4.821 4.821 4.821 4.820 4.820 4.820 4.820 4.820 4.820 4.820 4.820 4.819 4.819 4.819 4.819 4.819 4.819 4.819 4.820 4.924 5.815 6.001 5.540 4.852 3.730
0.000 2.931 4.282 4.627 4.771 4.813 4.821 4.822 4.822 4.822 4.822 4.822 4.822 4.822 4.821 4.821 4.821 4.821 4.821 4.821 4.820 4.820 4.820 4.820 4.820 4.819 4.819 4.819 4.819 4.819 4.818 4.818 4.818 4.818 4.818 4.817 4.817 4.817 4.817 4.817 4.816 4.816 4.816 4.816 4.816 4.816 4.815 4.815 4.815 4.815 4.815 4.815 4.814 4.814 4.814 4.814 4.814 4.814 4.814 4.816 4.919 5.811 5.997 5.537 4.848 3.716
0.000 2.928 4.280 4.624 4.768 4.811 4.819 4.819 4.819 4.819 4.819 4.819 4.818 4.818 4.818 4.818 4.817 4.817 4.817 4.816 4.816 4.816 4.816 4.815 4.815 4.815 4.814 4.814 4.814 4.813 4.813 4.813 4.813 4.812 4.812 4.812 4.811 4.811 4.811 4.810 4.810 4.810 4.810 4.809 4.809 4.809 4.809 4.808 4.808 4.808 4.808 4.808 4.808 4.807 4.807 4.807 4.807 4.807 4.807 4.809 4.912 5.806 5.992 5.532 4.844 3.697
0.000 2.925 4.277 4.621 4.765 4.807 4.815 4.816 4.815 4.815 4.815 4.814 4.814 4.814 4.813 4.813 4.812 4.812 4.812 4.811 4.811 4.810 4.810 4.809 4.809 4.809 4.808 4.808 4.807 4.807 4.806 4.806 4.805 4.805 4.805 4.804 4.804 4.803 4.803 4.803 4.802 4.802 4.801 4.801 4.801 4.800 4.800 4.800 4.799 4.799 4.799 4.799 4.799 4.798 4.798 4.798 4.798 4.798 4.798 4.800 4.904 5.799 5.986 5.525 4.838 3.672
0.000 2.920 4.274 4.617 4.760 4.803 4.810 4.811 4.811 4.810 4.810 4.809 4.809 4.808 4.807 4.807 4.806 4.806 4.805 4.805 4.804 4.803 4.803 4.802 4.802 4.801 4.800 4.800 4.799 4.799 4.798 4.797 4.797 4.796 4.796 4.795 4.794 4.794 4.793 4.793 4.792 4.792 4.791 4.791 4.790 4.790 4.790 4.789 4.789 4.788 4.788 4.788 4.788 4.788 4.787 4.787 4.787 4.787 4.787 4.789 4.893 5.791 5.977 5.517 4.831 3.642
0.000 2.914 4.269 4.612 4.755 4.797 4.805 4.805 4.805 4.804 4.804 4.803 4.802 4.801 4.801 4.800 4.799 4.798 4.798 4.797 4.796 4.795 4.795 4.794 4.793 4.792 4.791 4.791 4.790 4.789 4.788 4.787 4.787 4.786 4.785 4.784 4.783 4.783 4.782 4.781 4.781 4.780 4.779 4.779 4.778 4.778 4.777 4.777 4.776 4.776 4.775 4.775 4.775 4.775 4.775 4.775 4.775 4.775 4.775 4.777 4.881 5.782 5.968 5.508 4.822 3.607
0.000 2.908 4.264 4.607 4.750 4.791 4.799 4.799 4.798 4.797 4.797 4.796 4.795 4.794 4.793 4.792 4.791 4.790 4.789 4.788 4.787 4.786 4.785 4.784 4.783 4.782 4.781 4.780 4.779 4.778 4.777 4.776 4.775 4.774 4.773 4.772 4.771 4.770 4.769 4.768 4.767 4.766 4.765 4.765 4.764 4.763 4.763 4.762 4.762 4.761 4.761 4.760 4.760 4.760 4.760 4.760 4.760 4.760 4.760 4.762 4.868 5.771 5.957 5.497 4.813 3.566
0.000 2.900 4.259 4.600 4.743 4.785 4.792 4.792 4.791 4.790 4.789 4.787 4.786 4.785 4.784 4.783 4.782 4.780 4.779 4.778 4.777 4.775 4.774 4.773 4.771 4.770 4.769 4.768 4.766 4.765 4.764 4.762 4.761 4.760 4.759 4.757 4.756 4.755 4.754 4.753 4.752 4.751 4.750 4.749 4.748 4.747 4.746 4.746 4.745 4.744 4.744 4.744 4.743 4.743 4.743 4.743 4.743 4.744 4.744 4.746 4.852 5.759 5.945 5.485 4.802 3.520
0.000 2.892 4.253 4.593 4.736 4.777 4.784 4.784 4.782 4.781 4.780 4.778 4.777 4.775 4.774 4.772 4.771 4.769 4.768 4.766 4.765 4.763 4.762 4.760 4.759 4.757 4.755 4.754 4.752 4.751 4.749 4.748 4.746 4.744 4.743 4.741 4.740 4.739 4.737 4.736 4.735 4.733 4.732 4.731 4.730 4.729 4.728 4.727 4.727 4.726 4.725 4.725 4.725 4.724 4.724 4.724 4.725 4.725 4.726 4.728 4.835 5.746 5.931 5.471 4.790 3.469
0.000 2.883 4.246 4.585 4.728 4.769 4.775 4.775 4.773 4.772 4.770 4.768 4.767 4.765 4.763 4.762 4.760 4.758 4.756 4.754 4.752 4.751 4.749 4.747 4.745 4.743 4.741 4.739 4.737 4.735 4.734 4.732 4.730 4.728 4.726 4.725 4.723 4.721 4.720 4.718 4.717 4.715 4.714 4.712 4.711 4.710 4.709 4.708 4.707 4.707 4.706 4.706 4.705 4.705 4.705 4.706 4.706 4.707 4.707 4.710 4.818 5.733 5.917 5.457 4.777 3.411
0.000 2.875 4.240 4.579 4.720 4.761 4.768 4.767 4.765 4.763 4.761 4.759 4.757 4.754 4.752 4.750 4.748 4.746 4.743 4.741 4.739 4.736 4.734 4.732 4.729 4.727 4.724 4.722 4.720 4.717 4.715 4.712 4.710 4.708 4.705 4.703 4.701 4.699 4.696 4.694 4.692 4.690 4.688 4.687 4.685 4.683 4.682 4.680 4.679 4.678 4.677 4.676 4.675 4.675 4.674 4.674 4.674 4.674 4.675 4.677 4.786 5.706 5.895 5.440 4.764 3.341
0.000 2.870 4.236 4.573 4.714 4.754 4.761 4.760 4.758 4.756 4.754 4.752 4.750 4.748 4.746 4.744 4.742 4.740 4.738 4.735 4.733 4.731 4.729 4.727 4.725 4.723 4.721 4.719 4.717 4.715 4.713 4.712 4.710 4.708 4.707 4.705 4.704 4.702 4.701 4.700 4.699 4.698 4.698 4.697 4.697 4.696 4.696 4.697 4.697 4.698 4.699 4.700 4.701 4.703 4.705 4.707 4.710 4.713 4.717 4.722 4.837 5.732 5.904 5.440 4.764 3.015
0.000 3.186 4.460 4.834 4.971 5.005 5.006 5.000 4.993 4.986 4.979 4.971 4.963 4.955 4.947 4.938 4.930 4.921 4.912 4.903 4.893 4.883 4.874 4.863 4.853 4.843 4.832 4.821 4.810 4.798 4.787 4.775 4.763 4.751 4.738 4.725 4.713 4.700 4.686 4.673 4.660 4.646 4.632 4.618 4.604 4.589 4.575 4.560 4.546 4.531 4.516 4.501 4.486 4.471 4.456 4.441 4.426 4.411 4.396 4.383 4.482 5.424 5.617 5.196 4.559 2.709
0.000 3.297 4.203 4.451 4.511 4.520 4.517 4.511 4.504 4.498 4.491 4.484 4.477 4.469 4.462 4.454 4.446 4.438 4.430 4.421 4.413 4.404 4.395 4.385 4.376 4.366 4.356 4.346 4.336 4.325 4.315 4.304 4.293 4.281 4.270 4.258 4.246 4.234 4.222 4.210 4.197 4.184 4.172 4.159 4.145 4.132 4.119 4.105 4.091 4.077 4.063 4.049 4.035 4.021 4.007 3.992 3.978 3.963 3.949 3.934 3.952 4.583 4.514 2.321 0.018 0.000
0.000 1.646 3.901 3.952 3.994 3.993 3.989 3.983 3.978 3.972 3.966 3.960 3.954 3.948 3.941 3.938 3.932 3.925 3.918 3.911 3.904 3.896 3.888 3.880 3.872 3.864 3.855 3.846 3.837 3.828 3.819 3.792 3.667 3.540 3.413 3.286 3.158 3.030 2.902 2.774 2.646 2.519 2.392 2.267 2.142 2.018 1.896 1.775 1.656 1.539 1.424 1.311 1.202 1.096 0.993 0.893 0.797 0.705 0.618 0.535 0.458 0.388 0.043 0.000 0.000 0.000
0.000 0.002 0.030 0.072 0.083 0.083 0.081 0.079 0.077 0.074 0.072 0.070 0.067 0.065 0.062 0.059 0.055 0.051 0.048 0.044 0.041 0.038 0.035 0.032 0.029 0.027 0.024 0.022 0.020 0.017 0.016 0.014 0.012 0.011 0.009 0.008 0.007 0.006 0.005 0.004 0.003 0.003 0.002 0.002 0.001 0.001 0.001 0.001 0.000 0.000 0.000 0.000 0.000 0.000 0.000 0.000 0.000 0.000 0.000 0.000 0.000 0.000 0.000 0.000 0.000 0.000
