Examples/2023_ISeeSnow/data/CoulombOnly/Results/curv77s/s/1HS_03_curv77s_MoT-Voellmy_s_0031.asc
ncols        146
nrows        17
xllcorner    1727.5
yllcorner    -4292.5
cellsize     5.00
NODATA_value -9999
19.339 19.770 20.046 20.294 20.544 20.801 21.068 21.355 21.675 22.038 22.449 22.932 23.560 24.419 25.481 26.501 27.200 28.083 30.698 34.532 35.170 29.228 19.933 12.472 8.160 5.711 3.325 0.542 0.003 0.000 0.000 0.000 0.000 0.000 0.000 0.000 0.000 0.000 0.000 0.000 0.000 0.000 0.000 0.000 0.000 0.000 0.000 0.000 0.000 0.000 0.000 0.037 0.113 0.154 0.109 0.020 0.000 0.000 0.000 0.000 0.000 0.000 0.000 0.000 0.000 0.000 0.000 0.000 0.000 0.000 0.000 0.000 0.000 0.000 0.000 0.000 0.000 0.000 0.000 0.000 0.000 0.000 0.000 0.000 0.000 0.000 0.000 0.000 0.000 0.000 0.000 0.000 0.000 0.000 0.000 0.000 0.000 0.000 0.000 0.000 0.000 0.000 0.000 0.000 0.000 0.000 0.000 0.000 0.000 0.000 0.000 0.000 0.000 0.000 0.000 0.000 0.000 0.000 0.000 0.000 0.000 0.000 0.000 0.000 0.000 0.000 0.000 0.000 0.000 0.000 0.000 0.000 0.000 0.000 0.000 0.000 0.000 0.000 0.000 0.000 0.000 0.000 0.000 0.000 0.000 0.000
19.065 19.919 20.229 20.399 20.547 20.698 20.855 21.023 21.204 21.402 21.620 21.862 22.138 22.463 22.845 23.271 23.715 24.192 24.826 25.692 26.635 27.326 27.414 26.628 25.374 25.865 31.165 37.098 35.608 27.198 17.699 11.238 7.634 4.919 1.320 0.387 1.647 5.580 15.826 26.669 33.685 36.754 37.322 36.779 36.206 36.089 36.594 37.846 40.055 43.703 51.524 56.498 59.587 61.499 62.716 63.525 64.087 64.492 64.794 65.025 65.208 65.357 65.481 65.587 65.679 65.761 65.835 65.903 65.966 66.025 66.081 66.134 66.183 66.229 66.269 66.304 66.330 66.351 66.366 66.378 66.384 66.387 66.387 66.391 66.412 66.492 66.749 67.538 69.928 67.128 47.960 5.247 0.001 0.000 0.000 0.000 0.000 0.000 0.000 0.000 0.000 0.000 0.000 0.000 0.000 0.000 0.000 0.000 0.000 0.000 0.000 0.000 0.000 0.000 0.000 0.000 0.000 0.000 0.000 0.000 0.000 0.000 0.000 0.000 0.000 0.000 0.000 0.000 0.000 0.000 0.000 0.000 0.000 0.000 0.000 0.000 0.000 0.000 0.000 0.000 0.000 0.000 0.000 0.000 0.000 0.000
19.542 21.147 21.760 22.003 22.148 22.268 22.382 22.501 22.628 22.765 22.909 23.063 23.230 23.413 23.613 23.831 24.062 24.307 24.578 24.891 25.244 25.607 25.933 26.169 26.325 26.698 27.727 29.030 29.967 30.175 29.566 28.258 27.268 29.379 35.437 40.886 42.286 37.735 30.689 26.373 26.453 33.758 39.574 44.154 53.528 59.215 61.848 63.289 64.106 64.593 64.903 65.111 65.260 65.371 65.459 65.533 65.596 65.652 65.705 65.755 65.803 65.850 65.896 65.942 65.989 66.035 66.082 66.129 66.176 66.224 66.273 66.322 66.371 66.421 66.472 66.525 66.579 66.636 66.696 66.758 66.822 66.889 66.958 67.030 67.104 67.178 67.254 67.328 67.396 67.454 67.510 67.576 67.640 67.695 67.743 67.785 67.822 67.855 67.886 67.920 67.965 68.041 68.199 68.576 69.542 71.941 68.580 38.338 1.584 0.000 0.000 0.000 0.000 0.000 0.000 0.000 0.000 0.000 0.000 0.000 0.000 0.000 0.000 0.000 0.000 0.000 0.000 0.000 0.000 0.000 0.000 0.000 0.000 0.000 0.000 0.000 0.000 0.000 0.000 0.000 0.000 0.000 0.000 0.000 0.000 0.000
20.126 22.567 23.735 24.280 24.583 24.791 24.961 25.118 25.272 25.430 25.596 25.774 25.962 26.162 26.372 26.598 26.839 27.091 27.353 27.629 27.919 28.223 28.531 28.834 29.126 29.432 29.805 30.235 30.666 31.039 31.313 31.464 31.568 31.916 32.575 33.262 33.614 32.477 32.044 45.317 58.898 62.635 63.960 64.574 64.912 65.116 65.248 65.339 65.407 65.462 65.510 65.555 65.600 65.646 65.694 65.744 65.796 65.850 65.905 65.963 66.021 66.080 66.140 66.201 66.261 66.322 66.384 66.445 66.506 66.568 66.629 66.692 66.754 66.817 66.881 66.945 67.009 67.072 67.133 67.192 67.249 67.304 67.355 67.402 67.446 67.488 67.528 67.568 67.607 67.649 67.696 67.741 67.790 67.842 67.898 67.956 68.015 68.074 68.131 68.186 68.239 68.289 68.336 68.381 68.419 68.439 68.412 68.388 68.424 68.471 68.522 68.586 68.684 68.864 69.245 70.108 72.040 67.873 28.502 0.410 0.000 0.000 0.000 0.000 0.000 0.000 0.000 0.000 0.000 0.000 0.000 0.000 0.000 0.000 0.000 0.000 0.000 0.000 0.000 0.000 0.000 0.000 0.000 0.000 0.000 0.000
20.618 23.754 25.540 26.543 27.182 27.640 28.005 28.322 28.617 28.907 29.207 29.533 29.890 30.280 30.730 31.240 31.834 32.515 33.322 34.280 35.425 36.815 38.535 40.710 43.535 47.345 53.276 55.911 56.501 57.023 57.505 57.948 58.361 58.809 60.284 62.619 63.869 64.448 64.761 64.956 65.085 65.176 65.247 65.308 65.365 65.421 65.478 65.536 65.597 65.661 65.728 65.798 65.870 65.945 66.021 66.099 66.178 66.258 66.338 66.418 66.498 66.577 66.656 66.733 66.810 66.886 66.961 67.035 67.108 67.180 67.251 67.321 67.391 67.460 67.527 67.594 67.659 67.723 67.785 67.846 67.906 67.964 68.022 68.083 68.146 68.214 68.287 68.366 68.450 68.541 68.637 68.732 68.829 68.926 69.019 69.108 69.190 69.266 69.336 69.399 69.457 69.509 69.556 69.599 69.637 69.670 69.697 69.719 69.736 69.746 69.751 69.750 69.742 69.730 69.711 69.684 69.634 69.529 69.455 69.451 69.471 69.534 69.696 70.076 70.923 72.384 39.816 1.306 0.000 0.000 0.000 0.000 0.000 0.000 0.000 0.000 0.000 0.000 0.000 0.000 0.000 0.000 0.000 0.000 0.000 0.000
21.022 24.660 26.975 28.454 29.514 30.349 31.050 31.685 32.295 32.932 33.637 34.508 35.656 37.311 40.055 45.800 55.055 57.624 59.039 60.165 61.122 61.941 62.639 63.228 63.715 64.105 64.392 64.599 64.783 64.967 65.110 65.198 65.244 65.266 65.280 65.294 65.311 65.334 65.365 65.405 65.454 65.513 65.582 65.658 65.742 65.831 65.924 66.019 66.115 66.210 66.305 66.397 66.487 66.575 66.661 66.744 66.824 66.903 66.980 67.054 67.127 67.198 67.268 67.336 67.403 67.468 67.533 67.596 67.659 67.721 67.783 67.845 67.908 67.971 68.036 68.102 68.171 68.242 68.315 68.392 68.472 68.554 68.639 68.724 68.809 68.891 68.968 69.042 69.110 69.174 69.233 69.285 69.333 69.377 69.416 69.452 69.484 69.513 69.540 69.564 69.588 69.610 69.632 69.654 69.676 69.699 69.720 69.742 69.762 69.780 69.795 69.808 69.817 69.821 69.819 69.812 69.799 69.781 69.759 69.734 69.708 69.681 69.650 69.613 69.555 69.428 69.319 69.416 69.650 70.080 70.891 54.079 4.900 0.000 0.000 0.000 0.000 0.000 0.000 0.000 0.000 0.000 0.000 0.000 0.000 0.000
21.388 25.378 28.111 30.029 31.542 32.855 34.098 35.416 37.071 39.759 46.434 56.023 59.190 61.081 62.483 63.560 64.299 64.796 65.156 65.422 65.614 65.736 65.786 65.781 65.745 65.693 65.634 65.576 65.526 65.492 65.476 65.479 65.500 65.539 65.592 65.655 65.727 65.802 65.880 65.959 66.036 66.112 66.187 66.261 66.334 66.408 66.483 66.560 66.638 66.718 66.800 66.882 66.965 67.047 67.129 67.209 67.288 67.365 67.441 67.516 67.589 67.660 67.732 67.802 67.872 67.942 68.013 68.083 68.154 68.226 68.298 68.372 68.446 68.521 68.597 68.674 68.751 68.828 68.906 68.983 69.060 69.137 69.213 69.289 69.364 69.439 69.514 69.588 69.663 69.739 69.816 69.894 69.975 70.058 70.144 70.234 70.327 70.422 70.520 70.619 70.717 70.813 70.906 70.993 71.073 71.145 71.208 71.261 71.303 71.334 71.352 71.359 71.353 71.336 71.308 71.269 71.221 71.165 71.103 71.034 70.959 70.880 70.797 70.711 70.621 70.528 70.435 70.341 70.245 70.140 70.012 69.869 69.857 69.929 70.118 70.517 71.221 45.261 1.972 0.000 0.000 0.000 0.000 0.000 0.000 0.000
21.828 26.220 29.492 32.098 34.617 37.854 45.081 56.002 59.933 62.164 63.659 64.622 65.237 65.639 65.898 66.053 66.130 66.150 66.127 66.076 66.010 65.944 65.885 65.836 65.800 65.777 65.767 65.772 65.787 65.811 65.839 65.872 65.909 65.950 65.994 66.044 66.099 66.160 66.229 66.304 66.387 66.475 66.568 66.664 66.761 66.857 66.952 67.044 67.133 67.218 67.300 67.379 67.457 67.533 67.609 67.684 67.758 67.832 67.905 67.976 68.046 68.114 68.180 68.243 68.305 68.364 68.422 68.478 68.533 68.589 68.644 68.701 68.760 68.821 68.886 68.954 69.026 69.103 69.184 69.270 69.360 69.454 69.551 69.650 69.750 69.849 69.947 70.042 70.134 70.221 70.303 70.379 70.449 70.514 70.574 70.630 70.682 70.732 70.779 70.826 70.871 70.915 70.958 71.000 71.041 71.078 71.113 71.144 71.170 71.190 71.203 71.209 71.206 71.195 71.174 71.144 71.105 71.056 70.998 70.931 70.857 70.776 70.689 70.596 70.499 70.398 70.294 70.188 70.080 69.971 69.860 69.751 69.643 69.533 69.412 69.260 69.025 68.791 68.866 44.882 1.813 0.000 0.000 0.000 0.000 0.000
29.750 50.442 56.622 59.591 61.530 62.967 64.057 64.830 65.359 65.717 65.955 66.105 66.192 66.235 66.246 66.237 66.217 66.195 66.176 66.164 66.163 66.169 66.179 66.194 66.212 66.232 66.254 66.278 66.304 66.332 66.362 66.393 66.427 66.462 66.500 66.540 66.582 66.626 66.671 66.718 66.765 66.814 66.865 66.918 66.973 67.032 67.094 67.160 67.229 67.300 67.374 67.448 67.523 67.597 67.670 67.742 67.812 67.881 67.948 68.015 68.081 68.147 68.214 68.281 68.349 68.418 68.488 68.559 68.631 68.704 68.776 68.849 68.921 68.992 69.062 69.130 69.197 69.262 69.325 69.387 69.447 69.507 69.567 69.628 69.690 69.754 69.820 69.890 69.964 70.042 70.124 70.211 70.302 70.397 70.496 70.599 70.703 70.810 70.916 71.023 71.129 71.232 71.332 71.428 71.519 71.604 71.683 71.754 71.818 71.872 71.918 71.955 71.982 71.999 72.006 72.002 71.988 71.964 71.928 71.882 71.825 71.755 71.674 71.582 71.479 71.366 71.244 71.113 70.975 70.830 70.680 70.526 70.368 70.207 70.043 69.875 69.701 69.522 69.329 69.140 68.999 68.878 68.708 68.847 67.129 0.000
21.829 26.221 29.495 32.102 34.622 37.863 45.104 56.009 59.935 62.164 63.659 64.622 65.237 65.639 65.898 66.053 66.130 66.150 66.127 66.076 66.010 65.944 65.885 65.836 65.800 65.777 65.768 65.772 65.787 65.811 65.839 65.873 65.909 65.950 65.995 66.044 66.099 66.161 66.229 66.305 66.387 66.475 66.568 66.664 66.761 66.858 66.952 67.044 67.133 67.218 67.300 67.380 67.457 67.534 67.609 67.684 67.758 67.832 67.905 67.976 68.046 68.114 68.180 68.244 68.305 68.364 68.422 68.478 68.534 68.589 68.644 68.701 68.760 68.821 68.886 68.954 69.026 69.103 69.184 69.270 69.360 69.454 69.551 69.650 69.750 69.849 69.947 70.043 70.134 70.221 70.303 70.379 70.449 70.514 70.574 70.629 70.682 70.731 70.779 70.825 70.871 70.915 70.958 71.000 71.040 71.078 71.113 71.144 71.170 71.189 71.203 71.209 71.206 71.195 71.174 71.144 71.105 71.056 70.998 70.931 70.857 70.776 70.688 70.596 70.498 70.398 70.294 70.188 70.080 69.970 69.860 69.750 69.642 69.533 69.412 69.259 69.024 68.790 68.864 45.024 1.842 0.000 0.000 0.000 0.000 0.000
21.388 25.378 28.111 30.029 31.541 32.855 34.098 35.415 37.070 39.756 46.424 56.019 59.188 61.080 62.482 63.559 64.298 64.796 65.155 65.422 65.614 65.736 65.786 65.781 65.745 65.693 65.634 65.576 65.526 65.492 65.476 65.479 65.500 65.539 65.592 65.655 65.726 65.802 65.880 65.959 66.036 66.112 66.187 66.261 66.334 66.408 66.483 66.560 66.639 66.719 66.800 66.882 66.965 67.047 67.129 67.209 67.288 67.365 67.441 67.516 67.589 67.660 67.732 67.802 67.872 67.942 68.012 68.083 68.154 68.226 68.298 68.372 68.446 68.521 68.597 68.673 68.751 68.828 68.906 68.983 69.060 69.137 69.213 69.289 69.364 69.439 69.513 69.588 69.663 69.739 69.816 69.894 69.975 70.058 70.144 70.234 70.327 70.422 70.520 70.619 70.717 70.813 70.906 70.993 71.073 71.145 71.208 71.261 71.303 71.333 71.352 71.358 71.353 71.336 71.307 71.269 71.221 71.165 71.102 71.033 70.959 70.880 70.797 70.710 70.620 70.528 70.434 70.341 70.245 70.140 70.012 69.869 69.856 69.929 70.117 70.516 71.220 45.290 1.978 0.000 0.000 0.000 0.000 0.000 0.000 0.000
21.022 24.660 26.975 28.454 29.513 30.349 31.050 31.685 32.295 32.931 33.637 34.508 35.656 37.311 40.055 45.799 55.055 57.624 59.039 60.165 61.122 61.942 62.640 63.228 63.715 64.106 64.392 64.598 64.782 64.967 65.110 65.197 65.244 65.265 65.279 65.294 65.311 65.334 65.365 65.404 65.453 65.513 65.581 65.658 65.742 65.831 65.924 66.019 66.114 66.210 66.304 66.397 66.487 66.575 66.660 66.743 66.824 66.903 66.979 67.054 67.127 67.198 67.268 67.336 67.403 67.468 67.533 67.596 67.659 67.721 67.783 67.845 67.908 67.971 68.036 68.102 68.171 68.242 68.315 68.392 68.472 68.554 68.638 68.724 68.808 68.890 68.968 69.041 69.109 69.173 69.232 69.284 69.332 69.376 69.415 69.451 69.483 69.512 69.539 69.564 69.587 69.609 69.632 69.654 69.676 69.698 69.720 69.741 69.761 69.779 69.795 69.807 69.816 69.820 69.819 69.812 69.799 69.780 69.758 69.734 69.708 69.680 69.650 69.613 69.554 69.427 69.319 69.416 69.649 70.079 70.889 54.118 4.918 0.000 0.000 0.000 0.000 0.000 0.000 0.000 0.000 0.000 0.000 0.000 0.000 0.000
20.618 23.754 25.540 26.543 27.182 27.640 28.005 28.323 28.617 28.907 29.208 29.534 29.890 30.281 30.731 31.241 31.835 32.517 33.324 34.282 35.428 36.819 38.541 40.718 43.549 47.364 53.317 55.915 56.503 57.025 57.507 57.950 58.363 58.810 60.282 62.617 63.868 64.447 64.760 64.956 65.084 65.175 65.246 65.308 65.365 65.421 65.477 65.536 65.597 65.661 65.728 65.797 65.869 65.944 66.020 66.098 66.177 66.257 66.337 66.417 66.497 66.576 66.655 66.733 66.809 66.885 66.960 67.034 67.107 67.179 67.250 67.321 67.390 67.459 67.527 67.593 67.658 67.722 67.785 67.846 67.905 67.964 68.022 68.082 68.146 68.214 68.287 68.366 68.450 68.541 68.636 68.732 68.829 68.925 69.019 69.107 69.189 69.265 69.335 69.398 69.456 69.508 69.556 69.598 69.636 69.669 69.696 69.718 69.735 69.746 69.750 69.749 69.742 69.729 69.711 69.684 69.634 69.529 69.454 69.450 69.470 69.533 69.695 70.075 70.922 72.388 39.849 1.311 0.000 0.000 0.000 0.000 0.000 0.000 0.000 0.000 0.000 0.000 0.000 0.000 0.000 0.000 0.000 0.000 0.000 0.000
20.126 22.567 23.736 24.280 24.583 24.792 24.962 25.119 25.272 25.430 25.597 25.774 25.962 26.162 26.373 26.599 26.840 27.091 27.353 27.630 27.921 28.224 28.533 28.835 29.127 29.433 29.805 30.236 30.667 31.041 31.316 31.468 31.572 31.915 32.572 33.259 33.615 32.487 32.037 45.302 58.891 62.632 63.958 64.573 64.911 65.115 65.247 65.338 65.406 65.461 65.509 65.554 65.600 65.646 65.693 65.743 65.795 65.849 65.905 65.962 66.020 66.079 66.139 66.200 66.261 66.322 66.383 66.444 66.505 66.567 66.629 66.691 66.753 66.816 66.880 66.944 67.008 67.071 67.132 67.191 67.248 67.303 67.354 67.401 67.445 67.487 67.527 67.567 67.606 67.648 67.695 67.740 67.789 67.841 67.897 67.955 68.014 68.073 68.130 68.185 68.238 68.288 68.336 68.380 68.418 68.438 68.411 68.387 68.424 68.470 68.521 68.585 68.683 68.863 69.244 70.105 72.037 67.888 28.571 0.414 0.000 0.000 0.000 0.000 0.000 0.000 0.000 0.000 0.000 0.000 0.000 0.000 0.000 0.000 0.000 0.000 0.000 0.000 0.000 0.000 0.000 0.000 0.000 0.000 0.000 0.000
19.542 21.147 21.760 22.003 22.148 22.268 22.383 22.502 22.629 22.765 22.909 23.063 23.230 23.413 23.613 23.831 24.062 24.307 24.577 24.890 25.242 25.605 25.932 26.169 26.325 26.693 27.714 29.017 29.961 30.178 29.578 28.276 27.270 29.331 35.369 40.839 42.284 37.775 30.729 26.390 26.450 33.743 39.567 44.150 53.501 59.213 61.847 63.288 64.105 64.593 64.902 65.110 65.259 65.370 65.459 65.532 65.595 65.651 65.704 65.754 65.802 65.849 65.895 65.941 65.988 66.034 66.081 66.128 66.175 66.223 66.272 66.321 66.370 66.420 66.471 66.524 66.578 66.635 66.695 66.757 66.821 66.888 66.957 67.029 67.102 67.177 67.252 67.326 67.395 67.453 67.508 67.575 67.638 67.694 67.742 67.784 67.821 67.853 67.885 67.919 67.964 68.040 68.198 68.575 69.539 71.936 68.596 38.437 1.602 0.000 0.000 0.000 0.000 0.000 0.000 0.000 0.000 0.000 0.000 0.000 0.000 0.000 0.000 0.000 0.000 0.000 0.000 0.000 0.000 0.000 0.000 0.000 0.000 0.000 0.000 0.000 0.000 0.000 0.000 0.000 0.000 0.000 0.000 0.000 0.000 0.000
19.065 19.919 20.229 20.399 20.547 20.698 20.855 21.023 21.204 21.401 21.619 21.861 22.136 22.460 22.842 23.268 23.711 24.188 24.819 25.682 26.625 27.321 27.418 26.643 25.386 25.838 31.081 37.066 35.671 27.311 17.792 11.292 7.666 4.954 1.353 0.386 1.639 5.556 15.803 26.663 33.689 36.761 37.329 36.783 36.209 36.090 36.595 37.847 40.057 43.707 51.528 56.501 59.590 61.501 62.717 63.526 64.087 64.492 64.793 65.025 65.208 65.356 65.480 65.586 65.678 65.760 65.834 65.902 65.965 66.024 66.080 66.133 66.182 66.228 66.268 66.303 66.329 66.350 66.366 66.377 66.384 66.386 66.387 66.390 66.411 66.491 66.746 67.532 69.908 67.169 48.194 5.372 0.001 0.000 0.000 0.000 0.000 0.000 0.000 0.000 0.000 0.000 0.000 0.000 0.000 0.000 0.000 0.000 0.000 0.000 0.000 0.000 0.000 0.000 0.000 0.000 0.000 0.000 0.000 0.000 0.000 0.000 0.000 0.000 0.000 0.000 0.000 0.000 0.000 0.000 0.000 0.000 0.000 0.000 0.000 0.000 0.000 0.000 0.000 0.000 0.000 0.000 0.000 0.000 0.000 0.000
19.340 19.771 20.047 20.296 20.546 20.801 21.068 21.355 21.674 22.036 22.446 22.928 23.553 24.409 25.469 26.491 27.194 28.068 30.657 34.496 35.200 29.329 20.038 12.540 8.197 5.736 3.359 0.561 0.003 0.000 0.000 0.000 0.000 0.000 0.000 0.000 0.000 0.000 0.000 0.000 0.000 0.000 0.000 0.000 0.000 0.000 0.000 0.000 0.000 0.000 0.000 0.045 0.127 0.170 0.124 0.023 0.000 0.000 0.000 0.000 0.000 0.000 0.000 0.000 0.000 0.000 0.000 0.000 0.000 0.000 0.000 0.000 0.000 0.000 0.000 0.000 0.000 0.000 0.000 0.000 0.000 0.000 0.000 0.000 0.000 0.000 0.000 0.000 0.000 0.000 0.000 0.000 0.000 0.000 0.000 0.000 0.000 0.000 0.000 0.000 0.000 0.000 0.000 0.000 0.000 0.000 0.000 0.000 0.000 0.000 0.000 0.000 0.000 0.000 0.000 0.000 0.000 0.000 0.000 0.000 0.000 0.000 0.000 0.000 0.000 0.000 0.000 0.000 0.000 0.000 0.000 0.000 0.000 0.000 0.000 0.000 0.000 0.000 0.000 0.000 0.000 0.000 0.000 0.000 0.000 0.000
