Examples/2023_ISeeSnow/data/CoulombOnly/Results/curv77s/s/1HS_03_curv77s_MoT-Voellmy_s_0028.asc
ncols        133
nrows        19
xllcorner    1602.5
yllcorner    -4297.5
cellsize     5.00
NODATA_value -9999
18.825 19.942 20.407 20.687 20.900 21.096 21.290 21.496 21.716 21.951 22.213 22.502 22.817 23.167 23.546 23.951 24.380 24.841 25.323 25.821 26.328 26.834 27.328 27.798 28.243 28.660 29.050 29.418 29.759 30.085 30.481 31.076 31.867 32.575 32.813 32.955 35.154 39.076 38.956 31.300 21.064 13.654 8.274 1.876 0.016 0.000 0.000 0.000 0.000 0.000 0.000 0.000 0.000 0.000 0.000 0.000 0.000 0.000 0.000 0.000 0.000 0.000 0.000 0.000 0.000 0.000 0.000 0.000 0.000 0.000 0.000 0.000 0.000 0.000 0.000 0.000 0.000 0.000 0.000 0.000 0.000 0.000 0.000 0.000 0.000 0.000 0.000 0.000 0.000 0.000 0.000 0.000 0.000 0.000 0.000 0.000 0.000 0.000 0.000 0.000 0.000 0.000 0.000 0.000 0.000 0.000 0.000 0.000 0.000 0.000 0.000 0.000 0.000 0.000 0.000 0.000 0.000 0.000 0.000 0.000 0.000 0.000 0.000 0.000 0.000 0.000 0.000 0.000 0.000 0.000 0.000 0.000 0.000
20.475 22.527 23.554 24.209 24.689 25.086 25.446 25.802 26.175 26.584 27.066 27.627 28.290 29.069 30.022 31.169 32.555 34.252 36.339 38.976 42.368 46.772 52.371 53.270 53.560 53.764 53.894 53.955 53.955 53.901 53.805 53.686 52.016 50.415 48.508 46.977 45.643 44.784 44.270 43.587 42.324 41.032 42.383 46.869 46.683 37.772 25.477 16.467 9.905 2.101 0.013 0.000 0.000 0.000 0.000 0.000 0.000 0.000 0.000 0.000 0.000 0.000 0.000 0.000 0.000 0.000 0.000 0.000 0.000 0.000 0.000 0.000 0.000 0.000 0.000 0.000 0.000 0.000 0.000 0.000 0.000 0.000 0.000 0.000 0.000 0.000 0.000 0.000 0.000 0.000 0.000 0.000 0.000 0.000 0.000 0.000 0.000 0.000 0.000 0.000 0.000 0.000 0.000 0.000 0.000 0.000 0.000 0.000 0.000 0.000 0.000 0.000 0.000 0.000 0.000 0.000 0.000 0.000 0.000 0.000 0.000 0.000 0.000 0.000 0.000 0.000 0.000 0.000 0.000 0.000 0.000 0.000 0.000
21.457 24.116 25.646 26.727 27.571 28.298 28.985 29.690 30.503 31.514 32.886 34.948 38.527 47.067 52.700 54.331 55.452 56.368 57.136 57.775 58.289 58.671 58.907 59.061 59.174 59.255 59.308 59.336 59.341 59.327 59.294 59.245 59.184 59.069 58.910 58.697 58.444 58.173 57.900 57.612 57.266 56.854 56.566 56.577 56.605 54.304 51.907 49.621 49.873 53.656 55.062 48.446 35.259 23.343 15.445 6.739 0.342 0.000 0.000 0.004 0.332 1.574 5.686 17.134 28.812 37.289 43.531 48.498 52.746 54.867 56.151 57.040 57.681 58.125 58.413 58.581 58.643 58.599 58.451 58.221 57.943 57.686 46.497 4.121 0.000 0.000 0.000 0.000 0.000 0.000 0.000 0.000 0.000 0.000 0.000 0.000 0.000 0.000 0.000 0.000 0.000 0.000 0.000 0.000 0.000 0.000 0.000 0.000 0.000 0.000 0.000 0.000 0.000 0.000 0.000 0.000 0.000 0.000 0.000 0.000 0.000 0.000 0.000 0.000 0.000 0.000 0.000 0.000 0.000 0.000 0.000 0.000 0.000
22.039 25.077 26.982 28.451 29.710 30.919 32.246 34.000 36.961 44.399 52.736 55.217 56.813 57.953 58.659 59.135 59.489 59.762 59.973 60.135 60.257 60.348 60.417 60.469 60.507 60.535 60.554 60.565 60.569 60.567 60.561 60.550 60.535 60.517 60.494 60.465 60.430 60.388 60.342 60.291 60.232 60.164 60.094 60.039 59.999 59.887 59.685 59.413 59.210 59.219 59.312 59.161 58.421 56.951 55.038 55.679 58.641 61.404 60.321 51.328 39.637 52.543 56.870 58.373 59.032 59.369 59.566 59.700 59.803 59.891 59.973 60.052 60.131 60.212 60.295 60.380 60.467 60.555 60.644 60.734 60.825 60.916 61.007 61.099 61.187 61.271 61.350 61.423 61.488 61.544 61.587 61.614 61.623 61.619 61.619 61.651 61.770 62.080 55.660 8.637 0.003 0.000 0.000 0.000 0.000 0.000 0.000 0.000 0.000 0.000 0.000 0.000 0.000 0.000 0.000 0.000 0.000 0.000 0.000 0.000 0.000 0.000 0.000 0.000 0.000 0.000 0.000 0.000 0.000 0.000 0.000 0.000 0.000
22.466 25.777 28.014 29.928 31.842 34.247 38.628 50.269 54.851 57.087 58.320 59.071 59.567 59.908 60.145 60.315 60.438 60.528 60.593 60.639 60.671 60.693 60.706 60.714 60.718 60.717 60.715 60.711 60.705 60.699 60.692 60.685 60.678 60.670 60.663 60.655 60.647 60.639 60.631 60.622 60.613 60.602 60.591 60.580 60.568 60.555 60.537 60.512 60.483 60.457 60.435 60.408 60.359 60.272 60.135 59.957 59.856 59.834 59.834 59.830 59.833 59.854 59.883 59.915 59.952 59.993 60.037 60.084 60.135 60.189 60.247 60.308 60.373 60.441 60.513 60.588 60.667 60.749 60.834 60.920 61.009 61.099 61.190 61.281 61.371 61.462 61.551 61.638 61.724 61.808 61.889 61.967 62.040 62.109 62.171 62.226 62.273 62.307 62.327 62.351 62.371 62.382 62.390 62.403 62.435 62.513 62.687 63.053 42.631 1.904 0.000 0.000 0.000 0.000 0.000 0.000 0.000 0.000 0.000 0.000 0.000 0.000 0.000 0.000 0.000 0.000 0.000 0.000 0.000 0.000 0.000 0.000 0.000
22.919 26.545 29.256 32.005 35.980 47.796 54.506 57.216 58.561 59.328 59.801 60.108 60.313 60.450 60.541 60.600 60.637 60.657 60.664 60.663 60.656 60.644 60.630 60.614 60.596 60.579 60.561 60.544 60.527 60.511 60.496 60.482 60.468 60.454 60.441 60.428 60.415 60.401 60.387 60.372 60.355 60.337 60.317 60.294 60.269 60.240 60.209 60.173 60.130 60.079 60.025 59.974 59.929 59.892 59.868 59.862 59.872 59.897 59.934 59.980 60.033 60.090 60.150 60.212 60.275 60.339 60.403 60.466 60.531 60.596 60.662 60.731 60.802 60.876 60.954 61.035 61.119 61.207 61.299 61.393 61.490 61.590 61.691 61.793 61.895 61.997 62.097 62.194 62.288 62.378 62.463 62.543 62.618 62.688 62.752 62.810 62.863 62.911 62.954 62.992 63.022 63.045 63.059 63.065 63.060 63.046 63.020 62.980 62.931 62.901 62.880 62.882 62.936 63.073 63.439 29.020 0.278 0.000 0.000 0.000 0.000 0.000 0.000 0.000 0.000 0.000 0.000 0.000 0.000 0.000 0.000 0.000 0.000
23.517 27.635 31.261 36.542 50.291 55.764 57.970 59.060 59.677 60.051 60.286 60.434 60.527 60.580 60.606 60.614 60.607 60.591 60.568 60.541 60.510 60.479 60.447 60.415 60.384 60.355 60.327 60.301 60.277 60.254 60.234 60.215 60.199 60.183 60.169 60.155 60.143 60.131 60.120 60.109 60.098 60.087 60.076 60.065 60.055 60.046 60.039 60.036 60.043 60.063 60.096 60.141 60.196 60.260 60.330 60.400 60.469 60.534 60.596 60.654 60.709 60.761 60.812 60.863 60.916 60.971 61.030 61.095 61.165 61.240 61.321 61.406 61.494 61.585 61.676 61.768 61.860 61.951 62.041 62.130 62.217 62.303 62.388 62.470 62.550 62.628 62.702 62.772 62.838 62.898 62.954 63.004 63.049 63.089 63.126 63.161 63.200 63.241 63.283 63.323 63.358 63.387 63.407 63.419 63.422 63.416 63.401 63.378 63.347 63.310 63.267 63.217 63.163 63.101 63.029 62.982 62.993 63.052 63.179 63.513 29.929 0.335 0.000 0.000 0.000 0.000 0.000 0.000 0.000 0.000 0.000 0.000 0.000
24.333 29.259 34.997 49.792 55.723 58.042 59.148 59.755 60.113 60.331 60.462 60.536 60.571 60.579 60.568 60.544 60.510 60.471 60.427 60.382 60.337 60.293 60.250 60.211 60.176 60.144 60.116 60.093 60.074 60.059 60.049 60.043 60.041 60.043 60.048 60.057 60.069 60.086 60.105 60.129 60.157 60.189 60.226 60.269 60.318 60.373 60.436 60.505 60.578 60.649 60.717 60.781 60.842 60.899 60.953 61.004 61.055 61.106 61.158 61.213 61.270 61.330 61.393 61.459 61.525 61.593 61.659 61.725 61.788 61.848 61.907 61.963 62.019 62.076 62.135 62.198 62.264 62.337 62.414 62.498 62.586 62.679 62.776 62.876 62.979 63.083 63.190 63.298 63.406 63.515 63.622 63.727 63.828 63.925 64.017 64.101 64.177 64.244 64.300 64.345 64.379 64.403 64.417 64.420 64.412 64.395 64.367 64.328 64.277 64.216 64.143 64.061 63.970 63.872 63.769 63.662 63.552 63.440 63.327 63.210 63.110 63.052 63.032 63.065 63.173 55.072 6.228 0.001 0.000 0.000 0.000 0.000 0.000
25.602 32.276 47.060 55.120 57.819 59.062 59.725 60.106 60.331 60.460 60.528 60.553 60.549 60.525 60.488 60.441 60.390 60.336 60.283 60.232 60.184 60.142 60.105 60.074 60.050 60.033 60.022 60.018 60.020 60.028 60.042 60.061 60.086 60.116 60.151 60.191 60.235 60.284 60.336 60.393 60.453 60.516 60.581 60.647 60.713 60.779 60.842 60.903 60.961 61.016 61.069 61.121 61.173 61.225 61.276 61.327 61.378 61.427 61.475 61.522 61.567 61.611 61.655 61.699 61.746 61.796 61.850 61.912 61.980 62.058 62.144 62.239 62.341 62.449 62.563 62.679 62.797 62.914 63.030 63.144 63.255 63.362 63.466 63.565 63.659 63.749 63.835 63.916 63.991 64.062 64.127 64.188 64.245 64.297 64.346 64.390 64.431 64.467 64.500 64.527 64.548 64.562 64.567 64.561 64.545 64.516 64.474 64.418 64.349 64.267 64.171 64.064 63.948 63.824 63.696 63.566 63.436 63.308 63.182 63.060 62.942 62.827 62.713 62.594 62.462 62.318 62.341 45.774 2.825 0.000 0.000 0.000 0.000
36.760 53.331 56.863 58.417 59.275 59.786 60.101 60.297 60.412 60.474 60.498 60.495 60.474 60.441 60.400 60.356 60.311 60.267 60.227 60.191 60.160 60.135 60.117 60.105 60.099 60.101 60.109 60.123 60.143 60.169 60.201 60.238 60.280 60.325 60.375 60.427 60.482 60.538 60.595 60.652 60.709 60.765 60.820 60.874 60.927 60.980 61.032 61.084 61.136 61.188 61.240 61.291 61.340 61.388 61.436 61.484 61.532 61.582 61.634 61.688 61.745 61.805 61.868 61.934 62.002 62.071 62.141 62.210 62.278 62.343 62.404 62.462 62.518 62.571 62.623 62.676 62.731 62.789 62.852 62.921 62.997 63.080 63.170 63.269 63.374 63.486 63.604 63.726 63.851 63.978 64.104 64.229 64.350 64.466 64.574 64.674 64.764 64.843 64.911 64.967 65.010 65.042 65.062 65.070 65.068 65.055 65.032 64.999 64.956 64.903 64.840 64.766 64.681 64.586 64.479 64.361 64.233 64.096 63.949 63.794 63.632 63.464 63.290 63.112 62.931 62.748 62.563 62.381 62.216 62.045 61.835 61.539 61.764
25.600 32.272 47.035 55.117 57.817 59.061 59.724 60.106 60.331 60.460 60.528 60.553 60.549 60.525 60.488 60.441 60.390 60.336 60.283 60.232 60.185 60.142 60.105 60.075 60.050 60.033 60.022 60.018 60.020 60.028 60.042 60.061 60.086 60.116 60.151 60.191 60.235 60.284 60.337 60.393 60.453 60.516 60.581 60.647 60.714 60.779 60.842 60.903 60.961 61.016 61.069 61.121 61.173 61.225 61.276 61.328 61.378 61.427 61.475 61.522 61.567 61.611 61.655 61.700 61.746 61.796 61.851 61.912 61.981 62.058 62.144 62.239 62.341 62.449 62.563 62.679 62.797 62.914 63.030 63.144 63.255 63.362 63.465 63.564 63.659 63.749 63.835 63.915 63.991 64.062 64.127 64.188 64.245 64.297 64.346 64.390 64.431 64.467 64.500 64.527 64.548 64.562 64.567 64.561 64.545 64.516 64.474 64.418 64.349 64.267 64.171 64.064 63.947 63.824 63.696 63.566 63.436 63.307 63.182 63.060 62.942 62.827 62.712 62.594 62.462 62.319 62.341 45.928 2.873 0.001 0.001 0.000 0.000
24.332 29.258 34.993 49.787 55.720 58.041 59.147 59.755 60.113 60.331 60.462 60.536 60.571 60.579 60.568 60.544 60.510 60.471 60.427 60.382 60.337 60.293 60.251 60.212 60.176 60.144 60.116 60.093 60.074 60.060 60.049 60.043 60.041 60.043 60.048 60.057 60.070 60.086 60.105 60.129 60.157 60.189 60.226 60.269 60.318 60.373 60.436 60.505 60.577 60.649 60.717 60.781 60.842 60.899 60.953 61.004 61.055 61.106 61.158 61.213 61.270 61.330 61.393 61.459 61.525 61.593 61.659 61.725 61.788 61.848 61.907 61.963 62.019 62.076 62.135 62.198 62.265 62.337 62.415 62.498 62.586 62.679 62.776 62.876 62.979 63.084 63.190 63.298 63.406 63.514 63.622 63.727 63.828 63.925 64.016 64.101 64.177 64.244 64.300 64.345 64.379 64.403 64.416 64.419 64.412 64.394 64.366 64.327 64.277 64.216 64.143 64.060 63.969 63.871 63.768 63.661 63.552 63.440 63.327 63.209 63.110 63.052 63.031 63.065 63.173 55.098 6.243 0.001 0.000 0.000 0.000 0.000 0.000
23.516 27.634 31.259 36.538 50.287 55.762 57.969 59.060 59.676 60.050 60.286 60.434 60.527 60.580 60.607 60.614 60.607 60.591 60.568 60.541 60.510 60.479 60.447 60.415 60.384 60.355 60.327 60.301 60.277 60.255 60.234 60.216 60.199 60.183 60.169 60.155 60.143 60.131 60.120 60.108 60.097 60.086 60.076 60.065 60.055 60.046 60.039 60.036 60.042 60.062 60.095 60.140 60.195 60.259 60.329 60.400 60.468 60.534 60.595 60.653 60.708 60.761 60.812 60.863 60.915 60.970 61.030 61.094 61.164 61.240 61.320 61.405 61.494 61.584 61.676 61.768 61.859 61.950 62.040 62.129 62.217 62.303 62.387 62.470 62.550 62.627 62.701 62.772 62.837 62.898 62.954 63.004 63.049 63.089 63.125 63.161 63.199 63.241 63.283 63.323 63.358 63.386 63.407 63.419 63.421 63.415 63.401 63.378 63.347 63.310 63.266 63.217 63.162 63.100 63.028 62.981 62.992 63.052 63.177 63.516 30.005 0.339 0.000 0.000 0.000 0.000 0.000 0.000 0.000 0.000 0.000 0.000 0.000
22.919 26.544 29.255 32.004 35.978 47.785 54.505 57.215 58.561 59.327 59.801 60.108 60.313 60.450 60.541 60.600 60.637 60.657 60.664 60.663 60.656 60.644 60.630 60.613 60.596 60.578 60.561 60.544 60.527 60.511 60.496 60.481 60.467 60.454 60.441 60.428 60.414 60.401 60.386 60.371 60.355 60.336 60.316 60.293 60.268 60.240 60.208 60.172 60.129 60.078 60.024 59.973 59.928 59.891 59.867 59.861 59.871 59.896 59.933 59.979 60.032 60.089 60.149 60.211 60.274 60.338 60.402 60.465 60.530 60.595 60.661 60.730 60.801 60.875 60.953 61.034 61.118 61.206 61.298 61.392 61.489 61.589 61.690 61.792 61.894 61.996 62.096 62.193 62.287 62.377 62.462 62.543 62.618 62.687 62.751 62.809 62.862 62.911 62.954 62.991 63.021 63.044 63.059 63.064 63.060 63.045 63.019 62.979 62.930 62.900 62.879 62.881 62.935 63.071 63.442 29.099 0.282 0.000 0.000 0.000 0.000 0.000 0.000 0.000 0.000 0.000 0.000 0.000 0.000 0.000 0.000 0.000 0.000
22.466 25.777 28.014 29.928 31.842 34.247 38.628 50.268 54.851 57.087 58.321 59.071 59.567 59.908 60.145 60.315 60.439 60.528 60.593 60.639 60.671 60.693 60.706 60.714 60.717 60.717 60.715 60.710 60.705 60.699 60.692 60.684 60.677 60.670 60.662 60.654 60.647 60.639 60.630 60.621 60.612 60.602 60.590 60.579 60.568 60.554 60.536 60.511 60.482 60.456 60.434 60.407 60.358 60.272 60.134 59.956 59.854 59.833 59.833 59.829 59.832 59.853 59.881 59.914 59.951 59.991 60.035 60.083 60.134 60.188 60.245 60.307 60.371 60.440 60.512 60.587 60.666 60.748 60.832 60.919 61.008 61.098 61.189 61.280 61.370 61.460 61.550 61.637 61.723 61.807 61.888 61.966 62.039 62.108 62.170 62.225 62.272 62.306 62.326 62.351 62.370 62.381 62.390 62.402 62.434 62.512 62.685 63.048 42.759 1.932 0.000 0.000 0.000 0.000 0.000 0.000 0.000 0.000 0.000 0.000 0.000 0.000 0.000 0.000 0.000 0.000 0.000 0.000 0.000 0.000 0.000 0.000 0.000
22.039 25.077 26.982 28.452 29.711 30.919 32.246 34.001 36.963 44.412 52.739 55.220 56.816 57.955 58.660 59.136 59.490 59.763 59.974 60.135 60.257 60.348 60.417 60.469 60.508 60.535 60.554 60.565 60.569 60.567 60.561 60.550 60.535 60.517 60.494 60.466 60.430 60.389 60.342 60.291 60.233 60.165 60.095 60.039 60.000 59.888 59.688 59.417 59.213 59.220 59.313 59.166 58.432 56.969 55.054 55.657 58.613 61.395 60.363 51.407 39.668 52.548 56.872 58.374 59.032 59.369 59.566 59.699 59.802 59.890 59.972 60.051 60.130 60.210 60.293 60.378 60.465 60.553 60.642 60.733 60.823 60.915 61.005 61.097 61.186 61.269 61.348 61.422 61.487 61.543 61.586 61.613 61.622 61.618 61.618 61.651 61.770 62.080 55.788 8.749 0.004 0.000 0.000 0.000 0.000 0.000 0.000 0.000 0.000 0.000 0.000 0.000 0.000 0.000 0.000 0.000 0.000 0.000 0.000 0.000 0.000 0.000 0.000 0.000 0.000 0.000 0.000 0.000 0.000 0.000 0.000 0.000 0.000
21.457 24.117 25.646 26.728 27.572 28.299 28.986 29.691 30.505 31.516 32.889 34.953 38.539 47.108 52.707 54.336 55.457 56.373 57.141 57.780 58.294 58.675 58.909 59.063 59.176 59.258 59.311 59.338 59.344 59.329 59.296 59.248 59.186 59.074 58.915 58.703 58.451 58.179 57.906 57.619 57.273 56.862 56.570 56.579 56.609 54.323 51.939 49.643 49.850 53.620 55.087 48.566 35.407 23.446 15.519 6.840 0.359 0.000 0.000 0.004 0.330 1.565 5.660 17.106 28.805 37.291 43.536 48.503 52.750 54.871 56.153 57.041 57.681 58.125 58.414 58.582 58.644 58.601 58.454 58.224 57.943 57.683 46.806 4.261 0.000 0.000 0.000 0.000 0.000 0.000 0.000 0.000 0.000 0.000 0.000 0.000 0.000 0.000 0.000 0.000 0.000 0.000 0.000 0.000 0.000 0.000 0.000 0.000 0.000 0.000 0.000 0.000 0.000 0.000 0.000 0.000 0.000 0.000 0.000 0.000 0.000 0.000 0.000 0.000 0.000 0.000 0.000 0.000 0.000 0.000 0.000 0.000 0.000
20.476 22.527 23.554 24.210 24.690 25.087 25.448 25.803 26.176 26.585 27.068 27.629 28.293 29.074 30.028 31.176 32.565 34.265 36.360 39.002 42.412 46.838 52.474 53.279 53.569 53.774 53.903 53.965 53.965 53.911 53.815 53.695 52.119 50.447 48.553 47.021 45.676 44.808 44.290 43.610 42.353 41.050 42.350 46.836 46.740 37.911 25.606 16.547 9.986 2.164 0.015 0.000 0.000 0.000 0.000 0.000 0.000 0.000 0.000 0.000 0.000 0.000 0.000 0.000 0.000 0.000 0.000 0.000 0.000 0.000 0.000 0.000 0.000 0.000 0.000 0.000 0.000 0.000 0.000 0.000 0.000 0.000 0.000 0.000 0.000 0.000 0.000 0.000 0.000 0.000 0.000 0.000 0.000 0.000 0.000 0.000 0.000 0.000 0.000 0.000 0.000 0.000 0.000 0.000 0.000 0.000 0.000 0.000 0.000 0.000 0.000 0.000 0.000 0.000 0.000 0.000 0.000 0.000 0.000 0.000 0.000 0.000 0.000 0.000 0.000 0.000 0.000 0.000 0.000 0.000 0.000 0.000 0.000
18.825 19.943 20.407 20.688 20.900 21.097 21.291 21.498 21.717 21.952 22.215 22.504 22.818 23.169 23.549 23.954 24.384 24.846 25.329 25.826 26.334 26.841 27.336 27.807 28.253 28.669 29.060 29.427 29.768 30.093 30.485 31.076 31.865 32.576 32.819 32.952 35.114 39.043 39.007 31.425 21.176 13.724 8.344 1.932 0.017 0.000 0.000 0.000 0.000 0.000 0.000 0.000 0.000 0.000 0.000 0.000 0.000 0.000 0.000 0.000 0.000 0.000 0.000 0.000 0.000 0.000 0.000 0.000 0.000 0.000 0.000 0.000 0.000 0.000 0.000 0.000 0.000 0.000 0.000 0.000 0.000 0.000 0.000 0.000 0.000 0.000 0.000 0.000 0.000 0.000 0.000 0.000 0.000 0.000 0.000 0.000 0.000 0.000 0.000 0.000 0.000 0.000 0.000 0.000 0.000 0.000 0.000 0.000 0.000 0.000 0.000 0.000 0.000 0.000 0.000 0.000 0.000 0.000 0.000 0.000 0.000 0.000 0.000 0.000 0.000 0.000 0.000 0.000 0.000 0.000 0.000 0.000 0.000
