Examples/2023_ISeeSnow/data/CoulombOnly/Results/curv77s/s/1HS_03_curv77s_MoT-Voellmy_s_0048.asc
ncols        190
nrows        31
xllcorner    2787.5
yllcorner    -4327.5
cellsize     5.00
NODATA_value -9999
[rows 0 to 30 of 31, columns 0 to 70 of 190]
0.000 0.000 0.000 0.000 0.000 0.000 0.000 0.000 0.000 0.000 0.000 0.000 0.000 0.000 0.000 0.000 0.000 0.000 0.000 0.000 0.000 0.000 0.000 0.000 0.000 0.000 0.000 0.000 0.000 0.000 0.000 0.000 0.000 0.000 0.000 0.000 0.000 0.000 0.000 0.000 0.000 0.000 0.000 0.000 0.000 0.000 0.000 0.000 0.000 0.000 0.000 0.000 0.000 0.000 0.000 0.000 0.000 0.000 0.000 0.000 0.000 0.000 0.000 0.000 0.000 0.000 0.000 0.000 0.000 0.000 0.000
0.000 0.000 0.000 0.000 0.000 0.000 0.000 0.000 0.000 0.000 0.000 0.000 0.000 0.000 0.000 0.000 0.000 0.000 0.000 0.000 0.000 0.000 0.000 0.000 0.000 0.000 0.000 0.000 0.000 0.000 0.000 0.000 0.000 0.000 0.000 0.000 0.000 0.000 0.000 0.000 0.000 0.000 0.000 0.000 0.000 0.000 0.000 0.000 0.000 0.000 0.000 0.000 0.000 0.000 0.000 0.000 0.000 0.000 0.000 0.000 0.000 0.000 0.000 0.000 0.000 0.000 0.000 0.000 0.000 0.000 0.001
0.000 0.000 0.000 0.000 0.000 0.000 0.000 0.000 0.000 0.000 0.000 0.000 0.000 0.000 0.000 0.000 0.000 0.000 0.000 0.000 0.000 0.000 0.000 0.000 0.000 0.000 0.000 0.000 0.000 0.000 0.000 0.000 0.000 0.000 0.000 0.000 0.000 0.000 0.000 0.000 0.000 0.000 0.000 0.000 0.000 0.000 0.000 0.000 0.000 0.000 0.000 0.000 0.000 0.000 0.000 0.000 0.001 0.002 0.006 0.015 0.031 0.061 0.109 0.187 0.307 0.483 0.734 1.085 1.565 2.217 3.086
0.000 0.000 0.000 0.000 0.000 0.000 0.000 0.000 0.000 0.000 0.000 0.000 0.000 0.000 0.000 0.000 0.000 0.000 0.000 0.000 0.000 0.000 0.000 0.000 0.000 0.000 0.000 0.000 0.000 0.000 0.000 0.000 0.000 0.000 0.000 0.000 0.000 0.000 0.000 0.000 0.000 0.000 0.001 0.002 0.005 0.014 0.033 0.071 0.143 0.262 0.445 0.713 1.091 1.607 2.292 3.179 4.298 5.675 7.332 9.278 11.515 14.032 16.808 19.812 23.006 26.345 29.778 33.162 36.595 40.070 43.535
0.000 0.000 0.000 0.000 0.000 0.000 0.000 0.000 0.000 0.000 0.000 0.000 0.000 0.000 0.000 0.000 0.000 0.000 0.000 0.000 0.000 0.000 0.000 0.000 0.000 0.000 0.000 0.000 0.000 0.001 0.003 0.009 0.024 0.060 0.131 0.259 0.471 0.795 1.261 1.900 2.748 3.835 5.190 6.829 8.758 10.969 13.439 16.131 18.996 21.974 25.015 28.064 31.071 33.985 36.764 39.370 41.777 43.965 45.925 47.658 49.172 50.483 51.613 52.603 53.538 54.492 55.458 56.292 57.467 59.327 62.174
0.000 0.000 0.000 0.000 0.000 0.000 0.000 0.000 0.000 0.000 0.000 0.000 0.000 0.000 0.000 0.000 0.000 0.002 0.007 0.023 0.065 0.157 0.333 0.632 1.098 1.775 2.703 3.922 5.461 7.338 9.550 12.072 14.858 17.845 20.962 24.131 27.273 30.307 33.158 35.759 38.055 40.006 41.585 42.787 43.618 44.100 44.267 44.156 43.812 43.292 42.669 42.036 41.514 41.231 41.302 41.811 42.820 44.404 46.589 49.334 52.614 56.439 60.864 66.014 72.548 81.107 86.445 89.528 91.469 92.723 93.515
0.000 0.000 0.000 0.000 0.000 0.000 0.000 0.002 0.019 0.087 0.267 0.631 1.250 2.204 3.569 5.408 7.754 10.594 13.868 17.478 21.291 25.157 28.922 32.446 35.610 38.321 40.521 42.178 43.288 43.870 43.959 43.598 42.839 41.738 40.369 38.831 37.249 35.759 34.485 33.519 32.910 32.671 32.780 33.202 33.902 34.850 36.024 37.412 39.014 40.850 42.980 45.518 48.502 51.949 55.898 60.431 65.697 72.572 82.279 87.994 91.600 94.045 95.779 97.056 98.025 98.779 99.283 99.154 98.868 98.526 98.142
0.000 0.015 0.370 1.385 3.362 6.545 10.988 16.482 22.604 28.815 34.588 39.516 43.368 46.083 47.724 48.422 48.327 47.579 46.302 44.629 42.701 40.652 38.595 36.614 34.774 33.129 31.717 30.568 29.698 29.114 28.806 28.753 28.930 29.311 29.871 30.597 31.480 32.509 33.673 34.968 36.390 37.935 39.625 41.502 43.644 46.194 49.233 52.796 56.934 61.745 67.519 78.397 86.181 90.909 93.831 95.758 97.101 98.076 98.810 99.377 99.827 100.191 100.492 100.745 100.962 101.148 101.210 100.745 100.202 99.659 99.114
25.043 45.518 55.420 57.334 55.375 53.370 54.563 55.164 54.292 52.395 49.899 47.100 44.220 41.423 38.810 36.424 34.284 32.393 30.754 29.377 28.282 27.486 26.997 26.803 26.875 27.176 27.667 28.316 29.096 29.991 30.990 32.095 33.309 34.627 36.048 37.575 39.206 40.960 42.898 45.123 47.816 51.069 54.939 59.512 65.064 74.299 85.965 91.368 94.435 96.334 97.594 98.474 99.116 99.599 99.974 100.273 100.517 100.720 100.893 101.043 101.176 101.295 101.405 101.507 101.603 101.690 101.659 101.129 100.549 99.978 99.412
28.622 28.474 28.628 30.250 33.131 35.776 37.032 36.730 35.335 33.454 31.567 29.951 28.707 27.836 27.295 27.032 26.997 27.150 27.459 27.896 28.439 29.071 29.781 30.565 31.420 32.347 33.354 34.452 35.656 36.967 38.385 39.909 41.542 43.336 45.392 47.897 50.985 54.740 59.290 65.130 78.427 88.246 93.058 95.700 97.293 98.328 99.038 99.547 99.925 100.216 100.444 100.629 100.783 100.913 101.027 101.128 101.220 101.304 101.384 101.460 101.534 101.606 101.678 101.749 101.820 101.884 101.821 101.273 100.694 100.127 99.566
26.191 26.562 26.635 26.811 27.129 27.524 27.924 28.279 28.578 28.831 29.065 29.303 29.566 29.868 30.219 30.624 31.089 31.615 32.205 32.862 33.589 34.391 35.272 36.246 37.328 38.542 39.893 41.387 43.034 44.914 47.186 49.978 53.396 57.582 62.975 73.525 87.468 92.969 95.800 97.436 98.464 99.152 99.634 99.986 100.252 100.458 100.623 100.758 100.873 100.971 101.059 101.138 101.211 101.280 101.346 101.410 101.473 101.535 101.598 101.661 101.724 101.789 101.855 101.922 101.991 102.051 101.972 101.419 100.850 100.296 99.748
26.549 27.924 28.446 28.881 29.355 29.868 30.406 30.961 31.525 32.093 32.662 33.231 33.801 34.374 34.954 35.550 36.173 36.835 37.555 38.353 39.260 40.319 41.585 43.107 44.961 47.213 49.944 53.255 57.311 62.599 73.236 87.630 93.145 95.927 97.517 98.509 99.168 99.627 99.961 100.212 100.408 100.564 100.693 100.802 100.896 100.981 101.058 101.130 101.197 101.262 101.326 101.388 101.450 101.511 101.573 101.635 101.697 101.761 101.825 101.890 101.956 102.023 102.092 102.161 102.232 102.290 102.184 101.592 101.003 100.433 99.867
29.082 31.983 33.168 33.893 34.536 35.173 35.819 36.470 37.125 37.782 38.443 39.112 39.791 40.484 41.200 41.952 42.763 43.666 44.714 46.025 47.862 50.578 54.314 59.525 69.665 87.068 93.228 96.051 97.603 98.549 99.170 99.601 99.913 100.148 100.331 100.476 100.596 100.697 100.784 100.862 100.934 101.002 101.066 101.129 101.192 101.255 101.318 101.382 101.447 101.513 101.581 101.650 101.720 101.791 101.863 101.937 102.011 102.086 102.162 102.239 102.317 102.395 102.474 102.554 102.634 102.704 102.630 102.079 101.515 100.967 100.425
32.261 37.415 40.146 41.790 42.982 43.959 44.828 45.639 46.436 47.279 48.223 49.355 50.801 52.752 55.514 60.037 72.677 88.124 93.124 95.622 97.073 98.018 98.683 99.177 99.559 99.862 100.106 100.306 100.470 100.606 100.718 100.811 100.889 100.954 101.009 101.056 101.097 101.133 101.166 101.197 101.228 101.259 101.292 101.327 101.364 101.405 101.449 101.497 101.548 101.603 101.662 101.724 101.790 101.858 101.928 102.001 102.075 102.152 102.229 102.307 102.387 102.467 102.547 102.629 102.710 102.772 102.630 102.013 101.439 100.882 100.325
34.417 40.724 44.547 47.099 49.034 50.624 52.013 53.291 54.542 55.864 57.464 59.986 65.713 83.208 90.705 93.885 95.614 96.738 97.553 98.185 98.698 99.126 99.490 99.803 100.075 100.314 100.523 100.709 100.873 101.020 101.151 101.268 101.374 101.469 101.554 101.631 101.701 101.763 101.819 101.870 101.915 101.956 101.993 102.026 102.057 102.086 102.113 102.140 102.167 102.195 102.224 102.255 102.288 102.324 102.363 102.406 102.451 102.500 102.552 102.608 102.667 102.729 102.794 102.862 102.933 102.998 102.937 102.419 101.879 101.353 100.831
49.299 80.547 88.045 90.865 92.477 93.670 94.666 95.545 96.334 97.042 97.675 98.238 98.736 99.174 99.558 99.893 100.184 100.435 100.652 100.839 100.999 101.137 101.255 101.357 101.444 101.519 101.583 101.640 101.688 101.731 101.770 101.804 101.836 101.866 101.894 101.922 101.950 101.978 102.007 102.037 102.068 102.102 102.137 102.175 102.215 102.258 102.303 102.351 102.401 102.453 102.509 102.566 102.626 102.688 102.752 102.818 102.887 102.956 103.028 103.101 103.176 103.251 103.329 103.407 103.486 103.535 103.321 102.626 102.034 101.474 100.916
34.416 40.723 44.545 47.097 49.032 50.622 52.010 53.288 54.539 55.860 57.459 59.981 65.703 83.199 90.701 93.883 95.613 96.738 97.552 98.185 98.698 99.126 99.490 99.803 100.075 100.314 100.523 100.709 100.873 101.020 101.151 101.268 101.374 101.468 101.554 101.631 101.701 101.763 101.819 101.870 101.915 101.956 101.993 102.026 102.057 102.086 102.113 102.140 102.167 102.195 102.224 102.255 102.288 102.324 102.363 102.405 102.451 102.500 102.552 102.608 102.667 102.729 102.794 102.862 102.933 102.998 102.937 102.419 101.879 101.353 100.831
32.260 37.414 40.145 41.788 42.980 43.957 44.826 45.638 46.435 47.277 48.222 49.354 50.799 52.750 55.510 60.032 72.659 88.117 93.121 95.621 97.072 98.017 98.683 99.177 99.559 99.862 100.106 100.306 100.470 100.605 100.718 100.811 100.889 100.954 101.009 101.056 101.097 101.133 101.166 101.197 101.228 101.259 101.292 101.326 101.364 101.404 101.449 101.496 101.548 101.603 101.662 101.724 101.789 101.858 101.928 102.001 102.075 102.151 102.229 102.307 102.387 102.467 102.547 102.629 102.710 102.772 102.630 102.013 101.439 100.882 100.325
29.081 31.981 33.166 33.890 34.533 35.171 35.816 36.468 37.122 37.780 38.441 39.109 39.788 40.481 41.197 41.949 42.761 43.663 44.711 46.022 47.858 50.572 54.308 59.516 69.646 87.055 93.223 96.048 97.602 98.548 99.169 99.600 99.913 100.148 100.330 100.476 100.595 100.696 100.784 100.862 100.934 101.001 101.066 101.129 101.192 101.254 101.318 101.382 101.447 101.513 101.581 101.650 101.720 101.791 101.863 101.936 102.011 102.086 102.162 102.239 102.317 102.395 102.474 102.553 102.634 102.704 102.630 102.079 101.515 100.967 100.425
26.549 27.923 28.444 28.879 29.352 29.865 30.403 30.957 31.521 32.089 32.659 33.228 33.799 34.371 34.951 35.547 36.169 36.831 37.551 38.349 39.256 40.314 41.579 43.102 44.956 47.207 49.936 53.247 57.301 62.586 73.195 87.610 93.137 95.922 97.515 98.507 99.166 99.626 99.960 100.212 100.407 100.563 100.692 100.801 100.896 100.981 101.058 101.129 101.197 101.262 101.326 101.388 101.449 101.511 101.573 101.635 101.697 101.760 101.825 101.890 101.956 102.023 102.091 102.161 102.232 102.290 102.184 101.592 101.003 100.432 99.867
26.194 26.563 26.636 26.811 27.128 27.523 27.922 28.278 28.577 28.831 29.064 29.301 29.564 29.866 30.216 30.621 31.085 31.611 32.201 32.858 33.585 34.386 35.268 36.241 37.323 38.537 39.888 41.381 43.028 44.908 47.178 49.969 53.385 57.569 62.958 73.474 87.443 92.958 95.794 97.432 98.462 99.150 99.633 99.985 100.251 100.457 100.622 100.758 100.872 100.971 101.058 101.137 101.211 101.279 101.345 101.409 101.472 101.535 101.597 101.660 101.724 101.789 101.855 101.922 101.991 102.051 101.972 101.418 100.850 100.296 99.748
28.631 28.482 28.632 30.248 33.129 35.780 37.044 36.747 35.354 33.471 31.582 29.961 28.714 27.840 27.298 27.032 26.996 27.148 27.456 27.892 28.435 29.066 29.777 30.560 31.414 32.342 33.349 34.446 35.650 36.961 38.378 39.902 41.535 43.329 45.384 47.887 50.973 54.727 59.274 65.109 78.340 88.225 93.047 95.693 97.289 98.325 99.036 99.546 99.924 100.215 100.443 100.629 100.782 100.913 101.026 101.127 101.219 101.304 101.384 101.460 101.534 101.606 101.677 101.748 101.819 101.883 101.820 101.273 100.694 100.127 99.565
24.611 45.225 55.324 57.365 55.468 53.474 54.645 55.237 54.358 52.456 49.956 47.152 44.267 41.466 38.848 36.458 34.313 32.418 30.775 29.394 28.295 27.495 27.003 26.806 26.875 27.174 27.663 28.311 29.091 29.985 30.984 32.088 33.302 34.619 36.040 37.567 39.197 40.951 42.888 45.113 47.804 51.055 54.923 59.492 65.040 74.239 85.934 91.353 94.425 96.328 97.589 98.471 99.113 99.597 99.973 100.272 100.516 100.719 100.892 101.042 101.175 101.295 101.404 101.506 101.602 101.689 101.659 101.129 100.548 99.977 99.411
0.000 0.012 0.357 1.354 3.307 6.461 10.875 16.348 22.460 28.674 34.463 39.414 43.293 46.037 47.704 48.424 48.348 47.615 46.350 44.684 42.759 40.710 38.649 36.663 34.818 33.166 31.748 30.592 29.717 29.127 28.814 28.758 28.932 29.309 29.868 30.591 31.473 32.501 33.664 34.958 36.380 37.924 39.614 41.490 43.631 46.179 49.217 52.778 56.913 61.721 67.489 78.360 86.152 90.890 93.819 95.749 97.094 98.071 98.806 99.374 99.824 100.189 100.490 100.743 100.960 101.147 101.209 100.744 100.201 99.658 99.113
0.000 0.000 0.000 0.000 0.000 0.000 0.000 0.002 0.018 0.084 0.260 0.619 1.231 2.175 3.529 5.356 7.689 10.517 13.780 17.383 21.193 25.059 28.829 32.360 35.535 38.260 40.474 42.145 43.270 43.866 43.968 43.619 42.871 41.778 40.415 38.880 37.298 35.805 34.525 33.550 32.933 32.687 32.789 33.205 33.900 34.845 36.016 37.401 39.001 40.836 42.964 45.499 48.481 51.925 55.871 60.401 65.660 72.511 82.230 87.964 91.579 94.030 95.767 97.047 98.018 98.773 99.279 99.150 98.865 98.523 98.139
0.000 0.000 0.000 0.000 0.000 0.000 0.000 0.000 0.000 0.000 0.000 0.000 0.000 0.000 0.000 0.000 0.000 0.002 0.007 0.022 0.063 0.154 0.327 0.622 1.083 1.754 2.676 3.886 5.417 7.285 9.488 12.003 14.784 17.766 20.881 24.050 27.194 30.232 33.089 35.698 38.004 39.965 41.555 42.767 43.609 44.101 44.277 44.174 43.837 43.323 42.702 42.071 41.546 41.258 41.321 41.821 42.821 44.396 46.574 49.312 52.586 56.405 60.824 65.966 72.472 81.046 86.404 89.499 91.448 92.707 93.503
0.000 0.000 0.000 0.000 0.000 0.000 0.000 0.000 0.000 0.000 0.000 0.000 0.000 0.000 0.000 0.000 0.000 0.000 0.000 0.000 0.000 0.000 0.000 0.000 0.000 0.000 0.000 0.000 0.000 0.001 0.003 0.009 0.024 0.059 0.129 0.255 0.464 0.785 1.247 1.882 2.724 3.805 5.153 6.785 8.707 10.911 13.375 16.063 18.925 21.902 24.942 27.993 31.002 33.921 36.705 39.317 41.731 43.926 45.895 47.635 49.156 50.474 51.611 52.606 53.546 54.502 55.469 56.299 57.465 59.312 62.141
0.000 0.000 0.000 0.000 0.000 0.000 0.000 0.000 0.000 0.000 0.000 0.000 0.000 0.000 0.000 0.000 0.000 0.000 0.000 0.000 0.000 0.000 0.000 0.000 0.000 0.000 0.000 0.000 0.000 0.000 0.000 0.000 0.000 0.000 0.000 0.000 0.000 0.000 0.000 0.000 0.000 0.000 0.001 0.002 0.005 0.013 0.032 0.070 0.141 0.259 0.440 0.705 1.080 1.593 2.274 3.155 4.268 5.640 7.290 9.229 11.460 13.971 16.742 19.742 22.933 26.271 29.703 33.088 36.523 40.002 43.470
0.000 0.000 0.000 0.000 0.000 0.000 0.000 0.000 0.000 0.000 0.000 0.000 0.000 0.000 0.000 0.000 0.000 0.000 0.000 0.000 0.000 0.000 0.000 0.000 0.000 0.000 0.000 0.000 0.000 0.000 0.000 0.000 0.000 0.000 0.000 0.000 0.000 0.000 0.000 0.000 0.000 0.000 0.000 0.000 0.000 0.000 0.000 0.000 0.000 0.000 0.000 0.000 0.000 0.000 0.000 0.000 0.001 0.002 0.006 0.015 0.031 0.060 0.108 0.185 0.303 0.478 0.727 1.075 1.553 2.200 3.065
0.000 0.000 0.000 0.000 0.000 0.000 0.000 0.000 0.000 0.000 0.000 0.000 0.000 0.000 0.000 0.000 0.000 0.000 0.000 0.000 0.000 0.000 0.000 0.000 0.000 0.000 0.000 0.000 0.000 0.000 0.000 0.000 0.000 0.000 0.000 0.000 0.000 0.000 0.000 0.000 0.000 0.000 0.000 0.000 0.000 0.000 0.000 0.000 0.000 0.000 0.000 0.000 0.000 0.000 0.000 0.000 0.000 0.000 0.000 0.000 0.000 0.000 0.000 0.000 0.000 0.000 0.000 0.000 0.000 0.000 0.001
0.000 0.000 0.000 0.000 0.000 0.000 0.000 0.000 0.000 0.000 0.000 0.000 0.000 0.000 0.000 0.000 0.000 0.000 0.000 0.000 0.000 0.000 0.000 0.000 0.000 0.000 0.000 0.000 0.000 0.000 0.000 0.000 0.000 0.000 0.000 0.000 0.000 0.000 0.000 0.000 0.000 0.000 0.000 0.000 0.000 0.000 0.000 0.000 0.000 0.000 0.000 0.000 0.000 0.000 0.000 0.000 0.000 0.000 0.000 0.000 0.000 0.000 0.000 0.000 0.000 0.000 0.000 0.000 0.000 0.000 0.000
