Examples/2023_ISeeSnow/data/CoulombOnly/Results/curv77s/s/1HS_03_curv77s_MoT-Voellmy_s_0006.asc
ncols        77
nrows        39
xllcorner    1037.5
yllcorner    -4347.5
cellsize     5.00
NODATA_value -9999
0.000 0.000 0.000 0.000 0.000 0.003 0.016 0.055 0.126 0.221 0.319 0.390 0.414 0.398 0.359 0.308 0.254 0.201 0.153 0.113 0.081 0.057 0.038 0.025 0.015 0.009 0.004 0.002 0.000 0.000 0.000 0.000 0.000 0.000 0.000 0.000 0.000 0.000 0.000 0.000 0.000 0.000 0.000 0.000 0.000 0.000 0.000 0.000 0.000 0.000 0.000 0.000 0.000 0.000 0.000 0.000 0.000 0.000 0.000 0.000 0.000 0.000 0.000 0.000 0.000 0.000 0.000 0.000 0.000 0.000 0.000 0.000 0.000 0.000 0.000 0.000 0.000
0.000 0.000 0.017 0.219 0.929 2.332 4.228 6.266 8.227 10.018 11.599 12.089 12.258 12.327 12.349 12.377 12.361 12.371 12.319 11.434 10.543 9.666 8.809 7.976 7.171 6.395 5.652 4.943 4.271 3.635 3.038 2.481 1.965 1.490 1.057 0.667 0.320 0.077 0.009 0.001 0.000 0.000 0.000 0.000 0.000 0.000 0.000 0.000 0.000 0.000 0.000 0.000 0.000 0.000 0.000 0.000 0.000 0.000 0.000 0.000 0.000 0.000 0.000 0.000 0.000 0.000 0.000 0.000 0.000 0.000 0.000 0.000 0.000 0.000 0.000 0.000 0.000
0.000 0.735 2.946 5.537 7.313 9.495 11.883 12.405 12.587 12.667 12.703 12.715 12.713 12.703 12.687 12.669 12.649 12.629 12.608 12.587 12.564 12.541 12.518 12.494 12.470 12.445 12.419 12.393 12.367 12.339 12.311 12.283 12.254 12.225 12.196 12.166 12.136 12.106 12.075 12.046 12.019 11.999 11.988 11.995 12.034 12.162 11.190 6.141 1.920 0.632 0.223 0.069 0.016 0.003 0.000 0.000 0.000 0.000 0.000 0.000 0.000 0.000 0.000 0.000 0.000 0.000 0.000 0.000 0.000 0.000 0.000 0.000 0.000 0.000 0.000 0.000 0.000
0.000 4.734 6.099 9.446 12.004 12.432 12.619 12.746 12.846 12.926 12.985 13.024 13.044 13.048 13.042 13.028 13.011 12.992 12.972 12.951 12.930 12.907 12.884 12.861 12.837 12.812 12.787 12.761 12.734 12.707 12.679 12.651 12.622 12.592 12.562 12.532 12.500 12.469 12.436 12.403 12.370 12.336 12.301 12.266 12.230 12.193 12.154 12.118 12.087 12.055 12.023 11.990 11.957 11.925 11.892 11.860 11.827 11.795 11.763 11.731 11.700 11.672 11.645 11.622 11.670 11.166 2.874 0.011 0.000 0.000 0.000 0.000 0.000 0.000 0.000 0.000 0.000
0.000 5.768 11.209 12.060 12.289 12.446 12.613 12.787 12.950 13.091 13.202 13.282 13.331 13.355 13.361 13.356 13.345 13.329 13.312 13.294 13.275 13.256 13.236 13.215 13.194 13.172 13.149 13.125 13.101 13.076 13.051 13.024 12.997 12.969 12.940 12.911 12.881 12.850 12.818 12.786 12.753 12.720 12.686 12.652 12.616 12.581 12.544 12.507 12.468 12.428 12.387 12.344 12.300 12.255 12.208 12.161 12.113 12.063 12.013 11.962 11.911 11.863 11.822 11.787 11.752 11.703 11.663 11.623 11.595 11.662 7.411 0.280 0.000 0.000 0.000 0.000 0.000
0.000 7.199 11.641 11.979 12.119 12.301 12.523 12.757 12.976 13.164 13.313 13.422 13.494 13.535 13.555 13.560 13.556 13.548 13.538 13.527 13.515 13.502 13.489 13.475 13.461 13.446 13.430 13.413 13.395 13.376 13.356 13.334 13.311 13.286 13.259 13.229 13.198 13.165 13.131 13.096 13.061 13.025 12.989 12.953 12.917 12.881 12.845 12.808 12.771 12.735 12.698 12.661 12.624 12.588 12.553 12.519 12.487 12.457 12.428 12.403 12.394 12.421 12.507 12.660 12.868 13.108 13.341 13.526 13.625 13.619 13.512 13.330 13.096 12.880 11.773 0.886 0.000
0.000 11.099 11.095 11.187 11.374 11.633 11.929 12.228 12.506 12.746 12.939 13.083 13.181 13.240 13.270 13.282 13.282 13.276 13.267 13.257 13.247 13.237 13.227 13.217 13.207 13.198 13.189 13.180 13.171 13.163 13.156 13.149 13.143 13.137 13.133 13.129 13.125 13.122 13.118 13.115 13.111 13.108 13.106 13.104 13.103 13.102 13.102 13.103 13.105 13.108 13.112 13.117 13.123 13.130 13.137 13.142 13.145 13.147 13.146 13.145 13.146 13.161 13.204 13.288 13.417 13.583 13.756 13.894 13.954 13.914 13.775 13.555 13.285 12.999 12.748 2.703 0.000
0.000 10.870 11.164 11.256 11.435 11.680 11.957 12.240 12.505 12.739 12.933 13.082 13.189 13.257 13.296 13.315 13.321 13.321 13.318 13.313 13.308 13.302 13.296 13.289 13.283 13.276 13.269 13.261 13.254 13.245 13.237 13.227 13.218 13.208 13.197 13.186 13.174 13.162 13.150 13.139 13.127 13.116 13.105 13.095 13.084 13.074 13.065 13.055 13.046 13.038 13.029 13.022 13.014 13.008 13.001 12.996 12.991 12.986 12.983 12.983 12.995 13.035 13.123 13.266 13.459 13.684 13.909 14.094 14.193 14.179 14.048 13.819 13.525 13.195 12.862 6.318 0.000
0.000 11.133 11.125 11.209 11.385 11.628 11.909 12.196 12.468 12.709 12.910 13.065 13.175 13.246 13.287 13.307 13.314 13.314 13.311 13.306 13.301 13.296 13.291 13.286 13.280 13.275 13.270 13.264 13.259 13.254 13.249 13.244 13.239 13.234 13.229 13.224 13.219 13.214 13.209 13.205 13.200 13.196 13.191 13.187 13.183 13.179 13.175 13.171 13.167 13.164 13.160 13.157 13.154 13.151 13.148 13.145 13.143 13.141 13.140 13.141 13.152 13.190 13.271 13.407 13.594 13.818 14.046 14.236 14.340 14.327 14.192 13.953 13.644 13.301 12.966 8.559 0.000
0.000 11.161 11.153 11.237 11.413 11.657 11.939 12.227 12.500 12.741 12.943 13.098 13.210 13.282 13.323 13.344 13.352 13.353 13.351 13.347 13.343 13.338 13.333 13.328 13.323 13.318 13.313 13.307 13.302 13.297 13.291 13.285 13.280 13.274 13.269 13.263 13.258 13.252 13.247 13.241 13.236 13.231 13.225 13.220 13.215 13.211 13.206 13.201 13.197 13.193 13.189 13.185 13.182 13.179 13.176 13.173 13.171 13.169 13.167 13.169 13.183 13.225 13.313 13.458 13.656 13.888 14.125 14.323 14.433 14.423 14.286 14.042 13.724 13.370 12.997 10.029 0.000
0.000 11.187 11.176 11.257 11.429 11.670 11.948 12.235 12.507 12.749 12.951 13.109 13.222 13.295 13.339 13.361 13.370 13.372 13.370 13.368 13.364 13.361 13.357 13.353 13.349 13.346 13.342 13.338 13.334 13.330 13.326 13.322 13.318 13.314 13.311 13.307 13.303 13.299 13.295 13.291 13.287 13.283 13.280 13.276 13.272 13.269 13.265 13.262 13.259 13.256 13.253 13.250 13.247 13.245 13.242 13.240 13.238 13.237 13.236 13.238 13.252 13.293 13.380 13.524 13.720 13.952 14.188 14.386 14.497 14.487 14.348 14.101 13.780 13.420 13.051 10.918 0.000
0.000 11.212 11.199 11.279 11.450 11.690 11.968 12.254 12.527 12.770 12.972 13.130 13.244 13.318 13.362 13.385 13.395 13.397 13.397 13.394 13.392 13.389 13.385 13.382 13.379 13.376 13.373 13.369 13.366 13.363 13.359 13.356 13.352 13.349 13.346 13.342 13.339 13.335 13.332 13.329 13.326 13.322 13.319 13.316 13.313 13.310 13.307 13.304 13.301 13.299 13.296 13.294 13.292 13.290 13.288 13.286 13.285 13.283 13.283 13.285 13.298 13.340 13.427 13.570 13.766 13.997 14.233 14.431 14.542 14.533 14.395 14.147 13.823 13.460 13.094 11.551 0.000
0.000 11.234 11.221 11.298 11.468 11.706 11.984 12.270 12.542 12.785 12.988 13.147 13.261 13.337 13.381 13.405 13.415 13.418 13.418 13.417 13.415 13.412 13.410 13.408 13.405 13.403 13.400 13.397 13.395 13.392 13.390 13.387 13.384 13.382 13.379 13.376 13.374 13.371 13.368 13.366 13.363 13.361 13.358 13.356 13.353 13.351 13.348 13.346 13.344 13.342 13.340 13.338 13.336 13.334 13.332 13.331 13.329 13.328 13.328 13.330 13.343 13.383 13.469 13.611 13.805 14.034 14.269 14.467 14.578 14.570 14.432 14.184 13.860 13.494 13.131 12.060 0.000
0.000 11.253 11.239 11.316 11.484 11.722 11.998 12.284 12.557 12.800 13.004 13.163 13.278 13.353 13.399 13.423 13.434 13.437 13.438 13.437 13.435 13.434 13.432 13.430 13.428 13.426 13.424 13.422 13.420 13.418 13.416 13.414 13.412 13.410 13.408 13.406 13.403 13.401 13.399 13.397 13.395 13.393 13.391 13.389 13.387 13.385 13.383 13.381 13.380 13.378 13.376 13.375 13.373 13.372 13.370 13.369 13.368 13.367 13.366 13.368 13.381 13.421 13.505 13.645 13.837 14.065 14.299 14.496 14.609 14.601 14.464 14.217 13.893 13.524 13.162 12.489 0.000
0.000 11.218 11.254 11.330 11.497 11.734 12.010 12.296 12.569 12.812 13.016 13.176 13.291 13.368 13.413 13.438 13.449 13.453 13.454 13.454 13.453 13.452 13.450 13.449 13.447 13.446 13.444 13.443 13.441 13.440 13.438 13.437 13.435 13.434 13.432 13.431 13.429 13.427 13.426 13.424 13.423 13.421 13.420 13.418 13.416 13.415 13.413 13.412 13.410 13.409 13.408 13.406 13.405 13.404 13.403 13.401 13.400 13.399 13.399 13.401 13.413 13.452 13.536 13.675 13.865 14.091 14.324 14.521 14.634 14.627 14.492 14.245 13.920 13.551 13.188 12.724 0.000
0.000 11.160 11.267 11.342 11.508 11.745 12.020 12.306 12.579 12.822 13.027 13.187 13.302 13.379 13.425 13.450 13.462 13.467 13.468 13.468 13.467 13.466 13.465 13.464 13.463 13.462 13.461 13.460 13.459 13.458 13.457 13.456 13.454 13.453 13.452 13.451 13.450 13.449 13.447 13.446 13.445 13.444 13.443 13.441 13.440 13.439 13.438 13.437 13.436 13.435 13.433 13.432 13.431 13.430 13.429 13.428 13.427 13.426 13.426 13.428 13.440 13.479 13.561 13.699 13.888 14.113 14.345 14.542 14.655 14.649 14.514 14.268 13.943 13.574 13.208 12.754 0.000
0.000 11.115 11.277 11.351 11.517 11.753 12.028 12.314 12.586 12.830 13.035 13.195 13.311 13.388 13.434 13.460 13.472 13.477 13.478 13.479 13.478 13.478 13.477 13.476 13.475 13.475 13.474 13.473 13.472 13.472 13.471 13.470 13.469 13.468 13.468 13.467 13.466 13.465 13.464 13.463 13.462 13.462 13.461 13.460 13.459 13.458 13.457 13.456 13.455 13.454 13.453 13.452 13.452 13.451 13.450 13.449 13.448 13.447 13.447 13.449 13.461 13.499 13.581 13.717 13.906 14.130 14.362 14.558 14.671 14.666 14.532 14.286 13.961 13.592 13.224 12.777 0.000
0.000 11.084 11.284 11.358 11.523 11.758 12.034 12.319 12.592 12.835 13.040 13.201 13.317 13.394 13.441 13.466 13.479 13.484 13.486 13.486 13.486 13.485 13.485 13.484 13.484 13.483 13.483 13.482 13.482 13.481 13.481 13.480 13.479 13.479 13.478 13.478 13.477 13.476 13.476 13.475 13.474 13.474 13.473 13.472 13.471 13.471 13.470 13.469 13.468 13.468 13.467 13.466 13.465 13.465 13.464 13.463 13.462 13.461 13.461 13.463 13.475 13.513 13.594 13.730 13.918 14.142 14.373 14.569 14.683 14.678 14.545 14.299 13.974 13.604 13.235 12.794 0.000
0.000 11.073 11.287 11.361 11.525 11.761 12.036 12.321 12.594 12.838 13.042 13.203 13.319 13.397 13.444 13.469 13.482 13.487 13.489 13.489 13.489 13.489 13.489 13.488 13.488 13.487 13.487 13.487 13.486 13.486 13.485 13.485 13.484 13.484 13.483 13.482 13.482 13.481 13.481 13.480 13.479 13.479 13.478 13.477 13.477 13.476 13.475 13.475 13.474 13.473 13.472 13.472 13.471 13.470 13.469 13.468 13.467 13.467 13.466 13.468 13.480 13.518 13.600 13.736 13.924 14.148 14.380 14.577 14.692 14.688 14.554 14.308 13.983 13.613 13.242 12.807 0.000
0.000 11.167 11.282 11.356 11.521 11.757 12.032 12.318 12.591 12.836 13.041 13.202 13.319 13.396 13.443 13.469 13.481 13.486 13.488 13.489 13.489 13.488 13.488 13.487 13.487 13.486 13.486 13.485 13.485 13.484 13.484 13.483 13.483 13.482 13.482 13.481 13.480 13.480 13.479 13.478 13.478 13.477 13.476 13.475 13.475 13.474 13.473 13.472 13.471 13.471 13.470 13.469 13.468 13.467 13.466 13.465 13.464 13.463 13.462 13.464 13.476 13.514 13.597 13.734 13.924 14.151 14.386 14.587 14.705 14.704 14.571 14.323 13.994 13.620 13.234 12.826 0.000
0.000 11.073 11.287 11.361 11.525 11.761 12.036 12.321 12.594 12.838 13.042 13.203 13.319 13.397 13.444 13.469 13.482 13.487 13.489 13.490 13.489 13.489 13.489 13.488 13.488 13.487 13.487 13.487 13.486 13.486 13.485 13.485 13.484 13.484 13.483 13.482 13.482 13.481 13.481 13.480 13.479 13.479 13.478 13.478 13.477 13.476 13.475 13.475 13.474 13.473 13.472 13.472 13.471 13.470 13.469 13.468 13.467 13.467 13.466 13.468 13.480 13.518 13.600 13.736 13.924 14.148 14.380 14.577 14.692 14.688 14.554 14.308 13.983 13.613 13.242 12.807 0.000
0.000 11.084 11.284 11.358 11.523 11.758 12.034 12.319 12.592 12.835 13.040 13.201 13.317 13.394 13.441 13.466 13.479 13.484 13.486 13.486 13.486 13.485 13.485 13.484 13.484 13.483 13.483 13.482 13.482 13.481 13.481 13.480 13.480 13.479 13.478 13.478 13.477 13.476 13.476 13.475 13.474 13.474 13.473 13.472 13.471 13.471 13.470 13.469 13.468 13.468 13.467 13.466 13.465 13.465 13.464 13.463 13.462 13.461 13.461 13.463 13.475 13.513 13.594 13.730 13.918 14.142 14.373 14.569 14.683 14.678 14.545 14.299 13.974 13.604 13.235 12.794 0.000
0.000 11.115 11.277 11.351 11.517 11.753 12.028 12.314 12.586 12.830 13.035 13.195 13.311 13.388 13.434 13.460 13.472 13.477 13.478 13.479 13.478 13.478 13.477 13.476 13.475 13.475 13.474 13.473 13.472 13.472 13.471 13.470 13.469 13.468 13.468 13.467 13.466 13.465 13.464 13.463 13.462 13.462 13.461 13.460 13.459 13.458 13.457 13.456 13.455 13.454 13.453 13.453 13.452 13.451 13.450 13.449 13.448 13.447 13.447 13.449 13.461 13.499 13.581 13.717 13.906 14.130 14.362 14.558 14.671 14.666 14.532 14.286 13.961 13.592 13.224 12.777 0.000
0.000 11.160 11.267 11.342 11.508 11.745 12.020 12.306 12.579 12.822 13.027 13.187 13.302 13.379 13.425 13.450 13.462 13.467 13.468 13.468 13.467 13.466 13.465 13.464 13.463 13.462 13.461 13.460 13.459 13.458 13.457 13.456 13.454 13.453 13.452 13.451 13.450 13.449 13.447 13.446 13.445 13.444 13.443 13.442 13.440 13.439 13.438 13.437 13.436 13.435 13.433 13.432 13.431 13.430 13.429 13.428 13.427 13.426 13.426 13.428 13.440 13.479 13.561 13.699 13.888 14.113 14.345 14.542 14.655 14.649 14.514 14.268 13.943 13.574 13.208 12.754 0.000
0.000 11.218 11.254 11.330 11.497 11.734 12.010 12.296 12.569 12.812 13.016 13.176 13.291 13.368 13.413 13.438 13.449 13.453 13.454 13.454 13.453 13.452 13.450 13.449 13.447 13.446 13.444 13.443 13.441 13.440 13.438 13.437 13.435 13.434 13.432 13.431 13.429 13.427 13.426 13.424 13.423 13.421 13.420 13.418 13.416 13.415 13.413 13.412 13.410 13.409 13.408 13.406 13.405 13.404 13.403 13.401 13.400 13.399 13.399 13.401 13.414 13.453 13.536 13.675 13.865 14.092 14.325 14.521 14.634 14.627 14.492 14.245 13.920 13.551 13.188 12.724 0.000
0.000 11.253 11.239 11.316 11.484 11.722 11.998 12.284 12.557 12.800 13.004 13.163 13.278 13.353 13.399 13.423 13.434 13.437 13.438 13.437 13.435 13.434 13.432 13.430 13.428 13.426 13.424 13.422 13.420 13.418 13.416 13.414 13.412 13.410 13.408 13.406 13.404 13.401 13.399 13.397 13.395 13.393 13.391 13.389 13.387 13.385 13.383 13.382 13.380 13.378 13.376 13.375 13.373 13.372 13.370 13.369 13.368 13.367 13.366 13.368 13.381 13.421 13.505 13.645 13.837 14.065 14.299 14.496 14.609 14.601 14.465 14.217 13.893 13.524 13.162 12.490 0.000
0.000 11.234 11.221 11.298 11.468 11.706 11.984 12.270 12.542 12.785 12.988 13.147 13.261 13.337 13.381 13.405 13.415 13.418 13.418 13.417 13.415 13.412 13.410 13.408 13.405 13.403 13.400 13.397 13.395 13.392 13.390 13.387 13.384 13.382 13.379 13.376 13.374 13.371 13.368 13.366 13.363 13.361 13.358 13.356 13.353 13.351 13.348 13.346 13.344 13.342 13.340 13.338 13.336 13.334 13.332 13.331 13.330 13.328 13.328 13.330 13.343 13.384 13.470 13.611 13.805 14.034 14.269 14.467 14.579 14.570 14.432 14.184 13.860 13.494 13.131 12.060 0.000
0.000 11.212 11.199 11.279 11.450 11.690 11.968 12.254 12.527 12.770 12.972 13.130 13.244 13.318 13.362 13.385 13.395 13.397 13.397 13.394 13.392 13.389 13.385 13.382 13.379 13.376 13.373 13.369 13.366 13.363 13.359 13.356 13.352 13.349 13.346 13.342 13.339 13.336 13.332 13.329 13.326 13.322 13.319 13.316 13.313 13.310 13.307 13.304 13.302 13.299 13.296 13.294 13.292 13.290 13.288 13.286 13.285 13.283 13.283 13.285 13.298 13.340 13.427 13.570 13.766 13.997 14.233 14.431 14.542 14.533 14.395 14.147 13.823 13.460 13.094 11.552 0.000
0.000 11.187 11.176 11.257 11.429 11.670 11.948 12.235 12.507 12.749 12.951 13.109 13.222 13.295 13.339 13.361 13.370 13.372 13.370 13.368 13.364 13.361 13.357 13.353 13.350 13.346 13.342 13.338 13.334 13.330 13.326 13.322 13.318 13.314 13.311 13.307 13.303 13.299 13.295 13.291 13.287 13.283 13.280 13.276 13.272 13.269 13.265 13.262 13.259 13.256 13.253 13.250 13.247 13.245 13.242 13.240 13.239 13.237 13.236 13.238 13.252 13.293 13.380 13.524 13.720 13.952 14.189 14.386 14.497 14.487 14.348 14.101 13.780 13.420 13.051 10.918 0.000
0.000 11.161 11.153 11.237 11.413 11.657 11.939 12.227 12.500 12.741 12.943 13.098 13.210 13.282 13.323 13.344 13.352 13.353 13.351 13.347 13.343 13.338 13.333 13.328 13.323 13.318 13.313 13.307 13.302 13.297 13.291 13.286 13.280 13.274 13.269 13.263 13.258 13.252 13.247 13.241 13.236 13.231 13.225 13.220 13.215 13.211 13.206 13.201 13.197 13.193 13.189 13.185 13.182 13.179 13.176 13.173 13.171 13.169 13.167 13.169 13.183 13.225 13.313 13.458 13.656 13.888 14.125 14.323 14.433 14.423 14.286 14.042 13.724 13.371 12.997 10.029 0.000
0.000 11.133 11.125 11.209 11.385 11.628 11.909 12.196 12.468 12.709 12.910 13.065 13.175 13.246 13.287 13.307 13.314 13.314 13.311 13.306 13.301 13.296 13.291 13.286 13.280 13.275 13.270 13.264 13.259 13.254 13.249 13.244 13.239 13.234 13.229 13.224 13.219 13.214 13.209 13.205 13.200 13.196 13.191 13.187 13.183 13.179 13.175 13.171 13.167 13.164 13.160 13.157 13.154 13.151 13.148 13.146 13.143 13.141 13.140 13.141 13.153 13.190 13.271 13.407 13.594 13.818 14.046 14.236 14.340 14.327 14.192 13.953 13.644 13.301 12.966 8.558 0.000
0.000 10.869 11.164 11.256 11.435 11.680 11.957 12.240 12.505 12.739 12.933 13.082 13.189 13.257 13.296 13.315 13.321 13.321 13.318 13.313 13.308 13.302 13.296 13.289 13.283 13.276 13.269 13.261 13.254 13.245 13.237 13.228 13.218 13.208 13.197 13.186 13.174 13.162 13.150 13.139 13.127 13.116 13.105 13.095 13.084 13.074 13.065 13.055 13.046 13.038 13.029 13.022 13.014 13.008 13.001 12.996 12.991 12.986 12.983 12.983 12.995 13.035 13.123 13.266 13.459 13.684 13.909 14.094 14.193 14.179 14.048 13.819 13.525 13.195 12.862 6.317 0.000
0.000 11.099 11.095 11.187 11.374 11.633 11.929 12.228 12.506 12.746 12.940 13.083 13.181 13.240 13.270 13.282 13.282 13.276 13.267 13.257 13.247 13.237 13.227 13.217 13.207 13.198 13.189 13.180 13.171 13.163 13.156 13.149 13.143 13.137 13.132 13.128 13.125 13.122 13.118 13.115 13.111 13.108 13.106 13.104 13.103 13.102 13.102 13.103 13.105 13.108 13.111 13.116 13.123 13.130 13.136 13.141 13.145 13.147 13.146 13.145 13.146 13.161 13.204 13.288 13.418 13.583 13.756 13.894 13.954 13.913 13.774 13.555 13.285 12.999 12.749 2.700 0.000
0.000 7.198 11.641 11.980 12.119 12.301 12.523 12.757 12.976 13.164 13.313 13.422 13.494 13.535 13.555 13.560 13.556 13.548 13.538 13.527 13.515 13.502 13.489 13.476 13.461 13.446 13.430 13.414 13.396 13.377 13.356 13.335 13.311 13.286 13.259 13.230 13.199 13.166 13.132 13.097 13.061 13.026 12.990 12.954 12.918 12.882 12.845 12.809 12.772 12.735 12.698 12.662 12.625 12.588 12.553 12.520 12.488 12.457 12.428 12.403 12.394 12.421 12.507 12.659 12.868 13.107 13.341 13.525 13.624 13.618 13.512 13.329 13.095 12.879 11.775 0.887 0.000
0.000 5.768 11.210 12.060 12.289 12.446 12.614 12.787 12.950 13.091 13.203 13.282 13.331 13.355 13.362 13.357 13.345 13.330 13.313 13.294 13.276 13.256 13.236 13.215 13.194 13.172 13.149 13.126 13.102 13.077 13.051 13.025 12.998 12.970 12.941 12.911 12.881 12.850 12.819 12.786 12.754 12.720 12.687 12.652 12.617 12.581 12.545 12.507 12.468 12.428 12.387 12.345 12.301 12.256 12.209 12.162 12.113 12.064 12.014 11.963 11.912 11.864 11.823 11.788 11.754 11.705 11.664 11.624 11.595 11.660 7.505 0.295 0.000 0.000 0.000 0.000 0.000
0.000 4.735 6.099 9.449 12.005 12.432 12.620 12.746 12.846 12.926 12.985 13.024 13.044 13.048 13.042 13.029 13.012 12.993 12.973 12.952 12.930 12.908 12.885 12.861 12.837 12.813 12.787 12.761 12.735 12.708 12.680 12.651 12.622 12.593 12.563 12.532 12.501 12.469 12.437 12.404 12.370 12.336 12.301 12.266 12.231 12.194 12.155 12.118 12.087 12.056 12.023 11.991 11.958 11.925 11.892 11.860 11.827 11.795 11.763 11.731 11.701 11.672 11.645 11.621 11.667 11.279 3.042 0.013 0.000 0.000 0.000 0.000 0.000 0.000 0.000 0.000 0.000
0.000 0.736 2.948 5.539 7.314 9.500 11.885 12.406 12.588 12.667 12.703 12.715 12.713 12.703 12.688 12.669 12.650 12.629 12.608 12.587 12.565 12.542 12.518 12.495 12.470 12.445 12.420 12.393 12.367 12.340 12.312 12.284 12.255 12.226 12.196 12.166 12.136 12.106 12.076 12.046 12.020 11.999 11.988 11.994 12.032 12.157 11.296 6.353 2.009 0.658 0.233 0.073 0.017 0.003 0.000 0.000 0.000 0.000 0.000 0.000 0.000 0.000 0.000 0.000 0.000 0.000 0.000 0.000 0.000 0.000 0.000 0.000 0.000 0.000 0.000 0.000 0.000
0.000 0.000 0.017 0.219 0.931 2.336 4.234 6.274 8.235 10.027 11.611 12.088 12.259 12.328 12.349 12.376 12.363 12.370 12.322 11.466 10.574 9.696 8.838 8.004 7.197 6.420 5.676 4.966 4.292 3.654 3.056 2.497 1.980 1.503 1.069 0.677 0.329 0.081 0.010 0.001 0.000 0.000 0.000 0.000 0.000 0.000 0.000 0.000 0.000 0.000 0.000 0.000 0.000 0.000 0.000 0.000 0.000 0.000 0.000 0.000 0.000 0.000 0.000 0.000 0.000 0.000 0.000 0.000 0.000 0.000 0.000 0.000 0.000 0.000 0.000 0.000 0.000
0.000 0.000 0.000 0.000 0.000 0.003 0.016 0.055 0.127 0.222 0.320 0.392 0.416 0.400 0.361 0.310 0.256 0.203 0.154 0.114 0.082 0.057 0.039 0.025 0.015 0.009 0.004 0.002 0.000 0.000 0.000 0.000 0.000 0.000 0.000 0.000 0.000 0.000 0.000 0.000 0.000 0.000 0.000 0.000 0.000 0.000 0.000 0.000 0.000 0.000 0.000 0.000 0.000 0.000 0.000 0.000 0.000 0.000 0.000 0.000 0.000 0.000 0.000 0.000 0.000 0.000 0.000 0.000 0.000 0.000 0.000 0.000 0.000 0.000 0.000 0.000 0.000
