Examples/2023_ISeeSnow/data/CoulombOnly/Results/curv77s/s/1HS_03_curv77s_MoT-Voellmy_s_0017.asc
ncols        102
nrows        39
xllcorner    1217.5
yllcorner    -4347.5
cellsize     5.00
NODATA_value -9999
[rows 0 to 31 of 39, columns 0 to 71 of 102]
9.090 8.924 8.321 7.550 6.096 2.246 0.059 0.000 0.000 0.000 0.000 0.000 0.000 0.000 0.000 0.000 0.000 0.000 0.000 0.000 0.000 0.000 0.000 0.000 0.000 0.000 0.000 0.000 0.000 0.000 0.000 0.000 0.000 0.000 0.000 0.000 0.000 0.000 0.000 0.000 0.000 0.000 0.000 0.000 0.000 0.000 0.000 0.000 0.000 0.000 0.000 0.000 0.000 0.000 0.000 0.000 0.000 0.000 0.000 0.000 0.000 0.000 0.000 0.000 0.000 0.000 0.000 0.000 0.000 0.000 0.000 0.000
11.734 13.036 13.640 14.101 14.725 15.379 15.734 15.951 16.182 16.489 16.909 17.487 18.275 19.373 21.011 23.960 32.079 34.537 35.191 35.394 35.465 35.485 35.479 35.459 35.429 35.393 35.353 35.315 35.302 35.467 37.607 38.772 36.314 32.439 28.187 19.302 2.563 0.002 0.000 0.000 0.000 0.000 0.000 0.000 0.000 0.000 0.000 0.000 0.000 0.000 0.000 0.000 0.000 0.000 0.000 0.000 0.000 0.000 0.000 0.000 0.000 0.000 0.000 0.000 0.000 0.000 0.000 0.000 0.000 0.000 0.000 0.000
12.579 14.459 15.565 16.360 17.063 17.760 18.538 19.608 21.472 26.552 32.629 34.191 34.911 35.322 35.589 35.775 35.898 35.951 35.959 35.943 35.916 35.883 35.847 35.809 35.770 35.731 35.692 35.653 35.616 35.589 35.589 35.584 35.522 35.371 35.134 34.933 34.929 34.957 34.986 35.071 35.656 40.413 39.853 35.448 29.938 23.492 8.582 0.145 0.000 0.000 0.000 0.000 0.000 0.000 0.000 0.000 0.000 0.000 0.000 0.000 0.000 0.000 0.000 0.000 0.000 0.000 0.000 0.000 0.000 0.000 0.000 0.000
13.004 15.173 16.592 17.735 18.912 20.503 23.757 31.598 34.238 35.318 35.840 36.101 36.231 36.291 36.311 36.308 36.291 36.264 36.233 36.200 36.166 36.132 36.098 36.064 36.029 35.992 35.955 35.916 35.877 35.836 35.796 35.754 35.709 35.657 35.599 35.543 35.494 35.454 35.422 35.403 35.423 35.506 35.558 35.466 35.179 34.786 34.661 34.717 34.793 35.137 40.938 43.721 40.647 33.380 25.643 18.490 6.739 0.144 0.000 0.000 0.000 0.000 0.000 0.000 0.000 0.000 0.000 0.000 0.000 0.000 0.000 0.000
13.396 15.835 17.662 19.538 22.580 31.125 34.342 35.557 36.090 36.345 36.464 36.513 36.523 36.513 36.492 36.468 36.443 36.419 36.397 36.378 36.361 36.345 36.331 36.317 36.302 36.286 36.269 36.249 36.226 36.200 36.171 36.139 36.103 36.063 36.021 35.977 35.933 35.890 35.848 35.811 35.780 35.756 35.734 35.702 35.653 35.593 35.542 35.508 35.493 35.526 35.718 35.990 36.147 35.981 35.394 34.587 34.333 34.444 35.859 39.611 40.365 36.091 28.031 19.982 12.860 3.151 0.025 0.000 0.000 0.000 0.000 0.000
13.819 16.653 19.223 23.240 32.035 34.779 35.767 36.204 36.410 36.504 36.540 36.547 36.538 36.524 36.509 36.496 36.487 36.482 36.481 36.484 36.489 36.495 36.501 36.506 36.509 36.508 36.505 36.497 36.485 36.468 36.448 36.423 36.396 36.365 36.332 36.298 36.261 36.224 36.187 36.150 36.114 36.079 36.045 36.010 35.974 35.937 35.901 35.869 35.841 35.823 35.823 35.843 35.868 35.875 35.840 35.763 35.685 35.632 35.685 35.870 36.060 36.041 35.572 34.541 33.489 37.635 39.611 35.440 26.895 18.686 9.428 0.728
14.964 19.223 27.338 33.581 35.120 35.760 36.059 36.208 36.281 36.315 36.330 36.335 36.338 36.342 36.349 36.359 36.374 36.392 36.412 36.435 36.459 36.483 36.506 36.526 36.544 36.559 36.571 36.578 36.582 36.582 36.578 36.570 36.559 36.545 36.527 36.507 36.484 36.459 36.432 36.403 36.373 36.342 36.310 36.278 36.245 36.212 36.180 36.148 36.118 36.092 36.069 36.053 36.041 36.032 36.020 36.004 35.984 35.965 35.956 35.964 35.988 36.011 36.002 35.923 35.820 35.949 36.201 36.204 35.565 34.328 37.588 39.773
15.542 20.692 31.261 34.433 35.485 35.914 36.108 36.197 36.236 36.250 36.255 36.259 36.265 36.276 36.293 36.317 36.347 36.382 36.421 36.462 36.505 36.548 36.590 36.630 36.666 36.699 36.727 36.750 36.766 36.777 36.782 36.781 36.774 36.762 36.746 36.727 36.704 36.680 36.653 36.625 36.597 36.568 36.538 36.508 36.479 36.449 36.419 36.390 36.362 36.335 36.309 36.286 36.265 36.247 36.230 36.216 36.202 36.191 36.182 36.179 36.183 36.192 36.205 36.214 36.222 36.248 36.299 36.349 36.345 36.272 36.407 36.643
16.588 24.241 33.265 35.099 35.739 36.017 36.145 36.202 36.227 36.237 36.242 36.249 36.261 36.279 36.303 36.333 36.369 36.409 36.453 36.499 36.546 36.593 36.638 36.681 36.721 36.757 36.788 36.815 36.835 36.850 36.860 36.865 36.866 36.863 36.856 36.847 36.837 36.824 36.811 36.797 36.782 36.766 36.749 36.732 36.713 36.692 36.671 36.648 36.624 36.599 36.573 36.548 36.523 36.499 36.477 36.457 36.439 36.424 36.413 36.406 36.404 36.408 36.417 36.432 36.452 36.479 36.514 36.557 36.601 36.642 36.697 36.771
17.641 29.514 34.205 35.429 35.897 36.097 36.183 36.216 36.224 36.223 36.221 36.224 36.234 36.252 36.279 36.315 36.358 36.408 36.462 36.520 36.580 36.641 36.701 36.759 36.814 36.865 36.912 36.953 36.989 37.019 37.043 37.060 37.070 37.073 37.071 37.063 37.050 37.034 37.015 36.995 36.974 36.953 36.933 36.912 36.893 36.873 36.854 36.834 36.814 36.793 36.772 36.752 36.731 36.710 36.691 36.673 36.657 36.643 36.633 36.627 36.625 36.628 36.637 36.652 36.672 36.699 36.733 36.773 36.819 36.869 36.925 36.987
18.571 31.523 34.650 35.627 36.000 36.159 36.225 36.250 36.256 36.257 36.259 36.268 36.285 36.311 36.346 36.389 36.439 36.495 36.555 36.617 36.681 36.745 36.807 36.866 36.921 36.971 37.016 37.055 37.088 37.115 37.136 37.151 37.161 37.167 37.170 37.169 37.166 37.162 37.156 37.149 37.140 37.131 37.120 37.107 37.094 37.079 37.062 37.044 37.024 37.004 36.983 36.962 36.940 36.920 36.900 36.882 36.866 36.853 36.844 36.838 36.837 36.842 36.852 36.867 36.889 36.917 36.951 36.991 37.037 37.087 37.142 37.200
18.993 31.910 34.836 35.734 36.077 36.221 36.279 36.297 36.297 36.294 36.292 36.296 36.309 36.331 36.362 36.402 36.449 36.504 36.564 36.628 36.695 36.763 36.831 36.898 36.962 37.023 37.080 37.132 37.177 37.217 37.250 37.276 37.295 37.309 37.316 37.318 37.316 37.310 37.301 37.291 37.278 37.265 37.251 37.237 37.222 37.207 37.192 37.177 37.161 37.145 37.129 37.113 37.098 37.083 37.068 37.056 37.045 37.036 37.031 37.030 37.032 37.040 37.053 37.072 37.097 37.128 37.165 37.207 37.254 37.305 37.360 37.418
19.357 32.284 35.012 35.833 36.147 36.278 36.328 36.340 36.337 36.331 36.328 36.333 36.347 36.372 36.407 36.452 36.505 36.565 36.631 36.700 36.772 36.845 36.917 36.986 37.052 37.114 37.170 37.221 37.266 37.305 37.338 37.366 37.388 37.406 37.419 37.428 37.434 37.436 37.436 37.432 37.426 37.418 37.408 37.396 37.382 37.368 37.352 37.336 37.320 37.303 37.287 37.270 37.255 37.240 37.227 37.215 37.206 37.200 37.197 37.198 37.204 37.216 37.233 37.256 37.285 37.321 37.362 37.408 37.460 37.515 37.573 37.634
19.333 32.295 35.055 35.886 36.205 36.338 36.388 36.401 36.398 36.391 36.388 36.391 36.404 36.428 36.461 36.504 36.556 36.615 36.679 36.748 36.820 36.893 36.966 37.038 37.107 37.173 37.234 37.290 37.341 37.385 37.424 37.455 37.481 37.501 37.515 37.524 37.528 37.529 37.526 37.521 37.514 37.505 37.494 37.483 37.472 37.460 37.447 37.435 37.423 37.410 37.398 37.386 37.374 37.363 37.354 37.346 37.340 37.337 37.337 37.342 37.352 37.367 37.388 37.416 37.450 37.490 37.537 37.589 37.646 37.707 37.771 37.838
19.360 32.352 35.111 35.941 36.259 36.390 36.437 36.447 36.440 36.430 36.423 36.424 36.434 36.454 36.486 36.527 36.578 36.636 36.701 36.771 36.844 36.919 36.995 37.069 37.141 37.209 37.274 37.334 37.388 37.437 37.480 37.517 37.548 37.573 37.593 37.608 37.618 37.624 37.626 37.625 37.621 37.615 37.607 37.598 37.587 37.575 37.563 37.550 37.537 37.524 37.511 37.499 37.487 37.476 37.467 37.459 37.454 37.452 37.454 37.461 37.473 37.492 37.516 37.548 37.587 37.632 37.684 37.743 37.806 37.874 37.946 38.020
19.256 32.258 35.106 35.972 36.302 36.437 36.488 36.499 36.494 36.484 36.478 36.480 36.491 36.513 36.545 36.588 36.640 36.700 36.766 36.838 36.912 36.988 37.064 37.139 37.212 37.281 37.345 37.404 37.458 37.506 37.547 37.582 37.611 37.634 37.652 37.665 37.673 37.678 37.679 37.678 37.675 37.670 37.663 37.656 37.648 37.639 37.630 37.620 37.610 37.600 37.590 37.580 37.571 37.562 37.555 37.550 37.547 37.547 37.551 37.560 37.575 37.596 37.624 37.660 37.703 37.753 37.810 37.874 37.944 38.019 38.098 38.180
19.204 32.225 35.117 36.000 36.336 36.474 36.524 36.534 36.527 36.515 36.506 36.504 36.512 36.530 36.560 36.599 36.649 36.706 36.771 36.840 36.914 36.990 37.067 37.143 37.217 37.289 37.357 37.420 37.478 37.531 37.577 37.618 37.652 37.681 37.703 37.721 37.734 37.742 37.747 37.748 37.747 37.743 37.738 37.731 37.723 37.714 37.704 37.694 37.684 37.673 37.662 37.652 37.642 37.633 37.626 37.621 37.618 37.619 37.625 37.636 37.652 37.676 37.707 37.746 37.793 37.848 37.911 37.980 38.057 38.139 38.225 38.315
19.154 32.188 35.120 36.019 36.361 36.501 36.553 36.564 36.557 36.546 36.538 36.537 36.546 36.566 36.597 36.639 36.690 36.750 36.816 36.887 36.962 37.039 37.117 37.193 37.267 37.338 37.404 37.465 37.521 37.571 37.615 37.652 37.684 37.709 37.730 37.746 37.757 37.764 37.769 37.770 37.769 37.767 37.763 37.757 37.751 37.744 37.736 37.728 37.719 37.711 37.702 37.693 37.685 37.678 37.672 37.669 37.668 37.671 37.678 37.691 37.710 37.737 37.771 37.813 37.864 37.923 37.990 38.065 38.147 38.235 38.329 38.426
19.219 32.260 35.156 36.041 36.378 36.515 36.565 36.575 36.566 36.554 36.544 36.542 36.549 36.567 36.596 36.635 36.684 36.742 36.806 36.876 36.950 37.026 37.103 37.180 37.256 37.328 37.397 37.461 37.520 37.574 37.622 37.663 37.699 37.728 37.752 37.771 37.785 37.795 37.801 37.804 37.804 37.802 37.798 37.793 37.786 37.779 37.771 37.762 37.753 37.744 37.735 37.727 37.719 37.712 37.707 37.704 37.705 37.709 37.718 37.732 37.754 37.783 37.819 37.864 37.918 37.981 38.051 38.130 38.217 38.310 38.409 38.513
19.854 32.684 35.299 36.085 36.389 36.513 36.557 36.565 36.556 36.544 36.536 36.535 36.544 36.564 36.596 36.638 36.690 36.750 36.817 36.890 36.966 37.044 37.122 37.200 37.275 37.347 37.415 37.478 37.536 37.587 37.632 37.672 37.705 37.732 37.754 37.771 37.784 37.793 37.799 37.801 37.802 37.800 37.797 37.793 37.788 37.782 37.775 37.769 37.761 37.754 37.747 37.740 37.733 37.728 37.724 37.722 37.724 37.729 37.739 37.755 37.777 37.806 37.844 37.889 37.944 38.007 38.079 38.159 38.247 38.342 38.443 38.550
19.219 32.260 35.156 36.041 36.378 36.515 36.565 36.575 36.567 36.554 36.544 36.542 36.549 36.567 36.596 36.635 36.684 36.742 36.806 36.876 36.950 37.026 37.103 37.180 37.256 37.328 37.397 37.461 37.520 37.574 37.622 37.663 37.699 37.729 37.753 37.771 37.785 37.795 37.801 37.804 37.804 37.802 37.798 37.793 37.786 37.779 37.771 37.762 37.753 37.744 37.736 37.727 37.719 37.712 37.707 37.704 37.705 37.709 37.718 37.733 37.754 37.783 37.819 37.864 37.918 37.981 38.052 38.130 38.217 38.310 38.409 38.513
19.153 32.188 35.120 36.019 36.361 36.501 36.553 36.564 36.557 36.546 36.538 36.537 36.546 36.566 36.597 36.639 36.690 36.750 36.816 36.888 36.962 37.039 37.117 37.193 37.267 37.338 37.404 37.465 37.521 37.571 37.615 37.652 37.684 37.710 37.730 37.746 37.757 37.765 37.769 37.770 37.770 37.767 37.763 37.757 37.751 37.744 37.736 37.728 37.720 37.711 37.702 37.693 37.685 37.678 37.673 37.669 37.668 37.671 37.678 37.691 37.711 37.737 37.771 37.813 37.864 37.923 37.990 38.065 38.147 38.235 38.329 38.426
19.204 32.225 35.117 36.000 36.336 36.474 36.524 36.534 36.527 36.515 36.506 36.504 36.512 36.530 36.560 36.599 36.649 36.706 36.771 36.840 36.914 36.990 37.067 37.143 37.217 37.289 37.357 37.420 37.478 37.531 37.577 37.618 37.652 37.681 37.704 37.721 37.734 37.742 37.747 37.748 37.747 37.744 37.738 37.731 37.723 37.714 37.704 37.694 37.684 37.673 37.663 37.652 37.642 37.634 37.626 37.621 37.618 37.620 37.625 37.636 37.653 37.676 37.707 37.746 37.793 37.848 37.911 37.981 38.057 38.139 38.226 38.315
19.256 32.258 35.106 35.972 36.302 36.437 36.488 36.499 36.494 36.484 36.478 36.480 36.491 36.513 36.545 36.588 36.640 36.700 36.766 36.838 36.912 36.988 37.064 37.139 37.212 37.281 37.345 37.405 37.458 37.506 37.547 37.582 37.611 37.634 37.652 37.665 37.673 37.678 37.680 37.678 37.675 37.670 37.663 37.656 37.648 37.639 37.630 37.620 37.610 37.600 37.590 37.581 37.571 37.563 37.555 37.550 37.547 37.547 37.551 37.560 37.575 37.596 37.625 37.660 37.703 37.753 37.810 37.874 37.944 38.019 38.098 38.180
19.360 32.352 35.111 35.941 36.259 36.390 36.437 36.447 36.440 36.430 36.423 36.424 36.434 36.454 36.486 36.527 36.578 36.636 36.701 36.771 36.844 36.919 36.995 37.069 37.141 37.209 37.274 37.334 37.388 37.437 37.480 37.517 37.548 37.573 37.593 37.608 37.618 37.624 37.626 37.625 37.621 37.615 37.607 37.598 37.587 37.575 37.563 37.550 37.537 37.524 37.511 37.499 37.487 37.476 37.467 37.459 37.454 37.452 37.455 37.461 37.474 37.492 37.517 37.548 37.587 37.632 37.685 37.743 37.806 37.874 37.946 38.020
19.333 32.295 35.055 35.886 36.205 36.338 36.388 36.401 36.398 36.391 36.388 36.391 36.405 36.428 36.461 36.504 36.556 36.615 36.679 36.748 36.820 36.893 36.966 37.038 37.107 37.173 37.234 37.291 37.341 37.385 37.424 37.455 37.481 37.501 37.515 37.524 37.528 37.529 37.526 37.521 37.514 37.505 37.495 37.483 37.472 37.460 37.448 37.435 37.423 37.410 37.398 37.386 37.374 37.364 37.354 37.346 37.340 37.337 37.338 37.342 37.352 37.367 37.388 37.416 37.450 37.490 37.537 37.589 37.646 37.707 37.771 37.837
19.356 32.284 35.012 35.833 36.147 36.278 36.328 36.340 36.337 36.331 36.329 36.333 36.348 36.372 36.407 36.452 36.505 36.565 36.631 36.701 36.773 36.845 36.917 36.986 37.052 37.114 37.170 37.221 37.266 37.305 37.338 37.366 37.388 37.406 37.419 37.428 37.434 37.436 37.436 37.432 37.426 37.418 37.408 37.396 37.383 37.368 37.353 37.337 37.320 37.303 37.287 37.270 37.255 37.240 37.227 37.215 37.206 37.200 37.197 37.198 37.204 37.216 37.233 37.256 37.285 37.320 37.361 37.408 37.459 37.514 37.573 37.634
18.992 31.909 34.836 35.734 36.077 36.221 36.279 36.297 36.298 36.294 36.292 36.296 36.309 36.331 36.362 36.402 36.449 36.504 36.564 36.628 36.695 36.763 36.831 36.898 36.962 37.023 37.080 37.132 37.177 37.217 37.250 37.276 37.295 37.309 37.316 37.318 37.316 37.310 37.301 37.291 37.278 37.265 37.251 37.237 37.222 37.208 37.192 37.177 37.161 37.145 37.129 37.113 37.098 37.083 37.068 37.056 37.045 37.036 37.031 37.029 37.032 37.040 37.053 37.072 37.097 37.128 37.164 37.206 37.253 37.305 37.360 37.417
18.570 31.522 34.650 35.627 36.000 36.159 36.225 36.250 36.256 36.257 36.260 36.268 36.285 36.311 36.346 36.389 36.439 36.495 36.555 36.618 36.681 36.745 36.807 36.866 36.921 36.971 37.016 37.055 37.088 37.115 37.136 37.151 37.161 37.167 37.170 37.169 37.166 37.162 37.156 37.149 37.140 37.131 37.120 37.107 37.094 37.079 37.062 37.044 37.024 37.004 36.983 36.962 36.940 36.920 36.900 36.882 36.866 36.853 36.843 36.838 36.837 36.841 36.851 36.867 36.889 36.916 36.950 36.990 37.036 37.086 37.140 37.199
17.640 29.510 34.205 35.428 35.897 36.097 36.183 36.216 36.224 36.223 36.222 36.224 36.234 36.252 36.279 36.315 36.358 36.408 36.462 36.520 36.580 36.641 36.701 36.759 36.814 36.865 36.912 36.953 36.989 37.019 37.043 37.060 37.070 37.073 37.071 37.063 37.050 37.034 37.015 36.995 36.974 36.953 36.933 36.912 36.893 36.873 36.853 36.834 36.814 36.793 36.772 36.751 36.730 36.710 36.691 36.672 36.656 36.643 36.632 36.626 36.624 36.627 36.636 36.651 36.671 36.698 36.732 36.772 36.818 36.868 36.924 36.985
16.588 24.236 33.263 35.098 35.739 36.017 36.145 36.202 36.227 36.237 36.242 36.250 36.261 36.279 36.303 36.333 36.369 36.409 36.453 36.499 36.546 36.593 36.638 36.681 36.721 36.757 36.789 36.815 36.835 36.851 36.860 36.865 36.866 36.863 36.856 36.847 36.836 36.824 36.811 36.797 36.782 36.766 36.749 36.731 36.712 36.692 36.670 36.647 36.623 36.598 36.573 36.548 36.523 36.499 36.477 36.456 36.438 36.423 36.412 36.405 36.403 36.406 36.416 36.431 36.451 36.478 36.513 36.555 36.599 36.640 36.695 36.769
15.542 20.691 31.261 34.433 35.485 35.914 36.108 36.197 36.236 36.250 36.255 36.259 36.265 36.276 36.293 36.317 36.347 36.382 36.421 36.462 36.505 36.548 36.590 36.629 36.666 36.699 36.727 36.750 36.766 36.777 36.782 36.781 36.774 36.762 36.746 36.727 36.704 36.680 36.653 36.625 36.597 36.568 36.538 36.508 36.478 36.449 36.419 36.390 36.362 36.334 36.309 36.285 36.264 36.246 36.230 36.215 36.201 36.190 36.181 36.178 36.182 36.191 36.203 36.213 36.221 36.246 36.297 36.347 36.344 36.271 36.405 36.641
