Examples/2023_ISeeSnow/data/CoulombOnly/Results/curv77s/s/1HS_03_curv77s_MoT-Voellmy_s_0013.asc
ncols        92
nrows        39
xllcorner    1127.5
yllcorner    -4347.5
cellsize     5.00
NODATA_value -9999
[rows 0 to 31 of 39, columns 0 to 71 of 92]
8.231 8.736 9.149 9.512 9.847 10.168 10.485 10.808 11.141 11.482 11.823 12.161 12.481 12.722 12.774 12.528 11.790 8.618 1.530 0.004 0.000 0.000 0.000 0.000 0.000 0.000 0.000 0.000 0.000 0.000 0.000 0.000 0.000 0.000 0.000 0.000 0.000 0.000 0.000 0.000 0.000 0.000 0.000 0.000 0.000 0.000 0.000 0.000 0.000 0.000 0.000 0.000 0.000 0.000 0.000 0.000 0.000 0.000 0.000 0.000 0.000 0.000 0.000 0.000 0.000 0.000 0.000 0.000 0.000 0.000 0.000 0.000
9.571 10.291 10.846 11.363 11.889 12.451 13.097 13.895 15.026 17.146 23.452 25.825 26.668 27.018 27.174 27.236 27.250 27.261 27.289 27.298 27.290 27.267 27.232 27.188 27.135 27.076 27.012 26.944 26.872 26.800 26.732 26.687 26.722 27.029 27.543 24.672 9.751 0.141 0.000 0.000 0.000 0.000 0.000 0.000 0.000 0.000 0.000 0.000 0.000 0.000 0.000 0.000 0.000 0.000 0.000 0.000 0.000 0.000 0.000 0.000 0.000 0.000 0.000 0.000 0.000 0.000 0.000 0.000 0.000 0.000 0.000 0.000
10.562 11.619 12.462 13.285 14.277 15.811 19.836 25.447 26.908 27.475 27.728 27.833 27.867 27.866 27.850 27.827 27.801 27.774 27.747 27.718 27.687 27.654 27.617 27.577 27.534 27.488 27.439 27.388 27.335 27.281 27.224 27.166 27.107 27.045 26.971 26.877 26.809 26.762 26.711 26.655 26.597 26.540 26.494 26.502 26.770 28.489 28.614 25.718 21.489 9.164 0.215 0.000 0.000 0.000 0.000 0.000 0.000 0.000 0.000 0.000 0.000 0.000 0.000 0.000 0.000 0.000 0.000 0.000 0.000 0.000 0.000 0.000
11.204 12.607 13.931 15.660 19.873 25.658 27.145 27.699 27.926 28.014 28.040 28.038 28.025 28.011 27.998 27.989 27.983 27.979 27.975 27.969 27.960 27.946 27.925 27.898 27.863 27.821 27.771 27.717 27.657 27.594 27.530 27.464 27.397 27.332 27.267 27.203 27.142 27.084 27.029 26.975 26.924 26.875 26.829 26.787 26.755 26.733 26.689 26.600 26.480 26.421 26.418 26.418 26.419 26.420 26.421 26.423 26.426 26.443 26.914 29.622 29.347 25.953 20.938 15.787 7.490 0.369 0.000 0.000 0.000 0.000 0.000 0.000
11.994 14.082 17.284 24.619 26.861 27.595 27.872 27.977 28.008 28.011 28.004 27.999 27.999 28.006 28.019 28.037 28.057 28.078 28.096 28.110 28.118 28.120 28.116 28.106 28.092 28.075 28.056 28.036 28.015 27.993 27.971 27.947 27.921 27.893 27.862 27.828 27.790 27.747 27.700 27.648 27.592 27.532 27.468 27.403 27.335 27.267 27.198 27.128 27.059 26.994 26.933 26.877 26.823 26.773 26.724 26.678 26.633 26.592 26.570 26.576 26.570 26.497 26.322 26.069 25.930 25.937 25.952 25.976 26.101 27.822 28.236 24.141
12.495 15.220 22.000 26.134 27.244 27.655 27.810 27.859 27.866 27.859 27.852 27.855 27.868 27.893 27.927 27.968 28.014 28.060 28.106 28.149 28.188 28.221 28.249 28.270 28.283 28.288 28.284 28.273 28.254 28.228 28.196 28.158 28.117 28.072 28.025 27.977 27.927 27.875 27.823 27.770 27.717 27.665 27.614 27.566 27.519 27.475 27.433 27.393 27.354 27.315 27.277 27.240 27.203 27.167 27.131 27.096 27.064 27.034 27.010 26.992 26.980 26.969 26.954 26.936 26.928 26.938 26.965 27.011 27.085 27.233 27.327 27.188
16.447 24.717 26.486 27.007 27.203 27.285 27.327 27.360 27.398 27.444 27.502 27.569 27.642 27.718 27.793 27.865 27.933 27.995 28.052 28.101 28.142 28.173 28.194 28.205 28.204 28.191 28.169 28.139 28.106 28.072 28.041 28.017 27.999 27.989 27.984 27.985 27.990 27.997 28.005 28.013 28.018 28.018 28.013 28.000 27.979 27.950 27.914 27.873 27.826 27.777 27.725 27.673 27.622 27.572 27.524 27.479 27.437 27.400 27.369 27.344 27.328 27.320 27.320 27.329 27.348 27.378 27.420 27.474 27.540 27.619 27.699 27.760
15.919 24.420 26.454 27.049 27.259 27.336 27.362 27.373 27.385 27.407 27.444 27.495 27.560 27.636 27.720 27.808 27.895 27.979 28.057 28.126 28.186 28.236 28.278 28.313 28.342 28.368 28.393 28.415 28.434 28.447 28.451 28.444 28.426 28.398 28.361 28.320 28.278 28.235 28.196 28.159 28.126 28.096 28.069 28.043 28.018 27.994 27.970 27.947 27.923 27.899 27.876 27.853 27.829 27.807 27.784 27.762 27.742 27.724 27.709 27.698 27.694 27.696 27.707 27.727 27.756 27.794 27.841 27.897 27.961 28.030 28.101 28.172
19.763 25.831 26.792 27.112 27.227 27.268 27.287 27.305 27.333 27.373 27.428 27.496 27.574 27.659 27.748 27.838 27.927 28.013 28.095 28.170 28.237 28.296 28.345 28.382 28.408 28.423 28.425 28.418 28.403 28.384 28.363 28.343 28.326 28.314 28.305 28.299 28.296 28.296 28.296 28.297 28.296 28.294 28.290 28.282 28.270 28.254 28.234 28.211 28.185 28.158 28.129 28.100 28.072 28.046 28.020 27.997 27.977 27.961 27.949 27.943 27.944 27.953 27.972 28.000 28.038 28.086 28.143 28.207 28.277 28.351 28.425 28.498
20.037 25.929 26.847 27.156 27.264 27.299 27.312 27.322 27.341 27.373 27.419 27.480 27.554 27.638 27.729 27.825 27.922 28.018 28.109 28.194 28.272 28.340 28.399 28.448 28.488 28.518 28.541 28.556 28.565 28.568 28.565 28.559 28.549 28.536 28.520 28.503 28.485 28.465 28.445 28.425 28.404 28.384 28.364 28.345 28.326 28.308 28.292 28.276 28.261 28.246 28.233 28.219 28.207 28.194 28.182 28.172 28.163 28.157 28.155 28.158 28.167 28.185 28.211 28.247 28.292 28.347 28.411 28.482 28.559 28.638 28.717 28.794
21.939 26.123 26.927 27.193 27.280 27.305 27.310 27.318 27.337 27.371 27.422 27.489 27.568 27.658 27.755 27.855 27.956 28.055 28.148 28.234 28.312 28.380 28.438 28.485 28.522 28.549 28.568 28.580 28.586 28.588 28.587 28.583 28.579 28.574 28.568 28.562 28.556 28.549 28.542 28.533 28.524 28.514 28.503 28.491 28.479 28.465 28.451 28.437 28.422 28.408 28.393 28.379 28.365 28.352 28.340 28.329 28.321 28.316 28.316 28.322 28.336 28.358 28.390 28.432 28.485 28.548 28.621 28.701 28.786 28.875 28.963 29.047
21.608 26.135 26.962 27.237 27.329 27.355 27.363 27.371 27.390 27.424 27.475 27.540 27.619 27.708 27.804 27.905 28.007 28.108 28.205 28.295 28.378 28.452 28.516 28.570 28.614 28.648 28.673 28.690 28.701 28.706 28.706 28.703 28.697 28.688 28.678 28.667 28.655 28.643 28.630 28.617 28.604 28.592 28.579 28.567 28.556 28.545 28.535 28.525 28.516 28.506 28.497 28.488 28.479 28.471 28.463 28.457 28.453 28.452 28.455 28.465 28.482 28.509 28.545 28.592 28.651 28.720 28.799 28.886 28.979 29.075 29.172 29.264
21.735 26.180 27.004 27.276 27.364 27.386 27.389 27.392 27.406 27.436 27.483 27.545 27.621 27.709 27.805 27.906 28.009 28.111 28.209 28.302 28.387 28.463 28.530 28.587 28.633 28.671 28.700 28.721 28.735 28.744 28.749 28.750 28.749 28.746 28.741 28.735 28.729 28.722 28.714 28.706 28.698 28.689 28.681 28.672 28.663 28.654 28.645 28.635 28.626 28.617 28.608 28.599 28.591 28.582 28.575 28.570 28.567 28.567 28.572 28.584 28.603 28.632 28.672 28.723 28.786 28.860 28.944 29.037 29.136 29.240 29.343 29.444
21.296 26.181 27.031 27.315 27.407 27.432 27.436 27.441 27.456 27.488 27.536 27.601 27.680 27.770 27.868 27.972 28.077 28.181 28.281 28.375 28.461 28.538 28.606 28.663 28.709 28.746 28.774 28.795 28.808 28.816 28.819 28.819 28.816 28.812 28.807 28.800 28.793 28.786 28.779 28.772 28.764 28.757 28.750 28.742 28.735 28.728 28.721 28.714 28.707 28.700 28.693 28.686 28.680 28.673 28.668 28.664 28.663 28.665 28.672 28.685 28.707 28.738 28.780 28.834 28.900 28.977 29.065 29.162 29.266 29.375 29.484 29.590
20.999 26.189 27.057 27.347 27.441 27.466 27.468 27.471 27.484 27.512 27.558 27.619 27.695 27.782 27.879 27.980 28.084 28.188 28.288 28.383 28.471 28.551 28.621 28.682 28.732 28.773 28.805 28.829 28.846 28.857 28.864 28.867 28.868 28.866 28.863 28.859 28.855 28.850 28.844 28.839 28.833 28.827 28.821 28.815 28.808 28.802 28.796 28.789 28.783 28.776 28.770 28.764 28.757 28.752 28.747 28.744 28.743 28.746 28.754 28.768 28.791 28.824 28.868 28.924 28.992 29.071 29.162 29.262 29.370 29.482 29.595 29.706
20.663 26.191 27.077 27.374 27.472 27.498 27.501 27.504 27.518 27.547 27.593 27.655 27.732 27.821 27.919 28.021 28.127 28.231 28.333 28.429 28.517 28.597 28.667 28.727 28.777 28.817 28.849 28.872 28.889 28.900 28.907 28.910 28.911 28.910 28.907 28.904 28.900 28.896 28.891 28.886 28.882 28.877 28.872 28.867 28.861 28.856 28.851 28.846 28.840 28.835 28.829 28.824 28.819 28.814 28.810 28.807 28.807 28.811 28.820 28.835 28.859 28.893 28.938 28.995 29.065 29.146 29.239 29.341 29.451 29.565 29.682 29.795
20.423 26.194 27.094 27.396 27.495 27.521 27.524 27.527 27.539 27.567 27.612 27.673 27.749 27.837 27.933 28.035 28.140 28.244 28.346 28.442 28.532 28.613 28.685 28.746 28.798 28.841 28.874 28.900 28.918 28.931 28.940 28.944 28.946 28.946 28.945 28.943 28.940 28.936 28.932 28.928 28.924 28.920 28.916 28.911 28.906 28.902 28.897 28.892 28.887 28.882 28.877 28.872 28.867 28.863 28.859 28.857 28.857 28.861 28.870 28.886 28.911 28.946 28.992 29.050 29.121 29.204 29.298 29.402 29.513 29.630 29.748 29.864
20.298 26.198 27.106 27.411 27.511 27.538 27.541 27.543 27.555 27.583 27.628 27.690 27.766 27.854 27.951 28.054 28.159 28.264 28.366 28.463 28.553 28.635 28.707 28.769 28.821 28.863 28.897 28.922 28.941 28.954 28.963 28.968 28.970 28.971 28.970 28.968 28.966 28.963 28.960 28.956 28.953 28.949 28.945 28.941 28.937 28.933 28.929 28.925 28.920 28.916 28.911 28.907 28.902 28.898 28.895 28.893 28.894 28.898 28.908 28.924 28.949 28.985 29.031 29.091 29.163 29.247 29.342 29.448 29.561 29.679 29.799 29.918
20.381 26.211 27.115 27.418 27.518 27.544 27.547 27.549 27.561 27.589 27.634 27.695 27.772 27.860 27.957 28.060 28.166 28.271 28.373 28.471 28.561 28.643 28.715 28.778 28.831 28.874 28.908 28.934 28.954 28.967 28.976 28.982 28.985 28.986 28.985 28.984 28.982 28.979 28.976 28.973 28.970 28.966 28.963 28.959 28.955 28.952 28.948 28.944 28.939 28.935 28.931 28.926 28.922 28.918 28.915 28.913 28.914 28.919 28.928 28.945 28.970 29.006 29.054 29.113 29.186 29.271 29.368 29.475 29.590 29.710 29.833 29.954
21.223 26.261 27.127 27.416 27.511 27.535 27.538 27.540 27.554 27.582 27.628 27.690 27.767 27.856 27.954 28.057 28.164 28.269 28.372 28.470 28.560 28.642 28.715 28.777 28.830 28.873 28.908 28.934 28.953 28.967 28.976 28.981 28.984 28.985 28.985 28.983 28.981 28.979 28.976 28.973 28.970 28.966 28.963 28.959 28.955 28.952 28.948 28.944 28.940 28.935 28.931 28.927 28.923 28.919 28.916 28.914 28.915 28.920 28.930 28.947 28.973 29.010 29.058 29.119 29.193 29.280 29.378 29.487 29.604 29.726 29.851 29.975
20.380 26.211 27.115 27.418 27.518 27.544 27.547 27.549 27.561 27.589 27.634 27.695 27.772 27.860 27.957 28.060 28.166 28.271 28.373 28.471 28.561 28.643 28.715 28.778 28.831 28.874 28.908 28.934 28.954 28.967 28.976 28.982 28.985 28.986 28.985 28.984 28.982 28.979 28.976 28.973 28.970 28.966 28.963 28.959 28.956 28.952 28.948 28.944 28.939 28.935 28.931 28.926 28.922 28.918 28.915 28.913 28.914 28.919 28.928 28.945 28.970 29.006 29.054 29.113 29.186 29.271 29.368 29.475 29.590 29.710 29.833 29.954
20.298 26.197 27.106 27.411 27.511 27.538 27.541 27.543 27.555 27.583 27.628 27.690 27.766 27.854 27.951 28.054 28.159 28.264 28.366 28.463 28.553 28.635 28.707 28.769 28.821 28.863 28.897 28.922 28.941 28.954 28.963 28.968 28.970 28.971 28.970 28.968 28.966 28.963 28.960 28.956 28.953 28.949 28.945 28.942 28.938 28.933 28.929 28.925 28.920 28.916 28.911 28.907 28.902 28.898 28.895 28.893 28.894 28.898 28.908 28.924 28.949 28.985 29.032 29.091 29.163 29.247 29.342 29.448 29.561 29.679 29.799 29.918
20.423 26.194 27.094 27.396 27.495 27.521 27.524 27.527 27.539 27.567 27.612 27.673 27.749 27.837 27.933 28.035 28.140 28.244 28.346 28.442 28.532 28.613 28.685 28.746 28.798 28.841 28.874 28.900 28.918 28.931 28.940 28.944 28.946 28.946 28.945 28.943 28.940 28.936 28.932 28.928 28.924 28.920 28.916 28.911 28.906 28.902 28.897 28.892 28.887 28.882 28.877 28.872 28.867 28.863 28.859 28.857 28.857 28.861 28.870 28.886 28.911 28.946 28.992 29.050 29.121 29.204 29.298 29.402 29.513 29.630 29.748 29.864
20.663 26.190 27.077 27.374 27.472 27.498 27.501 27.504 27.518 27.547 27.593 27.655 27.732 27.821 27.919 28.022 28.127 28.231 28.333 28.429 28.517 28.597 28.667 28.727 28.777 28.817 28.849 28.872 28.889 28.900 28.907 28.910 28.911 28.910 28.907 28.904 28.900 28.896 28.891 28.886 28.882 28.877 28.872 28.867 28.861 28.856 28.851 28.846 28.840 28.835 28.829 28.824 28.819 28.814 28.810 28.808 28.808 28.811 28.820 28.835 28.859 28.893 28.938 28.995 29.065 29.146 29.239 29.341 29.451 29.565 29.682 29.795
20.999 26.189 27.057 27.347 27.441 27.466 27.468 27.471 27.484 27.512 27.558 27.619 27.695 27.782 27.879 27.980 28.084 28.188 28.288 28.383 28.471 28.551 28.621 28.682 28.732 28.773 28.805 28.829 28.846 28.857 28.864 28.867 28.868 28.866 28.863 28.859 28.855 28.850 28.844 28.839 28.833 28.827 28.821 28.815 28.808 28.802 28.796 28.789 28.783 28.776 28.770 28.764 28.758 28.752 28.747 28.744 28.743 28.746 28.754 28.769 28.791 28.824 28.868 28.924 28.992 29.072 29.162 29.262 29.370 29.482 29.595 29.706
21.295 26.181 27.031 27.315 27.407 27.432 27.436 27.441 27.456 27.488 27.536 27.601 27.680 27.770 27.868 27.972 28.077 28.181 28.281 28.375 28.461 28.538 28.606 28.663 28.709 28.746 28.774 28.795 28.808 28.816 28.819 28.819 28.817 28.812 28.807 28.800 28.794 28.786 28.779 28.772 28.764 28.757 28.750 28.742 28.735 28.728 28.721 28.714 28.707 28.700 28.693 28.686 28.680 28.674 28.668 28.664 28.663 28.665 28.672 28.685 28.707 28.738 28.780 28.834 28.900 28.977 29.065 29.162 29.266 29.375 29.484 29.590
21.735 26.180 27.004 27.276 27.364 27.386 27.389 27.392 27.406 27.436 27.483 27.545 27.622 27.709 27.805 27.906 28.009 28.111 28.209 28.302 28.387 28.463 28.530 28.587 28.633 28.671 28.700 28.721 28.735 28.744 28.749 28.750 28.749 28.746 28.741 28.735 28.729 28.722 28.714 28.706 28.698 28.689 28.681 28.672 28.663 28.654 28.645 28.636 28.626 28.617 28.608 28.599 28.591 28.583 28.576 28.570 28.567 28.567 28.572 28.584 28.603 28.632 28.672 28.723 28.786 28.860 28.944 29.037 29.136 29.240 29.343 29.444
21.607 26.135 26.962 27.237 27.329 27.355 27.363 27.371 27.390 27.424 27.475 27.540 27.619 27.708 27.804 27.905 28.007 28.108 28.205 28.295 28.378 28.452 28.516 28.570 28.614 28.648 28.673 28.690 28.701 28.706 28.706 28.703 28.697 28.688 28.679 28.667 28.656 28.643 28.630 28.617 28.604 28.592 28.579 28.568 28.556 28.546 28.535 28.525 28.516 28.506 28.497 28.488 28.479 28.471 28.463 28.457 28.453 28.452 28.456 28.465 28.482 28.509 28.545 28.593 28.651 28.720 28.799 28.886 28.979 29.075 29.172 29.264
21.938 26.123 26.927 27.193 27.280 27.305 27.310 27.318 27.337 27.371 27.422 27.489 27.568 27.658 27.755 27.856 27.956 28.055 28.148 28.234 28.312 28.380 28.438 28.485 28.522 28.549 28.568 28.580 28.586 28.588 28.587 28.583 28.579 28.574 28.568 28.562 28.556 28.549 28.542 28.533 28.524 28.514 28.503 28.491 28.479 28.465 28.451 28.437 28.422 28.408 28.393 28.379 28.365 28.352 28.340 28.329 28.321 28.317 28.316 28.322 28.336 28.358 28.390 28.432 28.485 28.548 28.621 28.701 28.786 28.875 28.963 29.047
20.036 25.929 26.847 27.156 27.264 27.300 27.312 27.322 27.341 27.373 27.419 27.480 27.554 27.638 27.729 27.825 27.922 28.018 28.109 28.194 28.272 28.340 28.399 28.448 28.488 28.518 28.541 28.556 28.565 28.568 28.565 28.559 28.549 28.536 28.520 28.503 28.485 28.465 28.445 28.425 28.404 28.384 28.364 28.345 28.326 28.309 28.292 28.276 28.261 28.247 28.233 28.219 28.207 28.194 28.182 28.172 28.163 28.157 28.155 28.158 28.167 28.184 28.211 28.246 28.292 28.347 28.411 28.482 28.558 28.638 28.717 28.793
19.762 25.831 26.792 27.112 27.227 27.268 27.287 27.305 27.333 27.374 27.429 27.496 27.574 27.659 27.748 27.838 27.927 28.013 28.095 28.170 28.237 28.296 28.345 28.382 28.408 28.423 28.426 28.419 28.404 28.384 28.363 28.343 28.327 28.314 28.305 28.299 28.296 28.295 28.296 28.296 28.296 28.294 28.290 28.282 28.270 28.254 28.234 28.211 28.186 28.158 28.129 28.101 28.073 28.046 28.020 27.997 27.977 27.961 27.949 27.943 27.944 27.953 27.972 28.000 28.038 28.086 28.142 28.206 28.276 28.350 28.425 28.497
15.918 24.419 26.454 27.049 27.259 27.336 27.362 27.373 27.385 27.407 27.444 27.495 27.560 27.636 27.720 27.808 27.895 27.979 28.057 28.126 28.186 28.237 28.278 28.313 28.342 28.368 28.392 28.415 28.434 28.447 28.451 28.444 28.426 28.398 28.362 28.321 28.278 28.236 28.196 28.159 28.126 28.096 28.069 28.043 28.018 27.994 27.970 27.947 27.923 27.899 27.876 27.853 27.829 27.806 27.784 27.762 27.742 27.723 27.708 27.698 27.693 27.696 27.707 27.726 27.755 27.793 27.841 27.896 27.960 28.029 28.100 28.170
