Examples/2023_ISeeSnow/data/CoulombOnly/Results/curv77s/s/1HS_03_curv77s_MoT-Voellmy_s_0062.asc
ncols        104
nrows        67
xllcorner    3747.5
yllcorner    -4417.5
cellsize     5.00
NODATA_value -9999
[rows 0 to 31 of 67, columns 0 to 71 of 104]
0.000 0.000 0.000 0.000 0.000 0.000 0.000 0.000 0.000 0.000 0.000 0.000 0.000 0.000 0.000 0.000 0.000 0.000 0.000 0.000 0.000 0.000 0.000 0.000 0.000 0.000 0.000 0.000 0.000 0.000 0.001 0.002 0.008 0.018 0.042 0.090 0.171 0.297 0.483 0.732 1.041 1.400 1.794 2.204 2.606 2.976 3.288 3.516 3.633 3.604 3.431 3.128 2.716 2.220 1.664 1.100 0.631 0.314 0.138 0.053 0.018 0.005 0.001 0.000 0.000 0.000 0.000 0.000 0.000 0.000 0.000 0.000
0.000 0.000 0.000 0.000 0.000 0.000 0.000 0.000 0.000 0.000 0.000 0.000 0.000 0.000 0.000 0.000 0.000 0.000 0.000 0.000 0.000 0.000 0.001 0.003 0.009 0.009 0.011 0.038 0.140 0.331 0.647 1.122 1.785 2.645 3.694 4.904 6.244 7.681 9.183 10.669 12.081 13.404 14.638 15.786 16.850 17.829 18.723 19.529 19.783 19.841 19.864 19.852 19.809 19.752 19.694 18.704 16.083 12.954 9.958 7.438 5.387 3.701 2.299 1.129 0.304 0.044 0.006 0.001 0.000 0.000 0.000 0.000
0.000 0.000 0.000 0.000 0.000 0.000 0.000 0.000 0.000 0.000 0.000 0.000 0.000 0.000 0.000 0.002 0.009 0.010 0.010 0.005 0.012 0.065 0.309 0.722 1.336 2.165 3.192 4.379 5.679 7.047 8.445 9.839 11.206 12.571 13.892 15.115 16.237 17.274 18.241 19.036 19.614 20.047 20.371 20.608 20.772 20.879 20.940 20.966 20.961 20.933 20.884 20.818 20.739 20.649 20.548 20.441 20.327 20.208 20.085 19.959 19.830 19.696 19.567 19.420 15.072 7.370 3.958 2.168 0.841 0.130 0.007 0.000
0.000 0.000 0.000 0.000 0.000 0.000 0.000 0.001 0.005 0.008 0.007 0.010 0.010 0.004 0.005 0.190 0.685 1.393 2.294 3.343 4.486 5.672 6.854 7.993 9.058 10.031 10.928 11.790 12.629 13.434 14.222 14.966 15.681 16.742 18.288 19.328 20.065 20.610 21.013 21.309 21.523 21.672 21.769 21.824 21.845 21.837 21.805 21.753 21.684 21.601 21.507 21.402 21.288 21.168 21.043 20.912 20.779 20.642 20.504 20.365 20.225 20.085 19.945 19.806 19.669 19.534 19.399 19.267 19.130 11.219 3.830 1.679
0.003 0.009 0.007 0.010 0.004 0.009 0.006 0.000 0.101 0.724 1.547 2.522 3.594 4.709 5.822 6.891 7.882 8.765 9.516 10.136 10.647 11.080 11.448 11.756 12.004 12.210 12.457 12.954 13.868 15.213 17.445 19.037 20.109 20.855 21.394 21.792 22.087 22.302 22.454 22.555 22.614 22.638 22.633 22.602 22.551 22.481 22.396 22.298 22.188 22.068 21.941 21.807 21.667 21.522 21.374 21.224 21.071 20.917 20.763 20.609 20.455 20.302 20.151 20.002 19.855 19.711 19.569 19.431 19.296 19.165 19.035 18.915
0.000 0.164 0.952 1.897 2.945 4.044 5.148 6.219 7.221 8.125 8.906 9.541 10.028 10.382 10.630 10.795 10.883 10.893 10.818 10.679 10.551 10.539 10.733 11.180 11.904 12.971 14.419 16.368 19.041 20.489 21.379 21.987 22.424 22.746 22.982 23.153 23.271 23.345 23.382 23.389 23.368 23.325 23.261 23.180 23.083 22.973 22.852 22.720 22.580 22.433 22.279 22.121 21.958 21.792 21.624 21.454 21.283 21.112 20.941 20.771 20.603 20.436 20.272 20.111 19.952 19.797 19.646 19.499 19.355 19.217 19.082 18.953
6.719 7.779 8.628 9.331 9.881 10.276 10.529 10.666 10.710 10.677 10.569 10.380 10.117 9.813 9.537 9.359 9.324 9.442 9.705 10.096 10.610 11.260 12.087 13.187 14.699 16.850 19.929 21.435 22.300 22.868 23.267 23.556 23.766 23.916 24.018 24.080 24.108 24.106 24.079 24.030 23.961 23.874 23.772 23.656 23.527 23.388 23.239 23.081 22.916 22.745 22.568 22.387 22.203 22.017 21.829 21.640 21.450 21.262 21.074 20.888 20.704 20.523 20.344 20.169 19.998 19.831 19.668 19.510 19.357 19.208 19.065 18.927
10.435 10.818 10.767 10.576 10.305 9.963 9.572 9.181 8.846 8.614 8.509 8.527 8.652 8.863 9.141 9.476 9.862 10.304 10.814 11.418 12.164 13.136 14.523 16.496 20.095 21.963 22.953 23.561 23.971 24.260 24.468 24.616 24.715 24.776 24.804 24.803 24.777 24.729 24.661 24.575 24.473 24.355 24.225 24.082 23.928 23.764 23.592 23.411 23.224 23.030 22.832 22.630 22.425 22.218 22.009 21.801 21.592 21.385 21.179 20.976 20.776 20.578 20.385 20.195 20.010 19.830 19.655 19.485 19.320 19.161 19.008 18.861
8.351 8.505 8.265 8.044 7.928 7.917 7.994 8.137 8.330 8.561 8.820 9.104 9.413 9.747 10.112 10.515 10.969 11.494 12.128 12.937 14.050 15.711 18.745 21.996 23.326 24.073 24.547 24.870 25.097 25.258 25.368 25.437 25.473 25.480 25.461 25.420 25.359 25.279 25.183 25.070 24.943 24.803 24.650 24.485 24.310 24.125 23.931 23.729 23.520 23.305 23.086 22.862 22.636 22.408 22.178 21.949 21.720 21.493 21.268 21.046 20.828 20.614 20.404 20.199 19.999 19.804 19.615 19.433 19.256 19.086 18.922 18.764
6.886 7.540 7.788 7.980 8.182 8.399 8.629 8.872 9.128 9.398 9.684 9.988 10.316 10.674 11.071 11.523 12.053 12.706 13.563 14.806 16.773 21.052 23.262 24.352 24.976 25.376 25.650 25.841 25.974 26.061 26.113 26.134 26.128 26.100 26.050 25.982 25.895 25.792 25.674 25.542 25.395 25.235 25.063 24.880 24.685 24.481 24.267 24.045 23.815 23.579 23.338 23.093 22.845 22.594 22.343 22.092 21.842 21.594 21.349 21.107 20.869 20.636 20.409 20.187 19.971 19.761 19.557 19.361 19.171 18.988 18.813 18.645
7.359 8.170 8.496 8.723 8.944 9.170 9.406 9.653 9.912 10.187 10.480 10.797 11.144 11.533 11.978 12.506 13.165 14.051 15.384 17.638 22.194 24.220 25.187 25.746 26.107 26.354 26.525 26.642 26.717 26.758 26.771 26.760 26.726 26.673 26.601 26.512 26.407 26.287 26.152 26.002 25.839 25.663 25.475 25.274 25.062 24.839 24.606 24.364 24.114 23.857 23.594 23.327 23.056 22.784 22.510 22.236 21.964 21.693 21.426 21.163 20.905 20.652 20.406 20.165 19.932 19.705 19.486 19.275 19.071 18.875 18.687 18.506
7.896 8.820 9.187 9.422 9.643 9.869 10.105 10.353 10.616 10.898 11.204 11.541 11.918 12.352 12.870 13.521 14.409 15.775 18.231 22.995 24.965 25.892 26.427 26.771 27.005 27.166 27.276 27.346 27.383 27.393 27.380 27.345 27.291 27.219 27.131 27.026 26.907 26.772 26.623 26.459 26.282 26.091 25.887 25.671 25.442 25.201 24.950 24.688 24.418 24.141 23.856 23.567 23.273 22.978 22.681 22.384 22.088 21.795 21.506 21.220 20.941 20.667 20.400 20.140 19.887 19.643 19.407 19.179 18.960 18.749 18.548 18.355
8.359 9.389 9.800 10.048 10.271 10.498 10.736 10.989 11.260 11.555 11.879 12.243 12.663 13.164 13.797 14.658 15.985 18.445 23.480 25.548 26.499 27.039 27.384 27.616 27.777 27.886 27.955 27.992 28.003 27.991 27.958 27.906 27.836 27.750 27.649 27.531 27.399 27.253 27.091 26.915 26.725 26.521 26.302 26.071 25.826 25.568 25.299 25.018 24.728 24.430 24.124 23.812 23.496 23.177 22.857 22.537 22.218 21.901 21.589 21.281 20.979 20.683 20.395 20.114 19.842 19.578 19.324 19.079 18.843 18.617 18.400 18.193
8.761 9.891 10.350 10.613 10.842 11.074 11.317 11.578 11.861 12.173 12.523 12.926 13.405 14.007 14.816 16.054 18.323 23.659 25.980 27.021 27.595 27.955 28.196 28.362 28.475 28.548 28.589 28.603 28.594 28.564 28.516 28.451 28.369 28.271 28.158 28.031 27.888 27.730 27.558 27.370 27.168 26.951 26.719 26.473 26.212 25.938 25.651 25.353 25.043 24.724 24.396 24.063 23.724 23.382 23.038 22.695 22.352 22.012 21.676 21.346 21.021 20.703 20.393 20.092 19.799 19.515 19.242 18.978 18.724 18.481 18.248 18.026
9.119 10.342 10.851 11.135 11.374 11.612 11.864 12.136 12.434 12.769 13.153 13.606 14.167 14.916 16.027 18.010 23.531 26.242 27.454 28.096 28.488 28.748 28.926 29.047 29.127 29.174 29.193 29.189 29.165 29.122 29.062 28.985 28.892 28.785 28.662 28.525 28.372 28.205 28.022 27.824 27.610 27.381 27.136 26.876 26.600 26.310 26.006 25.689 25.360 25.020 24.672 24.316 23.955 23.590 23.223 22.856 22.490 22.127 21.769 21.415 21.068 20.729 20.397 20.074 19.761 19.457 19.164 18.881 18.608 18.347 18.097 17.858
9.444 10.754 11.315 11.623 11.876 12.125 12.387 12.672 12.989 13.351 13.777 14.300 14.978 15.951 17.602 21.550 26.267 27.781 28.537 28.983 29.272 29.469 29.603 29.693 29.748 29.775 29.778 29.760 29.722 29.668 29.597 29.511 29.409 29.292 29.161 29.014 28.852 28.675 28.483 28.274 28.049 27.808 27.551 27.277 26.986 26.680 26.359 26.024 25.676 25.316 24.947 24.569 24.186 23.799 23.409 23.019 22.631 22.245 21.864 21.489 21.120 20.760 20.407 20.064 19.730 19.406 19.092 18.790 18.498 18.218 17.950 17.693
9.744 11.138 11.754 12.089 12.357 12.618 12.893 13.196 13.537 13.934 14.412 15.020 15.861 17.197 19.933 25.795 27.962 28.909 29.436 29.769 29.991 30.144 30.247 30.313 30.349 30.359 30.348 30.318 30.270 30.205 30.125 30.029 29.919 29.793 29.653 29.498 29.327 29.141 28.939 28.720 28.484 28.232 27.962 27.674 27.369 27.048 26.710 26.357 25.989 25.610 25.220 24.821 24.415 24.006 23.594 23.181 22.771 22.364 21.961 21.565 21.176 20.795 20.423 20.060 19.706 19.363 19.030 18.708 18.398 18.098 17.811 17.536
10.025 11.496 12.167 12.533 12.821 13.098 13.390 13.711 14.078 14.516 15.063 15.789 16.871 18.847 24.928 27.890 29.174 29.835 30.232 30.492 30.669 30.790 30.869 30.915 30.935 30.932 30.909 30.867 30.809 30.735 30.645 30.541 30.422 30.288 30.139 29.975 29.796 29.600 29.388 29.160 28.913 28.649 28.366 28.066 27.746 27.409 27.055 26.684 26.298 25.899 25.488 25.068 24.641 24.209 23.775 23.341 22.909 22.481 22.058 21.642 21.234 20.834 20.444 20.062 19.691 19.330 18.979 18.639 18.309 17.991 17.685 17.390
10.289 11.838 12.566 12.967 13.276 13.570 13.878 14.224 14.625 15.107 15.735 16.617 18.058 21.288 27.292 29.278 30.158 30.654 30.968 31.178 31.321 31.416 31.475 31.505 31.511 31.496 31.461 31.410 31.342 31.258 31.160 31.047 30.919 30.776 30.619 30.446 30.258 30.053 29.831 29.592 29.335 29.059 28.764 28.450 28.117 27.764 27.393 27.004 26.599 26.180 25.749 25.308 24.859 24.406 23.951 23.496 23.043 22.596 22.154 21.719 21.293 20.876 20.469 20.072 19.684 19.307 18.940 18.583 18.236 17.899 17.574 17.260
10.543 12.164 12.951 13.389 13.723 14.036 14.363 14.734 15.168 15.711 16.436 17.519 19.552 25.991 29.054 30.354 31.015 31.409 31.665 31.838 31.955 32.029 32.072 32.087 32.080 32.053 32.008 31.946 31.868 31.776 31.668 31.546 31.410 31.258 31.092 30.910 30.713 30.498 30.267 30.017 29.749 29.462 29.154 28.827 28.479 28.110 27.722 27.316 26.892 26.453 26.001 25.539 25.070 24.596 24.120 23.645 23.173 22.706 22.246 21.795 21.353 20.921 20.499 20.087 19.686 19.295 18.913 18.541 18.179 17.826 17.483 17.151
10.786 12.479 13.323 13.800 14.161 14.495 14.846 15.239 15.713 16.313 17.159 18.512 21.523 28.042 30.314 31.273 31.798 32.123 32.338 32.482 32.577 32.634 32.661 32.663 32.644 32.606 32.550 32.477 32.390 32.288 32.171 32.040 31.894 31.734 31.558 31.368 31.161 30.937 30.695 30.435 30.156 29.857 29.537 29.195 28.832 28.448 28.043 27.618 27.175 26.716 26.244 25.761 25.271 24.777 24.281 23.787 23.296 22.812 22.336 21.870 21.413 20.968 20.533 20.110 19.697 19.294 18.900 18.516 18.140 17.773 17.414 17.065
11.019 12.778 13.679 14.196 14.586 14.944 15.314 15.735 16.247 16.909 17.887 19.604 24.249 29.757 31.324 32.091 32.530 32.807 32.991 33.113 33.189 33.231 33.244 33.234 33.202 33.152 33.086 33.003 32.905 32.793 32.667 32.526 32.372 32.202 32.018 31.818 31.602 31.369 31.117 30.847 30.556 30.245 29.912 29.556 29.178 28.777 28.354 27.910 27.448 26.969 26.476 25.973 25.462 24.948 24.433 23.921 23.414 22.914 22.424 21.944 21.476 21.019 20.574 20.140 19.718 19.306 18.903 18.509 18.122 17.742 17.370 17.005
11.240 13.061 14.017 14.572 14.990 15.371 15.764 16.203 16.747 17.478 18.581 20.676 27.692 30.878 32.182 32.835 33.220 33.465 33.626 33.729 33.790 33.818 33.818 33.796 33.753 33.692 33.614 33.521 33.413 33.291 33.156 33.006 32.843 32.665 32.472 32.263 32.038 31.796 31.535 31.254 30.952 30.628 30.281 29.911 29.516 29.098 28.657 28.195 27.713 27.214 26.702 26.179 25.650 25.117 24.584 24.054 23.531 23.016 22.511 22.018 21.538 21.071 20.617 20.176 19.747 19.328 18.918 18.516 18.122 17.733 17.349 16.971
11.446 13.322 14.328 14.923 15.368 15.764 16.166 16.626 17.194 17.962 19.159 21.592 28.817 31.735 32.909 33.508 33.863 34.089 34.234 34.324 34.373 34.389 34.378 34.344 34.290 34.218 34.130 34.027 33.910 33.779 33.635 33.477 33.306 33.121 32.921 32.705 32.473 32.222 31.952 31.661 31.348 31.011 30.649 30.262 29.848 29.409 28.944 28.457 27.949 27.423 26.886 26.339 25.789 25.239 24.693 24.154 23.625 23.106 22.599 22.105 21.624 21.155 20.699 20.254 19.820 19.395 18.978 18.568 18.163 17.763 17.367 16.974
11.641 13.563 14.609 15.233 15.697 16.108 16.521 16.982 17.545 18.307 19.499 21.936 29.332 32.300 33.483 34.083 34.436 34.657 34.796 34.879 34.919 34.926 34.906 34.863 34.800 34.719 34.623 34.512 34.388 34.250 34.100 33.938 33.762 33.572 33.367 33.146 32.907 32.649 32.370 32.069 31.744 31.395 31.020 30.621 30.196 29.748 29.278 28.788 28.281 27.758 27.222 26.672 26.111 25.542 24.969 24.397 23.828 23.267 22.718 22.181 21.661 21.158 20.672 20.204 19.753 19.317 18.896 18.488 18.089 17.696 17.306 16.918
11.805 13.766 14.847 15.495 15.972 16.385 16.790 17.230 17.757 18.453 19.505 21.503 28.550 32.408 33.816 34.496 34.884 35.122 35.269 35.354 35.394 35.399 35.375 35.327 35.260 35.175 35.075 34.962 34.836 34.699 34.550 34.389 34.216 34.029 33.827 33.608 33.369 33.108 32.822 32.509 32.166 31.791 31.381 30.935 30.454 29.939 29.394 28.824 28.236 27.638 27.038 26.447 25.870 25.308 24.763 24.235 23.724 23.229 22.749 22.284 21.830 21.387 20.953 20.525 20.102 19.682 19.261 18.840 18.415 17.989 17.562 17.134
11.933 13.925 15.036 15.700 16.180 16.582 16.966 17.371 17.833 18.412 19.231 20.601 23.831 31.259 33.621 34.577 35.083 35.381 35.562 35.669 35.724 35.739 35.724 35.685 35.625 35.548 35.457 35.354 35.238 35.111 34.972 34.821 34.657 34.477 34.282 34.068 33.833 33.574 33.289 32.977 32.639 32.273 31.881 31.465 31.025 30.564 30.084 29.589 29.079 28.557 28.024 27.479 26.919 26.348 25.768 25.182 24.593 24.002 23.412 22.823 22.236 21.653 21.074 20.500 19.933 19.376 18.833 18.309 17.806 17.324 16.861 16.417
11.994 14.018 15.155 15.837 16.322 16.713 17.066 17.416 17.787 18.218 18.777 19.614 21.094 24.979 31.834 33.852 34.713 35.177 35.456 35.631 35.739 35.802 35.832 35.836 35.821 35.792 35.751 35.701 35.642 35.572 35.490 35.390 35.263 35.103 34.902 34.659 34.379 34.068 33.727 33.349 32.925 32.446 31.911 31.322 30.686 30.016 29.329 28.638 27.958 27.299 26.669 26.074 25.515 24.995 24.513 24.068 23.657 23.278 22.926 22.599 22.292 21.998 21.712 21.426 21.133 20.827 20.500 20.148 19.764 19.344 18.886 18.387
11.743 13.796 14.959 15.660 16.161 16.563 16.914 17.246 17.577 17.927 18.328 18.838 19.599 21.005 24.675 30.894 32.843 33.749 34.301 34.696 35.013 35.279 35.494 35.665 35.804 35.918 36.014 36.097 36.168 36.229 36.267 36.223 36.011 35.594 34.990 34.259 33.508 32.895 32.550 32.314 32.007 31.633 31.214 30.761 30.279 29.774 29.251 28.715 28.172 27.626 27.085 26.554 26.041 25.550 25.087 24.652 24.247 23.870 23.523 23.212 22.941 22.708 22.503 22.312 22.121 21.913 21.675 21.395 21.060 20.654 20.143 19.481
10.915 12.670 13.551 14.031 14.366 14.653 14.935 15.234 15.571 15.966 16.445 17.084 18.133 20.856 26.160 28.231 29.344 30.054 30.531 30.847 31.040 31.133 31.143 31.085 30.969 30.808 30.607 30.374 30.120 29.855 29.589 29.328 29.074 28.830 28.596 28.373 28.164 27.969 27.790 27.629 27.483 27.350 27.226 27.111 27.001 26.895 26.792 26.690 26.588 26.486 26.383 26.278 26.171 26.062 25.950 25.836 25.720 25.603 25.486 25.367 25.244 25.115 24.977 24.828 24.670 24.502 24.323 24.135 23.937 23.728 23.508 23.277
15.761 16.552 16.780 16.781 16.715 16.628 16.534 16.436 16.333 16.222 16.103 15.977 15.846 15.710 15.571 15.427 15.279 15.130 14.986 14.886 14.948 15.488 16.888 18.838 21.025 23.511 27.721 29.359 29.996 30.346 30.586 30.702 30.687 30.609 30.530 30.479 30.462 30.462 30.398 30.003 29.146 28.329 27.794 27.473 27.274 27.141 27.045 26.968 26.902 26.840 26.781 26.721 26.659 26.596 26.530 26.462 26.394 26.323 26.244 26.153 26.051 25.944 25.834 25.677 25.420 25.063 24.673 24.271 23.864 23.456 23.052 22.654
18.046 30.308 33.243 34.364 34.980 35.386 35.670 35.869 36.001 36.078 36.106 36.090 36.034 35.940 35.811 35.648 35.453 35.228 34.973 34.691 34.385 34.056 33.709 33.348 32.976 32.598 32.220 31.847 31.483 31.137 30.810 30.507 30.228 29.974 29.742 29.531 29.340 29.166 29.008 28.864 28.733 28.612 28.495 28.380 28.262 28.139 28.008 27.866 27.712 27.544 27.362 27.167 26.959 26.739 26.510 26.273 26.033 25.791 25.549 25.311 25.077 24.849 24.626 24.408 24.194 23.984 23.775 23.567 23.357 23.142 22.920 22.688
