Examples/2023_ISeeSnow/data/CoulombOnly/Results/curv77s/s/1HS_03_curv77s_MoT-Voellmy_s_0066.asc
ncols        87
nrows        71
xllcorner    3852.5
yllcorner    -4427.5
cellsize     5.00
NODATA_value -9999
[rows 33 to 65 of 71, columns 0 to 74 of 87]
8.727 15.047 16.823 17.574 18.000 18.274 18.449 18.545 18.571 18.529 18.419 18.238 17.986 17.661 17.264 16.801 16.283 15.727 15.154 14.590 14.058 13.575 13.152 12.792 12.495 12.255 12.064 11.915 11.800 11.712 11.643 11.589 11.542 11.497 11.451 11.400 11.342 11.276 11.200 11.113 11.016 10.909 10.793 10.672 10.548 10.424 10.302 10.185 10.074 9.971 9.877 9.792 9.716 9.646 9.583 9.526 9.474 9.426 9.382 9.340 9.299 9.258 9.216 9.172 9.121 9.059 8.980 8.876 8.735 8.545 8.291 7.952 7.494 6.874 6.034
4.956 5.159 5.182 5.171 5.167 5.178 5.208 5.260 5.341 5.458 5.615 5.807 6.025 6.259 6.506 6.772 7.077 7.471 8.111 9.039 10.120 11.027 11.342 10.791 9.484 7.908 6.670 5.997 5.698 5.592 5.965 7.146 8.606 9.973 10.901 11.289 11.487 11.589 11.619 11.592 11.526 11.435 11.327 11.212 11.093 10.975 10.860 10.752 10.653 10.561 10.478 10.388 10.284 10.172 10.056 9.940 9.826 9.717 9.615 9.521 9.438 9.368 9.311 9.270 9.252 9.269 9.357 9.641 10.495 7.396 3.821 2.714 2.277 1.537 0.685
7.280 8.686 9.857 11.030 12.856 18.510 20.850 21.742 22.112 22.221 22.151 21.938 21.601 21.155 20.615 19.999 19.329 18.628 17.919 17.225 16.561 15.939 15.365 14.840 14.361 13.925 13.525 13.158 12.819 12.504 12.211 11.936 11.679 11.438 11.213 11.003 10.809 10.629 10.466 10.317 10.183 10.064 9.959 9.867 9.787 9.718 9.660 9.610 9.569 9.535 9.506 9.482 9.462 9.445 9.431 9.417 9.405 9.392 9.378 9.362 9.345 9.324 9.300 9.271 9.236 9.195 9.147 9.091 9.024 8.946 8.854 8.744 8.612 8.453 8.259
4.948 5.151 5.173 5.163 5.159 5.170 5.200 5.252 5.333 5.450 5.608 5.800 6.019 6.254 6.501 6.768 7.074 7.469 8.113 9.047 10.129 11.032 11.342 10.790 9.487 7.914 6.679 6.004 5.701 5.592 5.954 7.149 8.622 9.990 10.905 11.287 11.483 11.584 11.614 11.589 11.524 11.433 11.326 11.211 11.093 10.976 10.862 10.755 10.655 10.565 10.482 10.392 10.287 10.175 10.059 9.943 9.829 9.719 9.617 9.523 9.440 9.370 9.314 9.273 9.255 9.272 9.359 9.642 10.498 7.412 3.838 2.721 2.277 1.536 0.686
8.729 15.050 16.825 17.574 18.000 18.273 18.448 18.544 18.570 18.527 18.417 18.236 17.983 17.658 17.261 16.797 16.279 15.722 15.150 14.586 14.054 13.571 13.148 12.789 12.492 12.252 12.062 11.913 11.798 11.710 11.642 11.587 11.540 11.496 11.450 11.399 11.342 11.275 11.199 11.113 11.016 10.909 10.793 10.672 10.548 10.424 10.303 10.186 10.075 9.972 9.878 9.794 9.717 9.648 9.585 9.528 9.475 9.428 9.383 9.341 9.301 9.260 9.219 9.174 9.123 9.061 8.983 8.879 8.738 8.548 8.295 7.957 7.501 6.882 6.043
7.483 7.968 8.140 8.167 8.149 8.117 8.082 8.051 8.030 8.029 8.048 8.068 8.061 8.003 7.899 7.788 7.750 7.901 8.276 8.753 9.191 9.446 9.382 8.974 8.542 8.538 8.884 9.118 8.762 7.735 7.147 7.742 9.664 10.470 10.803 10.954 11.028 11.063 11.073 11.061 11.030 10.986 10.935 10.884 10.839 10.803 10.777 10.762 10.756 10.760 10.776 10.788 10.790 10.797 10.838 10.951 11.163 11.352 11.477 11.463 11.227 10.893 10.551 10.217 9.917 9.648 9.381 9.065 8.635 8.036 7.223 6.121 4.704 2.874 0.822
3.692 4.403 4.828 5.145 5.451 5.789 6.207 6.834 8.235 10.362 11.360 12.003 12.464 12.797 13.023 13.155 13.198 13.161 13.052 12.882 12.664 12.415 12.148 11.879 11.618 11.371 11.142 10.935 10.752 10.596 10.471 10.372 10.295 10.233 10.182 10.138 10.102 10.070 10.043 10.022 10.005 9.992 9.983 9.977 9.973 9.969 9.965 9.960 9.953 9.944 9.933 9.920 9.903 9.884 9.861 9.834 9.799 9.752 9.691 9.617 9.529 9.425 9.302 9.160 8.996 8.811 8.601 8.363 8.087 7.763 7.376 6.910 6.353 5.697 4.945
5.048 5.956 6.500 6.849 7.124 7.370 7.608 7.868 8.184 8.572 9.013 9.481 9.953 10.408 10.830 11.221 11.643 12.298 13.606 16.694 18.176 18.655 18.959 19.171 19.199 18.887 18.255 17.476 16.771 16.372 16.347 16.635 16.937 17.063 16.994 16.755 16.371 15.857 15.227 14.502 13.715 12.902 12.100 11.335 10.624 9.972 9.379 8.843 8.360 7.926 7.537 7.187 6.871 6.583 6.316 6.073 5.873 5.717 5.508 5.156 4.613 3.864 2.924 1.809 0.528 0.183 0.381 0.211 0.008 0.358 0.099 0.065 0.007 0.006 0.000
5.438 6.318 6.815 7.107 7.320 7.506 7.687 7.876 8.087 8.333 8.630 9.003 9.507 10.282 11.886 15.616 17.082 17.791 18.238 18.548 18.765 18.921 19.032 19.106 19.137 19.120 19.048 18.929 18.776 18.611 18.445 18.269 18.059 17.788 17.431 16.966 16.381 15.684 14.898 14.061 13.211 12.377 11.579 10.826 10.119 9.456 8.838 8.262 7.728 7.238 6.794 6.395 6.038 5.719 5.431 5.164 4.908 4.649 4.369 4.048 3.663 3.187 2.589 1.837 0.910 0.018 0.079 0.048 0.088 0.032 0.217 0.162 0.150 0.135 0.083
5.477 6.350 6.844 7.137 7.357 7.553 7.748 7.955 8.188 8.464 8.807 9.266 9.956 11.253 15.236 17.038 17.830 18.265 18.541 18.725 18.850 18.929 18.974 18.989 18.979 18.945 18.891 18.817 18.723 18.604 18.457 18.276 18.059 17.804 17.509 17.171 16.785 16.347 15.858 15.321 14.745 14.139 13.512 12.873 12.228 11.575 10.922 10.266 9.605 8.931 8.237 7.520 6.781 6.023 5.250 4.462 3.653 2.818 1.954 1.078 0.238 0.029 0.003 0.008 0.004 0.001 0.000 0.000 0.010 0.164 0.118 0.049 0.121 0.006 0.105
5.423 6.287 6.775 7.069 7.297 7.507 7.722 7.958 8.230 8.561 8.994 9.623 10.729 13.962 16.587 17.493 17.975 18.272 18.468 18.597 18.677 18.720 18.731 18.715 18.675 18.612 18.527 18.420 18.289 18.133 17.947 17.727 17.465 17.154 16.782 16.341 15.827 15.241 14.590 13.886 13.150 12.402 11.661 10.942 10.252 9.595 8.969 8.372 7.803 7.260 6.741 6.238 5.747 5.264 4.787 4.311 3.835 3.355 2.865 2.360 1.830 1.266 0.653 0.012 0.250 0.009 0.002 0.003 0.004 0.001 0.107 0.198 0.115 0.107 0.163
5.314 6.167 6.650 6.947 7.183 7.407 7.642 7.905 8.216 8.611 9.157 10.040 12.081 15.729 16.918 17.486 17.829 18.053 18.204 18.301 18.356 18.378 18.371 18.339 18.283 18.205 18.106 17.985 17.843 17.677 17.486 17.269 17.023 16.747 16.440 16.104 15.739 15.344 14.921 14.466 13.974 13.427 12.824 12.170 11.475 10.751 10.013 9.272 8.529 7.786 7.040 6.292 5.544 4.800 4.068 3.360 2.695 2.086 1.540 1.052 0.604 0.176 0.236 0.194 0.168 0.158 0.152 0.136 0.001 0.001 0.000 0.000 0.023 0.006 0.053
5.185 6.018 6.490 6.784 7.024 7.256 7.504 7.793 8.148 8.613 9.299 10.592 14.384 16.071 16.825 17.249 17.522 17.705 17.829 17.907 17.949 17.959 17.943 17.903 17.840 17.756 17.651 17.525 17.377 17.206 17.009 16.785 16.529 16.236 15.900 15.514 15.071 14.567 13.999 13.374 12.710 12.034 11.363 10.708 10.076 9.468 8.884 8.322 7.778 7.249 6.732 6.224 5.722 5.223 4.726 4.226 3.719 3.200 2.666 2.115 1.549 0.973 0.394 0.000 0.245 0.201 0.191 0.219 0.179 0.074 0.000 0.000 0.001 0.001 0.135
5.037 5.848 6.300 6.586 6.827 7.068 7.331 7.644 8.033 8.566 9.423 11.307 14.802 15.973 16.542 16.890 17.122 17.282 17.389 17.456 17.490 17.495 17.474 17.431 17.365 17.279 17.172 17.043 16.894 16.721 16.524 16.300 16.046 15.761 15.442 15.087 14.696 14.272 13.817 13.336 12.833 12.303 11.745 11.160 10.546 9.905 9.241 8.559 7.869 7.179 6.502 5.846 5.220 4.630 4.078 3.562 3.075 2.611 2.160 1.714 1.264 0.804 0.334 0.000 0.002 0.095 0.044 0.067 0.180 0.142 0.074 0.187 0.000 0.000 0.000
4.873 5.655 6.087 6.365 6.604 6.850 7.125 7.454 7.877 8.476 9.502 12.333 14.814 15.680 16.157 16.462 16.670 16.815 16.912 16.973 17.002 17.004 16.982 16.938 16.872 16.785 16.679 16.551 16.402 16.230 16.034 15.812 15.561 15.279 14.962 14.607 14.212 13.773 13.292 12.769 12.210 11.624 11.022 10.418 9.820 9.238 8.674 8.128 7.598 7.079 6.567 6.058 5.550 5.040 4.529 4.019 3.511 3.005 2.501 2.001 1.503 1.011 0.526 0.055 0.001 0.002 0.000 0.108 0.072 0.008 0.016 0.001 0.074 0.123 0.001
4.699 5.447 5.856 6.124 6.360 6.609 6.890 7.234 7.681 8.331 9.524 12.962 14.553 15.291 15.715 15.993 16.187 16.322 16.414 16.471 16.498 16.500 16.478 16.434 16.369 16.284 16.178 16.052 15.905 15.735 15.542 15.323 15.076 14.799 14.490 14.147 13.768 13.354 12.906 12.426 11.921 11.395 10.853 10.302 9.743 9.181 8.617 8.054 7.494 6.942 6.400 5.871 5.358 4.859 4.373 3.898 3.430 2.965 2.503 2.041 1.579 1.122 0.673 0.238 0.175 0.000 0.000 0.001 0.067 0.170 0.073 0.208 0.053 0.134 0.202
4.513 5.224 5.610 5.865 6.099 6.348 6.632 6.985 7.450 8.142 9.457 12.779 14.184 14.845 15.238 15.500 15.685 15.815 15.904 15.959 15.986 15.988 15.966 15.924 15.860 15.777 15.674 15.550 15.406 15.239 15.049 14.834 14.592 14.321 14.020 13.686 13.319 12.919 12.486 12.023 11.534 11.025 10.502 9.971 9.439 8.910 8.388 7.874 7.369 6.871 6.380 5.894 5.413 4.936 4.464 3.995 3.531 3.070 2.613 2.161 1.714 1.277 0.853 0.448 0.067 0.212 0.117 0.000 0.000 0.080 0.142 0.161 0.025 0.154 0.186
4.318 4.990 5.349 5.592 5.820 6.070 6.359 6.713 7.184 7.894 9.281 12.454 13.742 14.361 14.737 14.991 15.171 15.299 15.387 15.442 15.469 15.472 15.452 15.411 15.350 15.269 15.168 15.047 14.905 14.742 14.556 14.345 14.109 13.845 13.553 13.230 12.877 12.493 12.081 11.643 11.183 10.705 10.216 9.720 9.222 8.725 8.232 7.743 7.261 6.784 6.313 5.848 5.387 4.932 4.480 4.032 3.588 3.147 2.709 2.278 1.854 1.443 1.048 0.673 0.323 0.000 0.204 0.070 0.001 0.000 0.008 0.097 0.074 0.199 0.156
4.111 4.738 5.072 5.306 5.530 5.776 6.062 6.414 6.881 7.588 8.969 12.016 13.249 13.850 14.219 14.470 14.649 14.776 14.865 14.921 14.950 14.954 14.936 14.897 14.838 14.759 14.661 14.543 14.405 14.245 14.063 13.858 13.628 13.372 13.088 12.777 12.438 12.072 11.680 11.265 10.831 10.382 9.923 9.458 8.991 8.526 8.063 7.605 7.152 6.704 6.259 5.819 5.381 4.946 4.514 4.085 3.658 3.235 2.818 2.408 2.008 1.623 1.255 0.909 0.587 0.291 0.021 0.224 0.056 0.000 0.000 0.000 0.139 0.221 0.112
3.893 4.477 4.786 5.008 5.227 5.469 5.750 6.094 6.553 7.236 8.534 11.480 12.710 13.313 13.684 13.938 14.118 14.248 14.338 14.397 14.427 14.434 14.418 14.382 14.325 14.249 14.154 14.039 13.904 13.749 13.572 13.372 13.149 12.901 12.628 12.329 12.005 11.657 11.286 10.895 10.488 10.067 9.638 9.204 8.769 8.334 7.901 7.472 7.046 6.624 6.204 5.787 5.371 4.958 4.546 4.136 3.730 3.328 2.932 2.545 2.171 1.812 1.472 1.153 0.857 0.585 0.336 0.110 0.094 0.222 0.059 0.000 0.000 0.147 0.040
3.665 4.202 4.483 4.694 4.908 5.143 5.419 5.756 6.194 6.837 8.014 10.851 12.122 12.750 13.132 13.393 13.579 13.713 13.807 13.869 13.902 13.912 13.899 13.865 13.812 13.739 13.647 13.536 13.405 13.254 13.082 12.889 12.673 12.434 12.172 11.887 11.579 11.249 10.899 10.532 10.151 9.759 9.359 8.955 8.550 8.145 7.741 7.339 6.940 6.543 6.148 5.754 5.360 4.968 4.578 4.189 3.804 3.424 3.051 2.690 2.341 2.008 1.694 1.400 1.128 0.877 0.648 0.439 0.250 0.079 0.074 0.213 0.000 0.000 0.068
3.418 3.906 4.165 4.366 4.573 4.803 5.071 5.393 5.809 6.401 7.423 10.135 11.483 12.155 12.560 12.833 13.029 13.169 13.269 13.336 13.374 13.387 13.378 13.348 13.298 13.229 13.140 13.033 12.907 12.761 12.595 12.409 12.201 11.972 11.722 11.451 11.159 10.848 10.520 10.177 9.822 9.458 9.087 8.712 8.336 7.959 7.583 7.208 6.835 6.463 6.091 5.719 5.348 4.978 4.609 4.242 3.880 3.523 3.175 2.838 2.515 2.208 1.918 1.647 1.396 1.165 0.953 0.760 0.584 0.425 0.281 0.151 0.033 0.000 0.000
3.153 3.592 3.828 4.020 4.221 4.445 4.702 5.011 5.399 5.934 6.801 8.849 10.775 11.520 11.961 12.255 12.464 12.615 12.723 12.796 12.840 12.859 12.855 12.829 12.783 12.719 12.635 12.532 12.411 12.271 12.112 11.933 11.735 11.517 11.280 11.023 10.749 10.457 10.151 9.832 9.502 9.165 8.822 8.475 8.126 7.777 7.428 7.079 6.730 6.382 6.033 5.685 5.336 4.988 4.641 4.297 3.958 3.625 3.302 2.990 2.691 2.408 2.141 1.891 1.660 1.446 1.250 1.070 0.907 0.758 0.623 0.501 0.388 0.279 0.156
2.865 3.253 3.470 3.655 3.851 4.067 4.315 4.606 4.965 5.442 6.167 7.607 9.914 10.829 11.326 11.652 11.881 12.046 12.166 12.248 12.301 12.326 12.328 12.308 12.268 12.209 12.130 12.034 11.919 11.785 11.634 11.464 11.276 11.070 10.846 10.605 10.348 10.077 9.792 9.497 9.192 8.881 8.565 8.245 7.923 7.600 7.276 6.952 6.628 6.303 5.977 5.650 5.324 4.998 4.674 4.354 4.038 3.730 3.430 3.142 2.867 2.606 2.360 2.130 1.916 1.718 1.536 1.369 1.216 1.077 0.951 0.834 0.724 0.609 0.449
2.550 2.888 3.086 3.265 3.456 3.667 3.904 4.180 4.511 4.934 5.536 6.575 8.913 10.047 10.640 11.013 11.271 11.458 11.593 11.689 11.752 11.787 11.797 11.785 11.752 11.699 11.628 11.538 11.431 11.305 11.163 11.003 10.826 10.632 10.423 10.199 9.960 9.708 9.446 9.174 8.894 8.607 8.317 8.023 7.726 7.429 7.129 6.829 6.528 6.225 5.922 5.618 5.314 5.011 4.710 4.412 4.120 3.835 3.559 3.293 3.039 2.799 2.572 2.359 2.162 1.978 1.809 1.654 1.512 1.381 1.262 1.149 1.035 0.892 0.570
2.199 2.489 2.674 2.850 3.037 3.241 3.468 3.727 4.032 4.408 4.911 5.682 7.256 9.120 9.876 10.322 10.624 10.840 10.998 11.111 11.189 11.237 11.259 11.257 11.233 11.190 11.127 11.046 10.947 10.832 10.699 10.550 10.386 10.206 10.012 9.805 9.585 9.353 9.112 8.863 8.606 8.345 8.079 7.809 7.537 7.264 6.988 6.711 6.432 6.152 5.870 5.588 5.306 5.026 4.747 4.472 4.202 3.939 3.685 3.440 3.206 2.984 2.775 2.579 2.396 2.226 2.069 1.924 1.791 1.668 1.553 1.437 1.298 1.027 0.051
1.805 2.050 2.224 2.397 2.581 2.780 2.999 3.244 3.525 3.861 4.287 4.878 5.863 7.926 8.978 9.552 9.921 10.181 10.370 10.509 10.607 10.673 10.710 10.721 10.710 10.678 10.627 10.557 10.469 10.365 10.244 10.108 9.957 9.792 9.615 9.424 9.223 9.012 8.792 8.565 8.332 8.094 7.851 7.605 7.357 7.106 6.852 6.597 6.340 6.082 5.822 5.561 5.301 5.042 4.784 4.531 4.282 4.040 3.806 3.580 3.365 3.160 2.967 2.785 2.616 2.458 2.312 2.177 2.052 1.933 1.814 1.672 1.395 0.190 0.007
1.349 1.554 1.724 1.897 2.080 2.276 2.489 2.723 2.985 3.289 3.655 4.127 4.808 5.993 7.820 8.649 9.131 9.457 9.693 9.867 9.994 10.084 10.142 10.172 10.178 10.162 10.124 10.068 9.994 9.904 9.797 9.675 9.540 9.391 9.230 9.058 8.876 8.685 8.486 8.281 8.070 7.854 7.634 7.410 7.184 6.955 6.723 6.489 6.253 6.015 5.776 5.536 5.296 5.057 4.820 4.586 4.357 4.134 3.918 3.710 3.512 3.323 3.144 2.977 2.820 2.674 2.538 2.410 2.289 2.164 2.008 1.557 0.170 0.004 0.000
0.797 0.978 1.150 1.328 1.514 1.711 1.921 2.148 2.396 2.675 2.999 3.392 3.902 4.644 5.969 7.491 8.192 8.630 8.937 9.163 9.332 9.455 9.543 9.599 9.628 9.632 9.614 9.576 9.519 9.445 9.355 9.250 9.132 9.000 8.858 8.704 8.542 8.371 8.193 8.009 7.819 7.625 7.426 7.224 7.018 6.810 6.598 6.384 6.168 5.949 5.729 5.509 5.288 5.068 4.849 4.634 4.423 4.218 4.019 3.827 3.644 3.470 3.305 3.150 3.005 2.869 2.740 2.615 2.481 2.294 1.326 0.057 0.001 0.000 0.000
0.148 0.295 0.467 0.653 0.848 1.053 1.266 1.493 1.736 2.001 2.296 2.636 3.046 3.575 4.330 5.625 6.963 7.621 8.051 8.359 8.589 8.763 8.891 8.984 9.044 9.077 9.085 9.070 9.036 8.983 8.913 8.828 8.728 8.617 8.493 8.360 8.218 8.067 7.910 7.746 7.577 7.403 7.224 7.042 6.856 6.667 6.474 6.279 6.081 5.881 5.679 5.476 5.272 5.069 4.868 4.670 4.476 4.286 4.103 3.927 3.759 3.598 3.447 3.303 3.167 3.036 2.904 2.748 2.424 0.594 0.010 0.000 0.000 0.000 0.000
2.062 1.489 0.893 0.505 0.360 0.395 0.537 0.737 0.969 1.227 1.508 1.819 2.173 2.591 3.116 3.831 4.923 6.240 6.926 7.380 7.710 7.960 8.151 8.296 8.402 8.474 8.518 8.536 8.530 8.504 8.460 8.398 8.322 8.232 8.131 8.019 7.897 7.767 7.630 7.487 7.337 7.183 7.024 6.860 6.693 6.521 6.346 6.168 5.987 5.803 5.617 5.431 5.243 5.057 4.871 4.689 4.510 4.337 4.168 4.007 3.852 3.704 3.562 3.426 3.289 3.139 2.918 1.292 0.074 0.004 0.000 0.000 0.000 0.000 0.000
4.667 4.698 4.472 4.118 3.647 3.051 2.371 1.703 1.179 0.896 0.859 1.002 1.259 1.594 2.002 2.501 3.147 4.002 5.281 6.062 6.581 6.962 7.253 7.480 7.654 7.786 7.880 7.943 7.978 7.988 7.977 7.946 7.897 7.834 7.757 7.668 7.569 7.461 7.345 7.222 7.092 6.956 6.816 6.670 6.519 6.364 6.206 6.043 5.877 5.709 5.539 5.367 5.195 5.023 4.854 4.686 4.522 4.363 4.208 4.059 3.915 3.774 3.632 3.477 3.258 1.552 0.152 0.012 0.000 0.000 0.000 0.000 0.000 0.000 0.000
2.076 2.778 3.364 3.825 4.141 4.309 4.347 4.283 4.131 3.886 3.529 3.047 2.481 1.963 1.651 1.630 1.880 2.352 3.010 3.927 4.939 5.586 6.062 6.428 6.715 6.940 7.114 7.244 7.338 7.399 7.433 7.442 7.430 7.399 7.353 7.292 7.218 7.134 7.040 6.938 6.828 6.711 6.588 6.459 6.325 6.186 6.042 5.895 5.744 5.590 5.434 5.277 5.120 4.963 4.807 4.654 4.503 4.355 4.210 4.066 3.918 3.748 3.374 1.119 0.149 0.013 0.000 0.000 0.000 0.000 0.000 0.000 0.000 0.000 0.000
