Examples/2023_ISeeSnow/data/CoulombOnly/Results/curv77s/s/1HS_03_curv77s_MoT-Voellmy_s_0012.asc
ncols        90
nrows        39
xllcorner    1107.5
yllcorner    -4347.5
cellsize     5.00
NODATA_value -9999
[rows 0 to 31 of 39, columns 0 to 71 of 90]
5.572 6.444 7.207 7.886 8.488 9.026 9.514 9.968 10.405 10.839 11.283 11.745 12.229 12.729 13.231 13.729 14.193 14.489 14.197 10.451 1.607 0.002 0.000 0.000 0.000 0.000 0.000 0.000 0.000 0.000 0.000 0.000 0.000 0.000 0.000 0.000 0.000 0.000 0.000 0.000 0.000 0.000 0.000 0.000 0.000 0.000 0.000 0.000 0.000 0.000 0.000 0.000 0.000 0.000 0.000 0.000 0.000 0.000 0.000 0.000 0.000 0.000 0.000 0.000 0.000 0.000 0.000 0.000 0.000 0.000 0.000 0.000
8.164 8.936 9.508 10.067 10.648 11.276 11.977 12.846 14.101 16.691 22.552 24.296 24.896 25.147 25.256 25.297 25.303 25.287 25.259 25.235 25.224 25.202 25.166 25.120 25.065 25.005 24.939 24.870 24.798 24.722 24.645 24.575 24.546 24.655 25.164 22.025 5.987 0.025 0.000 0.000 0.000 0.000 0.000 0.000 0.000 0.000 0.000 0.000 0.000 0.000 0.000 0.000 0.000 0.000 0.000 0.000 0.000 0.000 0.000 0.000 0.000 0.000 0.000 0.000 0.000 0.000 0.000 0.000 0.000 0.000 0.000 0.000
9.101 10.308 11.153 11.976 12.971 14.504 18.640 23.712 24.973 25.453 25.652 25.727 25.747 25.743 25.730 25.712 25.693 25.674 25.652 25.628 25.601 25.569 25.533 25.493 25.449 25.402 25.353 25.302 25.249 25.195 25.139 25.081 25.021 24.958 24.889 24.808 24.749 24.697 24.641 24.580 24.516 24.451 24.390 24.342 24.358 24.672 26.554 25.424 22.618 16.706 2.931 0.004 0.000 0.000 0.000 0.000 0.000 0.000 0.000 0.000 0.000 0.000 0.000 0.000 0.000 0.000 0.000 0.000 0.000 0.000 0.000 0.000
9.695 11.295 12.605 14.287 18.380 23.790 25.128 25.607 25.793 25.860 25.877 25.874 25.867 25.861 25.858 25.860 25.864 25.868 25.870 25.868 25.862 25.850 25.832 25.808 25.777 25.738 25.693 25.642 25.586 25.527 25.465 25.401 25.336 25.270 25.205 25.141 25.079 25.019 24.961 24.906 24.852 24.801 24.753 24.707 24.666 24.631 24.599 24.545 24.460 24.375 24.353 24.346 24.338 24.329 24.319 24.309 24.298 24.288 24.279 24.274 24.395 26.610 26.434 23.508 19.277 14.366 4.777 0.071 0.000 0.000 0.000 0.000
10.356 12.630 15.626 22.655 24.785 25.457 25.698 25.782 25.806 25.810 25.811 25.818 25.832 25.854 25.882 25.913 25.944 25.973 25.997 26.016 26.028 26.031 26.027 26.016 25.997 25.975 25.950 25.924 25.899 25.873 25.849 25.824 25.800 25.775 25.748 25.719 25.688 25.653 25.613 25.568 25.517 25.461 25.399 25.333 25.263 25.191 25.118 25.044 24.970 24.898 24.830 24.765 24.703 24.643 24.585 24.529 24.474 24.422 24.371 24.324 24.285 24.270 24.249 24.177 24.024 23.822 23.748 23.749 23.757 23.798 24.113 26.107
10.724 13.478 18.671 23.913 25.061 25.463 25.605 25.646 25.650 25.645 25.648 25.664 25.695 25.737 25.787 25.841 25.896 25.950 25.999 26.042 26.077 26.105 26.125 26.138 26.144 26.144 26.139 26.127 26.111 26.091 26.065 26.034 25.999 25.960 25.918 25.872 25.824 25.773 25.719 25.664 25.608 25.553 25.500 25.450 25.404 25.363 25.325 25.290 25.257 25.226 25.195 25.164 25.132 25.100 25.068 25.035 25.003 24.973 24.946 24.923 24.907 24.899 24.900 24.906 24.916 24.931 24.960 25.008 25.072 25.154 25.262 25.378
13.683 22.430 24.257 24.764 24.939 25.010 25.052 25.093 25.144 25.210 25.289 25.379 25.473 25.567 25.657 25.742 25.820 25.889 25.950 26.000 26.039 26.067 26.083 26.088 26.082 26.066 26.040 26.005 25.965 25.924 25.888 25.860 25.840 25.827 25.822 25.823 25.830 25.841 25.856 25.873 25.890 25.903 25.911 25.911 25.901 25.881 25.851 25.812 25.767 25.717 25.665 25.611 25.558 25.506 25.457 25.409 25.365 25.326 25.291 25.264 25.244 25.235 25.237 25.252 25.278 25.316 25.367 25.429 25.502 25.583 25.669 25.754
13.167 22.010 24.170 24.796 25.004 25.077 25.103 25.119 25.140 25.175 25.228 25.298 25.382 25.477 25.578 25.680 25.778 25.870 25.952 26.023 26.082 26.130 26.168 26.197 26.219 26.237 26.252 26.267 26.282 26.295 26.300 26.296 26.282 26.258 26.227 26.191 26.152 26.113 26.074 26.036 26.001 25.968 25.938 25.909 25.882 25.857 25.833 25.811 25.789 25.769 25.749 25.730 25.712 25.694 25.676 25.659 25.642 25.627 25.615 25.607 25.605 25.611 25.626 25.652 25.688 25.734 25.791 25.857 25.928 26.004 26.081 26.154
15.360 23.254 24.499 24.838 24.951 24.990 25.010 25.034 25.073 25.128 25.201 25.287 25.383 25.485 25.589 25.692 25.791 25.884 25.970 26.045 26.110 26.164 26.205 26.235 26.253 26.261 26.260 26.250 26.234 26.214 26.194 26.177 26.163 26.152 26.145 26.140 26.137 26.135 26.134 26.133 26.132 26.129 26.124 26.117 26.107 26.093 26.076 26.056 26.034 26.011 25.987 25.963 25.940 25.917 25.895 25.875 25.858 25.843 25.832 25.827 25.830 25.841 25.863 25.896 25.942 25.999 26.066 26.142 26.224 26.309 26.393 26.471
15.335 23.269 24.535 24.878 24.991 25.029 25.045 25.064 25.096 25.144 25.209 25.289 25.381 25.483 25.590 25.699 25.806 25.909 26.004 26.089 26.164 26.228 26.279 26.320 26.350 26.371 26.384 26.391 26.392 26.390 26.384 26.375 26.365 26.353 26.340 26.326 26.310 26.293 26.274 26.255 26.235 26.214 26.194 26.175 26.157 26.140 26.125 26.111 26.098 26.086 26.074 26.063 26.052 26.042 26.032 26.023 26.016 26.011 26.009 26.013 26.024 26.044 26.074 26.115 26.169 26.234 26.310 26.394 26.484 26.577 26.668 26.753
15.871 23.512 24.611 24.911 25.005 25.031 25.040 25.055 25.084 25.133 25.200 25.283 25.380 25.486 25.597 25.709 25.819 25.923 26.020 26.106 26.181 26.244 26.295 26.335 26.364 26.385 26.397 26.404 26.405 26.404 26.401 26.396 26.390 26.384 26.377 26.370 26.363 26.355 26.348 26.339 26.330 26.321 26.311 26.301 26.290 26.279 26.268 26.256 26.244 26.233 26.221 26.209 26.198 26.187 26.176 26.167 26.159 26.154 26.154 26.159 26.173 26.196 26.230 26.277 26.337 26.410 26.494 26.587 26.687 26.789 26.891 26.985
15.753 23.485 24.637 24.951 25.051 25.080 25.091 25.107 25.138 25.188 25.255 25.339 25.437 25.543 25.656 25.770 25.882 25.989 26.089 26.179 26.258 26.326 26.381 26.425 26.459 26.482 26.498 26.506 26.509 26.508 26.504 26.498 26.490 26.481 26.471 26.461 26.450 26.439 26.428 26.417 26.406 26.395 26.384 26.374 26.365 26.355 26.346 26.338 26.329 26.321 26.313 26.305 26.297 26.290 26.283 26.277 26.272 26.271 26.274 26.283 26.300 26.327 26.365 26.417 26.482 26.559 26.649 26.749 26.855 26.966 27.075 27.178
15.733 23.506 24.672 24.987 25.085 25.110 25.117 25.128 25.154 25.199 25.263 25.343 25.438 25.542 25.654 25.767 25.880 25.988 26.089 26.182 26.264 26.334 26.393 26.440 26.477 26.504 26.523 26.535 26.542 26.545 26.544 26.542 26.538 26.533 26.528 26.522 26.515 26.509 26.502 26.495 26.488 26.481 26.473 26.466 26.458 26.450 26.443 26.435 26.427 26.420 26.412 26.405 26.397 26.390 26.384 26.378 26.375 26.374 26.378 26.389 26.407 26.436 26.477 26.532 26.600 26.681 26.775 26.880 26.992 27.108 27.224 27.334
15.597 23.477 24.693 25.021 25.123 25.150 25.158 25.171 25.198 25.244 25.310 25.392 25.489 25.596 25.709 25.825 25.939 26.049 26.152 26.245 26.328 26.398 26.457 26.504 26.541 26.567 26.586 26.597 26.604 26.606 26.605 26.602 26.598 26.593 26.587 26.581 26.575 26.569 26.563 26.556 26.550 26.544 26.537 26.531 26.525 26.519 26.513 26.506 26.500 26.494 26.488 26.482 26.477 26.471 26.466 26.462 26.460 26.461 26.466 26.478 26.498 26.529 26.572 26.629 26.699 26.783 26.880 26.988 27.103 27.223 27.343 27.457
15.489 23.458 24.713 25.049 25.154 25.181 25.188 25.199 25.224 25.268 25.331 25.411 25.506 25.611 25.723 25.837 25.951 26.061 26.165 26.260 26.344 26.417 26.479 26.529 26.568 26.597 26.619 26.633 26.642 26.646 26.648 26.647 26.645 26.642 26.639 26.634 26.630 26.625 26.621 26.616 26.611 26.606 26.601 26.595 26.590 26.585 26.580 26.574 26.569 26.563 26.558 26.553 26.548 26.543 26.538 26.535 26.533 26.535 26.541 26.553 26.574 26.606 26.650 26.708 26.780 26.865 26.964 27.073 27.191 27.313 27.436 27.553
15.382 23.438 24.728 25.073 25.180 25.209 25.217 25.228 25.253 25.297 25.361 25.441 25.537 25.642 25.755 25.871 25.986 26.097 26.201 26.296 26.381 26.454 26.516 26.566 26.605 26.635 26.656 26.671 26.680 26.685 26.687 26.687 26.685 26.683 26.679 26.676 26.672 26.668 26.664 26.660 26.656 26.652 26.648 26.644 26.639 26.635 26.630 26.626 26.622 26.617 26.612 26.608 26.603 26.599 26.595 26.593 26.592 26.593 26.600 26.613 26.635 26.667 26.712 26.770 26.843 26.929 27.029 27.140 27.258 27.382 27.506 27.626
15.300 23.425 24.741 25.092 25.201 25.230 25.238 25.248 25.273 25.316 25.379 25.459 25.553 25.658 25.771 25.886 26.001 26.112 26.216 26.312 26.398 26.472 26.535 26.587 26.628 26.659 26.681 26.697 26.707 26.713 26.716 26.717 26.717 26.715 26.713 26.710 26.707 26.704 26.701 26.697 26.694 26.690 26.687 26.683 26.679 26.675 26.672 26.668 26.664 26.659 26.655 26.651 26.647 26.643 26.640 26.637 26.636 26.638 26.645 26.658 26.680 26.713 26.758 26.817 26.891 26.978 27.078 27.190 27.309 27.434 27.559 27.679
15.254 23.419 24.750 25.105 25.215 25.244 25.252 25.262 25.286 25.330 25.392 25.472 25.566 25.672 25.785 25.900 26.016 26.127 26.232 26.329 26.415 26.490 26.553 26.605 26.646 26.677 26.700 26.717 26.727 26.734 26.737 26.739 26.738 26.737 26.735 26.733 26.731 26.728 26.725 26.723 26.720 26.717 26.714 26.710 26.707 26.704 26.700 26.697 26.693 26.690 26.686 26.682 26.678 26.675 26.672 26.669 26.669 26.671 26.678 26.692 26.714 26.747 26.793 26.852 26.926 27.015 27.116 27.228 27.348 27.474 27.600 27.722
15.279 23.433 24.758 25.111 25.221 25.250 25.257 25.267 25.291 25.334 25.397 25.477 25.572 25.678 25.791 25.907 26.022 26.134 26.240 26.337 26.423 26.498 26.562 26.614 26.656 26.688 26.711 26.728 26.739 26.746 26.750 26.751 26.751 26.750 26.749 26.747 26.745 26.743 26.740 26.738 26.735 26.732 26.729 26.727 26.724 26.721 26.717 26.714 26.711 26.707 26.704 26.700 26.697 26.693 26.690 26.688 26.688 26.690 26.698 26.711 26.733 26.767 26.812 26.872 26.947 27.035 27.137 27.250 27.372 27.499 27.628 27.752
15.553 23.521 24.772 25.109 25.214 25.241 25.248 25.259 25.284 25.329 25.392 25.473 25.569 25.675 25.788 25.905 26.021 26.133 26.239 26.336 26.422 26.498 26.562 26.614 26.656 26.687 26.711 26.728 26.739 26.745 26.749 26.751 26.751 26.750 26.749 26.747 26.745 26.742 26.740 26.737 26.735 26.732 26.729 26.726 26.723 26.720 26.717 26.714 26.711 26.707 26.704 26.700 26.697 26.693 26.690 26.688 26.688 26.691 26.698 26.712 26.734 26.768 26.815 26.875 26.951 27.040 27.144 27.258 27.382 27.511 27.641 27.768
15.279 23.433 24.758 25.111 25.221 25.250 25.257 25.267 25.291 25.334 25.397 25.477 25.572 25.678 25.791 25.907 26.022 26.134 26.240 26.337 26.423 26.498 26.562 26.614 26.656 26.688 26.711 26.728 26.739 26.746 26.750 26.751 26.751 26.750 26.749 26.747 26.745 26.743 26.740 26.738 26.735 26.732 26.730 26.727 26.724 26.721 26.717 26.714 26.711 26.707 26.704 26.700 26.697 26.693 26.690 26.688 26.688 26.690 26.698 26.711 26.733 26.767 26.812 26.872 26.947 27.035 27.137 27.250 27.372 27.499 27.628 27.752
15.253 23.419 24.750 25.105 25.215 25.244 25.252 25.262 25.286 25.330 25.392 25.472 25.567 25.672 25.785 25.900 26.016 26.127 26.232 26.329 26.415 26.490 26.553 26.605 26.646 26.677 26.700 26.717 26.727 26.734 26.737 26.739 26.738 26.737 26.735 26.733 26.731 26.728 26.725 26.723 26.720 26.717 26.714 26.710 26.707 26.704 26.700 26.697 26.693 26.690 26.686 26.682 26.679 26.675 26.672 26.670 26.669 26.671 26.678 26.692 26.714 26.747 26.793 26.852 26.926 27.015 27.116 27.228 27.349 27.474 27.600 27.722
15.300 23.425 24.741 25.092 25.201 25.230 25.238 25.248 25.273 25.316 25.379 25.459 25.553 25.658 25.771 25.886 26.001 26.112 26.216 26.312 26.398 26.472 26.535 26.587 26.628 26.659 26.681 26.697 26.707 26.713 26.716 26.717 26.717 26.715 26.713 26.710 26.707 26.704 26.701 26.697 26.694 26.690 26.687 26.683 26.679 26.675 26.672 26.668 26.664 26.659 26.655 26.651 26.647 26.643 26.640 26.637 26.636 26.639 26.645 26.658 26.680 26.713 26.758 26.817 26.891 26.978 27.078 27.190 27.309 27.434 27.559 27.679
15.382 23.438 24.728 25.073 25.180 25.209 25.217 25.228 25.253 25.297 25.361 25.441 25.537 25.642 25.755 25.871 25.986 26.097 26.201 26.296 26.381 26.454 26.516 26.566 26.605 26.635 26.656 26.671 26.680 26.685 26.687 26.687 26.685 26.683 26.679 26.676 26.672 26.668 26.664 26.660 26.656 26.652 26.648 26.644 26.639 26.635 26.631 26.626 26.622 26.617 26.612 26.608 26.603 26.599 26.595 26.593 26.592 26.594 26.600 26.613 26.635 26.667 26.712 26.770 26.843 26.930 27.029 27.140 27.259 27.382 27.506 27.626
15.489 23.458 24.713 25.049 25.154 25.181 25.188 25.199 25.224 25.268 25.331 25.411 25.506 25.611 25.723 25.837 25.951 26.061 26.165 26.260 26.344 26.417 26.479 26.529 26.568 26.597 26.619 26.633 26.642 26.646 26.648 26.647 26.645 26.642 26.639 26.634 26.630 26.625 26.621 26.616 26.611 26.606 26.601 26.595 26.590 26.585 26.580 26.574 26.569 26.563 26.558 26.553 26.548 26.543 26.538 26.535 26.533 26.535 26.541 26.553 26.574 26.606 26.650 26.708 26.780 26.865 26.964 27.073 27.191 27.313 27.436 27.553
15.597 23.477 24.693 25.021 25.123 25.150 25.158 25.171 25.198 25.244 25.310 25.392 25.489 25.596 25.709 25.825 25.939 26.049 26.152 26.245 26.328 26.398 26.457 26.504 26.541 26.567 26.586 26.597 26.604 26.606 26.605 26.602 26.598 26.593 26.587 26.581 26.575 26.569 26.563 26.556 26.550 26.544 26.537 26.531 26.525 26.519 26.513 26.507 26.500 26.494 26.488 26.483 26.477 26.471 26.466 26.462 26.460 26.461 26.466 26.478 26.499 26.529 26.572 26.629 26.699 26.784 26.880 26.988 27.103 27.223 27.343 27.457
15.733 23.506 24.672 24.987 25.085 25.110 25.117 25.128 25.154 25.199 25.263 25.343 25.438 25.542 25.654 25.767 25.880 25.988 26.089 26.182 26.264 26.334 26.393 26.440 26.477 26.504 26.523 26.535 26.542 26.545 26.544 26.542 26.538 26.533 26.528 26.522 26.515 26.509 26.502 26.495 26.488 26.481 26.473 26.466 26.458 26.451 26.443 26.435 26.427 26.420 26.412 26.405 26.397 26.390 26.384 26.379 26.375 26.374 26.378 26.389 26.407 26.436 26.477 26.532 26.600 26.682 26.775 26.880 26.992 27.108 27.224 27.334
15.753 23.485 24.637 24.951 25.051 25.080 25.091 25.107 25.138 25.188 25.255 25.339 25.437 25.544 25.656 25.770 25.882 25.989 26.089 26.179 26.258 26.326 26.381 26.425 26.459 26.482 26.498 26.506 26.509 26.508 26.504 26.498 26.490 26.481 26.471 26.461 26.450 26.439 26.428 26.417 26.406 26.395 26.385 26.374 26.365 26.355 26.346 26.338 26.329 26.321 26.313 26.305 26.297 26.290 26.283 26.277 26.272 26.271 26.274 26.283 26.300 26.327 26.365 26.417 26.482 26.559 26.649 26.749 26.855 26.966 27.075 27.178
15.870 23.512 24.611 24.911 25.005 25.031 25.040 25.055 25.085 25.133 25.200 25.283 25.380 25.486 25.597 25.709 25.819 25.923 26.020 26.106 26.181 26.244 26.295 26.335 26.364 26.385 26.397 26.404 26.406 26.404 26.401 26.396 26.390 26.384 26.377 26.370 26.363 26.355 26.347 26.339 26.330 26.321 26.311 26.301 26.290 26.279 26.268 26.256 26.244 26.233 26.221 26.209 26.198 26.187 26.176 26.167 26.159 26.155 26.154 26.160 26.173 26.196 26.230 26.277 26.337 26.410 26.494 26.587 26.686 26.789 26.890 26.985
15.334 23.269 24.535 24.878 24.991 25.029 25.045 25.064 25.096 25.144 25.209 25.289 25.381 25.483 25.590 25.699 25.806 25.909 26.004 26.089 26.164 26.228 26.279 26.320 26.350 26.371 26.384 26.391 26.392 26.390 26.384 26.375 26.365 26.354 26.340 26.326 26.310 26.293 26.274 26.255 26.235 26.215 26.195 26.176 26.157 26.141 26.125 26.111 26.098 26.086 26.074 26.063 26.052 26.042 26.032 26.023 26.016 26.011 26.009 26.013 26.024 26.044 26.074 26.115 26.169 26.234 26.310 26.394 26.484 26.577 26.668 26.753
15.359 23.254 24.499 24.838 24.951 24.990 25.010 25.034 25.073 25.129 25.201 25.287 25.383 25.485 25.589 25.692 25.791 25.884 25.970 26.046 26.110 26.164 26.205 26.235 26.253 26.262 26.260 26.251 26.234 26.214 26.195 26.177 26.163 26.152 26.145 26.140 26.136 26.135 26.133 26.133 26.131 26.129 26.124 26.117 26.106 26.093 26.076 26.056 26.034 26.011 25.987 25.963 25.940 25.917 25.895 25.875 25.858 25.843 25.832 25.827 25.830 25.841 25.863 25.896 25.942 25.998 26.066 26.142 26.224 26.309 26.392 26.470
13.166 22.009 24.170 24.796 25.004 25.077 25.103 25.119 25.140 25.175 25.228 25.298 25.382 25.477 25.578 25.680 25.778 25.870 25.952 26.023 26.082 26.130 26.168 26.197 26.219 26.237 26.251 26.266 26.281 26.294 26.300 26.296 26.282 26.258 26.227 26.191 26.153 26.113 26.074 26.037 26.001 25.969 25.938 25.909 25.883 25.857 25.833 25.811 25.789 25.769 25.749 25.730 25.712 25.694 25.676 25.659 25.642 25.627 25.615 25.607 25.605 25.611 25.626 25.651 25.687 25.734 25.791 25.856 25.928 26.004 26.080 26.153
