Examples/2023_ISeeSnow/data/CoulombOnly/Results/curv77s/s/1HS_03_curv77s_MoT-Voellmy_s_0040.asc
ncols        178
nrows        15
xllcorner    2227.5
yllcorner    -4287.5
cellsize     5.00
NODATA_value -9999
22.682 22.917 23.031 23.135 23.240 23.346 23.452 23.560 23.668 23.778 23.891 24.004 24.121 24.241 24.364 24.483 24.605 24.733 24.868 25.008 25.150 25.292 25.436 25.580 25.729 25.888 26.057 26.227 26.400 26.580 26.766 26.959 27.160 27.366 27.580 27.805 28.043 28.293 28.553 28.826 29.117 29.430 29.768 30.136 30.548 31.023 31.602 32.424 33.750 35.839 38.754 42.198 45.473 47.658 48.004 46.309 42.999 38.849 34.585 30.651 27.180 24.091 21.214 18.389 15.173 8.611 0.842 0.001 0.000 0.000 0.000 0.000 0.000 0.000 0.000 0.000 0.000 0.000 0.000 0.000 0.000 0.000 0.000 0.000 0.000 0.000 0.000 0.000 0.000 0.000 0.000 0.000 0.000 0.000 0.000 0.000 0.000 0.000 0.000 0.000 0.000 0.000 0.000 0.000 0.000 0.001 0.025 0.167 0.464 0.870 1.365 1.924 2.518 3.107 3.657 4.135 4.516 4.782 4.922 4.935 4.825 4.603 4.284 3.885 3.423 2.920 2.395 1.867 1.354 0.871 0.426 0.109 0.015 0.004 0.001 0.000 0.000 0.000 0.000 0.000 0.000 0.000 0.000 0.000 0.000 0.000 0.000 0.000 0.000 0.000 0.000 0.000 0.000 0.000 0.000 0.000 0.000 0.000 0.000 0.000 0.000 0.000 0.000 0.000 0.000 0.000 0.000 0.000 0.000 0.000 0.000 0.000 0.000 0.000 0.000 0.000 0.000 0.000
23.022 23.674 23.884 24.048 24.210 24.372 24.538 24.709 24.889 25.075 25.264 25.458 25.656 25.861 26.075 26.297 26.531 26.776 27.035 27.306 27.592 27.893 28.209 28.541 28.892 29.263 29.656 30.079 30.544 31.052 31.601 32.192 32.842 33.582 34.419 35.363 36.457 37.786 39.412 41.479 44.405 48.993 58.352 76.051 79.934 81.148 81.751 82.139 82.430 82.668 82.870 83.046 83.199 83.334 83.453 83.558 83.649 83.730 83.800 83.861 83.912 83.953 83.984 84.004 84.015 84.060 84.142 84.222 84.299 84.373 84.444 84.513 84.579 84.643 84.705 84.765 84.823 84.879 84.934 84.986 85.036 85.085 85.131 85.174 85.216 85.254 85.290 85.323 85.353 85.380 85.404 85.426 85.445 85.462 85.480 85.507 85.563 85.725 86.279 88.508 96.662 94.690 89.550 84.800 80.667 86.729 95.111 96.457 95.077 88.994 88.061 87.316 87.133 87.147 87.206 87.306 87.421 87.529 87.617 87.677 87.709 87.714 87.690 87.640 87.564 87.475 87.382 87.299 87.271 87.265 87.313 63.065 27.819 17.507 12.137 8.280 5.474 3.462 2.047 1.070 0.406 0.060 0.001 0.000 0.000 0.000 0.000 0.000 0.000 0.000 0.000 0.000 0.000 0.000 0.000 0.000 0.000 0.000 0.000 0.000 0.000 0.000 0.000 0.000 0.000 0.000 0.000 0.000 0.000 0.000 0.000 0.000 0.000 0.000 0.000 0.000 0.000 0.000
24.639 26.097 26.557 26.846 27.111 27.379 27.654 27.938 28.234 28.540 28.859 29.193 29.542 29.910 30.300 30.709 31.149 31.624 32.134 32.683 33.290 33.969 34.730 35.593 36.596 37.817 39.361 41.423 44.471 49.910 65.810 75.251 78.052 79.477 80.413 81.111 81.662 82.110 82.479 82.788 83.053 83.283 83.485 83.639 83.743 83.816 83.873 83.922 83.969 84.014 84.060 84.107 84.154 84.203 84.252 84.301 84.352 84.402 84.452 84.502 84.551 84.600 84.647 84.694 84.739 84.783 84.827 84.870 84.914 84.957 85.000 85.043 85.086 85.127 85.169 85.210 85.250 85.290 85.330 85.369 85.408 85.447 85.485 85.525 85.568 85.616 85.668 85.724 85.785 85.850 85.919 85.992 86.069 86.149 86.232 86.318 86.408 86.504 86.607 86.721 86.839 86.943 87.024 87.087 87.143 87.215 87.307 87.413 87.523 87.635 87.747 87.858 87.968 88.077 88.183 88.287 88.387 88.482 88.572 88.656 88.733 88.804 88.867 88.923 88.973 89.018 89.059 89.096 89.132 89.167 89.202 89.237 89.274 89.314 89.358 89.408 89.463 89.522 89.577 89.607 89.563 49.305 9.164 5.005 2.897 1.572 0.756 0.260 0.034 0.000 0.000 0.000 0.000 0.000 0.000 0.000 0.000 0.000 0.000 0.000 0.000 0.000 0.000 0.000 0.000 0.000 0.000 0.000 0.000 0.000 0.000 0.000 0.000 0.000 0.000 0.000 0.000 0.000
26.783 29.442 30.455 31.018 31.463 31.880 32.297 32.724 33.166 33.626 34.109 34.618 35.162 35.743 36.384 37.099 37.910 38.873 40.053 41.590 43.814 47.514 55.905 71.692 76.324 78.434 79.784 80.779 81.562 82.199 82.710 83.069 83.315 83.492 83.625 83.731 83.818 83.892 83.957 84.014 84.066 84.113 84.156 84.194 84.229 84.263 84.295 84.328 84.361 84.395 84.430 84.466 84.502 84.540 84.578 84.617 84.657 84.696 84.737 84.777 84.817 84.858 84.898 84.938 84.979 85.019 85.059 85.099 85.140 85.180 85.221 85.262 85.303 85.346 85.392 85.440 85.490 85.543 85.599 85.657 85.717 85.780 85.845 85.913 85.985 86.059 86.136 86.215 86.297 86.381 86.467 86.555 86.644 86.735 86.828 86.921 87.015 87.110 87.205 87.301 87.396 87.491 87.585 87.678 87.770 87.860 87.950 88.038 88.125 88.211 88.296 88.379 88.460 88.540 88.618 88.694 88.766 88.836 88.903 88.967 89.026 89.082 89.135 89.184 89.230 89.274 89.316 89.357 89.397 89.437 89.478 89.518 89.558 89.598 89.637 89.674 89.710 89.745 89.778 89.809 89.839 89.869 89.901 89.937 89.979 90.049 90.150 90.013 42.714 4.447 2.066 0.949 0.377 0.121 0.029 0.006 0.001 0.000 0.000 0.000 0.000 0.000 0.000 0.000 0.000 0.000 0.000 0.000 0.000 0.000 0.000 0.000 0.000 0.000 0.000 0.000 0.000 0.000
28.707 32.690 34.596 35.736 36.567 37.269 37.919 38.559 39.215 39.906 40.661 41.518 42.543 43.902 45.916 49.707 60.556 72.772 76.522 78.614 80.033 81.099 81.934 82.549 82.980 83.288 83.517 83.692 83.828 83.935 84.018 84.082 84.133 84.173 84.206 84.235 84.261 84.285 84.309 84.332 84.355 84.379 84.403 84.429 84.455 84.482 84.511 84.541 84.573 84.606 84.640 84.676 84.714 84.752 84.792 84.833 84.876 84.919 84.964 85.010 85.058 85.106 85.156 85.207 85.260 85.313 85.369 85.426 85.484 85.545 85.607 85.671 85.739 85.809 85.883 85.960 86.040 86.122 86.207 86.294 86.383 86.474 86.567 86.661 86.755 86.849 86.943 87.038 87.132 87.226 87.319 87.412 87.505 87.596 87.686 87.775 87.862 87.947 88.030 88.111 88.189 88.265 88.340 88.416 88.491 88.566 88.641 88.716 88.792 88.867 88.942 89.017 89.091 89.164 89.236 89.307 89.377 89.444 89.510 89.573 89.634 89.693 89.748 89.802 89.852 89.900 89.945 89.988 90.029 90.067 90.104 90.138 90.172 90.204 90.235 90.264 90.291 90.317 90.340 90.360 90.378 90.393 90.404 90.411 90.414 90.413 90.407 90.397 90.383 90.365 90.345 90.324 90.305 90.295 90.255 90.450 25.628 1.175 0.269 0.027 0.000 0.000 0.000 0.000 0.000 0.000 0.000 0.000 0.000 0.000 0.000 0.000 0.000 0.000 0.000 0.000 0.000 0.000
30.202 35.272 38.140 40.089 41.595 42.870 44.049 45.250 46.677 48.829 53.361 67.823 74.440 77.509 79.356 80.668 81.666 82.390 82.914 83.301 83.595 83.823 84.000 84.137 84.242 84.324 84.387 84.436 84.474 84.503 84.527 84.546 84.562 84.576 84.589 84.603 84.617 84.634 84.653 84.674 84.699 84.727 84.758 84.792 84.830 84.871 84.915 84.962 85.012 85.065 85.121 85.179 85.239 85.301 85.365 85.432 85.500 85.570 85.641 85.714 85.789 85.866 85.944 86.024 86.106 86.189 86.274 86.361 86.450 86.540 86.632 86.726 86.821 86.915 87.008 87.101 87.192 87.283 87.373 87.463 87.552 87.640 87.727 87.814 87.900 87.985 88.070 88.153 88.236 88.317 88.398 88.477 88.556 88.634 88.710 88.787 88.862 88.937 89.012 89.087 89.163 89.239 89.315 89.393 89.471 89.550 89.628 89.707 89.785 89.862 89.939 90.014 90.089 90.161 90.233 90.302 90.370 90.437 90.502 90.565 90.628 90.689 90.750 90.809 90.868 90.924 90.979 91.031 91.080 91.125 91.166 91.202 91.232 91.257 91.275 91.287 91.292 91.291 91.282 91.267 91.246 91.217 91.182 91.141 91.095 91.042 90.985 90.923 90.857 90.788 90.717 90.644 90.570 90.497 90.426 90.357 90.292 90.233 90.180 90.136 90.104 90.094 90.092 90.135 64.307 3.256 0.022 0.000 0.000 0.000 0.000 0.000 0.000 0.000 0.000 0.000 0.000 0.000
30.801 36.514 40.017 42.562 44.611 46.353 47.899 49.337 50.799 52.687 56.772 69.496 75.793 78.815 80.554 81.685 82.471 83.039 83.457 83.769 84.004 84.180 84.312 84.409 84.481 84.533 84.570 84.597 84.616 84.630 84.642 84.654 84.665 84.678 84.693 84.710 84.729 84.752 84.779 84.808 84.841 84.878 84.917 84.960 85.005 85.053 85.104 85.158 85.213 85.271 85.330 85.392 85.455 85.520 85.587 85.655 85.724 85.795 85.867 85.940 86.014 86.089 86.166 86.243 86.322 86.401 86.481 86.562 86.643 86.725 86.808 86.891 86.975 87.059 87.144 87.229 87.314 87.400 87.486 87.572 87.659 87.746 87.833 87.920 88.007 88.095 88.182 88.270 88.358 88.446 88.534 88.622 88.711 88.799 88.888 88.977 89.066 89.156 89.245 89.335 89.424 89.514 89.602 89.690 89.777 89.863 89.948 90.032 90.115 90.197 90.278 90.358 90.437 90.515 90.591 90.665 90.738 90.809 90.878 90.944 91.007 91.068 91.124 91.177 91.226 91.270 91.309 91.343 91.372 91.395 91.413 91.425 91.432 91.433 91.428 91.418 91.402 91.381 91.355 91.324 91.288 91.248 91.203 91.154 91.101 91.045 90.985 90.922 90.857 90.789 90.719 90.646 90.572 90.496 90.419 90.340 90.261 90.181 90.101 90.022 89.945 89.870 89.801 89.737 89.689 89.672 89.672 89.704 89.786 51.241 1.305 0.001 0.000 0.000 0.000 0.000 0.000 0.000
48.739 73.626 78.408 80.209 81.215 81.890 82.394 82.798 83.136 83.428 83.684 83.905 84.088 84.234 84.350 84.441 84.512 84.566 84.607 84.638 84.662 84.681 84.697 84.712 84.727 84.744 84.763 84.784 84.809 84.837 84.867 84.901 84.939 84.980 85.024 85.071 85.121 85.174 85.229 85.287 85.345 85.406 85.468 85.530 85.594 85.659 85.724 85.790 85.857 85.925 85.994 86.063 86.133 86.205 86.277 86.350 86.425 86.501 86.578 86.656 86.735 86.816 86.898 86.981 87.066 87.151 87.238 87.326 87.414 87.503 87.593 87.684 87.775 87.866 87.958 88.050 88.141 88.233 88.324 88.415 88.505 88.595 88.685 88.773 88.861 88.948 89.034 89.119 89.204 89.287 89.369 89.450 89.531 89.610 89.689 89.766 89.843 89.919 89.994 90.068 90.142 90.215 90.288 90.360 90.432 90.503 90.575 90.646 90.717 90.788 90.860 90.931 91.003 91.075 91.147 91.219 91.292 91.365 91.437 91.510 91.582 91.654 91.725 91.796 91.865 91.932 91.998 92.062 92.123 92.182 92.237 92.288 92.335 92.377 92.415 92.446 92.472 92.491 92.504 92.509 92.507 92.498 92.480 92.454 92.420 92.377 92.326 92.267 92.200 92.125 92.043 91.953 91.857 91.754 91.645 91.531 91.412 91.289 91.162 91.031 90.898 90.762 90.623 90.483 90.340 90.196 90.051 89.906 89.761 89.622 89.495 89.369 89.249 89.105 89.035 89.216 89.324 0.000
30.801 36.514 40.018 42.564 44.613 46.355 47.901 49.339 50.801 52.690 56.777 69.500 75.795 78.816 80.555 81.685 82.472 83.040 83.458 83.770 84.004 84.180 84.312 84.410 84.481 84.533 84.571 84.597 84.616 84.631 84.643 84.654 84.665 84.678 84.693 84.710 84.730 84.753 84.779 84.809 84.842 84.878 84.917 84.960 85.005 85.054 85.104 85.158 85.213 85.271 85.330 85.392 85.455 85.520 85.587 85.655 85.724 85.795 85.867 85.940 86.014 86.090 86.166 86.243 86.322 86.401 86.481 86.562 86.643 86.725 86.808 86.891 86.975 87.060 87.144 87.229 87.315 87.400 87.486 87.573 87.659 87.746 87.833 87.920 88.007 88.095 88.182 88.270 88.358 88.446 88.534 88.622 88.711 88.799 88.888 88.977 89.066 89.156 89.245 89.335 89.425 89.514 89.602 89.690 89.777 89.863 89.948 90.032 90.115 90.197 90.278 90.358 90.437 90.515 90.591 90.665 90.738 90.809 90.878 90.944 91.007 91.068 91.124 91.177 91.226 91.270 91.309 91.343 91.372 91.395 91.413 91.425 91.432 91.432 91.428 91.417 91.402 91.381 91.355 91.324 91.288 91.247 91.203 91.154 91.101 91.044 90.985 90.922 90.856 90.788 90.718 90.646 90.571 90.496 90.418 90.340 90.260 90.180 90.100 90.021 89.944 89.870 89.800 89.737 89.688 89.671 89.672 89.702 89.784 51.117 1.289 0.000 0.000 0.000 0.000 0.000 0.000 0.000
30.202 35.272 38.140 40.089 41.595 42.870 44.050 45.250 46.678 48.832 53.369 67.831 74.444 77.511 79.358 80.669 81.666 82.391 82.914 83.301 83.596 83.823 84.000 84.137 84.243 84.324 84.387 84.436 84.474 84.504 84.527 84.546 84.562 84.576 84.589 84.603 84.617 84.634 84.653 84.674 84.699 84.727 84.758 84.792 84.830 84.871 84.915 84.962 85.012 85.065 85.121 85.179 85.239 85.301 85.365 85.432 85.500 85.569 85.641 85.714 85.789 85.866 85.944 86.024 86.106 86.189 86.274 86.361 86.450 86.540 86.632 86.726 86.821 86.915 87.008 87.101 87.192 87.283 87.373 87.463 87.551 87.640 87.727 87.814 87.900 87.985 88.069 88.153 88.235 88.317 88.397 88.477 88.556 88.633 88.710 88.786 88.862 88.937 89.012 89.087 89.163 89.239 89.315 89.393 89.471 89.550 89.628 89.707 89.785 89.862 89.939 90.015 90.089 90.162 90.233 90.302 90.370 90.437 90.502 90.565 90.628 90.689 90.750 90.809 90.868 90.924 90.979 91.031 91.080 91.125 91.166 91.201 91.232 91.256 91.275 91.287 91.292 91.290 91.282 91.267 91.245 91.217 91.182 91.141 91.094 91.042 90.985 90.923 90.857 90.788 90.716 90.643 90.570 90.497 90.425 90.356 90.292 90.232 90.179 90.136 90.104 90.094 90.093 90.132 64.211 3.234 0.022 0.000 0.000 0.000 0.000 0.000 0.000 0.000 0.000 0.000 0.000 0.000
28.708 32.690 34.596 35.736 36.568 37.269 37.920 38.559 39.216 39.907 40.661 41.519 42.544 43.903 45.918 49.710 60.572 72.775 76.523 78.615 80.034 81.099 81.934 82.550 82.980 83.288 83.517 83.692 83.828 83.935 84.018 84.082 84.133 84.173 84.206 84.235 84.261 84.285 84.309 84.332 84.355 84.379 84.403 84.429 84.455 84.482 84.511 84.541 84.573 84.606 84.640 84.676 84.713 84.752 84.792 84.833 84.875 84.919 84.964 85.010 85.057 85.106 85.156 85.207 85.259 85.313 85.368 85.425 85.484 85.544 85.606 85.671 85.738 85.809 85.883 85.960 86.039 86.121 86.206 86.293 86.382 86.473 86.566 86.660 86.754 86.849 86.943 87.037 87.131 87.225 87.319 87.412 87.504 87.595 87.685 87.774 87.861 87.946 88.029 88.110 88.188 88.264 88.339 88.415 88.490 88.565 88.640 88.716 88.791 88.866 88.941 89.016 89.090 89.163 89.235 89.306 89.375 89.443 89.508 89.572 89.633 89.691 89.747 89.800 89.851 89.899 89.944 89.987 90.028 90.066 90.103 90.138 90.171 90.203 90.234 90.263 90.290 90.316 90.339 90.360 90.378 90.392 90.403 90.411 90.414 90.412 90.407 90.397 90.382 90.365 90.344 90.323 90.304 90.295 90.257 90.443 25.455 1.170 0.268 0.027 0.000 0.000 0.000 0.000 0.000 0.000 0.000 0.000 0.000 0.000 0.000 0.000 0.000 0.000 0.000 0.000 0.000 0.000
26.783 29.443 30.455 31.018 31.463 31.880 32.297 32.724 33.166 33.627 34.110 34.618 35.162 35.743 36.385 37.100 37.911 38.874 40.054 41.591 43.816 47.517 55.912 71.697 76.326 78.435 79.784 80.779 81.562 82.199 82.710 83.069 83.315 83.492 83.625 83.731 83.818 83.892 83.957 84.014 84.066 84.113 84.155 84.194 84.229 84.263 84.295 84.328 84.361 84.395 84.429 84.465 84.502 84.540 84.578 84.617 84.656 84.696 84.736 84.776 84.817 84.857 84.898 84.938 84.978 85.018 85.059 85.099 85.139 85.180 85.220 85.261 85.302 85.346 85.391 85.439 85.490 85.543 85.598 85.656 85.716 85.779 85.845 85.913 85.984 86.059 86.135 86.215 86.297 86.381 86.467 86.554 86.644 86.735 86.827 86.920 87.015 87.109 87.205 87.300 87.395 87.490 87.584 87.677 87.769 87.859 87.949 88.037 88.124 88.210 88.295 88.378 88.460 88.540 88.617 88.693 88.766 88.836 88.903 88.966 89.026 89.082 89.134 89.183 89.229 89.273 89.315 89.356 89.396 89.437 89.477 89.517 89.557 89.597 89.636 89.674 89.710 89.744 89.777 89.808 89.839 89.869 89.900 89.936 89.979 90.049 90.147 90.023 42.345 4.423 2.059 0.945 0.375 0.120 0.029 0.005 0.000 0.000 0.000 0.000 0.000 0.000 0.000 0.000 0.000 0.000 0.000 0.000 0.000 0.000 0.000 0.000 0.000 0.000 0.000 0.000 0.000 0.000
24.639 26.098 26.557 26.846 27.112 27.379 27.654 27.938 28.234 28.540 28.860 29.194 29.542 29.911 30.300 30.710 31.149 31.624 32.135 32.683 33.291 33.970 34.731 35.593 36.596 37.818 39.362 41.425 44.473 49.913 65.825 75.252 78.052 79.477 80.413 81.111 81.662 82.109 82.479 82.788 83.052 83.282 83.484 83.639 83.743 83.816 83.873 83.922 83.968 84.014 84.060 84.106 84.154 84.202 84.251 84.301 84.351 84.402 84.452 84.501 84.551 84.599 84.647 84.693 84.738 84.782 84.826 84.870 84.913 84.957 85.000 85.043 85.085 85.127 85.168 85.209 85.250 85.290 85.329 85.369 85.408 85.446 85.485 85.525 85.568 85.615 85.667 85.723 85.784 85.849 85.918 85.991 86.068 86.148 86.231 86.317 86.407 86.503 86.607 86.720 86.838 86.942 87.023 87.085 87.142 87.214 87.306 87.412 87.523 87.635 87.746 87.858 87.968 88.077 88.183 88.286 88.386 88.482 88.572 88.656 88.733 88.803 88.866 88.922 88.972 89.017 89.058 89.096 89.132 89.166 89.201 89.236 89.273 89.313 89.357 89.407 89.462 89.521 89.575 89.603 89.606 48.852 9.115 4.991 2.888 1.567 0.753 0.258 0.034 0.000 0.000 0.000 0.000 0.000 0.000 0.000 0.000 0.000 0.000 0.000 0.000 0.000 0.000 0.000 0.000 0.000 0.000 0.000 0.000 0.000 0.000 0.000 0.000 0.000 0.000 0.000 0.000 0.000
23.022 23.675 23.884 24.048 24.210 24.373 24.538 24.710 24.889 25.075 25.264 25.458 25.656 25.861 26.074 26.297 26.531 26.776 27.035 27.306 27.592 27.893 28.209 28.542 28.893 29.264 29.657 30.079 30.544 31.052 31.601 32.193 32.843 33.582 34.420 35.363 36.458 37.787 39.413 41.480 44.406 48.994 58.353 76.051 79.934 81.147 81.750 82.138 82.430 82.667 82.869 83.045 83.199 83.334 83.453 83.557 83.649 83.729 83.799 83.860 83.911 83.953 83.984 84.003 84.015 84.059 84.141 84.222 84.298 84.372 84.443 84.512 84.578 84.642 84.704 84.764 84.822 84.879 84.933 84.985 85.035 85.084 85.130 85.173 85.215 85.253 85.289 85.322 85.352 85.379 85.403 85.425 85.444 85.461 85.479 85.506 85.563 85.728 86.294 88.575 96.637 94.611 89.427 84.611 80.536 86.781 94.624 95.709 94.472 88.950 88.050 87.292 87.123 87.141 87.202 87.303 87.420 87.528 87.614 87.674 87.706 87.711 87.688 87.637 87.561 87.469 87.373 87.293 87.270 87.255 87.327 62.516 27.635 17.452 12.101 8.254 5.456 3.450 2.039 1.065 0.403 0.059 0.001 0.000 0.000 0.000 0.000 0.000 0.000 0.000 0.000 0.000 0.000 0.000 0.000 0.000 0.000 0.000 0.000 0.000 0.000 0.000 0.000 0.000 0.000 0.000 0.000 0.000 0.000 0.000 0.000 0.000 0.000 0.000 0.000 0.000 0.000 0.000
22.682 22.917 23.031 23.135 23.240 23.346 23.452 23.561 23.668 23.778 23.891 24.005 24.121 24.242 24.364 24.483 24.605 24.734 24.869 25.009 25.150 25.293 25.437 25.581 25.730 25.888 26.056 26.227 26.400 26.580 26.767 26.959 27.160 27.366 27.580 27.805 28.043 28.294 28.554 28.827 29.118 29.430 29.768 30.136 30.548 31.023 31.602 32.423 33.747 35.835 38.748 42.192 45.469 47.660 48.011 46.320 43.012 38.861 34.594 30.658 27.184 24.094 21.217 18.391 15.175 8.618 0.844 0.001 0.000 0.000 0.000 0.000 0.000 0.000 0.000 0.000 0.000 0.000 0.000 0.000 0.000 0.000 0.000 0.000 0.000 0.000 0.000 0.000 0.000 0.000 0.000 0.000 0.000 0.000 0.000 0.000 0.000 0.000 0.000 0.000 0.000 0.000 0.000 0.000 0.000 0.001 0.025 0.165 0.458 0.862 1.354 1.911 2.503 3.090 3.638 4.115 4.496 4.761 4.901 4.914 4.805 4.585 4.267 3.869 3.409 2.907 2.383 1.857 1.346 0.864 0.421 0.106 0.015 0.003 0.001 0.000 0.000 0.000 0.000 0.000 0.000 0.000 0.000 0.000 0.000 0.000 0.000 0.000 0.000 0.000 0.000 0.000 0.000 0.000 0.000 0.000 0.000 0.000 0.000 0.000 0.000 0.000 0.000 0.000 0.000 0.000 0.000 0.000 0.000 0.000 0.000 0.000 0.000 0.000 0.000 0.000 0.000 0.000
