Examples/2023_ISeeSnow/data/CoulombOnly/Results/curv77s/s/1HS_03_curv77s_MoT-Voellmy_s_0054.asc
ncols        150
nrows        49
xllcorner    3302.5
yllcorner    -4372.5
cellsize     5.00
NODATA_value -9999
[rows 0 to 31 of 49, columns 0 to 71 of 150]
0.000 0.000 0.000 0.000 0.000 0.000 0.000 0.000 0.000 0.000 0.000 0.000 0.000 0.000 0.000 0.000 0.000 0.000 0.000 0.000 0.000 0.000 0.000 0.000 0.000 0.000 0.000 0.000 0.000 0.000 0.000 0.000 0.000 0.000 0.000 0.000 0.000 0.000 0.000 0.000 0.000 0.000 0.000 0.000 0.000 0.000 0.000 0.000 0.000 0.000 0.000 0.001 0.002 0.007 0.015 0.036 0.087 0.187 0.362 0.648 1.083 1.709 2.568 3.692 5.095 6.772 8.709 10.882 13.257 15.801 18.476 21.132
0.000 0.000 0.000 0.000 0.000 0.000 0.000 0.000 0.000 0.000 0.000 0.000 0.000 0.000 0.000 0.000 0.000 0.000 0.000 0.000 0.000 0.000 0.000 0.000 0.000 0.000 0.000 0.000 0.000 0.000 0.000 0.000 0.000 0.000 0.000 0.000 0.000 0.000 0.000 0.000 0.000 0.000 0.000 0.002 0.006 0.010 0.024 0.066 0.162 0.346 0.663 1.166 1.916 2.968 4.368 6.138 8.269 10.729 13.461 16.398 19.474 22.628 25.810 28.991 32.058 34.955 37.673 40.215 42.593 44.819 46.910 47.787
0.000 0.000 0.000 0.000 0.000 0.000 0.000 0.000 0.000 0.000 0.000 0.000 0.000 0.000 0.000 0.000 0.000 0.000 0.000 0.000 0.000 0.000 0.000 0.000 0.000 0.000 0.000 0.000 0.000 0.000 0.000 0.000 0.000 0.000 0.001 0.002 0.009 0.010 0.015 0.061 0.170 0.384 0.755 1.342 2.207 3.399 4.940 6.822 9.006 11.431 14.027 16.722 19.452 22.168 24.826 27.415 29.974 32.525 34.955 37.206 39.282 41.201 42.979 45.437 47.297 48.692 49.731 50.501 51.071 51.491 51.796 52.012
0.000 0.000 0.000 0.000 0.000 0.000 0.000 0.000 0.000 0.000 0.000 0.000 0.000 0.000 0.000 0.000 0.000 0.000 0.000 0.000 0.000 0.000 0.000 0.000 0.000 0.000 0.000 0.002 0.009 0.010 0.009 0.024 0.118 0.317 0.678 1.265 2.139 3.338 4.869 6.704 8.790 11.058 13.432 15.837 18.202 20.466 22.577 24.515 26.310 28.031 29.718 31.360 32.926 34.443 35.885 37.314 39.106 42.142 45.708 48.002 49.650 50.853 51.735 52.383 52.859 53.202 53.444 53.607 53.706 53.754 53.760 53.731
0.000 0.000 0.000 0.000 0.000 0.000 0.000 0.000 0.000 0.000 0.000 0.000 0.000 0.000 0.000 0.000 0.000 0.000 0.000 0.001 0.006 0.010 0.009 0.009 0.036 0.191 0.503 1.041 1.869 3.028 4.517 6.304 8.328 10.516 12.786 15.058 17.257 19.313 21.169 22.786 24.167 25.351 26.384 27.304 28.130 28.872 29.541 30.156 30.817 31.824 33.414 35.722 38.864 43.787 47.291 49.638 51.251 52.397 53.229 53.836 54.280 54.598 54.820 54.967 55.052 55.089 55.085 55.047 54.982 54.893 54.784 54.657
0.000 0.000 0.000 0.000 0.000 0.000 0.000 0.000 0.000 0.000 0.000 0.000 0.003 0.010 0.010 0.010 0.008 0.053 0.287 0.739 1.484 2.572 4.008 5.760 7.766 9.950 12.224 14.499 16.691 18.720 20.519 22.042 23.278 24.250 25.000 25.569 25.987 26.268 26.421 26.454 26.413 26.399 26.564 27.058 27.979 29.395 31.463 34.176 37.531 42.309 47.490 50.365 52.220 53.481 54.367 55.004 55.463 55.793 56.023 56.176 56.268 56.311 56.312 56.280 56.219 56.135 56.030 55.907 55.768 55.616 55.451 55.276
0.000 0.000 0.000 0.000 0.001 0.007 0.010 0.009 0.009 0.008 0.094 0.435 1.061 2.041 3.399 5.111 7.123 9.353 11.709 14.088 16.392 18.524 20.402 21.968 23.200 24.115 24.751 25.151 25.353 25.383 25.260 24.996 24.618 24.190 23.805 23.570 23.568 23.843 24.405 25.253 26.389 27.827 29.619 31.975 34.952 38.622 44.918 49.602 52.323 54.011 55.124 55.890 56.431 56.815 57.084 57.268 57.384 57.447 57.466 57.450 57.404 57.332 57.239 57.127 56.999 56.856 56.700 56.532 56.354 56.166 55.970 55.765
0.010 0.016 0.148 0.431 0.952 1.787 2.985 4.550 6.468 8.720 11.178 13.715 16.208 18.539 20.603 22.322 23.663 24.632 25.263 25.596 25.675 25.535 25.204 24.708 24.080 23.375 22.675 22.072 21.644 21.437 21.463 21.708 22.145 22.747 23.494 24.378 25.408 26.612 28.038 29.760 31.980 34.904 38.576 44.452 50.616 53.539 55.278 56.381 57.119 57.629 57.985 58.230 58.394 58.495 58.546 58.557 58.535 58.484 58.410 58.316 58.203 58.075 57.933 57.779 57.613 57.436 57.250 57.055 56.851 56.640 56.421 56.195
7.216 9.453 11.872 14.379 16.854 19.171 21.209 22.879 24.195 25.241 25.940 26.306 26.364 26.146 25.685 25.014 24.179 23.245 22.296 21.426 20.712 20.206 19.923 19.855 19.974 20.248 20.648 21.146 21.725 22.374 23.090 23.875 24.740 25.706 26.805 28.089 29.632 31.574 34.215 37.644 42.438 50.274 54.089 56.112 57.332 58.121 58.653 59.017 59.266 59.431 59.533 59.586 59.598 59.578 59.531 59.461 59.370 59.263 59.139 59.002 58.853 58.692 58.520 58.338 58.148 57.948 57.741 57.526 57.303 57.074 56.837 56.595
27.061 28.070 28.556 28.640 28.365 27.767 26.881 25.749 24.481 23.236 22.027 20.935 20.027 19.340 18.884 18.644 18.592 18.696 18.923 19.245 19.639 20.089 20.583 21.114 21.678 22.276 22.910 23.585 24.308 25.093 25.956 26.927 28.047 29.380 31.027 33.219 36.230 40.230 48.649 53.786 56.479 57.988 58.915 59.521 59.929 60.206 60.390 60.507 60.571 60.594 60.583 60.545 60.483 60.402 60.302 60.187 60.058 59.916 59.762 59.598 59.424 59.240 59.047 58.846 58.637 58.420 58.196 57.965 57.726 57.481 57.230 56.972
26.308 24.960 23.405 21.928 20.623 19.535 18.679 18.047 17.658 17.547 17.622 17.835 18.145 18.521 18.938 19.383 19.846 20.324 20.815 21.319 21.839 22.375 22.931 23.512 24.123 24.771 25.467 26.227 27.071 28.031 29.158 30.528 32.277 34.723 38.047 42.925 51.965 56.199 58.286 59.483 60.232 60.723 61.054 61.275 61.419 61.504 61.545 61.550 61.525 61.476 61.406 61.317 61.213 61.094 60.962 60.818 60.663 60.497 60.322 60.138 59.944 59.743 59.533 59.316 59.092 58.860 58.621 58.375 58.123 57.865 57.600 57.329
18.220 18.364 18.249 18.189 18.197 18.259 18.363 18.499 18.700 19.027 19.415 19.848 20.310 20.787 21.269 21.753 22.239 22.728 23.224 23.731 24.253 24.796 25.367 25.974 26.631 27.352 28.163 29.100 30.218 31.610 33.450 36.087 39.724 46.375 54.768 58.049 59.757 60.758 61.390 61.807 62.086 62.271 62.388 62.453 62.478 62.471 62.438 62.382 62.306 62.214 62.106 61.985 61.852 61.707 61.551 61.385 61.210 61.026 60.833 60.632 60.422 60.206 59.982 59.750 59.512 59.267 59.015 58.757 58.493 58.222 57.946 57.664
18.892 19.940 20.210 20.381 20.548 20.720 20.897 21.079 21.308 21.651 22.041 22.467 22.914 23.372 23.832 24.293 24.755 25.222 25.700 26.195 26.714 27.268 27.870 28.537 29.299 30.194 31.288 32.680 34.598 37.389 41.369 51.157 56.827 59.580 61.039 61.904 62.456 62.821 63.064 63.224 63.322 63.373 63.387 63.372 63.331 63.270 63.190 63.095 62.985 62.862 62.727 62.582 62.426 62.260 62.085 61.901 61.708 61.508 61.299 61.083 60.860 60.629 60.392 60.148 59.897 59.641 59.378 59.109 58.834 58.553 58.267 57.975
20.798 22.547 23.011 23.213 23.374 23.529 23.685 23.843 24.048 24.370 24.735 25.132 25.549 25.973 26.400 26.828 27.261 27.706 28.171 28.665 29.205 29.811 30.510 31.350 32.401 33.782 35.758 38.660 43.066 53.432 58.574 60.943 62.215 62.982 63.475 63.801 64.018 64.158 64.241 64.281 64.286 64.263 64.216 64.149 64.065 63.966 63.853 63.728 63.591 63.444 63.286 63.120 62.944 62.760 62.568 62.368 62.160 61.945 61.722 61.493 61.256 61.014 60.765 60.510 60.249 59.982 59.709 59.431 59.147 58.858 58.563 58.262
22.528 25.003 25.760 26.031 26.187 26.316 26.439 26.562 26.735 27.031 27.368 27.735 28.119 28.510 28.905 29.305 29.718 30.155 30.631 31.168 31.800 32.575 33.571 34.926 36.948 39.954 44.998 55.622 60.141 62.205 63.341 64.033 64.481 64.777 64.972 65.096 65.166 65.195 65.190 65.158 65.104 65.030 64.939 64.834 64.716 64.586 64.445 64.295 64.135 63.966 63.789 63.604 63.411 63.211 63.003 62.789 62.567 62.339 62.104 61.863 61.615 61.362 61.103 60.838 60.568 60.293 60.012 59.726 59.434 59.137 58.835 58.528
23.864 26.983 28.108 28.528 28.728 28.855 28.958 29.055 29.203 29.481 29.799 30.144 30.504 30.872 31.248 31.640 32.064 32.543 33.110 33.816 34.748 36.071 38.122 41.225 47.184 57.703 61.600 63.429 64.458 65.091 65.502 65.773 65.950 66.059 66.115 66.132 66.116 66.073 66.008 65.923 65.823 65.709 65.582 65.444 65.296 65.139 64.974 64.801 64.621 64.433 64.238 64.037 63.829 63.615 63.394 63.167 62.934 62.694 62.449 62.198 61.942 61.679 61.412 61.139 60.861 60.578 60.290 59.996 59.698 59.394 59.085 58.771
24.844 28.459 29.942 30.568 30.868 31.033 31.144 31.234 31.372 31.645 31.957 32.295 32.649 33.017 33.407 33.840 34.352 35.001 35.877 37.147 39.189 42.388 49.611 59.561 62.962 64.637 65.587 66.177 66.561 66.813 66.974 67.068 67.111 67.113 67.082 67.025 66.945 66.846 66.730 66.602 66.461 66.310 66.151 65.983 65.808 65.627 65.440 65.247 65.049 64.845 64.636 64.422 64.202 63.977 63.746 63.510 63.268 63.020 62.767 62.509 62.244 61.975 61.699 61.419 61.133 60.842 60.546 60.244 59.937 59.625 59.308 58.985
25.564 29.527 31.304 32.137 32.571 32.815 32.967 33.077 33.227 33.515 33.842 34.196 34.571 34.983 35.461 36.056 36.864 38.061 40.028 43.279 51.613 61.037 64.233 65.830 66.740 67.308 67.676 67.917 68.066 68.148 68.177 68.164 68.115 68.039 67.938 67.818 67.681 67.530 67.368 67.196 67.017 66.832 66.642 66.447 66.248 66.046 65.841 65.633 65.421 65.206 64.988 64.766 64.540 64.309 64.073 63.832 63.586 63.334 63.076 62.811 62.540 62.263 61.979 61.688 61.391 61.087 60.778 60.462 60.141 59.815 59.483 59.146
26.121 30.311 32.302 33.310 33.878 34.219 34.442 34.605 34.800 35.139 35.518 35.933 36.394 36.947 37.670 38.723 40.464 43.534 51.304 61.966 65.318 66.963 67.893 68.472 68.849 69.094 69.244 69.322 69.343 69.316 69.250 69.150 69.023 68.872 68.702 68.517 68.321 68.116 67.904 67.689 67.471 67.252 67.033 66.814 66.596 66.379 66.162 65.947 65.731 65.516 65.300 65.082 64.862 64.640 64.413 64.182 63.944 63.699 63.444 63.180 62.904 62.617 62.317 62.004 61.680 61.345 61.001 60.648 60.290 59.927 59.561 59.194
26.608 30.951 33.096 34.246 34.942 35.395 35.716 35.967 36.252 36.690 37.174 37.718 38.365 39.215 40.496 42.802 48.175 61.080 65.838 67.849 68.933 69.597 70.030 70.315 70.496 70.597 70.632 70.610 70.538 70.422 70.266 70.076 69.857 69.616 69.358 69.090 68.816 68.541 68.269 68.001 67.740 67.486 67.241 67.003 66.774 66.553 66.339 66.132 65.931 65.738 65.550 65.368 65.191 65.018 64.849 64.681 64.509 64.328 64.135 63.925 63.693 63.432 63.131 62.782 62.387 61.957 61.507 61.051 60.600 60.162 59.740 59.334
27.143 31.614 33.894 35.174 35.998 36.577 37.025 37.410 37.843 38.452 39.126 39.878 40.789 42.068 44.271 49.952 63.214 67.587 69.406 70.402 71.023 71.440 71.726 71.917 72.031 72.079 72.064 71.989 71.850 71.648 71.382 71.056 70.680 70.269 69.838 69.403 68.975 68.560 68.163 67.784 67.423 67.077 66.745 66.424 66.111 65.804 65.502 65.204 64.907 64.613 64.320 64.028 63.738 63.450 63.164 62.880 62.599 62.320 62.044 61.770 61.499 61.230 60.964 60.700 60.438 60.179 59.921 59.665 59.411 59.159 58.910 58.663
28.055 32.747 35.249 36.730 37.746 38.542 39.303 40.136 41.125 42.338 43.585 44.817 46.023 47.241 48.639 50.834 56.432 67.508 70.585 71.782 72.455 72.909 73.247 73.509 73.717 73.881 74.004 74.082 74.096 73.999 73.703 73.104 72.250 71.368 70.615 70.020 69.555 69.185 68.878 68.613 68.374 68.153 67.941 67.735 67.531 67.327 67.121 66.911 66.695 66.472 66.234 65.975 65.691 65.382 65.049 64.695 64.307 63.896 63.499 63.138 62.821 62.542 62.287 62.036 61.785 61.541 61.304 61.072 60.840 60.602 59.174 56.440
27.365 32.736 35.945 38.166 40.071 42.319 47.293 59.416 64.070 66.511 68.044 69.115 69.902 70.492 70.929 71.245 71.461 71.594 71.658 71.664 71.623 71.542 71.429 71.291 71.132 70.959 70.775 70.583 70.387 70.190 69.997 69.806 69.616 69.425 69.231 69.033 68.828 68.615 68.392 68.157 67.910 67.650 67.377 67.092 66.793 66.483 66.163 65.834 65.499 65.159 64.817 64.474 64.133 63.795 63.461 63.132 62.809 62.492 62.182 61.880 61.585 61.298 61.020 60.750 60.490 60.238 59.995 59.761 59.535 59.317 59.107 58.903
27.973 29.563 29.553 29.099 28.587 28.125 27.744 27.448 27.283 27.322 27.469 27.716 28.072 28.555 29.197 30.044 31.171 32.717 34.896 37.600 40.653 43.950 47.424 51.010 54.665 58.997 64.405 66.923 68.338 69.785 76.099 80.411 82.504 83.092 82.421 80.522 77.582 73.742 69.045 63.688 58.057 52.554 47.500 43.147 39.658 37.062 35.259 34.089 33.369 32.859 33.915 36.336 38.903 41.021 42.657 44.015 45.501 48.487 50.805 52.598 53.973 55.025 55.833 56.460 56.946 57.319 57.597 57.794 57.919 57.979 57.978 57.925
40.812 68.849 75.032 76.855 77.514 77.706 77.641 77.412 77.211 77.232 77.186 77.080 76.928 76.738 76.518 76.273 76.008 75.727 75.433 75.130 74.818 74.499 74.176 73.850 73.520 73.189 72.858 72.526 72.194 71.864 71.535 71.208 70.883 70.561 70.241 69.924 69.610 69.299 68.991 68.686 68.384 68.085 67.789 67.495 67.204 66.915 66.628 66.344 66.061 65.780 65.500 65.221 64.944 64.667 64.390 64.114 63.839 63.563 63.288 63.012 62.737 62.460 62.184 61.907 61.630 61.352 61.073 60.794 60.514 60.234 59.953 59.672
27.970 29.559 29.549 29.095 28.583 28.123 27.743 27.447 27.282 27.321 27.470 27.718 28.074 28.557 29.200 30.048 31.176 32.723 34.903 37.609 40.662 43.959 47.432 51.018 54.672 58.999 64.405 66.924 68.341 69.838 76.218 80.551 82.673 83.264 82.532 80.537 77.502 73.548 68.718 63.243 57.534 51.996 46.944 42.621 39.176 36.623 34.850 33.691 32.973 32.486 33.662 36.210 38.892 41.112 42.821 44.211 45.647 48.553 50.801 52.551 53.912 54.968 55.790 56.433 56.935 57.324 57.615 57.823 57.955 58.019 58.019 57.964
27.365 32.736 35.945 38.166 40.071 42.319 47.292 59.415 64.070 66.511 68.044 69.115 69.903 70.492 70.929 71.245 71.461 71.594 71.658 71.664 71.622 71.541 71.428 71.290 71.132 70.959 70.775 70.583 70.386 70.190 69.996 69.805 69.615 69.425 69.231 69.033 68.828 68.614 68.391 68.156 67.909 67.649 67.376 67.090 66.792 66.482 66.161 65.832 65.497 65.157 64.815 64.472 64.132 63.794 63.460 63.131 62.807 62.491 62.181 61.878 61.584 61.297 61.019 60.750 60.489 60.238 59.995 59.761 59.535 59.318 59.108 58.904
28.055 32.747 35.249 36.730 37.746 38.542 39.302 40.136 41.124 42.337 43.584 44.816 46.022 47.239 48.637 50.830 56.421 67.502 70.584 71.782 72.455 72.909 73.247 73.509 73.717 73.880 74.004 74.082 74.096 73.999 73.703 73.103 72.249 71.367 70.613 70.018 69.554 69.184 68.877 68.612 68.374 68.152 67.941 67.735 67.531 67.328 67.122 66.912 66.697 66.474 66.236 65.976 65.692 65.382 65.048 64.692 64.305 63.895 63.499 63.139 62.822 62.543 62.288 62.035 61.785 61.541 61.306 61.074 60.843 60.606 59.187 56.444
27.143 31.614 33.894 35.174 35.998 36.577 37.025 37.409 37.842 38.452 39.126 39.878 40.789 42.067 44.270 49.950 63.213 67.586 69.406 70.401 71.023 71.440 71.726 71.916 72.031 72.078 72.064 71.988 71.850 71.648 71.382 71.056 70.680 70.268 69.838 69.403 68.975 68.560 68.162 67.783 67.422 67.077 66.744 66.423 66.110 65.803 65.501 65.202 64.906 64.612 64.319 64.027 63.737 63.449 63.162 62.879 62.597 62.319 62.042 61.769 61.497 61.229 60.963 60.699 60.437 60.177 59.920 59.664 59.410 59.159 58.909 58.662
26.608 30.950 33.096 34.246 34.941 35.394 35.715 35.966 36.252 36.689 37.174 37.717 38.364 39.214 40.495 42.802 48.174 61.080 65.837 67.848 68.933 69.597 70.029 70.315 70.496 70.597 70.632 70.610 70.538 70.422 70.266 70.076 69.857 69.616 69.358 69.090 68.816 68.541 68.268 68.001 67.740 67.486 67.240 67.003 66.774 66.552 66.338 66.131 65.931 65.737 65.549 65.367 65.190 65.018 64.848 64.680 64.509 64.328 64.134 63.923 63.691 63.429 63.127 62.777 62.381 61.951 61.501 61.046 60.597 60.160 59.739 59.334
26.120 30.310 32.301 33.309 33.877 34.218 34.441 34.603 34.799 35.137 35.516 35.932 36.393 36.946 37.670 38.722 40.463 43.533 51.303 61.965 65.317 66.962 67.893 68.472 68.849 69.093 69.243 69.322 69.342 69.316 69.250 69.150 69.022 68.872 68.702 68.517 68.320 68.115 67.904 67.688 67.470 67.251 67.032 66.814 66.596 66.378 66.162 65.946 65.731 65.516 65.299 65.082 64.862 64.640 64.413 64.182 63.944 63.699 63.444 63.180 62.904 62.616 62.316 62.004 61.679 61.344 61.000 60.647 60.289 59.926 59.560 59.193
25.564 29.526 31.303 32.136 32.570 32.813 32.966 33.075 33.225 33.513 33.840 34.194 34.570 34.982 35.460 36.055 36.863 38.061 40.027 43.278 51.611 61.037 64.232 65.829 66.740 67.307 67.676 67.916 68.066 68.147 68.176 68.163 68.115 68.038 67.938 67.817 67.680 67.529 67.367 67.196 67.017 66.832 66.641 66.446 66.248 66.046 65.841 65.632 65.421 65.206 64.988 64.766 64.539 64.309 64.073 63.832 63.586 63.334 63.076 62.811 62.540 62.263 61.979 61.688 61.391 61.087 60.778 60.462 60.141 59.814 59.482 59.146
