Examples/2023_ISeeSnow/data/CoulombOnly/Results/curv77s/s/1HS_03_curv77s_MoT-Voellmy_s_0050.asc
ncols        180
nrows        39
xllcorner    2957.5
yllcorner    -4347.5
cellsize     5.00
NODATA_value -9999
[rows 0 to 31 of 39, columns 0 to 70 of 180]
0.000 0.000 0.000 0.000 0.000 0.000 0.000 0.000 0.000 0.000 0.000 0.000 0.000 0.000 0.000 0.000 0.000 0.000 0.000 0.000 0.000 0.000 0.000 0.000 0.000 0.000 0.000 0.000 0.000 0.000 0.000 0.000 0.000 0.000 0.000 0.000 0.000 0.000 0.000 0.000 0.000 0.000 0.000 0.000 0.000 0.000 0.000 0.000 0.000 0.000 0.000 0.000 0.000 0.000 0.000 0.000 0.000 0.000 0.000 0.000 0.000 0.000 0.000 0.000 0.000 0.000 0.000 0.000 0.000 0.000 0.000
0.000 0.000 0.000 0.000 0.000 0.000 0.000 0.000 0.000 0.000 0.000 0.000 0.000 0.000 0.000 0.000 0.000 0.000 0.000 0.000 0.000 0.000 0.000 0.000 0.000 0.000 0.000 0.000 0.000 0.000 0.000 0.000 0.000 0.000 0.000 0.000 0.000 0.000 0.000 0.000 0.000 0.000 0.000 0.000 0.000 0.000 0.000 0.000 0.000 0.000 0.000 0.000 0.000 0.000 0.000 0.000 0.000 0.000 0.000 0.000 0.000 0.000 0.000 0.000 0.000 0.000 0.000 0.000 0.000 0.000 0.000
0.000 0.000 0.000 0.000 0.000 0.000 0.000 0.000 0.000 0.000 0.000 0.000 0.000 0.000 0.000 0.000 0.000 0.000 0.000 0.000 0.000 0.000 0.000 0.000 0.000 0.000 0.000 0.000 0.000 0.000 0.000 0.000 0.000 0.000 0.000 0.000 0.000 0.000 0.000 0.000 0.000 0.000 0.000 0.000 0.000 0.000 0.000 0.000 0.000 0.000 0.000 0.000 0.000 0.000 0.000 0.000 0.000 0.000 0.000 0.000 0.000 0.000 0.000 0.000 0.000 0.000 0.001 0.004 0.013 0.032 0.082
0.000 0.000 0.000 0.000 0.000 0.000 0.000 0.000 0.000 0.000 0.000 0.000 0.000 0.000 0.000 0.000 0.000 0.000 0.000 0.000 0.000 0.000 0.000 0.000 0.000 0.000 0.000 0.000 0.000 0.000 0.000 0.000 0.000 0.000 0.000 0.000 0.000 0.000 0.000 0.000 0.000 0.000 0.000 0.000 0.000 0.000 0.000 0.000 0.000 0.000 0.000 0.000 0.000 0.000 0.000 0.000 0.000 0.001 0.005 0.014 0.035 0.086 0.192 0.392 0.743 1.320 2.213 3.521 5.331 7.697 10.629
0.000 0.000 0.000 0.000 0.000 0.000 0.000 0.000 0.000 0.000 0.000 0.000 0.000 0.000 0.000 0.000 0.000 0.000 0.000 0.000 0.000 0.000 0.000 0.000 0.000 0.000 0.000 0.000 0.000 0.000 0.000 0.000 0.000 0.000 0.000 0.000 0.000 0.000 0.000 0.000 0.000 0.000 0.000 0.000 0.000 0.000 0.000 0.001 0.003 0.010 0.027 0.063 0.138 0.277 0.520 0.920 1.547 2.479 3.797 5.566 7.822 10.557 13.723 17.229 20.954 24.762 28.512 32.114 35.548 38.810 41.863
0.000 0.000 0.000 0.000 0.000 0.000 0.000 0.000 0.000 0.000 0.000 0.000 0.000 0.000 0.000 0.000 0.000 0.000 0.000 0.000 0.000 0.000 0.000 0.000 0.000 0.000 0.000 0.000 0.000 0.000 0.000 0.000 0.000 0.000 0.000 0.001 0.002 0.005 0.013 0.030 0.063 0.125 0.231 0.408 0.688 1.116 1.745 2.637 3.853 5.442 7.439 9.845 12.634 15.740 19.071 22.505 25.906 29.149 32.157 34.890 37.336 39.492 41.359 42.933 44.216 45.276 46.164 46.984 48.016 49.775 52.963
0.000 0.000 0.000 0.000 0.000 0.000 0.000 0.000 0.000 0.000 0.000 0.000 0.000 0.000 0.000 0.000 0.000 0.000 0.000 0.000 0.000 0.001 0.002 0.004 0.010 0.023 0.048 0.095 0.174 0.295 0.474 0.728 1.077 1.543 2.151 2.939 3.945 5.203 6.741 8.578 10.719 13.151 15.839 18.727 21.737 24.772 27.738 30.555 33.152 35.470 37.462 39.098 40.364 41.262 41.815 42.060 42.046 41.831 41.516 41.291 41.490 42.386 44.146 46.873 50.687 56.289 63.023 67.049 69.651 71.343 72.423
0.000 0.000 0.000 0.000 0.000 0.000 0.000 0.000 0.001 0.003 0.008 0.019 0.042 0.089 0.173 0.313 0.528 0.837 1.261 1.825 2.554 3.469 4.591 5.933 7.501 9.292 11.297 13.493 15.848 18.326 20.882 23.468 26.016 28.352 30.559 32.645 34.584 36.338 37.871 39.148 40.143 40.837 41.223 41.303 41.090 40.607 39.891 39.005 38.052 37.173 36.520 36.219 36.351 36.951 38.042 39.703 42.007 44.953 48.580 53.030 59.389 66.755 70.939 73.554 75.202 76.223 76.824 77.134 77.235 77.183 77.017
0.154 0.296 0.524 0.867 1.354 2.011 2.862 3.934 5.246 6.810 8.627 10.686 12.963 15.422 18.015 20.690 23.394 26.077 28.687 31.174 33.492 35.601 37.466 39.059 40.362 41.359 42.046 42.422 42.501 42.309 41.873 41.224 40.357 39.124 37.773 36.433 35.207 34.179 33.408 32.919 32.713 32.767 33.053 33.540 34.203 35.025 36.002 37.140 38.455 39.988 41.843 44.194 47.114 50.668 54.999 60.825 69.421 74.299 77.149 78.876 79.910 80.497 80.783 80.858 80.783 80.597 80.328 79.996 79.615 79.194 78.742
20.391 23.442 26.452 29.353 32.074 34.552 36.733 38.574 40.046 41.134 41.837 42.162 42.123 41.742 41.043 40.057 38.830 37.430 35.945 34.474 33.108 31.924 30.974 30.283 29.854 29.671 29.713 29.951 30.350 30.877 31.507 32.220 32.966 33.563 34.133 34.714 35.323 35.976 36.685 37.460 38.311 39.252 40.302 41.486 42.844 44.459 46.521 49.151 52.424 56.444 61.616 71.020 77.000 80.371 82.311 83.431 84.047 84.334 84.399 84.310 84.109 83.826 83.482 83.092 82.666 82.210 81.732 81.235 80.722 80.195 79.655
39.820 38.224 36.482 34.729 33.062 31.553 30.243 29.149 28.270 27.600 27.125 26.830 26.698 26.709 26.847 27.093 27.431 27.846 28.328 28.867 29.457 30.095 30.778 31.510 32.293 33.119 33.973 34.839 35.714 36.603 37.509 38.438 39.357 40.079 40.765 41.477 42.254 43.129 44.132 45.298 46.686 48.439 50.753 53.710 57.380 61.990 70.519 79.013 83.214 85.536 86.821 87.504 87.814 87.880 87.782 87.567 87.271 86.913 86.511 86.074 85.611 85.127 84.627 84.113 83.587 83.051 82.507 81.955 81.395 80.828 80.255
25.235 25.093 25.041 25.095 25.245 25.479 25.786 26.154 26.574 27.038 27.540 28.075 28.640 29.234 29.854 30.502 31.178 31.883 32.620 33.394 34.211 35.070 35.961 36.868 37.768 38.656 39.541 40.438 41.357 42.307 43.300 44.348 45.428 46.344 47.315 48.456 49.882 51.801 54.372 57.655 61.759 67.530 79.162 85.385 88.469 90.075 90.898 91.264 91.347 91.245 91.019 90.706 90.331 89.912 89.459 88.982 88.486 87.976 87.454 86.922 86.383 85.837 85.285 84.728 84.166 83.599 83.028 82.451 81.870 81.284 80.693
25.376 26.016 26.515 27.035 27.579 28.146 28.734 29.341 29.968 30.613 31.276 31.957 32.658 33.380 34.125 34.898 35.708 36.558 37.437 38.332 39.218 40.083 40.935 41.783 42.647 43.541 44.480 45.477 46.553 47.735 49.063 50.597 52.410 54.480 57.187 60.667 65.148 73.400 85.655 90.641 93.006 94.154 94.659 94.797 94.709 94.478 94.152 93.760 93.322 92.851 92.356 91.843 91.317 90.781 90.237 89.687 89.132 88.573 88.011 87.445 86.877 86.306 85.733 85.157 84.578 83.996 83.411 82.822 82.230 81.634 81.033
28.604 29.813 30.434 31.014 31.604 32.212 32.836 33.477 34.136 34.812 35.509 36.228 36.974 37.756 38.571 39.406 40.239 41.051 41.846 42.634 43.436 44.269 45.149 46.090 47.113 48.245 49.529 51.036 52.897 55.344 58.498 62.429 67.484 77.994 90.682 95.089 97.049 97.888 98.169 98.141 97.930 97.605 97.203 96.751 96.263 95.750 95.219 94.675 94.122 93.561 92.995 92.425 91.853 91.278 90.702 90.125 89.546 88.968 88.388 87.808 87.228 86.646 86.063 85.478 84.892 84.303 83.712 83.118 82.521 81.920 81.316
31.608 33.502 34.278 34.889 35.481 36.083 36.700 37.333 37.985 38.659 39.359 40.092 40.848 41.603 42.346 43.086 43.841 44.633 45.478 46.389 47.391 48.511 49.793 51.321 53.252 55.766 58.919 62.822 68.166 82.387 93.719 98.430 100.736 101.423 101.533 101.381 101.076 100.677 100.216 99.714 99.185 98.636 98.074 97.502 96.923 96.338 95.750 95.159 94.566 93.973 93.379 92.786 92.195 91.604 91.016 90.429 89.844 89.261 88.680 88.100 87.522 86.944 86.366 85.789 85.211 84.632 84.052 83.471 82.887 82.300 81.711
34.144 36.825 37.859 38.535 39.128 39.716 40.318 40.942 41.595 42.285 43.008 43.748 44.502 45.291 46.142 47.075 48.119 49.316 50.740 52.519 54.752 57.479 60.770 64.907 71.682 88.603 96.293 99.733 101.570 102.678 103.401 103.900 104.156 103.761 103.238 102.690 102.123 101.544 100.957 100.364 99.765 99.161 98.554 97.942 97.326 96.707 96.086 95.462 94.838 94.212 93.587 92.963 92.340 91.719 91.100 90.483 89.869 89.256 88.645 88.036 87.428 86.821 86.216 85.610 85.005 84.400 83.793 83.185 82.575 81.961 81.344
36.652 40.378 41.941 42.855 43.538 44.152 44.765 45.416 46.130 46.916 47.792 48.816 50.070 51.631 53.542 55.838 58.569 61.855 66.210 75.307 91.586 97.542 100.319 101.867 102.824 103.461 103.909 104.238 104.488 104.683 104.839 104.966 104.970 104.444 103.845 103.251 102.659 102.069 101.480 100.890 100.298 99.702 99.102 98.496 97.885 97.269 96.651 96.031 95.411 94.794 94.180 93.572 92.968 92.371 91.779 91.194 90.614 90.040 89.472 88.911 88.356 87.808 87.269 86.738 86.218 85.708 85.209 84.717 84.224 83.725 83.218
38.732 44.032 46.857 48.790 50.293 51.589 52.793 53.988 55.230 56.626 58.463 61.459 68.562 88.322 96.090 99.406 101.168 102.235 102.946 103.453 103.836 104.136 104.377 104.576 104.742 104.881 104.999 105.099 105.185 105.257 105.319 105.366 105.273 104.630 103.933 103.245 102.563 101.888 101.223 100.567 99.921 99.287 98.664 98.051 97.449 96.856 96.270 95.691 95.115 94.542 93.970 93.397 92.820 92.239 91.653 91.060 90.459 89.849 89.231 88.604 87.967 87.322 86.668 86.007 85.339 84.666 83.989 83.313 82.639 81.967 81.296
40.035 45.307 48.040 49.790 51.015 51.949 52.718 53.414 54.125 54.934 55.949 57.331 59.332 62.526 68.655 88.388 97.832 100.961 102.338 103.100 103.598 103.965 104.258 104.507 104.725 104.920 105.098 105.261 105.412 105.551 105.681 105.800 105.819 105.317 104.720 104.108 103.480 102.838 102.186 101.526 100.862 100.197 99.535 98.878 98.230 97.592 96.965 96.351 95.750 95.162 94.587 94.023 93.471 92.928 92.394 91.867 91.345 90.828 90.312 89.797 89.281 88.762 88.239 87.710 87.173 86.627 86.066 85.479 84.838 84.134 83.386
64.129 92.944 97.907 99.736 100.762 101.463 102.010 102.474 102.884 103.253 103.590 103.896 104.174 104.424 104.650 104.852 105.031 105.190 105.330 105.453 105.561 105.656 105.738 105.810 105.873 105.928 105.977 106.020 106.058 106.092 106.124 106.142 106.003 105.336 104.647 103.973 103.303 102.637 101.976 101.318 100.665 100.016 99.371 98.729 98.091 97.456 96.825 96.195 95.569 94.945 94.323 93.703 93.085 92.468 91.853 91.238 90.624 90.011 89.398 88.784 88.171 87.556 86.941 86.325 85.707 85.087 84.466 83.842 83.216 82.587 81.955
40.035 45.306 48.039 49.788 51.013 51.947 52.715 53.412 54.123 54.931 55.946 57.328 59.330 62.523 68.650 88.373 97.830 100.960 102.337 103.100 103.598 103.965 104.258 104.506 104.724 104.920 105.097 105.261 105.412 105.551 105.680 105.800 105.818 105.317 104.720 104.108 103.480 102.838 102.186 101.526 100.861 100.197 99.534 98.878 98.230 97.591 96.965 96.351 95.750 95.162 94.586 94.023 93.470 92.928 92.394 91.867 91.345 90.827 90.312 89.797 89.280 88.761 88.238 87.709 87.172 86.626 86.066 85.480 84.840 84.137 83.390
38.732 44.031 46.856 48.789 50.292 51.588 52.792 53.987 55.229 56.625 58.461 61.456 68.555 88.317 96.088 99.405 101.167 102.235 102.945 103.453 103.836 104.135 104.377 104.576 104.741 104.881 104.999 105.099 105.184 105.257 105.319 105.366 105.273 104.630 103.932 103.245 102.563 101.888 101.222 100.566 99.921 99.286 98.663 98.051 97.449 96.855 96.270 95.690 95.115 94.542 93.970 93.396 92.820 92.239 91.652 91.059 90.458 89.849 89.231 88.604 87.967 87.322 86.668 86.007 85.338 84.665 83.989 83.313 82.638 81.966 81.294
36.651 40.377 41.940 42.853 43.536 44.150 44.763 45.414 46.128 46.914 47.790 48.814 50.068 51.629 53.540 55.836 58.566 61.853 66.206 75.297 91.581 97.540 100.318 101.866 102.823 103.461 103.909 104.238 104.488 104.683 104.839 104.965 104.970 104.444 103.845 103.251 102.659 102.069 101.480 100.890 100.298 99.702 99.101 98.496 97.885 97.269 96.651 96.031 95.411 94.794 94.180 93.572 92.968 92.371 91.779 91.194 90.614 90.040 89.472 88.911 88.356 87.808 87.269 86.738 86.218 85.708 85.209 84.717 84.225 83.725 83.218
34.142 36.823 37.856 38.532 39.126 39.713 40.315 40.939 41.592 42.282 43.006 43.745 44.499 45.289 46.139 47.073 48.117 49.314 50.737 52.516 54.749 57.476 60.766 64.902 71.672 88.591 96.287 99.730 101.569 102.677 103.400 103.900 104.155 103.761 103.238 102.689 102.123 101.544 100.957 100.363 99.765 99.161 98.553 97.942 97.326 96.707 96.086 95.462 94.837 94.212 93.587 92.963 92.340 91.719 91.100 90.483 89.868 89.256 88.645 88.035 87.428 86.821 86.215 85.610 85.005 84.399 83.793 83.185 82.574 81.961 81.343
31.606 33.500 34.275 34.886 35.478 36.080 36.696 37.330 37.982 38.656 39.356 40.089 40.845 41.600 42.343 43.083 43.838 44.631 45.475 46.386 47.388 48.508 49.790 51.317 53.248 55.761 58.913 62.815 68.155 82.335 93.708 98.424 100.733 101.421 101.532 101.380 101.076 100.676 100.215 99.714 99.184 98.636 98.074 97.502 96.922 96.338 95.749 95.158 94.566 93.972 93.379 92.786 92.194 91.604 91.015 90.429 89.844 89.261 88.680 88.100 87.521 86.943 86.366 85.789 85.211 84.632 84.052 83.470 82.887 82.300 81.711
28.601 29.809 30.431 31.010 31.601 32.208 32.833 33.474 34.132 34.809 35.505 36.224 36.970 37.752 38.567 39.402 40.235 41.047 41.842 42.631 43.432 44.266 45.146 46.086 47.109 48.241 49.525 51.032 52.892 55.338 58.490 62.420 67.472 77.942 90.668 95.081 97.045 97.885 98.167 98.140 97.929 97.604 97.202 96.750 96.262 95.750 95.219 94.675 94.121 93.560 92.994 92.425 91.852 91.277 90.701 90.124 89.546 88.967 88.388 87.808 87.227 86.645 86.062 85.478 84.892 84.303 83.712 83.118 82.521 81.920 81.315
25.373 26.012 26.512 27.031 27.575 28.141 28.729 29.337 29.964 30.608 31.271 31.953 32.653 33.375 34.120 34.894 35.704 36.553 37.432 38.327 39.213 40.079 40.931 41.779 42.642 43.537 44.476 45.473 46.549 47.731 49.058 50.592 52.404 54.472 57.179 60.657 65.136 73.366 85.635 90.631 93.001 94.151 94.657 94.795 94.708 94.477 94.151 93.759 93.321 92.850 92.355 91.842 91.316 90.780 90.236 89.686 89.131 88.572 88.010 87.445 86.877 86.306 85.733 85.157 84.578 83.996 83.411 82.822 82.230 81.633 81.033
25.240 25.096 25.043 25.095 25.243 25.476 25.782 26.150 26.570 27.034 27.535 28.070 28.635 29.228 29.849 30.497 31.173 31.878 32.614 33.387 34.205 35.064 35.954 36.861 37.761 38.650 39.536 40.432 41.351 42.302 43.294 44.343 45.422 46.339 47.310 48.450 49.875 51.794 54.363 57.644 61.746 67.509 79.140 85.372 88.461 90.069 90.894 91.261 91.345 91.244 91.017 90.705 90.330 89.911 89.458 88.981 88.486 87.975 87.453 86.921 86.382 85.836 85.285 84.727 84.165 83.599 83.027 82.451 81.870 81.284 80.693
39.866 38.274 36.534 34.779 33.108 31.594 30.278 29.177 28.293 27.618 27.138 26.839 26.703 26.712 26.848 27.092 27.428 27.842 28.323 28.861 29.451 30.088 30.771 31.503 32.286 33.111 33.965 34.831 35.706 36.595 37.501 38.431 39.349 40.071 40.757 41.470 42.247 43.122 44.125 45.290 46.678 48.430 50.743 53.698 57.367 61.972 70.466 78.996 83.202 85.529 86.816 87.500 87.811 87.878 87.780 87.566 87.269 86.912 86.510 86.073 85.610 85.126 84.626 84.112 83.586 83.050 82.506 81.954 81.394 80.827 80.254
20.313 23.363 26.375 29.280 32.007 34.492 36.682 38.532 40.015 41.114 41.827 42.162 42.133 41.761 41.070 40.091 38.870 37.473 35.990 34.517 33.147 31.958 31.002 30.304 29.869 29.681 29.718 29.952 30.348 30.873 31.501 32.213 32.958 33.554 34.124 34.704 35.313 35.966 36.675 37.450 38.302 39.243 40.293 41.476 42.834 44.449 46.510 49.138 52.408 56.427 61.592 70.995 76.982 80.360 82.303 83.425 84.042 84.330 84.396 84.307 84.107 83.824 83.481 83.091 82.664 82.209 81.731 81.234 80.721 80.194 79.654
0.151 0.291 0.517 0.857 1.340 1.992 2.838 3.904 5.210 6.768 8.579 10.633 12.905 15.359 17.950 20.623 23.328 26.013 28.625 31.116 33.439 35.554 37.426 39.027 40.337 41.342 42.037 42.422 42.508 42.323 41.893 41.250 40.387 39.157 37.806 36.465 35.235 34.203 33.426 32.932 32.720 32.769 33.052 33.536 34.196 35.017 35.993 37.129 38.444 39.976 41.830 44.180 47.098 50.650 54.977 60.790 69.394 74.282 77.137 78.867 79.904 80.492 80.779 80.855 80.780 80.595 80.326 79.994 79.613 79.193 78.741
0.000 0.000 0.000 0.000 0.000 0.000 0.000 0.000 0.001 0.003 0.007 0.018 0.042 0.088 0.171 0.308 0.522 0.828 1.250 1.810 2.535 3.445 4.562 5.899 7.462 9.249 11.249 13.441 15.793 18.269 20.824 23.410 25.960 28.298 30.509 32.600 34.544 36.304 37.843 39.127 40.128 40.830 41.222 41.308 41.100 40.622 39.910 39.026 38.074 37.193 36.536 36.230 36.356 36.950 38.036 39.693 41.994 44.936 48.560 53.007 59.344 66.728 70.922 73.542 75.193 76.216 76.819 77.130 77.232 77.181 77.015
