Examples/2023_ISeeSnow/data/CoulombOnly/Results/curv77s/s/1HS_03_curv77s_MoT-Voellmy_s_0053.asc
ncols        157
nrows        47
xllcorner    3222.5
yllcorner    -4367.5
cellsize     5.00
NODATA_value -9999
[rows 0 to 31 of 47, columns 72 to 143 of 157]
3.003 4.079 5.350 6.806 8.431 10.201 12.088 14.061 16.057 17.914 19.579 21.047 22.290 23.284 24.008 24.438 24.551 24.329 23.759 22.839 21.584 20.026 18.215 16.216 14.099 11.933 9.779 7.684 5.687 3.812 2.080 0.818 0.268 0.092 0.031 0.009 0.002 0.000 0.000 0.000 0.000 0.000 0.000 0.000 0.000 0.000 0.000 0.000 0.000 0.000 0.000 0.000 0.000 0.000 0.000 0.000 0.000 0.000 0.000 0.000 0.000 0.000 0.000 0.000 0.000 0.000 0.000 0.000 0.000 0.000 0.000 0.000
31.885 35.059 38.056 40.880 43.546 46.064 48.446 50.701 51.699 52.373 52.723 53.002 53.214 53.353 53.434 53.468 53.464 53.427 53.362 53.274 53.168 53.045 52.907 52.757 52.595 52.426 52.249 52.060 51.861 51.684 51.447 40.185 26.123 18.063 13.006 9.126 5.967 3.346 1.211 0.199 0.022 0.004 0.000 0.000 0.000 0.000 0.000 0.000 0.000 0.000 0.000 0.000 0.000 0.000 0.000 0.000 0.000 0.000 0.000 0.000 0.000 0.000 0.000 0.000 0.000 0.000 0.000 0.000 0.000 0.000 0.000 0.000
51.799 52.839 53.625 54.223 54.673 55.003 55.235 55.389 55.482 55.525 55.529 55.500 55.443 55.363 55.263 55.148 55.018 54.877 54.726 54.567 54.401 54.229 54.053 53.872 53.689 53.504 53.317 53.129 52.940 52.751 52.562 52.374 52.186 52.000 51.818 51.638 51.446 51.285 48.239 26.034 11.946 7.236 4.048 1.547 0.229 0.010 0.001 0.000 0.000 0.000 0.000 0.000 0.000 0.000 0.000 0.000 0.000 0.000 0.000 0.000 0.000 0.000 0.000 0.000 0.000 0.000 0.000 0.000 0.000 0.000 0.000 0.000
56.705 56.921 57.062 57.145 57.178 57.172 57.133 57.066 56.976 56.866 56.740 56.601 56.450 56.288 56.119 55.942 55.760 55.573 55.382 55.188 54.991 54.793 54.594 54.394 54.195 53.995 53.797 53.599 53.403 53.209 53.016 52.826 52.637 52.452 52.268 52.087 51.909 51.733 51.560 51.389 51.223 51.060 50.882 50.717 27.824 9.038 4.595 1.882 0.298 0.009 0.000 0.000 0.000 0.000 0.000 0.000 0.000 0.000 0.000 0.000 0.000 0.000 0.000 0.000 0.000 0.000 0.000 0.000 0.000 0.000 0.000 0.000
58.626 58.595 58.534 58.448 58.342 58.218 58.078 57.926 57.762 57.589 57.407 57.217 57.022 56.821 56.616 56.407 56.196 55.982 55.767 55.550 55.333 55.116 54.899 54.684 54.469 54.257 54.046 53.837 53.631 53.427 53.226 53.028 52.834 52.642 52.454 52.269 52.088 51.910 51.736 51.565 51.397 51.233 51.072 50.915 50.761 50.608 50.445 50.328 31.184 7.776 3.201 0.877 0.067 0.000 0.000 0.000 0.000 0.000 0.000 0.000 0.000 0.000 0.000 0.000 0.000 0.000 0.000 0.000 0.000 0.000 0.000 0.000
59.636 59.508 59.365 59.209 59.041 58.864 58.677 58.483 58.281 58.074 57.861 57.643 57.421 57.195 56.967 56.737 56.504 56.271 56.037 55.802 55.568 55.335 55.103 54.872 54.644 54.417 54.194 53.973 53.755 53.540 53.329 53.121 52.917 52.717 52.521 52.329 52.140 51.956 51.776 51.600 51.428 51.260 51.095 50.935 50.779 50.626 50.478 50.334 50.193 50.062 49.941 45.307 15.045 3.507 1.018 0.088 0.000 0.000 0.000 0.000 0.000 0.000 0.000 0.000 0.000 0.000 0.000 0.000 0.000 0.000 0.000 0.000
60.314 60.138 59.954 59.761 59.560 59.352 59.137 58.917 58.691 58.461 58.226 57.988 57.746 57.501 57.255 57.006 56.756 56.506 56.255 56.004 55.755 55.506 55.258 55.013 54.770 54.530 54.292 54.058 53.827 53.600 53.377 53.158 52.944 52.733 52.527 52.325 52.128 51.935 51.747 51.563 51.384 51.209 51.039 50.873 50.711 50.554 50.401 50.252 50.107 49.967 49.832 49.702 49.581 49.447 47.045 16.836 2.888 0.649 0.037 0.000 0.000 0.000 0.000 0.000 0.000 0.000 0.000 0.000 0.000 0.000 0.000 0.000
60.855 60.651 60.441 60.224 60.000 59.771 59.537 59.297 59.053 58.804 58.552 58.296 58.037 57.776 57.513 57.248 56.982 56.716 56.449 56.183 55.917 55.653 55.391 55.130 54.872 54.617 54.366 54.117 53.873 53.633 53.397 53.165 52.938 52.716 52.499 52.286 52.078 51.876 51.678 51.485 51.297 51.114 50.935 50.762 50.593 50.428 50.268 50.113 49.962 49.816 49.674 49.537 49.405 49.278 49.159 49.041 48.936 42.023 10.384 1.609 0.211 0.003 0.000 0.000 0.000 0.000 0.000 0.000 0.000 0.000 0.000 0.000
61.331 61.108 60.878 60.643 60.402 60.156 59.904 59.649 59.388 59.124 58.856 58.585 58.311 58.034 57.756 57.476 57.195 56.913 56.631 56.349 56.069 55.789 55.512 55.236 54.963 54.694 54.427 54.164 53.906 53.651 53.401 53.156 52.916 52.681 52.451 52.226 52.007 51.793 51.584 51.381 51.183 50.990 50.803 50.620 50.442 50.269 50.102 49.938 49.780 49.626 49.477 49.333 49.193 49.058 48.929 48.804 48.685 48.573 48.465 48.369 27.344 3.173 0.459 0.020 0.000 0.000 0.000 0.000 0.000 0.000 0.000 0.000
61.767 61.527 61.282 61.032 60.776 60.515 60.250 59.980 59.705 59.427 59.145 58.860 58.572 58.282 57.989 57.695 57.399 57.103 56.807 56.511 56.216 55.922 55.630 55.340 55.052 54.768 54.486 54.209 53.935 53.666 53.402 53.142 52.888 52.639 52.396 52.158 51.926 51.700 51.479 51.264 51.055 50.851 50.653 50.460 50.273 50.090 49.913 49.741 49.574 49.412 49.254 49.101 48.953 48.810 48.672 48.539 48.411 48.289 48.174 48.064 47.963 47.887 38.278 6.950 0.629 0.039 0.000 0.000 0.000 0.000 0.000 0.000
62.168 61.915 61.657 61.393 61.125 60.851 60.574 60.291 60.005 59.714 59.420 59.123 58.822 58.519 58.214 57.907 57.599 57.290 56.981 56.672 56.363 56.056 55.750 55.446 55.145 54.846 54.550 54.259 53.971 53.687 53.408 53.134 52.865 52.602 52.344 52.092 51.846 51.606 51.373 51.145 50.923 50.708 50.498 50.294 50.095 49.902 49.715 49.532 49.355 49.183 49.016 48.854 48.697 48.545 48.397 48.255 48.118 47.986 47.860 47.740 47.627 47.524 47.427 47.350 42.212 10.291 0.616 0.037 0.000 0.000 0.000 0.000
62.535 62.270 62.001 61.726 61.447 61.163 60.875 60.582 60.286 59.985 59.680 59.372 59.061 58.747 58.431 58.113 57.794 57.474 57.153 56.832 56.512 56.192 55.874 55.558 55.244 54.932 54.624 54.319 54.017 53.720 53.427 53.138 52.855 52.577 52.305 52.038 51.778 51.524 51.276 51.035 50.800 50.571 50.348 50.132 49.921 49.716 49.517 49.323 49.135 48.952 48.774 48.601 48.433 48.271 48.113 47.961 47.814 47.672 47.536 47.406 47.281 47.164 47.055 46.955 46.869 46.787 41.774 9.956 0.399 0.016 0.000 0.000
62.868 62.594 62.315 62.032 61.744 61.452 61.155 60.854 60.549 60.240 59.927 59.610 59.290 58.967 58.642 58.314 57.985 57.655 57.324 56.993 56.663 56.333 56.004 55.677 55.352 55.030 54.710 54.393 54.079 53.769 53.463 53.161 52.864 52.572 52.286 52.005 51.730 51.461 51.199 50.943 50.694 50.451 50.215 49.985 49.761 49.543 49.331 49.124 48.924 48.728 48.538 48.353 48.173 47.999 47.830 47.666 47.507 47.354 47.207 47.066 46.930 46.801 46.680 46.566 46.461 46.367 46.290 46.208 36.794 5.576 0.131 0.001
63.170 62.889 62.603 62.313 62.019 61.720 61.417 61.109 60.797 60.481 60.161 59.837 59.509 59.178 58.845 58.509 58.172 57.834 57.495 57.155 56.817 56.478 56.142 55.806 55.472 55.141 54.811 54.485 54.161 53.840 53.522 53.209 52.899 52.594 52.294 51.999 51.710 51.426 51.149 50.879 50.615 50.357 50.106 49.862 49.624 49.392 49.166 48.946 48.731 48.522 48.319 48.120 47.927 47.739 47.556 47.379 47.207 47.040 46.880 46.725 46.577 46.436 46.301 46.174 46.056 45.947 45.848 45.763 45.700 45.647 23.390 0.955
63.447 63.160 62.869 62.573 62.274 61.970 61.661 61.348 61.031 60.709 60.382 60.052 59.718 59.381 59.041 58.699 58.356 58.011 57.666 57.321 56.976 56.633 56.290 55.950 55.611 55.273 54.937 54.604 54.272 53.943 53.616 53.292 52.971 52.653 52.340 52.031 51.727 51.429 51.136 50.850 50.570 50.297 50.031 49.771 49.518 49.271 49.030 48.795 48.566 48.342 48.123 47.910 47.701 47.498 47.299 47.106 46.918 46.736 46.559 46.389 46.225 46.068 45.919 45.777 45.643 45.519 45.405 45.303 45.214 45.142 45.086 34.983
63.703 63.411 63.114 62.814 62.509 62.199 61.886 61.567 61.244 60.917 60.586 60.250 59.911 59.570 59.226 58.880 58.534 58.187 57.841 57.495 57.151 56.807 56.466 56.125 55.786 55.448 55.111 54.775 54.439 54.105 53.771 53.437 53.106 52.776 52.448 52.124 51.803 51.487 51.177 50.872 50.574 50.282 49.998 49.720 49.450 49.186 48.928 48.677 48.431 48.191 47.955 47.725 47.499 47.277 47.061 46.849 46.642 46.440 46.244 46.055 45.871 45.695 45.526 45.366 45.214 45.072 44.940 44.820 44.713 44.623 44.554 44.512
63.936 63.635 63.330 63.021 62.708 62.391 62.069 61.743 61.414 61.081 60.745 60.407 60.067 59.726 59.384 59.043 58.703 58.364 58.027 57.692 57.359 57.027 56.697 56.367 56.038 55.708 55.378 55.046 54.712 54.376 54.038 53.698 53.356 53.013 52.669 52.326 51.985 51.646 51.311 50.981 50.657 50.340 50.030 49.728 49.434 49.147 48.868 48.595 48.328 48.067 47.812 47.560 47.313 47.071 46.832 46.597 46.367 46.142 45.923 45.709 45.501 45.301 45.109 44.926 44.751 44.588 44.435 44.295 44.169 44.059 43.968 43.903
64.136 63.812 63.484 63.153 62.819 62.482 62.145 61.807 61.469 61.133 60.799 60.467 60.138 59.812 59.489 59.170 58.855 58.542 58.233 57.926 57.620 57.316 57.011 56.706 56.400 56.090 55.777 55.460 55.138 54.810 54.476 54.135 53.789 53.436 53.077 52.714 52.348 51.981 51.613 51.247 50.886 50.530 50.182 49.841 49.510 49.187 48.874 48.568 48.270 47.978 47.691 47.410 47.132 46.859 46.590 46.324 46.064 45.808 45.558 45.314 45.077 44.849 44.629 44.420 44.221 44.034 43.859 43.699 43.554 43.426 43.317 43.232
64.410 64.021 63.630 63.243 62.863 62.493 62.134 61.786 61.450 61.125 60.810 60.504 60.206 59.915 59.630 59.350 59.073 58.800 58.529 58.259 57.990 57.720 57.449 57.176 56.900 56.620 56.335 56.044 55.746 55.441 55.127 54.803 54.468 54.122 53.763 53.391 53.007 52.612 52.207 51.795 51.380 50.966 50.557 50.156 49.766 49.388 49.021 48.665 48.316 47.973 47.633 47.296 46.962 46.630 46.303 45.981 45.668 45.363 45.068 44.785 44.515 44.257 44.013 43.783 43.567 43.366 43.180 43.010 42.857 42.722 42.607 42.513
63.429 63.168 62.909 62.652 62.399 62.147 61.899 61.653 61.410 61.170 60.931 60.694 60.459 60.224 59.990 59.755 59.519 59.282 59.043 58.801 58.556 58.307 58.054 57.797 57.535 57.269 56.998 56.723 56.442 56.158 55.869 55.576 55.279 54.978 54.673 54.364 54.051 53.732 53.407 53.075 52.734 52.382 52.016 51.634 51.233 50.811 50.364 49.889 49.384 48.851 48.293 47.717 47.135 46.564 46.018 45.510 45.048 44.632 44.262 43.933 43.641 43.380 43.146 42.936 42.746 42.575 42.420 42.281 42.157 42.048 41.955 41.880
64.188 63.956 63.715 63.463 63.197 62.914 62.613 62.293 61.956 61.606 61.248 60.885 60.525 60.176 59.846 59.539 59.249 58.970 58.698 58.425 58.150 57.869 57.581 57.287 56.987 56.684 56.381 56.078 55.778 55.478 55.176 54.870 54.563 54.256 53.950 53.647 53.347 53.051 52.758 52.468 52.179 51.890 51.597 51.298 50.989 50.659 50.297 49.877 49.363 48.706 47.872 46.875 45.820 44.860 44.103 43.561 43.183 42.911 42.703 42.536 42.393 42.269 42.159 42.062 41.975 41.898 41.832 41.776 41.729 41.689 41.653 41.624
63.453 63.229 63.012 62.802 62.598 62.400 62.205 62.015 61.826 61.639 61.451 61.262 61.069 60.872 60.668 60.456 60.234 60.001 59.754 59.494 59.218 58.926 58.617 58.292 57.950 57.592 57.219 56.833 56.436 56.030 55.618 55.202 54.784 54.368 53.956 53.549 53.149 52.757 52.374 52.000 51.634 51.276 50.924 50.578 50.236 49.898 49.565 49.238 48.918 48.607 48.302 48.002 47.708 47.417 47.129 46.846 46.566 46.291 46.022 45.759 45.503 45.253 45.012 44.779 44.551 44.329 44.112 43.900 43.693 43.488 43.288 43.092
59.004 60.718 61.611 62.001 62.094 62.016 61.848 61.634 61.402 61.165 60.928 60.695 60.466 60.241 60.019 59.799 59.579 59.358 59.134 58.906 58.672 58.432 58.185 57.929 57.664 57.389 57.105 56.810 56.504 56.188 55.862 55.530 55.193 54.858 54.533 54.229 53.961 53.744 53.599 53.546 53.607 53.800 54.117 54.467 54.554 53.806 51.735 48.616 45.380 42.787 41.071 40.244 40.943 42.428 43.660 44.408 44.808 45.003 45.084 45.104 45.085 42.109 16.059 3.306 1.726 0.812 0.275 0.041 0.002 0.000 0.000 0.000
64.460 64.184 63.907 63.630 63.353 63.075 62.796 62.516 62.236 61.955 61.673 61.391 61.107 60.822 60.536 60.248 59.959 59.668 59.376 59.081 58.785 58.486 58.186 57.883 57.578 57.270 56.961 56.650 56.336 56.021 55.705 55.386 55.067 54.747 54.425 54.104 53.782 53.460 53.138 52.817 52.496 52.176 51.858 51.540 51.224 50.909 50.595 50.282 49.970 49.659 49.349 49.039 48.728 48.417 48.104 47.789 47.472 47.153 46.830 46.504 46.174 45.841 45.506 45.167 44.827 44.485 44.144 43.804 43.466 43.131 42.802 42.478
59.126 60.882 61.760 62.116 62.172 62.065 61.876 61.650 61.410 61.170 60.931 60.698 60.468 60.243 60.021 59.801 59.581 59.360 59.136 58.908 58.674 58.434 58.186 57.930 57.666 57.391 57.106 56.811 56.506 56.189 55.864 55.531 55.194 54.858 54.532 54.227 53.957 53.738 53.590 53.533 53.589 53.774 54.079 54.415 54.488 53.732 51.653 48.520 45.281 42.707 41.040 40.390 41.147 42.555 43.713 44.423 44.806 44.994 45.072 45.091 45.074 42.062 15.997 3.313 1.733 0.816 0.278 0.042 0.003 0.001 0.001 0.001
63.454 63.230 63.013 62.803 62.599 62.401 62.206 62.016 61.827 61.640 61.452 61.263 61.070 60.872 60.669 60.456 60.235 60.001 59.755 59.495 59.219 58.927 58.619 58.294 57.952 57.595 57.222 56.837 56.440 56.034 55.622 55.206 54.788 54.372 53.959 53.551 53.151 52.759 52.375 52.000 51.634 51.275 50.923 50.576 50.234 49.896 49.563 49.236 48.916 48.604 48.299 48.000 47.705 47.415 47.128 46.844 46.565 46.290 46.021 45.759 45.503 45.253 45.012 44.779 44.551 44.329 44.113 43.901 43.693 43.489 43.289 43.093
64.191 63.958 63.718 63.466 63.200 62.917 62.615 62.295 61.958 61.608 61.249 60.886 60.526 60.177 59.849 59.541 59.252 58.974 58.701 58.429 58.154 57.873 57.586 57.291 56.991 56.688 56.384 56.081 55.780 55.479 55.177 54.871 54.564 54.257 53.951 53.647 53.347 53.051 52.758 52.468 52.179 51.889 51.597 51.298 50.988 50.659 50.297 49.877 49.361 48.704 47.868 46.870 45.814 44.855 44.100 43.558 43.180 42.909 42.702 42.534 42.392 42.268 42.158 42.061 41.974 41.898 41.831 41.775 41.729 41.688 41.652 41.624
63.428 63.167 62.908 62.652 62.398 62.147 61.899 61.653 61.410 61.170 60.931 60.694 60.459 60.224 59.990 59.755 59.520 59.282 59.043 58.801 58.556 58.308 58.055 57.798 57.536 57.270 56.999 56.724 56.443 56.159 55.870 55.577 55.280 54.979 54.674 54.365 54.052 53.733 53.409 53.077 52.735 52.383 52.017 51.635 51.235 50.812 50.365 49.890 49.386 48.853 48.294 47.718 47.136 46.565 46.019 45.511 45.047 44.632 44.261 43.932 43.640 43.379 43.145 42.935 42.745 42.574 42.419 42.280 42.156 42.048 41.955 41.880
64.407 64.018 63.627 63.240 62.861 62.491 62.133 61.786 61.450 61.126 60.811 60.505 60.207 59.916 59.631 59.351 59.074 58.801 58.530 58.260 57.991 57.721 57.450 57.177 56.900 56.620 56.335 56.044 55.746 55.441 55.126 54.802 54.467 54.121 53.762 53.390 53.006 52.611 52.206 51.795 51.380 50.965 50.556 50.155 49.766 49.388 49.021 48.665 48.316 47.973 47.634 47.297 46.962 46.630 46.303 45.981 45.668 45.363 45.068 44.785 44.515 44.257 44.013 43.783 43.567 43.366 43.180 43.010 42.857 42.723 42.607 42.513
64.135 63.812 63.484 63.152 62.818 62.482 62.144 61.806 61.469 61.133 60.799 60.467 60.138 59.812 59.489 59.170 58.855 58.542 58.233 57.926 57.620 57.315 57.011 56.706 56.399 56.089 55.777 55.459 55.137 54.809 54.475 54.134 53.788 53.435 53.076 52.714 52.348 51.980 51.612 51.247 50.886 50.530 50.182 49.841 49.510 49.188 48.874 48.568 48.270 47.978 47.692 47.410 47.133 46.859 46.590 46.325 46.064 45.808 45.558 45.314 45.077 44.849 44.629 44.420 44.221 44.034 43.859 43.699 43.554 43.426 43.317 43.232
63.935 63.635 63.330 63.021 62.708 62.390 62.069 61.743 61.414 61.081 60.745 60.407 60.067 59.726 59.384 59.043 58.703 58.364 58.027 57.692 57.358 57.027 56.696 56.366 56.037 55.707 55.377 55.045 54.711 54.375 54.037 53.697 53.355 53.012 52.669 52.326 51.984 51.645 51.310 50.981 50.657 50.340 50.030 49.728 49.434 49.147 48.868 48.595 48.329 48.068 47.812 47.561 47.314 47.071 46.832 46.598 46.368 46.143 45.923 45.709 45.502 45.302 45.109 44.926 44.752 44.588 44.435 44.295 44.169 44.059 43.968 43.904
63.703 63.410 63.114 62.813 62.508 62.199 61.885 61.567 61.244 60.917 60.585 60.250 59.911 59.569 59.225 58.880 58.533 58.187 57.840 57.495 57.150 56.807 56.465 56.124 55.785 55.447 55.110 54.774 54.439 54.104 53.770 53.437 53.105 52.775 52.448 52.124 51.803 51.487 51.177 50.872 50.574 50.283 49.998 49.721 49.450 49.186 48.929 48.677 48.431 48.191 47.956 47.725 47.499 47.278 47.061 46.849 46.642 46.441 46.245 46.055 45.872 45.695 45.527 45.366 45.214 45.072 44.940 44.820 44.713 44.623 44.554 44.512
