Examples/2023_ISeeSnow/data/CoulombOnly/Results/curv77s/s/1HS_03_curv77s_MoT-Voellmy_s_0051.asc
ncols        174
nrows        41
xllcorner    3042.5
yllcorner    -4352.5
cellsize     5.00
NODATA_value -9999
[rows 0 to 31 of 41, columns 0 to 71 of 174]
0.000 0.000 0.000 0.000 0.000 0.000 0.000 0.000 0.000 0.000 0.000 0.000 0.000 0.000 0.000 0.000 0.000 0.000 0.000 0.000 0.000 0.000 0.000 0.000 0.000 0.000 0.000 0.000 0.000 0.000 0.000 0.000 0.000 0.000 0.000 0.000 0.000 0.000 0.000 0.000 0.000 0.000 0.000 0.000 0.000 0.000 0.000 0.000 0.000 0.000 0.000 0.000 0.000 0.000 0.000 0.000 0.000 0.000 0.000 0.000 0.000 0.000 0.000 0.000 0.000 0.000 0.000 0.000 0.000 0.000 0.000 0.000
0.000 0.000 0.000 0.000 0.000 0.000 0.000 0.000 0.000 0.000 0.000 0.000 0.000 0.000 0.000 0.000 0.000 0.000 0.000 0.000 0.000 0.000 0.000 0.000 0.000 0.000 0.000 0.000 0.000 0.000 0.000 0.000 0.000 0.000 0.000 0.000 0.000 0.000 0.000 0.000 0.000 0.000 0.000 0.000 0.000 0.000 0.000 0.000 0.000 0.000 0.000 0.000 0.000 0.000 0.000 0.000 0.000 0.000 0.000 0.000 0.000 0.000 0.000 0.000 0.000 0.002 0.006 0.015 0.041 0.105 0.240 0.495
0.000 0.000 0.000 0.000 0.000 0.000 0.000 0.000 0.000 0.000 0.000 0.000 0.000 0.000 0.000 0.000 0.000 0.000 0.000 0.000 0.000 0.000 0.000 0.000 0.000 0.000 0.000 0.000 0.000 0.000 0.000 0.000 0.000 0.000 0.000 0.000 0.000 0.000 0.000 0.000 0.000 0.000 0.000 0.000 0.000 0.000 0.000 0.000 0.000 0.000 0.000 0.000 0.000 0.000 0.000 0.000 0.000 0.002 0.008 0.014 0.042 0.117 0.281 0.595 1.140 2.013 3.311 5.118 7.469 10.351 13.700 17.414
0.000 0.000 0.000 0.000 0.000 0.000 0.000 0.000 0.000 0.000 0.000 0.000 0.000 0.000 0.000 0.000 0.000 0.000 0.000 0.000 0.000 0.000 0.000 0.000 0.000 0.000 0.000 0.000 0.000 0.000 0.000 0.000 0.000 0.000 0.000 0.000 0.000 0.000 0.000 0.000 0.000 0.000 0.000 0.000 0.000 0.000 0.000 0.000 0.001 0.003 0.010 0.019 0.054 0.138 0.310 0.627 1.168 2.027 3.299 5.060 7.348 10.169 13.416 16.957 20.656 24.377 27.999 31.465 34.807 38.037 41.099 43.873
0.000 0.000 0.000 0.000 0.000 0.000 0.000 0.000 0.000 0.000 0.000 0.000 0.000 0.000 0.000 0.000 0.000 0.000 0.000 0.000 0.000 0.000 0.000 0.000 0.000 0.000 0.000 0.000 0.000 0.000 0.000 0.000 0.000 0.000 0.000 0.000 0.000 0.000 0.000 0.000 0.002 0.009 0.017 0.045 0.111 0.243 0.484 0.895 1.551 2.534 3.918 5.747 8.024 10.705 13.704 16.904 20.165 23.341 26.294 28.962 31.424 33.824 36.044 38.060 39.857 41.480 42.932 44.321 46.036 48.816 53.964 57.794
0.000 0.000 0.000 0.000 0.000 0.000 0.000 0.000 0.000 0.000 0.000 0.000 0.000 0.000 0.000 0.000 0.000 0.000 0.000 0.000 0.000 0.000 0.000 0.000 0.000 0.000 0.000 0.000 0.000 0.000 0.001 0.004 0.012 0.033 0.077 0.164 0.321 0.590 1.022 1.682 2.639 3.955 5.669 7.789 10.288 13.100 16.129 19.250 22.325 25.214 27.805 30.045 31.920 33.441 34.633 35.525 36.152 36.550 36.751 36.843 37.193 38.252 40.117 42.970 47.036 53.542 58.181 61.285 63.401 64.883 65.940 66.698
0.000 0.000 0.000 0.000 0.000 0.000 0.000 0.000 0.000 0.000 0.000 0.000 0.000 0.000 0.000 0.000 0.000 0.000 0.001 0.002 0.006 0.015 0.035 0.075 0.147 0.267 0.461 0.762 1.212 1.861 2.762 3.964 5.505 7.406 9.662 12.238 15.070 18.067 21.114 24.081 26.846 29.317 31.438 33.175 34.515 35.461 36.026 36.236 36.125 35.732 35.116 34.377 33.679 33.227 33.209 33.774 35.092 37.246 40.210 44.043 49.456 56.680 60.935 63.677 65.538 66.833 67.749 68.401 68.863 69.185 69.401 69.537
0.000 0.000 0.000 0.000 0.001 0.002 0.005 0.012 0.026 0.055 0.106 0.194 0.329 0.525 0.799 1.170 1.654 2.275 3.066 4.061 5.290 6.776 8.534 10.565 12.855 15.372 18.061 20.850 23.648 26.365 28.922 31.248 33.279 34.971 36.289 37.214 37.740 37.878 37.650 37.088 36.234 35.151 33.932 32.710 31.629 30.821 30.373 30.321 30.671 31.407 32.512 33.999 35.972 38.583 41.862 45.905 51.466 59.145 63.291 65.675 67.219 68.462 69.330 69.937 70.360 70.649 70.838 70.952 71.007 71.015 70.986 70.927
0.882 1.318 1.892 2.626 3.538 4.648 5.966 7.497 9.238 11.177 13.295 15.562 17.941 20.390 22.863 25.292 27.503 29.574 31.517 33.310 34.920 36.314 37.455 38.314 38.874 39.122 39.056 38.684 38.022 37.096 35.950 34.653 33.299 31.998 30.850 29.935 29.292 28.929 28.830 28.964 29.298 29.801 30.454 31.246 32.180 33.273 34.554 36.075 37.960 40.431 43.573 47.477 52.702 61.262 66.065 68.696 70.199 71.045 71.479 71.642 71.754 72.029 72.211 72.318 72.367 72.370 72.337 72.275 72.189 72.082 71.958 71.819
25.627 28.241 30.681 32.951 35.017 36.846 38.408 39.685 40.660 41.325 41.677 41.721 41.475 40.966 40.221 39.231 37.854 36.316 34.736 33.205 31.805 30.598 29.621 28.885 28.383 28.094 27.989 28.038 28.213 28.488 28.842 29.259 29.728 30.241 30.792 31.382 32.011 32.683 33.406 34.193 35.064 36.046 37.177 38.508 40.151 42.340 45.203 48.834 53.604 62.744 68.385 71.432 73.111 74.036 74.507 74.686 74.668 74.512 74.257 73.930 73.686 73.688 73.658 73.597 73.513 73.408 73.286 73.149 72.999 72.839 72.668 72.489
37.030 35.644 34.129 32.668 31.343 30.203 29.270 28.551 28.038 27.717 27.569 27.573 27.709 27.957 28.299 28.691 28.967 29.233 29.507 29.791 30.092 30.413 30.758 31.128 31.523 31.939 32.377 32.832 33.306 33.798 34.308 34.840 35.398 35.985 36.611 37.288 38.031 38.867 39.830 40.967 42.371 44.258 46.814 50.126 54.450 63.707 70.363 73.949 75.875 76.913 77.439 77.646 77.644 77.497 77.248 76.924 76.542 76.116 75.656 75.173 74.810 74.709 74.590 74.456 74.310 74.152 73.983 73.806 73.621 73.429 73.229 73.024
25.490 25.997 26.314 26.656 27.040 27.461 27.915 28.397 28.907 29.440 29.998 30.579 31.185 31.820 32.487 33.154 33.648 34.071 34.453 34.807 35.150 35.494 35.851 36.226 36.621 37.036 37.473 37.932 38.414 38.925 39.469 40.056 40.700 41.421 42.251 43.233 44.444 46.060 48.322 51.330 55.253 61.974 71.892 76.294 78.536 79.720 80.316 80.559 80.575 80.439 80.195 79.874 79.494 79.071 78.614 78.129 77.622 77.097 76.555 76.008 75.594 75.445 75.279 75.103 74.920 74.729 74.532 74.328 74.119 73.905 73.686 73.462
27.282 28.677 29.323 29.871 30.423 30.990 31.571 32.169 32.784 33.418 34.077 34.766 35.485 36.222 36.956 37.637 38.094 38.473 38.815 39.136 39.455 39.786 40.140 40.522 40.934 41.377 41.855 42.373 42.944 43.583 44.315 45.179 46.239 47.628 49.605 52.313 55.867 61.248 72.652 78.368 81.086 82.467 83.157 83.446 83.486 83.362 83.123 82.804 82.425 82.001 81.542 81.056 80.548 80.022 79.482 78.929 78.365 77.790 77.207 76.626 76.187 76.009 75.813 75.610 75.402 75.190 74.972 74.751 74.525 74.296 74.063 73.826
29.636 31.884 32.798 33.440 34.055 34.678 35.317 35.980 36.672 37.387 38.114 38.827 39.514 40.178 40.828 41.438 41.826 42.147 42.446 42.742 43.059 43.410 43.804 44.247 44.748 45.316 45.972 46.746 47.685 48.894 50.593 52.986 56.184 60.673 72.626 79.908 83.404 85.106 85.943 86.305 86.383 86.278 86.048 85.732 85.352 84.924 84.461 83.970 83.457 82.926 82.381 81.824 81.256 80.681 80.097 79.507 78.910 78.307 77.699 77.098 76.645 76.451 76.235 76.016 75.792 75.566 75.337 75.104 74.868 74.629 74.388 74.143
31.841 34.986 36.248 36.991 37.645 38.303 38.975 39.650 40.304 40.930 41.536 42.132 42.729 43.331 43.943 44.527 44.888 45.195 45.506 45.851 46.256 46.741 47.321 48.017 48.869 49.951 51.426 53.529 56.375 60.238 67.812 80.450 85.345 87.575 88.652 89.132 89.271 89.197 88.983 88.672 88.292 87.861 87.392 86.894 86.372 85.832 85.278 84.712 84.136 83.551 82.961 82.364 81.763 81.158 80.549 79.936 79.320 78.701 78.079 77.468 77.010 76.810 76.586 76.358 76.128 75.896 75.660 75.422 75.182 74.938 74.692 74.444
33.585 37.533 39.199 40.079 40.754 41.357 41.924 42.473 43.022 43.580 44.150 44.735 45.339 45.966 46.624 47.276 47.719 48.150 48.652 49.274 50.064 51.087 52.479 54.445 57.086 60.563 66.095 80.191 87.032 89.998 91.378 92.000 92.208 92.168 91.969 91.664 91.285 90.851 90.377 89.872 89.342 88.792 88.225 87.644 87.053 86.452 85.844 85.231 84.615 83.996 83.375 82.755 82.135 81.516 80.898 80.281 79.666 79.052 78.439 77.840 77.386 77.178 76.950 76.720 76.488 76.254 76.017 75.779 75.537 75.293 75.046 74.798
34.895 39.543 41.652 42.716 43.429 44.028 44.599 45.172 45.764 46.381 47.033 47.728 48.477 49.293 50.201 51.188 52.068 53.156 54.686 56.754 59.404 62.794 68.081 82.640 89.983 93.129 94.551 95.171 95.361 95.301 95.085 94.768 94.382 93.948 93.476 92.976 92.453 91.908 91.344 90.761 90.161 89.543 88.908 88.258 87.595 86.921 86.240 85.555 84.867 84.179 83.492 82.808 82.127 81.448 80.773 80.100 79.429 78.760 78.092 77.448 76.988 76.792 76.554 76.312 76.069 75.824 75.576 75.326 75.074 74.820 74.563 74.305
36.103 41.529 44.255 45.723 46.705 47.497 48.232 48.976 49.771 50.661 51.698 52.949 54.514 56.429 58.697 61.323 64.165 68.299 81.279 92.462 96.406 98.071 98.752 98.949 98.883 98.661 98.343 97.964 97.545 97.099 96.636 96.162 95.680 95.192 94.697 94.191 93.673 93.143 92.596 92.030 91.441 90.823 90.170 89.478 88.751 88.005 87.258 86.522 85.804 85.107 84.433 83.780 83.146 82.529 81.927 81.341 80.770 80.215 79.676 79.160 78.773 78.631 78.498 78.368 78.235 78.093 77.934 77.749 77.525 77.249 76.908 76.500
37.111 43.903 47.964 50.582 52.528 54.115 55.502 56.812 58.149 59.723 61.953 66.445 83.391 95.221 99.750 101.967 102.675 102.868 102.827 102.633 102.308 101.885 101.394 100.857 100.286 99.690 99.075 98.443 97.799 97.144 96.482 95.815 95.146 94.476 93.809 93.146 92.489 91.838 91.194 90.559 89.933 89.316 88.708 88.109 87.516 86.927 86.338 85.748 85.155 84.556 83.949 83.332 82.703 82.061 81.402 80.728 80.036 79.328 78.604 77.919 77.472 77.259 76.940 76.619 76.300 75.985 75.673 75.364 75.057 74.754 74.455 74.159
37.863 43.567 46.561 48.215 49.279 50.054 50.677 51.239 51.791 52.379 53.028 53.792 54.694 55.799 57.177 58.862 60.860 63.859 69.195 83.829 97.441 100.093 100.803 100.855 100.638 100.291 99.872 99.406 98.905 98.374 97.815 97.229 96.617 95.977 95.304 94.594 93.866 93.141 92.431 91.741 91.071 90.417 89.773 89.132 88.496 87.873 87.269 86.684 86.115 85.559 85.016 84.483 83.957 83.436 82.919 82.401 81.882 81.358 80.827 80.283 79.830 79.596 79.328 79.007 78.628 78.200 77.749 77.302 76.882 76.496 76.147 75.830
53.613 90.434 99.204 102.089 103.403 104.184 104.730 105.156 105.513 105.825 106.105 106.359 106.590 106.800 106.988 107.047 106.538 105.940 105.333 104.716 104.089 103.455 102.814 102.166 101.514 100.857 100.197 99.534 98.868 98.201 97.532 96.862 96.191 95.520 94.848 94.176 93.504 92.833 92.162 91.491 90.821 90.151 89.482 88.813 88.145 87.476 86.808 86.140 85.472 84.804 84.135 83.466 82.796 82.125 81.452 80.779 80.103 79.425 78.745 78.129 77.787 77.667 77.412 77.153 76.894 76.635 76.377 76.119 75.861 75.602 75.344 75.085
37.863 43.566 46.559 48.213 49.277 50.051 50.674 51.237 51.788 52.376 53.025 53.789 54.691 55.796 57.174 58.859 60.856 63.854 69.185 83.794 97.437 100.091 100.802 100.854 100.637 100.290 99.871 99.406 98.905 98.374 97.815 97.229 96.617 95.977 95.303 94.593 93.865 93.140 92.430 91.740 91.070 90.416 89.772 89.132 88.495 87.873 87.269 86.683 86.114 85.559 85.016 84.483 83.957 83.436 82.919 82.402 81.883 81.360 80.828 80.285 79.833 79.600 79.333 79.013 78.635 78.208 77.757 77.310 76.888 76.502 76.152 75.834
37.111 43.903 47.964 50.582 52.528 54.114 55.502 56.811 58.148 59.722 61.952 66.442 83.380 95.219 99.749 101.966 102.675 102.867 102.826 102.632 102.308 101.885 101.394 100.857 100.286 99.690 99.074 98.443 97.798 97.144 96.482 95.815 95.145 94.476 93.809 93.146 92.489 91.838 91.194 90.559 89.932 89.315 88.708 88.109 87.516 86.926 86.337 85.748 85.154 84.556 83.949 83.332 82.703 82.060 81.402 80.727 80.036 79.327 78.603 77.918 77.472 77.258 76.939 76.618 76.299 75.984 75.672 75.362 75.056 74.753 74.453 74.157
36.103 41.529 44.254 45.721 46.704 47.496 48.231 48.975 49.770 50.660 51.697 52.948 54.513 56.428 58.696 61.322 64.163 68.297 81.273 92.460 96.405 98.071 98.751 98.949 98.882 98.661 98.343 97.964 97.545 97.099 96.636 96.161 95.679 95.192 94.696 94.191 93.673 93.143 92.596 92.030 91.441 90.823 90.170 89.478 88.751 88.005 87.258 86.522 85.804 85.107 84.433 83.780 83.145 82.528 81.927 81.341 80.770 80.214 79.676 79.159 78.772 78.629 78.497 78.367 78.234 78.092 77.933 77.747 77.523 77.246 76.904 76.495
34.894 39.542 41.650 42.714 43.427 44.026 44.597 45.171 45.762 46.380 47.032 47.726 48.475 49.291 50.199 51.186 52.066 53.155 54.684 56.752 59.402 62.791 68.076 82.633 89.980 93.127 94.550 95.170 95.360 95.300 95.085 94.768 94.382 93.947 93.476 92.976 92.452 91.908 91.344 90.761 90.161 89.542 88.908 88.258 87.595 86.921 86.240 85.555 84.867 84.179 83.492 82.808 82.126 81.448 80.772 80.100 79.429 78.760 78.092 77.448 76.987 76.791 76.553 76.312 76.068 75.823 75.575 75.325 75.073 74.819 74.562 74.304
33.584 37.531 39.196 40.076 40.752 41.355 41.922 42.471 43.020 43.578 44.148 44.733 45.337 45.964 46.622 47.274 47.717 48.148 48.650 49.272 50.062 51.084 52.476 54.442 57.083 60.558 66.086 80.181 87.026 89.995 91.376 91.999 92.207 92.167 91.968 91.664 91.284 90.851 90.377 89.872 89.342 88.791 88.225 87.644 87.052 86.452 85.844 85.231 84.614 83.995 83.375 82.755 82.135 81.515 80.898 80.281 79.666 79.052 78.439 77.840 77.386 77.178 76.950 76.720 76.488 76.254 76.018 75.779 75.537 75.293 75.047 74.798
31.840 34.983 36.245 36.987 37.642 38.300 38.972 39.647 40.301 40.927 41.533 42.129 42.726 43.329 43.940 44.524 44.885 45.192 45.504 45.849 46.254 46.738 47.318 48.014 48.866 49.948 51.422 53.525 56.370 60.231 67.791 80.439 85.340 87.572 88.650 89.131 89.270 89.196 88.982 88.671 88.291 87.860 87.391 86.893 86.372 85.832 85.277 84.711 84.135 83.551 82.960 82.364 81.763 81.157 80.548 79.936 79.320 78.701 78.078 77.467 77.010 76.810 76.586 76.358 76.128 75.895 75.660 75.422 75.182 74.938 74.692 74.444
29.634 31.880 32.794 33.436 34.051 34.674 35.313 35.976 36.668 37.384 38.110 38.823 39.510 40.174 40.824 41.434 41.823 42.144 42.442 42.739 43.056 43.407 43.801 44.245 44.745 45.313 45.969 46.742 47.682 48.890 50.588 52.981 56.178 60.663 72.613 79.900 83.398 85.103 85.940 86.304 86.382 86.276 86.047 85.731 85.351 84.923 84.460 83.969 83.456 82.925 82.380 81.823 81.256 80.680 80.097 79.506 78.910 78.307 77.698 77.097 76.644 76.450 76.235 76.015 75.792 75.566 75.336 75.104 74.868 74.629 74.388 74.143
27.279 28.673 29.318 29.866 30.418 30.984 31.566 32.164 32.779 33.413 34.072 34.761 35.480 36.217 36.951 37.632 38.090 38.469 38.810 39.132 39.450 39.782 40.136 40.518 40.930 41.373 41.851 42.369 42.940 43.579 44.311 45.175 46.235 47.623 49.600 52.306 55.859 61.235 72.638 78.360 81.081 82.464 83.154 83.444 83.485 83.360 83.122 82.803 82.424 82.000 81.541 81.055 80.547 80.022 79.481 78.928 78.364 77.790 77.206 76.625 76.186 76.008 75.812 75.610 75.402 75.189 74.972 74.751 74.525 74.296 74.063 73.826
25.490 25.995 26.311 26.652 27.035 27.456 27.909 28.392 28.901 29.434 29.991 30.573 31.179 31.813 32.481 33.148 33.641 34.065 34.447 34.801 35.143 35.488 35.845 36.220 36.615 37.031 37.467 37.926 38.409 38.920 39.464 40.051 40.695 41.416 42.246 43.228 44.438 46.054 48.315 51.322 55.243 61.950 71.878 76.287 78.531 79.717 80.313 80.557 80.573 80.437 80.194 79.872 79.493 79.070 78.613 78.128 77.621 77.096 76.554 76.007 75.593 75.444 75.278 75.102 74.919 74.728 74.531 74.328 74.119 73.904 73.685 73.461
37.074 35.689 34.174 32.709 31.380 30.234 29.296 28.571 28.053 27.727 27.575 27.576 27.710 27.955 28.296 28.686 28.961 29.226 29.500 29.784 30.084 30.405 30.750 31.121 31.515 31.932 32.369 32.825 33.299 33.791 34.301 34.833 35.391 35.979 36.605 37.281 38.025 38.861 39.823 40.960 42.364 44.250 46.806 50.117 54.438 63.669 70.353 73.942 75.870 76.909 77.436 77.644 77.642 77.496 77.247 76.922 76.541 76.115 75.655 75.172 74.809 74.708 74.590 74.456 74.309 74.151 73.983 73.806 73.621 73.428 73.229 73.023
25.564 28.180 30.623 32.899 34.971 36.806 38.375 39.659 40.643 41.316 41.676 41.728 41.489 40.986 40.247 39.262 37.888 36.352 34.772 33.239 31.835 30.623 29.640 28.899 28.392 28.099 27.991 28.037 28.210 28.483 28.836 29.253 29.721 30.233 30.785 31.374 32.003 32.675 33.399 34.186 35.057 36.039 37.169 38.501 40.143 42.331 45.193 48.824 53.590 62.728 68.374 71.425 73.106 74.032 74.504 74.684 74.666 74.511 74.255 73.928 73.685 73.687 73.657 73.596 73.512 73.407 73.285 73.148 72.999 72.838 72.667 72.488
