Examples/2023_ISeeSnow/data/CoulombOnly/Results/curv77s/s/1HS_03_curv77s_MoT-Voellmy_s_0061.asc
ncols        108
nrows        65
xllcorner    3712.5
yllcorner    -4412.5
cellsize     5.00
NODATA_value -9999
[rows 0 to 31 of 65, columns 0 to 71 of 108]
0.000 0.000 0.000 0.000 0.000 0.000 0.000 0.000 0.000 0.000 0.000 0.000 0.000 0.000 0.000 0.000 0.000 0.000 0.000 0.000 0.000 0.000 0.000 0.000 0.000 0.000 0.000 0.000 0.000 0.000 0.001 0.004 0.011 0.020 0.053 0.119 0.235 0.419 0.693 1.074 1.566 2.163 2.853 3.616 4.430 5.267 6.100 6.867 7.476 7.898 8.121 8.136 7.938 7.536 6.947 6.203 5.342 4.406 3.437 2.472 1.537 0.732 0.273 0.092 0.029 0.008 0.001 0.000 0.000 0.000 0.000 0.000
0.000 0.000 0.000 0.000 0.000 0.000 0.000 0.000 0.000 0.000 0.000 0.000 0.000 0.000 0.000 0.000 0.000 0.000 0.000 0.000 0.000 0.000 0.001 0.006 0.009 0.009 0.010 0.077 0.218 0.469 0.870 1.459 2.265 3.298 4.547 5.980 7.556 9.232 10.973 12.748 14.465 16.086 17.610 19.039 20.380 21.638 22.820 23.225 23.536 23.699 23.805 23.866 23.886 23.873 23.835 23.777 23.702 23.611 23.511 23.398 23.284 20.660 14.768 10.131 7.061 4.792 2.988 1.513 0.427 0.055 0.006 0.001
0.000 0.000 0.000 0.000 0.000 0.000 0.000 0.000 0.000 0.000 0.000 0.000 0.000 0.000 0.001 0.005 0.010 0.009 0.007 0.008 0.028 0.217 0.554 1.084 1.833 2.804 3.974 5.299 6.729 8.216 9.720 11.214 12.673 14.111 15.547 16.927 18.204 19.381 20.473 21.699 22.630 23.340 23.875 24.268 24.550 24.748 24.882 24.966 25.008 25.017 24.998 24.956 24.894 24.817 24.726 24.625 24.515 24.398 24.275 24.147 24.016 23.882 23.747 23.610 23.472 23.336 23.196 23.068 19.001 8.984 4.473 2.395
0.000 0.000 0.000 0.000 0.000 0.000 0.000 0.003 0.010 0.009 0.010 0.004 0.006 0.009 0.155 0.585 1.232 2.094 3.139 4.320 5.583 6.877 8.156 9.382 10.522 11.554 12.490 13.366 14.216 15.040 15.828 16.618 17.390 18.303 19.776 21.726 22.978 23.854 24.492 24.961 25.305 25.555 25.731 25.848 25.918 25.949 25.948 25.921 25.871 25.802 25.717 25.619 25.510 25.392 25.265 25.133 24.995 24.854 24.709 24.563 24.415 24.266 24.117 23.969 23.821 23.675 23.530 23.388 23.247 23.108 22.973 22.839
0.009 0.008 0.008 0.004 0.011 0.008 0.012 0.121 0.691 1.481 2.457 3.566 4.755 5.973 7.176 8.324 9.382 10.323 11.122 11.781 12.322 12.777 13.161 13.478 13.727 13.915 14.108 14.451 15.142 16.317 17.942 20.651 22.600 23.885 24.759 25.380 25.833 26.166 26.409 26.582 26.699 26.769 26.800 26.800 26.772 26.721 26.650 26.563 26.460 26.345 26.220 26.085 25.943 25.794 25.641 25.483 25.323 25.160 24.996 24.831 24.666 24.502 24.339 24.177 24.017 23.859 23.704 23.552 23.403 23.258 23.116 22.978
0.222 0.977 1.921 3.003 4.169 5.369 6.558 7.700 8.760 9.710 10.524 11.184 11.690 12.061 12.323 12.499 12.598 12.616 12.550 12.415 12.278 12.236 12.372 12.734 13.343 14.216 15.432 17.072 19.224 22.466 24.266 25.329 26.032 26.528 26.887 27.149 27.338 27.469 27.552 27.596 27.606 27.588 27.545 27.480 27.396 27.297 27.182 27.055 26.917 26.770 26.614 26.452 26.283 26.110 25.933 25.754 25.572 25.390 25.207 25.024 24.842 24.662 24.483 24.307 24.134 23.964 23.797 23.633 23.474 23.318 23.167 23.021
8.359 9.417 10.282 10.995 11.545 11.936 12.185 12.320 12.364 12.329 12.219 12.030 11.771 11.477 11.213 11.045 11.013 11.129 11.383 11.759 12.245 12.845 13.582 14.510 15.738 17.433 19.803 23.488 25.330 26.351 27.002 27.448 27.767 27.997 28.160 28.270 28.337 28.369 28.369 28.343 28.293 28.223 28.134 28.029 27.908 27.775 27.629 27.474 27.308 27.135 26.954 26.768 26.576 26.381 26.183 25.982 25.780 25.578 25.376 25.175 24.976 24.779 24.584 24.393 24.205 24.021 23.841 23.665 23.494 23.327 23.166 23.010
12.239 12.453 12.338 12.128 11.843 11.494 11.109 10.737 10.430 10.231 10.155 10.198 10.343 10.571 10.862 11.205 11.596 12.036 12.533 13.105 13.783 14.622 15.721 17.301 19.535 23.729 25.925 27.069 27.755 28.208 28.524 28.747 28.904 29.010 29.074 29.104 29.104 29.078 29.029 28.959 28.871 28.766 28.646 28.511 28.364 28.205 28.035 27.856 27.667 27.471 27.268 27.060 26.847 26.630 26.410 26.188 25.966 25.744 25.522 25.302 25.084 24.869 24.657 24.449 24.246 24.047 23.853 23.664 23.480 23.301 23.129 22.962
10.055 10.044 9.784 9.602 9.529 9.555 9.662 9.831 10.045 10.294 10.570 10.869 11.191 11.536 11.909 12.316 12.766 13.275 13.869 14.591 15.520 16.818 18.757 22.413 26.028 27.492 28.315 28.830 29.176 29.417 29.585 29.699 29.770 29.807 29.813 29.793 29.751 29.688 29.606 29.507 29.392 29.262 29.118 28.962 28.793 28.613 28.422 28.222 28.013 27.796 27.572 27.342 27.108 26.869 26.628 26.385 26.141 25.898 25.655 25.415 25.177 24.943 24.713 24.488 24.267 24.052 23.843 23.639 23.441 23.250 23.065 22.887
8.739 9.269 9.487 9.693 9.913 10.147 10.394 10.653 10.924 11.209 11.509 11.826 12.165 12.531 12.932 13.380 13.893 14.501 15.261 16.279 17.790 20.188 25.119 27.498 28.649 29.305 29.724 30.008 30.204 30.339 30.426 30.476 30.495 30.488 30.457 30.405 30.334 30.245 30.140 30.019 29.884 29.735 29.573 29.398 29.211 29.012 28.803 28.584 28.355 28.118 27.874 27.623 27.367 27.107 26.844 26.579 26.313 26.048 25.784 25.522 25.264 25.009 24.759 24.515 24.276 24.044 23.818 23.598 23.386 23.180 22.982 22.791
9.318 9.996 10.273 10.508 10.743 10.986 11.237 11.498 11.772 12.061 12.368 12.697 13.053 13.447 13.889 14.403 15.022 15.812 16.902 18.602 21.605 26.631 28.616 29.579 30.143 30.507 30.754 30.924 31.038 31.110 31.148 31.157 31.142 31.104 31.048 30.973 30.881 30.773 30.651 30.513 30.362 30.197 30.019 29.828 29.625 29.410 29.183 28.946 28.699 28.443 28.179 27.907 27.630 27.348 27.063 26.776 26.487 26.199 25.913 25.629 25.348 25.073 24.802 24.537 24.279 24.028 23.784 23.547 23.319 23.098 22.885 22.681
9.949 10.727 11.029 11.268 11.502 11.743 11.994 12.257 12.535 12.832 13.151 13.498 13.883 14.320 14.829 15.449 16.253 17.385 19.221 22.880 27.756 29.496 30.367 30.883 31.217 31.443 31.598 31.701 31.764 31.796 31.800 31.781 31.742 31.683 31.608 31.516 31.408 31.286 31.149 30.998 30.833 30.654 30.462 30.257 30.039 29.808 29.565 29.311 29.046 28.771 28.487 28.196 27.897 27.594 27.287 26.977 26.665 26.355 26.045 25.738 25.435 25.137 24.845 24.559 24.280 24.009 23.746 23.492 23.246 23.008 22.780 22.560
10.497 11.372 11.702 11.949 12.184 12.426 12.680 12.949 13.235 13.544 13.881 14.257 14.684 15.186 15.798 16.597 17.738 19.631 23.712 28.556 30.216 31.057 31.554 31.875 32.092 32.239 32.338 32.398 32.427 32.430 32.410 32.371 32.313 32.239 32.149 32.043 31.923 31.788 31.639 31.476 31.299 31.108 30.903 30.685 30.452 30.207 29.948 29.678 29.395 29.102 28.799 28.487 28.168 27.844 27.514 27.182 26.848 26.514 26.182 25.852 25.527 25.206 24.892 24.584 24.284 23.992 23.709 23.436 23.171 22.916 22.671 22.435
10.977 11.948 12.311 12.569 12.809 13.056 13.315 13.593 13.892 14.219 14.585 15.000 15.487 16.085 16.861 17.971 19.830 23.919 29.084 30.816 31.672 32.172 32.493 32.709 32.857 32.955 33.015 33.045 33.049 33.031 32.994 32.939 32.867 32.779 32.677 32.560 32.428 32.283 32.123 31.949 31.761 31.558 31.341 31.110 30.864 30.605 30.331 30.044 29.745 29.434 29.112 28.781 28.442 28.096 27.745 27.390 27.034 26.678 26.323 25.971 25.623 25.280 24.943 24.614 24.293 23.980 23.677 23.383 23.100 22.826 22.563 22.310
11.406 12.470 12.871 13.145 13.394 13.648 13.917 14.207 14.522 14.875 15.277 15.748 16.321 17.062 18.112 19.839 23.523 29.360 31.310 32.221 32.746 33.079 33.303 33.455 33.556 33.619 33.652 33.659 33.645 33.610 33.559 33.490 33.406 33.308 33.195 33.067 32.926 32.770 32.600 32.416 32.217 32.004 31.775 31.531 31.273 30.999 30.711 30.409 30.093 29.764 29.424 29.074 28.715 28.348 27.976 27.600 27.222 26.844 26.467 26.092 25.722 25.358 25.000 24.650 24.308 23.975 23.652 23.338 23.035 22.742 22.460 22.190
11.797 12.952 13.395 13.690 13.952 14.216 14.498 14.804 15.143 15.528 15.977 16.521 17.217 18.187 19.745 22.907 29.317 31.673 32.707 33.280 33.638 33.876 34.037 34.145 34.214 34.251 34.263 34.252 34.222 34.174 34.110 34.030 33.935 33.827 33.704 33.567 33.415 33.250 33.070 32.876 32.667 32.442 32.202 31.947 31.675 31.388 31.086 30.768 30.436 30.090 29.732 29.363 28.984 28.598 28.205 27.808 27.409 27.009 26.611 26.216 25.825 25.440 25.062 24.692 24.330 23.978 23.635 23.302 22.979 22.668 22.367 22.078
12.162 13.406 13.896 14.215 14.493 14.771 15.067 15.393 15.758 16.182 16.695 17.343 18.224 19.583 22.187 28.974 31.885 33.123 33.775 34.171 34.430 34.606 34.724 34.800 34.844 34.861 34.855 34.829 34.785 34.725 34.650 34.559 34.455 34.336 34.203 34.057 33.896 33.722 33.532 33.328 33.108 32.873 32.621 32.354 32.070 31.770 31.453 31.120 30.772 30.410 30.034 29.646 29.248 28.842 28.429 28.011 27.592 27.172 26.754 26.339 25.929 25.525 25.128 24.739 24.359 23.988 23.627 23.276 22.936 22.606 22.287 21.979
12.508 13.841 14.380 14.728 15.023 15.316 15.630 15.982 16.384 16.858 17.452 18.242 19.407 21.497 27.475 31.898 33.447 34.223 34.677 34.968 35.163 35.294 35.381 35.432 35.455 35.454 35.433 35.394 35.338 35.266 35.180 35.079 34.965 34.837 34.694 34.538 34.368 34.184 33.984 33.770 33.540 33.294 33.031 32.752 32.455 32.141 31.810 31.463 31.099 30.719 30.326 29.920 29.503 29.077 28.645 28.208 27.769 27.330 26.893 26.459 26.031 25.610 25.196 24.791 24.394 24.008 23.630 23.263 22.906 22.559 22.222 21.896
12.836 14.260 14.853 15.233 15.551 15.863 16.199 16.578 17.018 17.560 18.259 19.254 20.908 24.590 31.431 33.640 34.610 35.150 35.487 35.709 35.858 35.957 36.017 36.048 36.053 36.037 36.002 35.950 35.882 35.799 35.702 35.591 35.466 35.328 35.176 35.010 34.831 34.636 34.427 34.202 33.962 33.704 33.430 33.139 32.829 32.502 32.157 31.794 31.414 31.018 30.607 30.183 29.747 29.303 28.851 28.395 27.938 27.481 27.026 26.575 26.131 25.694 25.265 24.846 24.435 24.035 23.644 23.263 22.891 22.529 22.177 21.834
13.152 14.665 15.315 15.733 16.077 16.412 16.772 17.182 17.672 18.290 19.131 20.435 22.969 30.363 33.576 34.903 35.579 35.982 36.242 36.416 36.530 36.602 36.641 36.653 36.642 36.611 36.563 36.498 36.418 36.324 36.216 36.094 35.959 35.811 35.649 35.473 35.283 35.079 34.859 34.624 34.373 34.105 33.819 33.515 33.193 32.852 32.492 32.114 31.717 31.304 30.875 30.433 29.979 29.516 29.046 28.572 28.097 27.623 27.152 26.686 26.227 25.777 25.335 24.904 24.482 24.070 23.668 23.276 22.892 22.518 22.152 21.795
13.456 15.056 15.767 16.225 16.599 16.958 17.345 17.792 18.333 19.048 20.076 21.846 26.297 33.012 35.027 35.934 36.442 36.757 36.963 37.099 37.186 37.235 37.255 37.250 37.223 37.178 37.116 37.038 36.946 36.840 36.721 36.589 36.443 36.284 36.112 35.927 35.727 35.512 35.283 35.037 34.775 34.495 34.198 33.881 33.545 33.190 32.815 32.421 32.008 31.577 31.130 30.669 30.197 29.715 29.228 28.737 28.245 27.755 27.270 26.791 26.320 25.858 25.406 24.965 24.534 24.114 23.703 23.302 22.910 22.526 22.149 21.780
13.746 15.431 16.201 16.702 17.108 17.496 17.909 18.390 18.995 19.814 21.070 23.569 31.367 34.767 36.143 36.831 37.234 37.491 37.658 37.765 37.828 37.857 37.859 37.838 37.796 37.736 37.661 37.570 37.466 37.348 37.217 37.074 36.918 36.749 36.567 36.372 36.162 35.938 35.698 35.443 35.170 34.879 34.569 34.239 33.889 33.519 33.128 32.716 32.285 31.837 31.371 30.892 30.401 29.902 29.397 28.890 28.383 27.880 27.382 26.891 26.410 25.939 25.479 25.030 24.593 24.167 23.750 23.343 22.945 22.554 22.169 21.790
14.018 15.778 16.607 17.156 17.594 18.006 18.441 18.955 19.614 20.541 22.073 25.586 33.405 36.001 37.065 37.631 37.971 38.187 38.325 38.409 38.453 38.464 38.449 38.412 38.356 38.282 38.193 38.089 37.973 37.843 37.702 37.548 37.382 37.204 37.014 36.810 36.592 36.359 36.110 35.845 35.561 35.258 34.936 34.592 34.227 33.840 33.431 33.001 32.550 32.080 31.594 31.094 30.583 30.065 29.543 29.021 28.502 27.987 27.481 26.984 26.497 26.022 25.559 25.107 24.667 24.238 23.818 23.408 23.005 22.608 22.217 21.830
14.264 16.094 16.976 17.563 18.031 18.467 18.925 19.459 20.146 21.138 22.864 27.376 34.746 36.892 37.825 38.333 38.640 38.833 38.952 39.019 39.047 39.043 39.014 38.962 38.892 38.805 38.703 38.588 38.461 38.321 38.171 38.009 37.836 37.652 37.455 37.244 37.020 36.780 36.523 36.248 35.954 35.639 35.303 34.944 34.563 34.159 33.733 33.287 32.820 32.336 31.837 31.324 30.802 30.272 29.737 29.201 28.666 28.135 27.611 27.096 26.592 26.102 25.625 25.163 24.714 24.278 23.854 23.440 23.035 22.637 22.244 21.855
14.489 16.377 17.300 17.917 18.405 18.852 19.313 19.841 20.513 21.480 23.160 27.513 35.182 37.430 38.384 38.897 39.203 39.391 39.503 39.561 39.580 39.565 39.525 39.463 39.382 39.285 39.175 39.052 38.918 38.774 38.621 38.457 38.283 38.099 37.902 37.693 37.468 37.227 36.967 36.685 36.381 36.052 35.696 35.312 34.899 34.458 33.989 33.495 32.978 32.444 31.896 31.340 30.782 30.227 29.679 29.142 28.618 28.108 27.613 27.131 26.663 26.208 25.763 25.328 24.901 24.481 24.067 23.657 23.250 22.845 22.441 22.038
14.676 16.618 17.584 18.229 18.725 19.159 19.589 20.072 20.667 21.485 22.807 25.657 34.115 37.328 38.576 39.200 39.557 39.772 39.898 39.963 39.983 39.969 39.928 39.864 39.783 39.686 39.577 39.458 39.329 39.191 39.044 38.888 38.721 38.543 38.351 38.145 37.922 37.680 37.418 37.133 36.823 36.490 36.131 35.749 35.343 34.915 34.466 33.998 33.512 33.012 32.499 31.975 31.443 30.904 30.360 29.813 29.264 28.714 28.165 27.619 27.077 26.542 26.014 25.496 24.988 24.490 24.003 23.524 23.055 22.593 22.139 21.693
14.794 16.784 17.781 18.439 18.935 19.358 19.751 20.149 20.609 21.199 22.044 23.491 26.977 35.203 37.831 38.883 39.430 39.744 39.932 40.039 40.093 40.108 40.095 40.060 40.010 39.948 39.877 39.799 39.717 39.629 39.537 39.437 39.325 39.195 39.039 38.848 38.614 38.333 38.010 37.654 37.267 36.847 36.386 35.883 35.335 34.748 34.129 33.489 32.841 32.196 31.566 30.958 30.379 29.833 29.321 28.845 28.403 27.994 27.615 27.262 26.932 26.620 26.322 26.031 25.743 25.452 25.151 24.835 24.499 24.138 23.748 23.327
14.656 16.644 17.631 18.280 18.766 19.168 19.527 19.878 20.248 20.662 21.164 21.853 22.978 25.465 33.411 36.627 37.901 38.550 38.944 39.212 39.415 39.584 39.736 39.864 39.964 40.040 40.099 40.145 40.183 40.214 40.241 40.263 40.271 40.210 39.976 39.520 38.845 38.010 37.133 36.383 35.920 35.625 35.306 34.934 34.522 34.082 33.621 33.147 32.665 32.180 31.697 31.220 30.752 30.296 29.856 29.435 29.033 28.653 28.294 27.956 27.636 27.342 27.089 26.870 26.666 26.460 26.237 25.989 25.705 25.380 25.004 24.559
14.198 15.819 16.485 16.854 17.104 17.317 17.532 17.773 18.059 18.402 18.830 19.378 20.162 21.571 25.869 31.414 33.329 34.367 34.996 35.394 35.639 35.771 35.817 35.792 35.708 35.575 35.398 35.183 34.939 34.675 34.400 34.121 33.847 33.581 33.326 33.084 32.852 32.630 32.417 32.213 32.021 31.842 31.676 31.523 31.380 31.247 31.120 30.998 30.878 30.760 30.642 30.524 30.403 30.280 30.154 30.026 29.894 29.758 29.619 29.477 29.331 29.182 29.028 28.868 28.699 28.523 28.337 28.143 27.941 27.730 27.510 27.281
21.365 21.528 21.212 20.793 20.370 19.978 19.629 19.330 19.083 18.889 18.746 18.650 18.592 18.563 18.551 18.543 18.526 18.489 18.421 18.313 18.164 18.025 18.128 19.203 21.481 24.975 31.137 33.260 34.039 34.387 34.570 34.696 34.832 35.008 35.209 35.460 35.773 36.088 36.327 36.418 36.213 35.328 33.789 32.456 31.695 31.311 31.106 30.979 30.883 30.799 30.716 30.633 30.548 30.459 30.368 30.273 30.175 30.074 29.969 29.859 29.742 29.606 29.427 29.203 28.940 28.648 28.337 28.013 27.682 27.347 27.010 26.675
25.307 36.133 38.080 38.965 39.503 39.871 40.132 40.316 40.439 40.510 40.536 40.522 40.472 40.388 40.275 40.133 39.963 39.768 39.549 39.306 39.040 38.754 38.450 38.129 37.795 37.451 37.100 36.745 36.390 36.038 35.694 35.361 35.044 34.746 34.467 34.208 33.969 33.748 33.544 33.354 33.177 33.011 32.855 32.705 32.561 32.420 32.278 32.134 31.985 31.828 31.663 31.487 31.300 31.102 30.892 30.672 30.442 30.203 29.957 29.705 29.448 29.188 28.927 28.666 28.406 28.147 27.890 27.634 27.380 27.125 26.868 26.606
11.599 12.048 12.111 12.111 12.086 12.047 11.997 11.943 11.889 11.842 11.810 11.797 11.812 11.861 11.947 12.074 12.246 12.473 12.765 13.137 13.613 14.239 15.099 16.383 18.293 20.837 24.718 31.028 33.151 33.973 34.337 34.500 34.568 34.593 34.596 34.584 34.572 34.586 34.723 35.418 39.211 40.232 36.772 35.523 33.914 32.874 32.311 31.990 31.784 31.629 31.493 31.361 31.226 31.082 30.928 30.761 30.579 30.383 30.171 29.942 29.699 29.441 29.169 28.884 28.588 28.282 27.965 27.636 27.288 26.980 26.944 27.527
