Examples/2023_ISeeSnow/data/CoulombOnly/Results/curv77s/s/1HS_03_curv77s_MoT-Voellmy_s_0057.asc
ncols        131
nrows        57
xllcorner    3507.5
yllcorner    -4392.5
cellsize     5.00
NODATA_value -9999
[rows 0 to 31 of 57, columns 0 to 71 of 131]
0.000 0.000 0.000 0.000 0.000 0.000 0.000 0.000 0.000 0.000 0.000 0.000 0.000 0.000 0.000 0.000 0.000 0.000 0.000 0.000 0.000 0.000 0.000 0.000 0.000 0.000 0.000 0.000 0.000 0.000 0.000 0.000 0.000 0.000 0.000 0.000 0.000 0.000 0.000 0.000 0.000 0.001 0.003 0.008 0.015 0.036 0.085 0.176 0.332 0.578 0.941 1.450 2.128 2.983 4.009 5.193 6.517 7.956 9.482 11.063 12.651 14.094 15.344 16.391 17.209 17.772 18.057 18.044 17.717 17.069 16.111 14.872
0.000 0.000 0.000 0.000 0.000 0.000 0.000 0.000 0.000 0.000 0.000 0.000 0.000 0.000 0.000 0.000 0.000 0.000 0.000 0.000 0.000 0.000 0.000 0.000 0.000 0.000 0.000 0.000 0.000 0.000 0.000 0.000 0.000 0.002 0.006 0.010 0.016 0.052 0.139 0.304 0.586 1.030 1.685 2.594 3.790 5.283 7.063 9.097 11.336 13.725 16.216 18.765 21.343 23.843 26.213 28.442 30.537 32.510 34.373 36.136 37.171 37.778 38.109 38.377 38.573 38.698 38.767 38.791 38.779 38.737 38.673 38.588
0.000 0.000 0.000 0.000 0.000 0.000 0.000 0.000 0.000 0.000 0.000 0.000 0.000 0.000 0.000 0.000 0.000 0.000 0.000 0.000 0.000 0.000 0.000 0.000 0.001 0.003 0.009 0.010 0.010 0.027 0.113 0.289 0.597 1.089 1.811 2.802 4.074 5.615 7.390 9.346 11.427 13.577 15.752 17.917 20.043 22.137 24.223 26.283 28.232 30.042 31.719 33.282 35.170 36.583 37.639 38.434 39.032 39.477 39.801 40.028 40.181 40.275 40.321 40.329 40.305 40.254 40.182 40.091 39.985 39.866 39.737 39.600
0.000 0.000 0.000 0.000 0.000 0.000 0.000 0.000 0.000 0.000 0.000 0.000 0.000 0.000 0.000 0.000 0.001 0.003 0.010 0.010 0.009 0.009 0.035 0.187 0.474 0.947 1.653 2.619 3.843 5.299 6.940 8.709 10.548 12.402 14.220 15.959 17.584 19.080 20.471 21.814 23.144 24.450 25.709 26.960 28.174 29.461 31.247 34.226 36.404 37.925 39.007 39.794 40.373 40.797 41.104 41.321 41.466 41.554 41.594 41.597 41.568 41.511 41.433 41.335 41.222 41.095 40.957 40.810 40.655 40.494 40.328 40.158
0.000 0.000 0.000 0.000 0.000 0.000 0.000 0.000 0.000 0.002 0.010 0.010 0.010 0.010 0.008 0.049 0.298 0.735 1.409 2.340 3.519 4.912 6.467 8.128 9.838 11.542 13.191 14.740 16.149 17.390 18.453 19.364 20.160 20.872 21.513 22.085 22.593 23.062 23.579 24.348 25.653 27.561 30.101 34.072 36.824 38.627 39.855 40.727 41.360 41.824 42.162 42.404 42.569 42.673 42.728 42.742 42.722 42.673 42.599 42.505 42.392 42.265 42.124 41.972 41.810 41.640 41.464 41.281 41.095 40.905 40.712 40.518
0.000 0.002 0.008 0.009 0.009 0.010 0.010 0.008 0.102 0.500 1.143 2.049 3.205 4.569 6.089 7.709 9.371 11.021 12.610 14.093 15.432 16.593 17.558 18.331 18.938 19.412 19.780 20.053 20.234 20.317 20.315 20.292 20.354 20.623 21.189 22.105 23.404 25.227 27.582 30.524 35.247 38.242 40.046 41.213 42.017 42.590 43.005 43.305 43.517 43.661 43.748 43.790 43.794 43.766 43.710 43.631 43.532 43.414 43.281 43.135 42.976 42.806 42.628 42.441 42.248 42.048 41.844 41.636 41.425 41.211 40.997 40.782
0.005 0.257 0.868 1.756 2.901 4.261 5.783 7.408 9.077 10.736 12.332 13.819 15.157 16.311 17.258 17.993 18.532 18.906 19.147 19.280 19.316 19.257 19.104 18.875 18.620 18.415 18.333 18.425 18.711 19.188 19.845 20.682 21.721 23.006 24.639 26.837 29.636 33.983 38.569 40.777 42.109 42.975 43.569 43.990 44.290 44.500 44.643 44.731 44.774 44.780 44.755 44.703 44.628 44.532 44.418 44.288 44.143 43.986 43.816 43.636 43.447 43.249 43.043 42.831 42.613 42.390 42.163 41.933 41.700 41.466 41.231 40.997
8.837 10.598 12.256 13.801 15.191 16.387 17.361 18.103 18.625 18.953 19.122 19.161 19.094 18.931 18.677 18.342 17.951 17.555 17.215 16.987 16.905 16.976 17.189 17.524 17.960 18.481 19.082 19.765 20.544 21.446 22.522 23.847 25.576 27.958 31.116 37.081 40.591 42.478 43.588 44.304 44.791 45.130 45.367 45.529 45.633 45.690 45.709 45.696 45.655 45.591 45.506 45.402 45.282 45.146 44.996 44.834 44.660 44.475 44.280 44.076 43.863 43.643 43.416 43.182 42.943 42.699 42.452 42.201 41.949 41.695 41.440 41.186
18.827 19.403 19.553 19.524 19.369 19.107 18.750 18.309 17.803 17.269 16.760 16.329 16.019 15.850 15.821 15.920 16.122 16.408 16.757 17.156 17.595 18.072 18.585 19.139 19.743 20.410 21.160 22.027 23.066 24.363 26.089 28.535 31.943 38.477 41.945 43.710 44.729 45.378 45.812 46.111 46.316 46.453 46.537 46.578 46.586 46.564 46.517 46.448 46.360 46.254 46.132 45.996 45.847 45.685 45.511 45.326 45.130 44.924 44.709 44.486 44.254 44.014 43.768 43.515 43.257 42.994 42.727 42.457 42.185 41.911 41.637 41.363
17.558 17.334 16.716 16.115 15.617 15.253 15.033 14.949 14.985 15.117 15.325 15.588 15.894 16.230 16.590 16.971 17.370 17.789 18.227 18.689 19.179 19.704 20.272 20.899 21.604 22.419 23.395 24.619 26.254 28.636 32.061 39.105 42.804 44.625 45.645 46.280 46.699 46.984 47.177 47.304 47.380 47.417 47.421 47.397 47.350 47.282 47.195 47.092 46.973 46.841 46.695 46.536 46.366 46.184 45.992 45.789 45.575 45.353 45.121 44.880 44.631 44.374 44.110 43.840 43.563 43.282 42.996 42.707 42.416 42.123 41.829 41.535
13.665 14.215 14.354 14.514 14.722 14.969 15.244 15.539 15.851 16.175 16.510 16.856 17.213 17.581 17.962 18.358 18.771 19.205 19.664 20.155 20.686 21.270 21.925 22.678 23.577 24.698 26.189 28.378 31.584 39.019 43.223 45.276 46.383 47.052 47.485 47.775 47.971 48.100 48.178 48.217 48.223 48.203 48.159 48.096 48.014 47.916 47.803 47.677 47.537 47.385 47.220 47.045 46.858 46.660 46.452 46.234 46.006 45.768 45.520 45.264 44.999 44.726 44.446 44.158 43.865 43.566 43.262 42.955 42.644 42.332 42.019 41.707
13.933 14.931 15.290 15.581 15.873 16.173 16.479 16.792 17.112 17.439 17.775 18.121 18.478 18.849 19.236 19.641 20.069 20.527 21.020 21.562 22.167 22.858 23.674 24.681 25.997 27.877 30.737 36.136 43.099 45.664 46.958 47.711 48.186 48.501 48.712 48.852 48.939 48.985 48.998 48.985 48.948 48.892 48.817 48.727 48.621 48.502 48.370 48.225 48.069 47.901 47.722 47.532 47.331 47.119 46.897 46.665 46.423 46.171 45.909 45.638 45.359 45.071 44.775 44.471 44.161 43.846 43.525 43.200 42.872 42.542 42.210 41.879
14.838 16.066 16.480 16.778 17.069 17.363 17.663 17.971 18.286 18.610 18.944 19.291 19.652 20.030 20.430 20.855 21.313 21.813 22.369 23.000 23.734 24.623 25.764 27.341 29.760 33.688 42.021 45.689 47.351 48.256 48.808 49.167 49.406 49.565 49.666 49.725 49.749 49.745 49.717 49.670 49.604 49.522 49.425 49.314 49.191 49.055 48.907 48.748 48.577 48.395 48.203 48.000 47.786 47.561 47.326 47.081 46.826 46.561 46.286 46.001 45.708 45.405 45.095 44.777 44.451 44.120 43.783 43.442 43.097 42.749 42.401 42.052
15.692 17.138 17.608 17.910 18.195 18.483 18.777 19.080 19.391 19.715 20.051 20.403 20.775 21.170 21.593 22.053 22.560 23.132 23.791 24.576 25.555 26.860 28.782 31.842 39.028 45.194 47.496 48.668 49.346 49.774 50.055 50.243 50.365 50.440 50.478 50.486 50.469 50.431 50.375 50.302 50.214 50.112 49.998 49.871 49.732 49.581 49.419 49.246 49.063 48.868 48.663 48.448 48.221 47.985 47.738 47.480 47.212 46.935 46.647 46.350 46.043 45.728 45.403 45.071 44.732 44.386 44.034 43.678 43.317 42.954 42.589 42.224
16.483 18.155 18.695 19.007 19.289 19.571 19.860 20.159 20.471 20.797 21.140 21.503 21.892 22.313 22.775 23.290 23.878 24.566 25.405 26.485 27.990 30.354 34.415 43.480 47.256 48.903 49.785 50.318 50.660 50.888 51.039 51.134 51.189 51.210 51.206 51.179 51.132 51.069 50.990 50.897 50.791 50.672 50.542 50.400 50.247 50.083 49.908 49.722 49.526 49.319 49.102 48.874 48.636 48.387 48.129 47.859 47.580 47.290 46.991 46.681 46.362 46.034 45.698 45.353 45.000 44.640 44.275 43.905 43.530 43.153 42.774 42.394
17.232 19.146 19.777 20.111 20.393 20.672 20.957 21.253 21.565 21.894 22.245 22.625 23.039 23.499 24.019 24.623 25.341 26.235 27.432 29.192 32.066 38.415 46.323 48.846 50.086 50.786 51.220 51.502 51.690 51.812 51.886 51.924 51.933 51.917 51.881 51.826 51.756 51.671 51.573 51.462 51.339 51.205 51.060 50.903 50.737 50.559 50.372 50.173 49.965 49.746 49.517 49.278 49.028 48.768 48.498 48.217 47.927 47.626 47.315 46.994 46.663 46.323 45.975 45.618 45.253 44.881 44.503 44.120 43.732 43.342 42.950 42.558
17.949 20.122 20.872 21.242 21.531 21.805 22.085 22.379 22.692 23.029 23.395 23.798 24.251 24.772 25.382 26.128 27.087 28.408 30.474 34.045 43.715 48.242 50.170 51.149 51.722 52.085 52.322 52.478 52.577 52.633 52.656 52.652 52.626 52.580 52.517 52.440 52.348 52.244 52.127 52.000 51.861 51.711 51.552 51.381 51.201 51.011 50.811 50.600 50.380 50.149 49.909 49.658 49.397 49.126 48.845 48.553 48.252 47.940 47.618 47.286 46.944 46.592 46.232 45.863 45.487 45.103 44.713 44.319 43.920 43.519 43.117 42.714
18.626 21.067 21.961 22.389 22.697 22.973 23.251 23.544 23.861 24.210 24.599 25.040 25.553 26.168 26.934 27.949 29.414 31.825 36.560 46.317 49.837 51.340 52.144 52.627 52.935 53.136 53.266 53.345 53.384 53.393 53.377 53.339 53.283 53.211 53.124 53.024 52.912 52.789 52.655 52.510 52.356 52.191 52.017 51.834 51.640 51.437 51.225 51.003 50.771 50.529 50.277 50.016 49.744 49.462 49.170 48.867 48.555 48.232 47.898 47.555 47.202 46.839 46.467 46.086 45.698 45.303 44.903 44.498 44.089 43.679 43.268 42.858
19.242 21.945 23.006 23.519 23.867 24.160 24.445 24.743 25.071 25.436 25.858 26.357 26.965 27.744 28.799 30.401 33.178 39.825 48.582 51.181 52.421 53.104 53.521 53.787 53.959 54.066 54.126 54.149 54.143 54.113 54.063 53.995 53.911 53.813 53.703 53.582 53.449 53.307 53.155 52.994 52.824 52.645 52.457 52.260 52.055 51.840 51.616 51.383 51.140 50.888 50.626 50.353 50.071 49.778 49.475 49.161 48.837 48.502 48.156 47.800 47.435 47.059 46.675 46.282 45.882 45.477 45.066 44.652 44.235 43.818 43.402 42.987
19.778 22.712 23.942 24.560 24.973 25.304 25.615 25.936 26.285 26.684 27.161 27.750 28.510 29.583 31.274 34.400 44.211 50.114 52.357 53.437 54.043 54.414 54.649 54.798 54.885 54.927 54.934 54.913 54.867 54.802 54.719 54.621 54.510 54.387 54.253 54.109 53.956 53.795 53.626 53.449 53.264 53.072 52.872 52.664 52.447 52.223 51.989 51.747 51.494 51.232 50.960 50.677 50.384 50.079 49.764 49.437 49.099 48.750 48.390 48.020 47.639 47.249 46.851 46.445 46.033 45.616 45.196 44.774 44.352 43.931 43.513 43.098
20.234 23.356 24.739 25.469 25.962 26.351 26.706 27.067 27.461 27.915 28.468 29.187 30.204 31.836 35.036 45.985 51.233 53.357 54.377 54.951 55.300 55.518 55.651 55.723 55.750 55.741 55.703 55.640 55.557 55.457 55.341 55.212 55.072 54.923 54.765 54.599 54.426 54.247 54.063 53.872 53.676 53.474 53.266 53.050 52.828 52.597 52.357 52.108 51.848 51.578 51.296 51.002 50.696 50.377 50.047 49.703 49.348 48.980 48.602 48.212 47.813 47.406 46.990 46.569 46.144 45.716 45.288 44.860 44.434 44.013 43.596 43.185
20.626 23.899 25.415 26.251 26.831 27.295 27.712 28.125 28.568 29.081 29.724 30.607 31.988 34.658 43.213 51.526 53.992 55.139 55.763 56.133 56.360 56.493 56.560 56.577 56.555 56.501 56.420 56.317 56.196 56.059 55.908 55.748 55.578 55.402 55.220 55.035 54.846 54.655 54.461 54.265 54.066 53.864 53.657 53.444 53.223 52.993 52.753 52.500 52.234 51.954 51.658 51.346 51.020 50.679 50.324 49.956 49.576 49.186 48.786 48.376 47.957 47.531 47.099 46.663 46.224 45.786 45.350 44.917 44.490 44.069 43.656 43.252
20.979 24.390 26.032 26.974 27.650 28.201 28.696 29.170 29.658 30.210 30.904 31.869 33.462 36.985 48.774 53.503 55.326 56.221 56.727 57.029 57.206 57.299 57.327 57.306 57.245 57.151 57.030 56.887 56.725 56.550 56.364 56.172 55.975 55.778 55.581 55.387 55.199 55.015 54.837 54.662 54.491 54.320 54.147 53.969 53.784 53.587 53.374 53.143 52.888 52.606 52.295 51.955 51.585 51.180 50.737 50.263 49.773 49.277 48.785 48.302 47.829 47.368 46.917 46.477 46.047 45.629 45.222 44.827 44.442 44.068 43.704 43.347
21.242 24.803 26.587 27.664 28.467 29.133 29.728 30.281 30.826 31.381 31.993 32.759 33.879 36.119 43.288 52.303 54.893 56.162 56.858 57.264 57.502 57.627 57.670 57.648 57.574 57.458 57.308 57.133 56.940 56.736 56.527 56.319 56.117 55.926 55.750 55.594 55.461 55.348 55.246 55.150 55.059 54.972 54.890 54.811 54.735 54.662 54.590 54.520 54.450 54.382 54.335 54.398 54.748 54.740 53.339 51.255 49.516 48.353 47.617 47.155 46.843 46.589 46.352 46.120 45.890 45.665 45.445 45.231 45.024 44.821 44.621 44.422
21.563 25.134 26.901 27.930 28.660 29.231 29.712 30.136 30.512 30.857 31.192 31.540 31.935 32.471 33.289 34.718 37.785 48.362 52.680 54.305 55.115 55.596 55.892 56.059 56.127 56.116 56.041 55.912 55.736 55.517 55.257 54.954 54.614 54.249 53.877 53.513 53.162 52.827 52.506 52.195 51.891 51.592 51.297 51.007 50.721 50.440 50.165 49.895 49.631 49.373 49.121 48.876 48.637 48.405 48.177 47.955 47.736 47.521 47.308 47.099 46.893 46.690 46.489 46.291 46.094 45.899 45.703 45.507 45.310 45.110 44.908 44.702
27.832 30.717 31.693 31.708 31.187 30.310 29.193 27.922 26.591 25.339 24.325 23.621 23.188 22.972 22.930 23.033 23.268 23.640 24.181 24.954 26.082 27.716 29.728 31.966 34.390 37.075 40.113 43.472 46.883 49.745 51.149 50.173 46.489 40.797 34.669 30.014 27.760 28.530 33.469 43.636 47.727 49.312 50.001 50.312 50.440 50.471 50.448 50.398 50.338 50.277 50.222 50.169 50.091 49.932 49.664 49.305 48.886 48.442 48.002 47.584 47.195 46.844 46.537 46.270 46.035 45.821 45.618 45.419 45.220 45.018 44.812 44.600
23.250 28.784 34.432 48.005 53.217 55.257 56.308 56.964 57.416 57.740 57.975 58.141 58.250 58.312 58.333 58.318 58.272 58.199 58.099 57.978 57.838 57.684 57.519 57.345 57.161 56.969 56.768 56.557 56.337 56.105 55.863 55.608 55.341 55.062 54.771 54.469 54.156 53.834 53.506 53.173 52.837 52.500 52.165 51.833 51.506 51.185 50.871 50.566 50.271 49.986 49.712 49.449 49.197 48.954 48.720 48.496 48.280 48.072 47.871 47.677 47.488 47.303 47.121 46.940 46.759 46.574 46.385 46.189 45.984 45.768 45.541 45.300
28.221 32.087 34.675 36.810 38.761 40.564 42.208 43.672 44.944 46.039 47.022 47.970 48.905 49.814 50.637 51.198 51.163 50.085 47.618 43.824 39.344 35.217 32.034 29.797 28.250 27.091 26.070 25.055 24.095 23.382 23.088 23.255 23.833 24.783 26.133 27.992 30.186 32.584 35.741 43.391 46.578 47.765 48.284 48.527 48.621 48.617 48.538 48.397 48.201 47.956 47.677 47.395 47.156 46.967 46.818 46.697 46.594 46.501 46.411 46.317 45.600 46.022 46.130 46.094 46.023 45.928 45.811 45.675 45.522 45.353 45.168 44.967
34.571 56.911 61.094 62.450 63.095 63.438 63.617 63.690 63.686 63.621 63.504 63.344 63.146 62.915 62.655 62.370 62.064 61.741 61.404 61.055 60.698 60.335 59.968 59.599 59.230 58.862 58.496 58.133 57.774 57.420 57.071 56.727 56.388 56.054 55.725 55.401 55.081 54.766 54.455 54.147 53.843 53.541 53.243 52.946 52.652 52.359 52.067 51.777 51.488 51.199 50.911 50.624 50.337 50.050 49.763 49.477 49.190 48.902 48.614 48.326 48.037 47.747 47.456 47.164 46.871 46.577 46.281 45.984 45.686 45.386 45.085 44.783
28.316 32.184 34.769 36.895 38.828 40.606 42.218 43.642 44.868 45.912 46.844 47.744 48.636 49.517 50.333 50.912 50.921 49.905 47.501 43.760 39.313 35.203 32.023 29.780 28.224 27.052 26.013 24.982 24.018 23.319 23.050 23.241 23.839 24.805 26.171 28.046 30.246 32.645 35.813 43.454 46.613 47.789 48.303 48.544 48.637 48.632 48.552 48.411 48.214 47.970 47.692 47.415 47.181 46.997 46.850 46.730 46.628 46.535 46.445 46.350 45.590 46.029 46.142 46.102 46.029 45.933 45.815 45.679 45.526 45.357 45.172 44.971
23.251 28.785 34.433 48.008 53.219 55.258 56.309 56.965 57.416 57.741 57.975 58.141 58.249 58.311 58.331 58.317 58.271 58.197 58.097 57.975 57.835 57.682 57.517 57.343 57.159 56.967 56.766 56.555 56.334 56.103 55.860 55.606 55.339 55.060 54.769 54.466 54.154 53.832 53.503 53.170 52.834 52.498 52.163 51.831 51.504 51.183 50.869 50.564 50.269 49.985 49.711 49.448 49.196 48.953 48.720 48.495 48.280 48.072 47.871 47.677 47.488 47.304 47.122 46.941 46.760 46.575 46.386 46.190 45.985 45.770 45.543 45.301
27.830 30.711 31.685 31.698 31.173 30.295 29.177 27.906 26.577 25.327 24.317 23.617 23.186 22.972 22.933 23.038 23.275 23.650 24.194 24.972 26.106 27.746 29.761 32.000 34.429 37.124 40.173 43.539 46.942 49.775 51.122 50.065 46.302 40.563 34.448 29.859 27.674 28.509 33.491 43.665 47.738 49.314 49.998 50.309 50.436 50.467 50.445 50.396 50.337 50.278 50.224 50.172 50.093 49.933 49.663 49.301 48.880 48.435 47.994 47.577 47.191 46.842 46.536 46.270 46.035 45.821 45.618 45.419 45.219 45.017 44.811 44.600
