Examples/2023_ISeeSnow/data/CoulombOnly/Results/curv77s/s/1HS_03_curv77s_MoT-Voellmy_s_0039.asc
ncols        175
nrows        15
xllcorner    2162.5
yllcorner    -4287.5
cellsize     5.00
NODATA_value -9999
21.827 22.063 22.197 22.325 22.450 22.576 22.702 22.828 22.952 23.073 23.194 23.320 23.450 23.581 23.714 23.849 23.987 24.128 24.273 24.420 24.572 24.725 24.883 25.048 25.215 25.389 25.571 25.757 25.942 26.135 26.340 26.557 26.781 27.011 27.246 27.488 27.736 27.997 28.276 28.570 28.869 29.180 29.507 29.850 30.206 30.580 30.969 31.376 31.808 32.264 32.743 33.242 33.769 34.331 34.929 35.566 36.254 37.009 37.858 38.871 40.332 42.641 45.980 50.060 54.045 56.791 57.370 55.601 52.106 47.848 43.582 39.638 36.015 32.532 28.446 18.004 2.103 0.002 0.000 0.000 0.000 0.000 0.000 0.000 0.000 0.000 0.000 0.000 0.000 0.000 0.000 0.000 0.000 0.000 0.000 0.000 0.000 0.000 0.000 0.000 0.000 0.000 0.000 0.000 0.000 0.000 0.000 0.000 0.000 0.000 0.000 0.000 0.000 0.000 0.000 0.000 0.000 0.000 0.000 0.000 0.000 0.000 0.000 0.000 0.000 0.000 0.000 0.000 0.000 0.000 0.000 0.000 0.000 0.000 0.000 0.000 0.000 0.000 0.000 0.000 0.000 0.000 0.000 0.000 0.000 0.000 0.000 0.000 0.000 0.000 0.000 0.000 0.000 0.000 0.000 0.000 0.000 0.000 0.000 0.000 0.000 0.000 0.000 0.000 0.000 0.000 0.000 0.000 0.000 0.000 0.000 0.000 0.000 0.000 0.000
22.508 23.096 23.337 23.547 23.751 23.956 24.163 24.373 24.585 24.803 25.023 25.250 25.485 25.727 25.976 26.236 26.510 26.793 27.086 27.396 27.729 28.084 28.460 28.858 29.283 29.740 30.237 30.782 31.384 32.054 32.810 33.673 34.674 35.863 37.319 39.185 41.747 45.704 53.508 71.903 76.966 78.597 79.378 79.865 80.214 80.484 80.700 80.879 81.028 81.155 81.265 81.362 81.449 81.529 81.602 81.671 81.737 81.801 81.862 81.922 81.982 82.042 82.103 82.165 82.228 82.293 82.357 82.420 82.479 82.532 82.579 82.615 82.641 82.654 82.658 82.683 82.743 82.804 82.864 82.922 82.978 83.032 83.085 83.134 83.182 83.226 83.268 83.307 83.344 83.377 83.407 83.435 83.459 83.481 83.501 83.520 83.540 83.566 83.616 83.737 84.084 85.221 89.538 93.201 88.498 81.234 72.678 41.529 2.174 0.000 0.000 0.000 0.000 0.000 0.000 0.000 0.000 0.001 0.003 0.009 0.155 0.535 1.248 2.575 3.521 3.823 3.617 3.077 2.379 1.665 1.031 0.523 0.151 0.013 0.000 0.000 0.000 0.000 0.000 0.000 0.000 0.000 0.000 0.000 0.000 0.000 0.000 0.000 0.000 0.000 0.000 0.000 0.000 0.000 0.000 0.000 0.000 0.000 0.000 0.000 0.000 0.000 0.000 0.000 0.000 0.000 0.000 0.000 0.000 0.000 0.000 0.000 0.000 0.000 0.000
24.397 25.643 26.107 26.452 26.777 27.104 27.436 27.776 28.126 28.485 28.857 29.240 29.642 30.061 30.504 30.971 31.472 32.006 32.591 33.233 33.951 34.770 35.714 36.868 38.315 40.263 43.229 48.710 66.364 73.434 76.222 77.691 78.658 79.368 79.915 80.349 80.698 80.986 81.225 81.409 81.531 81.612 81.671 81.718 81.761 81.802 81.843 81.886 81.931 81.977 82.027 82.078 82.130 82.184 82.239 82.295 82.351 82.407 82.463 82.518 82.573 82.627 82.680 82.732 82.783 82.834 82.884 82.933 82.981 83.029 83.075 83.121 83.165 83.207 83.248 83.288 83.327 83.367 83.406 83.446 83.486 83.526 83.566 83.607 83.649 83.690 83.733 83.775 83.818 83.862 83.906 83.950 83.994 84.039 84.085 84.133 84.183 84.236 84.294 84.358 84.433 84.524 84.630 84.723 84.770 84.767 84.740 84.768 84.876 84.999 85.129 85.264 85.405 85.551 85.702 85.857 86.014 86.168 86.311 86.435 86.530 86.597 86.639 86.666 86.687 86.709 86.734 86.759 86.784 86.801 86.845 86.921 86.223 28.389 9.109 4.623 2.133 0.843 0.263 0.057 0.006 0.001 0.000 0.000 0.000 0.000 0.000 0.000 0.000 0.000 0.000 0.000 0.000 0.000 0.000 0.000 0.000 0.000 0.000 0.000 0.000 0.000 0.000 0.000 0.000 0.000 0.000 0.000 0.000 0.000 0.000 0.000 0.000 0.000 0.000
26.718 28.942 29.847 30.440 30.945 31.436 31.930 32.433 32.952 33.491 34.055 34.643 35.271 35.948 36.685 37.522 38.496 39.709 41.334 43.808 48.504 63.789 72.466 75.721 77.510 78.704 79.582 80.257 80.773 81.129 81.372 81.544 81.671 81.769 81.847 81.913 81.970 82.022 82.069 82.112 82.153 82.192 82.231 82.271 82.311 82.351 82.392 82.434 82.476 82.518 82.561 82.604 82.647 82.689 82.732 82.775 82.817 82.859 82.901 82.943 82.985 83.026 83.067 83.108 83.149 83.189 83.229 83.270 83.310 83.350 83.391 83.431 83.472 83.513 83.554 83.595 83.636 83.678 83.720 83.763 83.806 83.849 83.895 83.943 83.993 84.045 84.101 84.159 84.219 84.283 84.349 84.419 84.491 84.565 84.642 84.721 84.803 84.886 84.970 85.056 85.143 85.230 85.318 85.405 85.491 85.576 85.659 85.742 85.825 85.907 85.989 86.070 86.151 86.230 86.308 86.384 86.458 86.528 86.594 86.654 86.708 86.756 86.797 86.834 86.868 86.902 86.937 86.975 87.015 87.058 87.104 87.150 87.196 87.240 87.281 87.319 87.352 87.386 87.430 87.470 87.397 83.197 13.046 1.314 0.195 0.004 0.000 0.000 0.000 0.000 0.000 0.000 0.000 0.000 0.000 0.000 0.000 0.000 0.000 0.000 0.000 0.000 0.000 0.000 0.000 0.000 0.000 0.000 0.000 0.000 0.000 0.000 0.000 0.000 0.000
28.857 32.183 33.781 34.822 35.633 36.357 37.055 37.759 38.486 39.260 40.117 41.103 42.314 43.987 46.835 53.736 68.790 74.143 76.666 78.235 79.345 80.163 80.732 81.126 81.406 81.611 81.764 81.880 81.969 82.036 82.088 82.128 82.162 82.190 82.216 82.240 82.263 82.286 82.310 82.335 82.362 82.390 82.419 82.451 82.485 82.520 82.557 82.596 82.637 82.678 82.721 82.766 82.811 82.857 82.903 82.951 82.999 83.047 83.097 83.146 83.196 83.247 83.298 83.350 83.403 83.456 83.510 83.565 83.620 83.677 83.734 83.793 83.852 83.912 83.973 84.036 84.099 84.164 84.230 84.297 84.365 84.435 84.508 84.583 84.659 84.738 84.819 84.902 84.986 85.072 85.159 85.246 85.335 85.423 85.510 85.596 85.680 85.763 85.844 85.922 85.999 86.073 86.145 86.215 86.283 86.349 86.413 86.476 86.537 86.597 86.656 86.713 86.769 86.823 86.875 86.925 86.973 87.020 87.064 87.106 87.146 87.185 87.224 87.263 87.305 87.349 87.397 87.446 87.498 87.550 87.601 87.649 87.694 87.735 87.770 87.801 87.827 87.850 87.870 87.889 87.908 87.927 87.947 87.966 87.984 87.999 88.009 88.015 88.019 88.042 74.867 7.119 0.148 0.000 0.000 0.000 0.000 0.000 0.000 0.000 0.000 0.000 0.000 0.000 0.000 0.000 0.000 0.000 0.000 0.000 0.000 0.000 0.000 0.000 0.000
30.341 34.794 37.348 39.198 40.672 41.949 43.148 44.398 45.946 48.490 55.045 68.974 74.139 76.692 78.310 79.460 80.289 80.877 81.301 81.615 81.850 82.029 82.164 82.267 82.346 82.408 82.455 82.492 82.522 82.546 82.567 82.584 82.600 82.616 82.631 82.648 82.666 82.686 82.709 82.735 82.764 82.796 82.831 82.869 82.910 82.955 83.002 83.052 83.104 83.159 83.216 83.274 83.335 83.397 83.460 83.525 83.591 83.658 83.727 83.796 83.866 83.936 84.008 84.080 84.152 84.226 84.300 84.374 84.449 84.525 84.602 84.679 84.757 84.837 84.917 84.999 85.082 85.166 85.251 85.338 85.426 85.514 85.603 85.691 85.778 85.864 85.950 86.035 86.118 86.201 86.282 86.362 86.441 86.518 86.595 86.671 86.746 86.822 86.897 86.972 87.048 87.124 87.201 87.279 87.357 87.435 87.514 87.592 87.670 87.748 87.824 87.898 87.972 88.043 88.112 88.179 88.244 88.306 88.367 88.427 88.486 88.543 88.600 88.655 88.708 88.759 88.806 88.849 88.888 88.921 88.949 88.971 88.986 88.995 88.997 88.993 88.983 88.965 88.942 88.912 88.875 88.833 88.785 88.730 88.671 88.606 88.536 88.463 88.387 88.310 88.235 88.169 88.108 88.053 88.007 87.974 87.961 87.974 88.048 88.122 54.235 1.497 0.000 0.000 0.000 0.000 0.000 0.000 0.000 0.000 0.000 0.000 0.000 0.000 0.000
32.146 36.986 39.833 41.894 43.501 44.843 46.037 47.170 48.347 49.762 51.856 55.468 65.935 72.673 76.278 78.363 79.680 80.556 81.158 81.580 81.879 82.093 82.247 82.356 82.433 82.488 82.525 82.551 82.569 82.581 82.591 82.600 82.610 82.621 82.635 82.653 82.674 82.700 82.729 82.763 82.801 82.843 82.888 82.937 82.988 83.043 83.100 83.159 83.220 83.282 83.346 83.412 83.478 83.546 83.614 83.683 83.753 83.823 83.894 83.966 84.038 84.110 84.184 84.257 84.331 84.406 84.481 84.557 84.633 84.710 84.787 84.865 84.944 85.023 85.103 85.184 85.265 85.347 85.429 85.512 85.595 85.679 85.763 85.847 85.932 86.017 86.102 86.187 86.273 86.358 86.444 86.530 86.616 86.702 86.789 86.875 86.961 87.048 87.134 87.220 87.307 87.392 87.478 87.563 87.647 87.731 87.814 87.896 87.978 88.059 88.138 88.217 88.295 88.371 88.447 88.520 88.592 88.662 88.730 88.795 88.856 88.914 88.967 89.016 89.059 89.097 89.130 89.156 89.176 89.191 89.199 89.201 89.198 89.188 89.173 89.152 89.125 89.094 89.057 89.016 88.970 88.921 88.868 88.811 88.751 88.688 88.622 88.554 88.484 88.411 88.335 88.258 88.178 88.095 88.011 87.924 87.836 87.747 87.657 87.570 87.503 87.484 87.489 87.513 87.554 87.670 46.839 0.926 0.001 0.000 0.000 0.000 0.000 0.000 0.000
50.492 72.951 76.949 78.478 79.348 79.947 80.411 80.794 81.118 81.396 81.635 81.840 82.015 82.158 82.274 82.364 82.434 82.486 82.526 82.555 82.578 82.595 82.610 82.624 82.639 82.655 82.674 82.696 82.722 82.751 82.784 82.821 82.861 82.905 82.951 83.001 83.053 83.107 83.163 83.220 83.279 83.339 83.400 83.461 83.523 83.586 83.650 83.714 83.779 83.845 83.911 83.979 84.047 84.117 84.188 84.260 84.333 84.408 84.485 84.562 84.642 84.722 84.804 84.888 84.973 85.058 85.145 85.233 85.322 85.412 85.502 85.592 85.683 85.774 85.866 85.957 86.048 86.138 86.228 86.318 86.407 86.495 86.583 86.669 86.755 86.840 86.924 87.007 87.088 87.169 87.249 87.328 87.406 87.483 87.559 87.634 87.709 87.782 87.856 87.928 88.000 88.072 88.144 88.215 88.286 88.358 88.429 88.501 88.573 88.645 88.718 88.791 88.864 88.938 89.012 89.087 89.162 89.236 89.311 89.386 89.459 89.533 89.604 89.675 89.744 89.810 89.874 89.935 89.992 90.045 90.094 90.137 90.175 90.208 90.233 90.252 90.264 90.268 90.264 90.251 90.230 90.200 90.161 90.114 90.057 89.992 89.918 89.836 89.746 89.649 89.545 89.435 89.319 89.198 89.072 88.942 88.809 88.672 88.533 88.391 88.247 88.100 87.951 87.800 87.645 87.486 87.340 87.219 87.101 86.981 86.879 86.656 86.852 87.380 0.000
32.147 36.988 39.836 41.899 43.506 44.850 46.043 47.176 48.354 49.768 51.862 55.474 65.941 72.678 76.281 78.365 79.681 80.557 81.158 81.580 81.880 82.094 82.247 82.356 82.433 82.488 82.525 82.551 82.569 82.581 82.591 82.600 82.610 82.621 82.636 82.653 82.674 82.700 82.729 82.763 82.801 82.843 82.888 82.937 82.988 83.043 83.100 83.159 83.220 83.282 83.346 83.412 83.478 83.546 83.614 83.683 83.753 83.824 83.895 83.966 84.038 84.111 84.184 84.257 84.331 84.406 84.481 84.557 84.633 84.710 84.788 84.866 84.944 85.024 85.104 85.184 85.266 85.347 85.430 85.512 85.596 85.679 85.763 85.848 85.932 86.017 86.102 86.188 86.273 86.359 86.444 86.530 86.616 86.702 86.789 86.875 86.961 87.048 87.134 87.221 87.307 87.392 87.478 87.563 87.647 87.731 87.814 87.896 87.978 88.058 88.138 88.217 88.295 88.371 88.446 88.520 88.592 88.662 88.730 88.795 88.856 88.914 88.967 89.016 89.059 89.097 89.130 89.156 89.176 89.191 89.199 89.201 89.197 89.188 89.172 89.151 89.125 89.093 89.057 89.016 88.970 88.920 88.867 88.810 88.750 88.687 88.622 88.554 88.483 88.410 88.335 88.257 88.177 88.095 88.010 87.924 87.836 87.746 87.657 87.569 87.503 87.484 87.489 87.513 87.553 87.666 46.725 0.914 0.000 0.000 0.000 0.000 0.000 0.000 0.000
30.340 34.793 37.347 39.197 40.671 41.948 43.147 44.398 45.947 48.492 55.053 68.980 74.142 76.693 78.311 79.460 80.290 80.877 81.302 81.615 81.850 82.029 82.164 82.268 82.347 82.408 82.455 82.492 82.522 82.546 82.567 82.584 82.600 82.616 82.632 82.648 82.666 82.687 82.709 82.735 82.764 82.796 82.831 82.869 82.910 82.955 83.002 83.052 83.104 83.159 83.216 83.274 83.335 83.397 83.460 83.525 83.591 83.658 83.727 83.796 83.866 83.936 84.008 84.080 84.152 84.226 84.300 84.374 84.449 84.525 84.602 84.679 84.757 84.837 84.917 84.999 85.081 85.166 85.251 85.338 85.426 85.514 85.602 85.690 85.778 85.864 85.950 86.034 86.118 86.200 86.282 86.361 86.440 86.518 86.595 86.671 86.746 86.821 86.897 86.972 87.048 87.124 87.201 87.279 87.357 87.435 87.514 87.592 87.670 87.748 87.824 87.899 87.972 88.043 88.112 88.179 88.244 88.306 88.367 88.427 88.485 88.543 88.599 88.654 88.708 88.758 88.806 88.849 88.888 88.921 88.949 88.970 88.986 88.995 88.997 88.993 88.982 88.965 88.941 88.911 88.875 88.833 88.784 88.730 88.670 88.605 88.536 88.462 88.386 88.310 88.235 88.169 88.108 88.053 88.007 87.974 87.960 87.973 88.048 88.125 54.141 1.484 0.000 0.000 0.000 0.000 0.000 0.000 0.000 0.000 0.000 0.000 0.000 0.000 0.000
28.857 32.183 33.781 34.823 35.633 36.357 37.056 37.759 38.487 39.261 40.117 41.103 42.315 43.989 46.838 53.745 68.795 74.145 76.667 78.236 79.345 80.164 80.732 81.126 81.406 81.611 81.764 81.880 81.969 82.036 82.088 82.129 82.162 82.190 82.216 82.240 82.263 82.286 82.310 82.335 82.362 82.390 82.419 82.451 82.484 82.520 82.557 82.596 82.636 82.678 82.721 82.765 82.811 82.857 82.903 82.951 82.999 83.047 83.096 83.146 83.196 83.247 83.298 83.350 83.402 83.456 83.510 83.564 83.620 83.676 83.734 83.792 83.851 83.912 83.973 84.035 84.099 84.164 84.229 84.296 84.365 84.435 84.507 84.582 84.659 84.738 84.818 84.901 84.985 85.071 85.158 85.246 85.334 85.422 85.509 85.595 85.680 85.762 85.843 85.922 85.998 86.072 86.144 86.214 86.282 86.348 86.412 86.475 86.537 86.597 86.655 86.713 86.768 86.822 86.874 86.925 86.973 87.019 87.063 87.105 87.145 87.184 87.223 87.263 87.304 87.349 87.396 87.446 87.497 87.549 87.600 87.649 87.693 87.734 87.769 87.800 87.826 87.849 87.870 87.889 87.907 87.927 87.946 87.966 87.984 87.999 88.009 88.015 88.018 88.046 74.686 7.041 0.148 0.000 0.000 0.000 0.000 0.000 0.000 0.000 0.000 0.000 0.000 0.000 0.000 0.000 0.000 0.000 0.000 0.000 0.000 0.000 0.000 0.000 0.000
26.718 28.942 29.848 30.441 30.946 31.436 31.930 32.434 32.952 33.492 34.056 34.644 35.272 35.948 36.686 37.523 38.497 39.710 41.336 43.810 48.508 63.808 72.469 75.722 77.510 78.705 79.582 80.257 80.773 81.129 81.372 81.544 81.671 81.769 81.847 81.913 81.970 82.022 82.069 82.112 82.153 82.192 82.231 82.271 82.310 82.351 82.392 82.434 82.476 82.518 82.561 82.604 82.646 82.689 82.732 82.774 82.817 82.859 82.901 82.943 82.984 83.026 83.067 83.108 83.148 83.189 83.229 83.269 83.310 83.350 83.390 83.431 83.471 83.512 83.553 83.594 83.636 83.677 83.719 83.762 83.805 83.849 83.894 83.942 83.992 84.045 84.100 84.158 84.219 84.283 84.349 84.418 84.490 84.565 84.642 84.721 84.802 84.885 84.970 85.055 85.142 85.230 85.317 85.405 85.490 85.575 85.658 85.741 85.824 85.906 85.988 86.070 86.150 86.229 86.307 86.383 86.457 86.527 86.593 86.654 86.708 86.755 86.797 86.833 86.868 86.902 86.937 86.974 87.014 87.058 87.103 87.150 87.196 87.240 87.281 87.318 87.352 87.386 87.429 87.467 87.406 82.830 12.819 1.304 0.192 0.004 0.000 0.000 0.000 0.000 0.000 0.000 0.000 0.000 0.000 0.000 0.000 0.000 0.000 0.000 0.000 0.000 0.000 0.000 0.000 0.000 0.000 0.000 0.000 0.000 0.000 0.000 0.000 0.000 0.000
24.397 25.643 26.107 26.452 26.778 27.105 27.437 27.777 28.126 28.485 28.857 29.241 29.642 30.061 30.505 30.972 31.473 32.007 32.592 33.233 33.952 34.770 35.716 36.869 38.317 40.266 43.232 48.716 66.370 73.437 76.223 77.691 78.658 79.368 79.915 80.349 80.698 80.986 81.225 81.409 81.531 81.612 81.671 81.718 81.761 81.802 81.843 81.886 81.930 81.977 82.026 82.077 82.130 82.184 82.239 82.295 82.351 82.407 82.463 82.518 82.573 82.626 82.679 82.732 82.783 82.833 82.883 82.932 82.980 83.028 83.075 83.120 83.164 83.207 83.247 83.287 83.326 83.366 83.405 83.445 83.485 83.525 83.566 83.607 83.648 83.690 83.732 83.774 83.817 83.861 83.905 83.949 83.993 84.038 84.084 84.132 84.182 84.235 84.293 84.357 84.432 84.523 84.630 84.722 84.768 84.765 84.737 84.767 84.875 84.998 85.128 85.264 85.405 85.551 85.702 85.856 86.013 86.168 86.311 86.435 86.530 86.597 86.638 86.665 86.686 86.708 86.733 86.759 86.784 86.799 86.840 86.928 85.809 27.991 9.060 4.596 2.118 0.835 0.260 0.055 0.006 0.001 0.000 0.000 0.000 0.000 0.000 0.000 0.000 0.000 0.000 0.000 0.000 0.000 0.000 0.000 0.000 0.000 0.000 0.000 0.000 0.000 0.000 0.000 0.000 0.000 0.000 0.000 0.000 0.000 0.000 0.000 0.000 0.000 0.000
22.508 23.096 23.337 23.547 23.751 23.956 24.163 24.373 24.586 24.803 25.024 25.250 25.485 25.727 25.976 26.237 26.510 26.794 27.087 27.397 27.730 28.085 28.461 28.859 29.283 29.740 30.237 30.782 31.384 32.055 32.811 33.674 34.676 35.865 37.321 39.187 41.750 45.710 53.523 71.911 76.968 78.597 79.378 79.864 80.214 80.483 80.700 80.878 81.028 81.155 81.265 81.362 81.449 81.528 81.602 81.671 81.737 81.800 81.862 81.922 81.982 82.041 82.102 82.164 82.228 82.293 82.357 82.419 82.478 82.532 82.578 82.615 82.640 82.653 82.657 82.683 82.742 82.803 82.863 82.921 82.977 83.031 83.084 83.133 83.181 83.225 83.267 83.306 83.343 83.376 83.406 83.434 83.458 83.480 83.500 83.519 83.539 83.565 83.615 83.738 84.089 85.242 89.635 93.205 88.436 81.138 72.556 41.057 2.076 0.000 0.000 0.000 0.000 0.000 0.000 0.000 0.000 0.001 0.003 0.009 0.148 0.524 1.231 2.556 3.503 3.807 3.603 3.065 2.369 1.657 1.025 0.519 0.148 0.012 0.000 0.000 0.000 0.000 0.000 0.000 0.000 0.000 0.000 0.000 0.000 0.000 0.000 0.000 0.000 0.000 0.000 0.000 0.000 0.000 0.000 0.000 0.000 0.000 0.000 0.000 0.000 0.000 0.000 0.000 0.000 0.000 0.000 0.000 0.000 0.000 0.000 0.000 0.000 0.000 0.000
21.827 22.063 22.196 22.324 22.450 22.575 22.702 22.828 22.953 23.074 23.195 23.320 23.451 23.581 23.713 23.849 23.987 24.129 24.273 24.421 24.572 24.725 24.884 25.048 25.216 25.390 25.572 25.757 25.942 26.136 26.341 26.558 26.782 27.012 27.247 27.489 27.737 27.997 28.276 28.570 28.870 29.181 29.509 29.851 30.207 30.582 30.970 31.377 31.809 32.266 32.745 33.244 33.770 34.333 34.931 35.568 36.255 37.011 37.861 38.873 40.332 42.638 45.976 50.055 54.044 56.795 57.380 55.615 52.122 47.862 43.593 39.646 36.021 32.536 28.450 18.016 2.108 0.002 0.000 0.000 0.000 0.000 0.000 0.000 0.000 0.000 0.000 0.000 0.000 0.000 0.000 0.000 0.000 0.000 0.000 0.000 0.000 0.000 0.000 0.000 0.000 0.000 0.000 0.000 0.000 0.000 0.000 0.000 0.000 0.000 0.000 0.000 0.000 0.000 0.000 0.000 0.000 0.000 0.000 0.000 0.000 0.000 0.000 0.000 0.000 0.000 0.000 0.000 0.000 0.000 0.000 0.000 0.000 0.000 0.000 0.000 0.000 0.000 0.000 0.000 0.000 0.000 0.000 0.000 0.000 0.000 0.000 0.000 0.000 0.000 0.000 0.000 0.000 0.000 0.000 0.000 0.000 0.000 0.000 0.000 0.000 0.000 0.000 0.000 0.000 0.000 0.000 0.000 0.000 0.000 0.000 0.000 0.000 0.000 0.000
