Examples/2023_ISeeSnow/data/CoulombOnly/Results/curv77s/s/1HS_03_curv77s_MoT-Voellmy_s_0067.asc
ncols        83
nrows        71
xllcorner    3872.5
yllcorner    -4427.5
cellsize     5.00
NODATA_value -9999
[rows 34 to 67 of 71, columns 0 to 75 of 83]
4.049 4.064 4.060 4.073 4.113 4.188 4.305 4.458 4.638 4.833 5.037 5.250 5.481 5.752 6.161 6.830 7.759 8.698 9.335 9.440 8.902 7.752 6.324 5.162 4.560 4.359 4.546 5.405 6.025 6.099 6.807 7.243 7.492 7.639 7.726 7.769 7.775 7.748 7.693 7.616 7.528 7.436 7.348 7.271 7.212 7.181 7.193 7.256 7.353 7.437 7.414 7.306 7.182 7.052 6.919 6.785 6.652 6.525 6.406 6.298 6.205 6.130 6.080 6.061 6.091 6.195 6.223 5.446 3.240 1.876 1.048 0.355 0.066 0.010 0.010 0.003
6.525 7.345 8.108 9.055 10.935 15.385 16.821 17.365 17.555 17.519 17.305 16.933 16.419 15.783 15.048 14.249 13.422 12.606 11.830 11.117 10.474 9.904 9.400 8.954 8.557 8.201 7.880 7.588 7.323 7.080 6.860 6.661 6.482 6.323 6.183 6.061 5.957 5.871 5.800 5.743 5.700 5.669 5.648 5.636 5.633 5.636 5.644 5.658 5.675 5.694 5.716 5.739 5.763 5.787 5.810 5.832 5.852 5.870 5.885 5.896 5.903 5.906 5.903 5.893 5.877 5.852 5.818 5.772 5.713 5.637 5.541 5.419 5.261 5.053 4.771 4.377
4.041 4.056 4.052 4.065 4.105 4.181 4.298 4.452 4.633 4.829 5.033 5.247 5.478 5.749 6.161 6.834 7.765 8.699 9.329 9.431 8.895 7.751 6.325 5.161 4.557 4.356 4.543 5.419 6.046 6.115 6.814 7.245 7.492 7.638 7.725 7.769 7.775 7.748 7.693 7.617 7.529 7.437 7.349 7.272 7.213 7.182 7.194 7.257 7.353 7.434 7.409 7.302 7.179 7.050 6.918 6.784 6.653 6.526 6.407 6.300 6.207 6.132 6.082 6.063 6.093 6.199 6.235 5.456 3.239 1.870 1.045 0.355 0.066 0.010 0.010 0.003
10.771 12.633 13.339 13.745 14.004 14.163 14.239 14.237 14.156 13.993 13.742 13.398 12.959 12.431 11.828 11.178 10.516 9.879 9.301 8.802 8.389 8.060 7.806 7.615 7.475 7.373 7.301 7.250 7.212 7.181 7.152 7.120 7.081 7.035 6.978 6.912 6.836 6.753 6.663 6.570 6.475 6.380 6.288 6.202 6.123 6.055 6.003 5.970 5.950 5.932 5.913 5.892 5.871 5.851 5.833 5.819 5.809 5.803 5.798 5.793 5.787 5.776 5.759 5.734 5.697 5.640 5.553 5.418 5.213 4.907 4.448 3.753 2.676 0.994 0.352 0.153
6.571 6.714 6.750 6.755 6.760 6.778 6.811 6.842 6.843 6.787 6.664 6.492 6.304 6.145 6.060 6.104 6.339 6.685 6.992 7.162 7.208 7.315 7.602 7.778 7.499 6.697 5.616 4.970 4.936 5.834 6.763 7.073 7.228 7.295 7.301 7.262 7.195 7.116 7.041 6.982 6.941 6.918 6.910 6.912 6.921 6.933 6.942 6.944 6.935 6.909 6.857 6.785 6.705 6.624 6.552 6.499 6.474 6.484 6.535 6.645 6.852 7.166 7.456 7.449 7.077 6.602 6.033 4.737 3.510 2.140 0.603 0.003 0.009 0.008 0.009 0.002
2.308 2.612 2.892 3.196 3.567 4.100 5.194 6.671 7.434 7.957 8.340 8.617 8.800 8.896 8.908 8.840 8.698 8.493 8.241 7.960 7.668 7.380 7.108 6.858 6.635 6.444 6.287 6.166 6.075 6.007 5.956 5.917 5.888 5.868 5.855 5.849 5.850 5.857 5.869 5.885 5.903 5.920 5.936 5.951 5.962 5.972 5.979 5.985 5.990 5.995 6.002 6.011 6.021 6.029 6.031 6.020 5.993 5.947 5.882 5.799 5.698 5.577 5.432 5.262 5.066 4.838 4.568 4.237 3.826 3.306 2.653 1.842 0.879 0.205 0.006 0.134
3.984 4.366 4.639 4.874 5.099 5.337 5.617 5.943 6.304 6.687 7.075 7.446 7.775 8.033 8.220 8.354 8.505 8.771 9.173 9.692 10.301 10.934 11.464 11.754 11.775 11.657 11.516 11.237 10.869 12.843 13.343 13.383 13.258 12.990 12.571 12.001 11.290 10.475 9.608 8.743 7.919 7.156 6.463 5.839 5.281 4.782 4.337 3.943 3.596 3.288 3.012 2.763 2.541 2.356 2.211 2.091 1.943 1.684 1.197 0.388 0.323 0.485 0.225 0.139 0.101 0.204 0.223 0.164 0.117 0.071 0.025 0.001 0.000 0.000 0.000 0.000
4.376 4.712 4.923 5.086 5.235 5.385 5.547 5.729 5.940 6.189 6.493 6.885 7.439 8.410 11.235 12.674 13.408 13.873 14.209 14.465 14.661 14.803 14.890 14.919 14.889 14.806 14.683 14.540 14.395 14.243 14.054 13.801 13.452 12.979 12.365 11.616 10.766 9.868 8.970 8.111 7.306 6.558 5.863 5.218 4.613 4.044 3.509 3.010 2.559 2.161 1.814 1.510 1.240 0.995 0.759 0.510 0.223 0.000 0.006 0.001 0.006 0.009 0.246 0.007 0.006 0.058 0.250 0.219 0.200 0.182 0.121 0.006 0.000 0.000 0.000 0.000
4.454 4.794 5.007 5.175 5.331 5.489 5.659 5.851 6.073 6.344 6.691 7.178 7.978 9.906 12.616 13.519 14.001 14.308 14.518 14.664 14.763 14.825 14.856 14.859 14.839 14.796 14.733 14.645 14.527 14.372 14.178 13.942 13.657 13.314 12.909 12.443 11.919 11.347 10.740 10.109 9.464 8.806 8.141 7.476 6.814 6.153 5.486 4.802 4.078 3.291 2.442 1.551 0.633 0.304 0.022 0.253 0.084 0.075 0.011 0.000 0.008 0.001 0.001 0.001 0.302 0.152 0.120 0.065 0.169 0.008 0.129 0.127 0.000 0.000 0.000 0.000
4.394 4.733 4.951 5.128 5.297 5.472 5.664 5.883 6.145 6.477 6.930 7.646 9.183 12.161 13.212 13.734 14.058 14.275 14.423 14.520 14.576 14.600 14.594 14.562 14.505 14.423 14.314 14.176 14.006 13.797 13.540 13.225 12.841 12.378 11.826 11.184 10.459 9.674 8.859 8.047 7.268 6.541 5.860 5.216 4.602 4.015 3.456 2.926 2.425 1.947 1.470 0.986 0.496 0.002 0.001 0.001 0.242 0.179 0.018 0.243 0.009 0.003 0.002 0.003 0.004 0.003 0.175 0.248 0.130 0.154 0.183 0.070 0.149 0.001 0.000 0.000
4.282 4.617 4.838 5.023 5.202 5.392 5.604 5.854 6.167 6.585 7.212 8.418 11.437 12.691 13.288 13.647 13.886 14.050 14.159 14.225 14.257 14.258 14.232 14.181 14.105 14.006 13.883 13.735 13.560 13.356 13.123 12.858 12.561 12.231 11.870 11.476 11.040 10.546 9.987 9.364 8.685 7.959 7.205 6.447 5.697 4.952 4.204 3.441 2.653 1.842 1.017 0.191 0.006 0.005 0.008 0.009 0.003 0.001 0.112 0.071 0.076 0.080 0.090 0.091 0.004 0.001 0.000 0.001 0.050 0.005 0.101 0.212 0.116 0.021 0.007 0.000
4.135 4.459 4.676 4.866 5.058 5.266 5.501 5.788 6.160 6.684 7.588 10.155 11.963 12.693 13.114 13.389 13.579 13.709 13.794 13.841 13.857 13.845 13.808 13.746 13.661 13.553 13.420 13.262 13.075 12.857 12.601 12.301 11.947 11.528 11.034 10.457 9.808 9.112 8.392 7.676 6.981 6.319 5.693 5.103 4.544 4.007 3.486 2.975 2.469 1.965 1.461 0.956 0.444 0.000 0.004 0.035 0.003 0.004 0.006 0.004 0.004 0.004 0.008 0.006 0.144 0.063 0.004 0.000 0.003 0.002 0.177 0.106 0.204 0.131 0.023 0.000
3.960 4.273 4.488 4.683 4.883 5.104 5.365 5.685 6.122 6.787 8.172 10.906 11.946 12.472 12.804 13.031 13.190 13.298 13.367 13.403 13.409 13.389 13.345 13.277 13.186 13.072 12.935 12.772 12.581 12.361 12.109 11.820 11.494 11.130 10.730 10.300 9.842 9.356 8.842 8.296 7.709 7.077 6.405 5.699 4.971 4.229 3.482 2.741 2.017 1.320 0.665 0.060 0.000 0.000 0.003 0.000 0.085 0.048 0.003 0.002 0.001 0.013 0.001 0.181 0.267 0.129 0.144 0.189 0.001 0.000 0.000 0.002 0.197 0.107 0.100 0.003
3.768 4.066 4.278 4.474 4.682 4.917 5.198 5.557 6.058 6.909 9.185 10.999 11.716 12.137 12.417 12.613 12.752 12.846 12.905 12.932 12.932 12.908 12.859 12.788 12.694 12.578 12.438 12.273 12.081 11.859 11.604 11.313 10.980 10.600 10.168 9.682 9.140 8.548 7.919 7.272 6.631 6.013 5.426 4.871 4.344 3.837 3.343 2.853 2.360 1.858 1.342 0.810 0.259 0.005 0.000 0.005 0.003 0.000 0.276 0.267 0.004 0.002 0.000 0.069 0.163 0.006 0.024 0.007 0.132 0.142 0.004 0.000 0.004 0.129 0.087 0.008
3.561 3.842 4.048 4.246 4.461 4.705 5.007 5.400 5.976 7.041 9.647 10.800 11.378 11.737 11.984 12.160 12.285 12.370 12.421 12.443 12.439 12.412 12.361 12.288 12.193 12.075 11.934 11.769 11.577 11.355 11.102 10.815 10.490 10.125 9.720 9.277 8.798 8.292 7.765 7.224 6.671 6.108 5.534 4.952 4.363 3.772 3.185 2.606 2.042 1.496 0.968 0.457 0.000 0.000 0.002 0.002 0.000 0.003 0.004 0.003 0.071 0.004 0.000 0.001 0.049 0.239 0.074 0.253 0.122 0.149 0.238 0.008 0.000 0.000 0.008 0.002
3.341 3.605 3.804 4.003 4.223 4.479 4.794 5.215 5.861 7.186 9.562 10.486 10.978 11.298 11.524 11.686 11.801 11.879 11.925 11.944 11.937 11.908 11.856 11.782 11.687 11.569 11.428 11.263 11.071 10.852 10.601 10.317 9.998 9.640 9.244 8.808 8.336 7.831 7.301 6.756 6.205 5.657 5.121 4.600 4.094 3.600 3.113 2.629 2.144 1.653 1.158 0.656 0.150 0.003 0.005 0.001 0.001 0.057 0.004 0.003 0.000 0.008 0.070 0.005 0.000 0.158 0.141 0.215 0.050 0.156 0.220 0.130 0.123 0.005 0.000 0.005
3.106 3.353 3.550 3.749 3.971 4.233 4.560 5.006 5.709 7.300 9.334 10.099 10.539 10.835 11.045 11.198 11.306 11.379 11.422 11.439 11.431 11.400 11.347 11.273 11.178 11.061 10.920 10.756 10.566 10.349 10.102 9.824 9.512 9.166 8.785 8.371 7.926 7.456 6.968 6.469 5.964 5.460 4.959 4.464 3.975 3.491 3.011 2.536 2.063 1.591 1.120 0.647 0.171 0.004 0.001 0.002 0.003 0.005 0.000 0.000 0.000 0.002 0.307 0.047 0.007 0.001 0.006 0.157 0.098 0.200 0.191 0.102 0.144 0.149 0.007 0.006
2.861 3.090 3.280 3.478 3.700 3.967 4.304 4.765 5.514 7.318 8.995 9.666 10.074 10.353 10.554 10.700 10.804 10.874 10.915 10.930 10.921 10.890 10.837 10.764 10.669 10.552 10.413 10.250 10.063 9.849 9.607 9.335 9.033 8.698 8.333 7.938 7.516 7.073 6.614 6.145 5.673 5.201 4.735 4.276 3.823 3.376 2.933 2.490 2.047 1.602 1.153 0.699 0.240 0.000 0.002 0.004 0.001 0.000 0.001 0.001 0.230 0.003 0.001 0.188 0.139 0.000 0.000 0.001 0.150 0.255 0.167 0.064 0.173 0.049 0.073 0.002
2.603 2.816 3.001 3.195 3.419 3.688 4.025 4.492 5.260 7.199 8.570 9.199 9.589 9.858 10.053 10.195 10.297 10.365 10.405 10.419 10.410 10.379 10.327 10.253 10.159 10.044 9.906 9.746 9.562 9.352 9.116 8.852 8.560 8.239 7.891 7.517 7.120 6.706 6.279 5.844 5.407 4.971 4.539 4.112 3.690 3.271 2.853 2.436 2.017 1.594 1.167 0.735 0.298 0.000 0.003 0.001 0.003 0.001 0.005 0.001 0.000 0.201 0.002 0.000 0.083 0.274 0.137 0.001 0.000 0.186 0.096 0.118 0.262 0.282 0.025 0.000
2.328 2.525 2.705 2.900 3.122 3.388 3.724 4.186 4.942 6.846 8.096 8.703 9.084 9.349 9.541 9.682 9.783 9.852 9.892 9.906 9.897 9.867 9.815 9.743 9.650 9.537 9.402 9.245 9.064 8.860 8.631 8.376 8.095 7.789 7.459 7.107 6.736 6.350 5.954 5.552 5.148 4.745 4.345 3.949 3.556 3.165 2.774 2.382 1.987 1.587 1.182 0.771 0.356 0.000 0.001 0.003 0.001 0.000 0.002 0.001 0.000 0.000 0.239 0.004 0.001 0.151 0.092 0.208 0.000 0.000 0.099 0.198 0.137 0.115 0.006 0.000
2.036 2.220 2.396 2.588 2.808 3.070 3.397 3.845 4.563 6.281 7.575 8.178 8.559 8.825 9.019 9.162 9.264 9.334 9.375 9.391 9.383 9.354 9.304 9.234 9.143 9.032 8.900 8.747 8.571 8.373 8.152 7.908 7.640 7.350 7.039 6.709 6.364 6.006 5.640 5.270 4.898 4.527 4.158 3.791 3.426 3.061 2.696 2.327 1.954 1.576 1.193 0.804 0.412 0.020 0.002 0.001 0.000 0.002 0.001 0.001 0.000 0.000 0.001 0.008 0.000 0.003 0.223 0.195 0.094 0.000 0.000 0.203 0.193 0.078 0.001 0.000
1.727 1.899 2.070 2.260 2.477 2.732 3.047 3.468 4.128 5.570 6.997 7.622 8.013 8.286 8.485 8.632 8.738 8.810 8.854 8.872 8.867 8.841 8.793 8.725 8.638 8.530 8.402 8.253 8.084 7.894 7.682 7.449 7.196 6.923 6.632 6.325 6.005 5.676 5.339 4.999 4.658 4.317 3.976 3.637 3.298 2.958 2.616 2.270 1.920 1.563 1.202 0.836 0.468 0.100 0.000 0.002 0.001 0.001 0.000 0.000 0.000 0.000 0.001 0.000 0.108 0.003 0.000 0.005 0.141 0.236 0.000 0.001 0.005 0.004 0.000 0.000
1.396 1.559 1.727 1.914 2.124 2.369 2.670 3.062 3.648 4.797 6.348 7.028 7.441 7.727 7.936 8.090 8.202 8.280 8.329 8.351 8.350 8.327 8.283 8.219 8.135 8.032 7.909 7.767 7.605 7.423 7.223 7.003 6.764 6.509 6.239 5.955 5.661 5.358 5.050 4.739 4.427 4.114 3.800 3.487 3.173 2.857 2.537 2.213 1.884 1.549 1.210 0.868 0.524 0.182 0.000 0.000 0.000 0.000 0.000 0.000 0.000 0.000 0.007 0.000 0.002 0.109 0.001 0.000 0.251 0.152 0.084 0.006 0.003 0.000 0.000 0.000
1.041 1.197 1.363 1.546 1.751 1.986 2.269 2.628 3.138 4.031 5.615 6.382 6.834 7.143 7.367 7.533 7.655 7.741 7.797 7.825 7.830 7.812 7.774 7.715 7.636 7.539 7.423 7.288 7.135 6.964 6.775 6.569 6.347 6.111 5.861 5.601 5.331 5.055 4.774 4.491 4.205 3.918 3.631 3.342 3.051 2.757 2.459 2.156 1.848 1.536 1.219 0.900 0.581 0.264 0.000 0.001 0.001 0.001 0.007 0.000 0.000 0.000 0.000 0.000 0.000 0.000 0.277 0.005 0.001 0.151 0.125 0.067 0.001 0.000 0.000 0.000
0.660 0.812 0.975 1.153 1.351 1.576 1.840 2.167 2.605 3.297 4.793 5.666 6.180 6.524 6.772 6.956 7.092 7.190 7.255 7.293 7.306 7.296 7.265 7.213 7.142 7.052 6.945 6.819 6.676 6.517 6.341 6.151 5.946 5.729 5.500 5.263 5.018 4.767 4.511 4.253 3.993 3.731 3.468 3.202 2.933 2.660 2.383 2.101 1.814 1.523 1.229 0.933 0.638 0.346 0.061 0.000 0.000 0.000 0.000 0.001 0.000 0.000 0.000 0.000 0.000 0.000 0.002 0.132 0.002 0.000 0.103 0.006 0.000 0.000 0.000 0.000
0.243 0.393 0.555 0.729 0.920 1.135 1.382 1.677 2.056 2.597 3.563 4.834 5.458 5.856 6.139 6.349 6.505 6.620 6.701 6.752 6.776 6.777 6.755 6.714 6.652 6.572 6.475 6.360 6.229 6.083 5.922 5.748 5.561 5.364 5.156 4.941 4.720 4.493 4.262 4.028 3.792 3.553 3.311 3.067 2.819 2.567 2.310 2.048 1.782 1.513 1.240 0.967 0.694 0.426 0.162 0.000 0.001 0.000 0.000 0.000 0.006 0.000 0.000 0.000 0.001 0.170 0.001 0.000 0.149 0.010 0.007 0.000 0.000 0.000 0.000 0.000
0.000 0.000 0.095 0.267 0.453 0.659 0.890 1.158 1.487 1.919 2.575 3.843 4.629 5.115 5.452 5.699 5.885 6.024 6.125 6.194 6.235 6.250 6.243 6.214 6.165 6.098 6.013 5.911 5.795 5.663 5.518 5.361 5.193 5.016 4.829 4.636 4.437 4.233 4.025 3.814 3.600 3.383 3.162 2.938 2.710 2.477 2.240 1.998 1.751 1.502 1.250 0.998 0.747 0.499 0.257 0.023 0.000 0.000 0.001 0.000 0.000 0.000 0.000 0.000 0.000 0.000 0.092 0.004 0.003 0.004 0.000 0.000 0.000 0.000 0.000 0.000
0.000 0.000 0.000 0.000 0.000 0.133 0.353 0.601 0.891 1.247 1.727 2.474 3.612 4.259 4.680 4.984 5.213 5.386 5.517 5.611 5.674 5.709 5.721 5.709 5.677 5.625 5.556 5.471 5.370 5.256 5.129 4.990 4.841 4.683 4.518 4.346 4.168 3.986 3.800 3.610 3.416 3.219 3.018 2.813 2.604 2.389 2.170 1.946 1.719 1.488 1.255 1.022 0.791 0.563 0.340 0.124 0.000 0.000 0.000 0.000 0.000 0.000 0.000 0.000 0.000 0.000 0.001 0.001 0.002 0.000 0.000 0.000 0.000 0.000 0.000 0.000
0.000 0.000 0.002 0.000 0.000 0.000 0.000 0.000 0.249 0.556 0.932 1.437 2.214 3.200 3.772 4.166 4.458 4.682 4.854 4.984 5.078 5.142 5.178 5.190 5.180 5.149 5.100 5.034 4.952 4.857 4.749 4.630 4.501 4.364 4.219 4.068 3.911 3.749 3.583 3.413 3.239 3.060 2.877 2.690 2.497 2.300 2.098 1.891 1.680 1.467 1.252 1.036 0.823 0.612 0.407 0.208 0.018 0.000 0.000 0.000 0.000 0.000 0.000 0.000 0.000 0.000 0.005 0.000 0.000 0.000 0.000 0.000 0.000 0.000 0.000 0.000
0.000 0.000 0.001 0.001 0.001 0.001 0.001 0.000 0.001 0.000 0.127 0.511 1.009 1.730 2.619 3.173 3.568 3.868 4.102 4.283 4.423 4.526 4.598 4.642 4.661 4.657 4.633 4.591 4.532 4.459 4.373 4.275 4.167 4.051 3.927 3.796 3.659 3.517 3.370 3.218 3.061 2.900 2.733 2.562 2.385 2.203 2.016 1.824 1.629 1.432 1.233 1.034 0.837 0.644 0.455 0.274 0.099 0.000 0.000 0.000 0.000 0.000 0.000 0.002 0.005 0.006 0.000 0.000 0.000 0.000 0.000 0.000 0.000 0.000 0.000 0.000
2.278 1.519 0.547 0.010 0.004 0.000 0.001 0.001 0.001 0.001 0.001 0.002 0.000 0.417 1.029 1.856 2.440 2.867 3.198 3.458 3.664 3.825 3.947 4.036 4.095 4.128 4.138 4.126 4.096 4.049 3.988 3.914 3.829 3.735 3.632 3.521 3.404 3.280 3.151 3.016 2.876 2.730 2.578 2.421 2.258 2.090 1.917 1.740 1.559 1.377 1.193 1.010 0.830 0.653 0.480 0.314 0.154 0.000 0.000 0.001 0.000 0.004 0.000 0.006 0.000 0.000 0.000 0.000 0.000 0.000 0.000 0.000 0.000 0.000 0.000 0.000
3.175 3.274 3.231 3.086 2.848 2.494 1.989 1.288 0.394 0.008 0.003 0.001 0.003 0.003 0.003 0.164 0.865 1.524 2.021 2.411 2.723 2.973 3.172 3.327 3.444 3.528 3.582 3.612 3.618 3.605 3.575 3.529 3.470 3.400 3.319 3.230 3.132 3.027 2.915 2.796 2.671 2.539 2.401 2.257 2.108 1.953 1.793 1.630 1.463 1.295 1.127 0.959 0.794 0.631 0.472 0.316 0.160 0.000 0.000 0.003 0.008 0.010 0.000 0.000 0.000 0.000 0.000 0.000 0.000 0.000 0.000 0.000 0.000 0.000 0.000 0.000
0.006 0.008 0.184 0.855 1.438 1.913 2.255 2.446 2.500 2.450 2.303 2.032 1.603 0.981 0.210 0.002 0.006 0.000 0.383 0.976 1.460 1.855 2.174 2.432 2.637 2.796 2.916 3.003 3.060 3.092 3.101 3.091 3.064 3.022 2.967 2.901 2.824 2.738 2.644 2.541 2.431 2.314 2.189 2.059 1.922 1.780 1.633 1.483 1.330 1.176 1.021 0.866 0.712 0.556 0.392 0.202 0.000 0.006 0.004 0.009 0.000 0.000 0.000 0.000 0.000 0.000 0.000 0.000 0.000 0.000 0.000 0.000 0.000 0.000 0.000 0.000
0.008 0.004 0.008 0.009 0.005 0.008 0.000 0.011 0.003 0.007 0.452 0.970 1.379 1.656 1.807 1.865 1.823 1.643 1.308 0.829 0.364 0.506 0.887 1.260 1.581 1.847 2.062 2.231 2.360 2.454 2.518 2.555 2.570 2.564 2.541 2.503 2.451 2.387 2.313 2.228 2.134 2.032 1.921 1.804 1.680 1.551 1.416 1.278 1.135 0.989 0.837 0.673 0.478 0.166 0.005 0.003 0.007 0.003 0.000 0.000 0.000 0.000 0.000 0.000 0.000 0.000 0.000 0.000 0.000 0.000 0.000 0.000 0.000 0.000 0.000 0.000
