Examples/2023_ISeeSnow/data/CoulombOnly/Results/curv77s/s/1HS_03_curv77s_MoT-Voellmy_s_0047.asc
ncols        192
nrows        29
xllcorner    2712.5
yllcorner    -4322.5
cellsize     5.00
NODATA_value -9999
[rows 0 to 28 of 29, columns 72 to 143 of 192]
0.000 0.000 0.000 0.000 0.000 0.000 0.000 0.000 0.000 0.000 0.000 0.000 0.000 0.000 0.000 0.000 0.000 0.001 0.002 0.004 0.007 0.014 0.027 0.048 0.083 0.137 0.216 0.329 0.485 0.694 0.967 1.315 1.748 2.276 2.908 3.649 4.503 5.470 6.547 7.726 8.978 10.201 11.356 12.424 13.382 14.208 14.884 15.389 15.706 15.824 15.731 15.425 14.905 14.180 13.269 12.207 11.011 9.700 8.308 6.873 5.433 4.021 2.668 1.429 0.608 0.246 0.103 0.042 0.016 0.006 0.002 0.000
0.001 0.003 0.007 0.013 0.025 0.045 0.076 0.126 0.199 0.306 0.457 0.667 0.953 1.338 1.849 2.519 3.384 4.484 5.862 7.563 9.629 12.096 14.992 18.249 21.779 25.525 29.436 33.466 37.576 41.726 45.876 49.989 54.030 57.975 61.802 65.496 69.049 72.455 75.713 78.823 79.083 79.147 78.904 78.668 78.372 78.034 77.663 77.261 76.829 76.373 75.893 75.397 74.890 74.369 73.937 73.723 73.508 73.284 73.051 72.789 72.505 72.223 71.914 69.173 51.643 36.120 26.813 20.327 15.294 11.236 7.920 5.202
4.886 6.393 8.204 10.338 12.804 15.602 18.725 22.152 25.859 29.832 33.947 38.188 42.516 46.892 51.275 55.619 59.882 64.023 68.008 71.813 75.418 78.813 81.995 83.172 84.180 85.002 85.550 85.844 85.967 85.979 85.906 85.759 85.549 85.286 84.980 84.638 84.267 83.870 83.451 83.013 82.559 82.089 81.607 81.113 80.608 80.094 79.572 79.042 78.504 77.961 77.411 76.857 76.297 75.734 75.277 75.056 74.840 74.622 74.402 74.181 73.958 73.733 73.506 73.277 73.045 72.812 72.577 72.340 72.100 71.854 71.607 71.362
52.883 56.179 59.303 62.261 65.065 67.732 70.278 72.720 75.094 78.217 82.421 85.346 87.384 88.859 89.932 90.689 91.194 91.499 91.646 91.669 91.594 91.439 91.221 90.951 90.639 90.294 89.921 89.524 89.109 88.677 88.231 87.773 87.305 86.827 86.341 85.847 85.346 84.839 84.325 83.805 83.280 82.749 82.214 81.673 81.128 80.578 80.024 79.466 78.904 78.339 77.770 77.198 76.623 76.049 75.586 75.361 75.139 74.918 74.697 74.477 74.258 74.040 73.824 73.609 73.395 73.183 72.973 72.764 72.555 72.348 72.142 71.936
80.789 85.136 88.338 90.750 92.607 94.063 95.223 96.160 96.927 97.474 97.429 97.233 96.977 96.674 96.333 95.961 95.564 95.147 94.714 94.267 93.809 93.342 92.867 92.386 91.899 91.407 90.910 90.410 89.905 89.397 88.886 88.371 87.853 87.332 86.807 86.278 85.747 85.212 84.673 84.131 83.585 83.035 82.482 81.926 81.366 80.802 80.235 79.665 79.091 78.514 77.933 77.350 76.764 76.181 75.717 75.489 75.257 75.025 74.795 74.566 74.339 74.114 73.891 73.670 73.451 73.234 73.020 72.808 72.599 72.392 72.188 71.986
97.372 97.887 98.317 98.680 98.990 99.259 99.495 99.704 99.890 99.961 99.530 99.025 98.516 98.006 97.493 96.978 96.463 95.947 95.431 94.915 94.399 93.882 93.365 92.847 92.329 91.810 91.290 90.769 90.246 89.722 89.196 88.667 88.137 87.604 87.069 86.531 85.989 85.445 84.898 84.348 83.794 83.237 82.676 82.112 81.545 80.974 80.399 79.821 79.240 78.654 78.066 77.474 76.878 76.289 75.827 75.598 75.356 75.114 74.873 74.633 74.395 74.159 73.924 73.692 73.462 73.234 73.008 72.786 72.565 72.348 72.133 71.920
99.552 99.702 99.840 99.968 100.088 100.201 100.309 100.412 100.507 100.490 99.992 99.443 98.901 98.363 97.828 97.296 96.765 96.237 95.711 95.186 94.662 94.139 93.616 93.093 92.570 92.046 91.522 90.997 90.470 89.942 89.412 88.880 88.346 87.809 87.270 86.729 86.184 85.636 85.085 84.531 83.974 83.413 82.849 82.281 81.709 81.134 80.556 79.973 79.387 78.797 78.203 77.605 77.002 76.409 75.951 75.722 75.472 75.221 74.971 74.722 74.473 74.226 73.981 73.737 73.495 73.255 73.017 72.781 72.548 72.317 72.088 71.861
100.005 100.096 100.186 100.274 100.362 100.448 100.534 100.620 100.697 100.649 100.132 99.585 99.048 98.515 97.985 97.457 96.931 96.406 95.883 95.361 94.840 94.318 93.797 93.276 92.754 92.232 91.708 91.183 90.657 90.129 89.600 89.068 88.533 87.997 87.457 86.915 86.369 85.820 85.268 84.713 84.154 83.592 83.026 82.456 81.883 81.306 80.725 80.140 79.551 78.958 78.360 77.758 77.151 76.555 76.099 75.871 75.615 75.358 75.101 74.844 74.587 74.332 74.077 73.824 73.572 73.322 73.074 72.827 72.583 72.340 72.098 71.858
100.164 100.246 100.329 100.413 100.498 100.583 100.668 100.754 100.831 100.767 100.241 99.701 99.174 98.648 98.125 97.603 97.083 96.564 96.046 95.528 95.011 94.494 93.977 93.460 92.942 92.423 91.902 91.381 90.857 90.332 89.804 89.274 88.741 88.205 87.665 87.123 86.577 86.028 85.475 84.919 84.358 83.795 83.227 82.655 82.080 81.501 80.918 80.330 79.738 79.142 78.541 77.935 77.324 76.725 76.272 76.044 75.784 75.521 75.259 74.996 74.734 74.473 74.212 73.953 73.695 73.439 73.184 72.931 72.680 72.430 72.181 71.933
100.330 100.415 100.502 100.589 100.677 100.767 100.857 100.948 101.028 100.959 100.434 99.907 99.395 98.884 98.375 97.868 97.361 96.854 96.347 95.840 95.332 94.823 94.313 93.801 93.288 92.772 92.255 91.735 91.212 90.686 90.157 89.624 89.088 88.547 88.003 87.454 86.901 86.344 85.783 85.217 84.648 84.075 83.498 82.918 82.334 81.746 81.154 80.559 79.959 79.355 78.747 78.134 77.516 76.909 76.444 76.212 75.951 75.687 75.423 75.158 74.894 74.631 74.369 74.109 73.850 73.594 73.340 73.088 72.837 72.587 72.337 72.087
100.596 100.683 100.771 100.860 100.950 101.042 101.133 101.226 101.300 101.182 100.600 100.059 99.538 99.019 98.502 97.987 97.473 96.960 96.447 95.936 95.425 94.914 94.404 93.893 93.383 92.872 92.360 91.848 91.334 90.818 90.301 89.781 89.258 88.733 88.204 87.672 87.136 86.595 86.050 85.500 84.945 84.384 83.818 83.247 82.669 82.086 81.496 80.901 80.299 79.692 79.078 78.459 77.834 77.231 76.792 76.569 76.293 76.016 75.741 75.468 75.196 74.927 74.659 74.394 74.131 73.870 73.609 73.350 73.090 72.830 72.569 72.307
101.157 101.245 101.334 101.424 101.514 101.605 101.697 101.789 101.869 101.796 101.264 100.733 100.216 99.702 99.190 98.680 98.172 97.666 97.163 96.662 96.164 95.669 95.178 94.690 94.206 93.725 93.242 92.753 92.257 91.753 91.240 90.718 90.187 89.646 89.094 88.532 87.959 87.376 86.782 86.180 85.568 84.950 84.325 83.697 83.066 82.434 81.802 81.172 80.544 79.919 79.295 78.674 78.052 77.435 76.936 76.678 76.416 76.152 75.883 75.610 75.333 75.051 74.764 74.473 74.177 73.876 73.568 73.250 72.922 72.585 72.243 71.905
101.309 101.398 101.488 101.579 101.671 101.763 101.855 101.948 102.016 101.853 101.223 100.669 100.139 99.609 99.079 98.549 98.018 97.486 96.952 96.417 95.880 95.342 94.801 94.258 93.714 93.173 92.637 92.108 91.587 91.071 90.560 90.053 89.548 89.045 88.542 88.038 87.533 87.024 86.512 85.995 85.471 84.940 84.400 83.850 83.290 82.718 82.133 81.536 80.925 80.301 79.663 79.011 78.346 77.712 77.269 77.021 76.683 76.341 76.001 75.663 75.325 74.989 74.652 74.315 73.977 73.638 73.301 72.966 72.634 72.305 71.980 71.658
101.480 101.569 101.659 101.749 101.840 101.932 102.023 102.115 102.196 102.142 101.637 101.122 100.619 100.118 99.620 99.125 98.631 98.138 97.646 97.155 96.665 96.174 95.683 95.190 94.696 94.196 93.684 93.152 92.601 92.030 91.443 90.844 90.236 89.621 89.005 88.388 87.774 87.162 86.555 85.953 85.355 84.762 84.172 83.586 83.003 82.422 81.841 81.261 80.680 80.098 79.513 78.926 78.335 77.750 77.294 77.071 76.825 76.571 76.310 76.042 75.770 75.494 75.216 74.938 74.661 74.388 74.121 73.864 73.619 73.388 73.166 72.925
102.131 102.218 102.306 102.393 102.482 102.571 102.660 102.749 102.804 102.575 101.878 101.310 100.777 100.245 99.713 99.183 98.652 98.122 97.592 97.062 96.531 96.000 95.469 94.936 94.403 93.868 93.332 92.795 92.256 91.716 91.174 90.629 90.083 89.534 88.983 88.429 87.872 87.312 86.749 86.183 85.613 85.039 84.461 83.879 83.293 82.702 82.106 81.505 80.899 80.288 79.670 79.047 78.418 77.847 77.525 77.388 77.110 76.825 76.538 76.249 75.959 75.667 75.374 75.081 74.787 74.492 74.198 73.903 73.609 73.316 73.023 72.731
101.480 101.569 101.659 101.749 101.840 101.932 102.023 102.115 102.196 102.142 101.637 101.122 100.619 100.118 99.620 99.125 98.630 98.138 97.646 97.155 96.664 96.173 95.682 95.189 94.695 94.195 93.682 93.151 92.599 92.028 91.442 90.843 90.234 89.621 89.004 88.388 87.773 87.162 86.555 85.953 85.355 84.762 84.172 83.586 83.003 82.422 81.842 81.261 80.681 80.098 79.514 78.926 78.335 77.750 77.294 77.070 76.825 76.571 76.310 76.042 75.769 75.493 75.215 74.937 74.660 74.387 74.120 73.862 73.617 73.386 73.164 72.925
101.309 101.398 101.488 101.579 101.671 101.763 101.855 101.948 102.016 101.853 101.223 100.669 100.139 99.609 99.079 98.549 98.017 97.485 96.952 96.417 95.880 95.341 94.800 94.257 93.714 93.172 92.636 92.108 91.587 91.071 90.560 90.053 89.548 89.045 88.542 88.039 87.534 87.026 86.513 85.996 85.473 84.942 84.402 83.852 83.292 82.720 82.135 81.538 80.927 80.303 79.664 79.012 78.347 77.712 77.269 77.021 76.683 76.341 76.001 75.662 75.325 74.988 74.651 74.313 73.975 73.637 73.300 72.964 72.632 72.304 71.979 71.657
101.157 101.245 101.334 101.424 101.514 101.605 101.697 101.789 101.869 101.796 101.264 100.733 100.216 99.702 99.190 98.680 98.172 97.666 97.163 96.662 96.164 95.669 95.178 94.691 94.207 93.726 93.243 92.754 92.257 91.753 91.241 90.719 90.188 89.646 89.095 88.532 87.959 87.375 86.782 86.178 85.567 84.948 84.323 83.694 83.063 82.431 81.800 81.170 80.542 79.916 79.293 78.672 78.051 77.434 76.936 76.677 76.416 76.152 75.883 75.611 75.333 75.051 74.764 74.474 74.178 73.877 73.569 73.251 72.923 72.586 72.245 71.906
100.596 100.683 100.771 100.860 100.950 101.041 101.133 101.226 101.300 101.181 100.600 100.059 99.538 99.019 98.502 97.986 97.472 96.959 96.447 95.935 95.424 94.914 94.403 93.893 93.382 92.872 92.360 91.848 91.334 90.818 90.301 89.781 89.258 88.733 88.204 87.672 87.135 86.595 86.050 85.500 84.944 84.384 83.818 83.246 82.669 82.085 81.496 80.900 80.299 79.691 79.078 78.458 77.833 77.230 76.791 76.569 76.293 76.016 75.741 75.468 75.196 74.927 74.660 74.394 74.131 73.870 73.610 73.350 73.091 72.831 72.570 72.308
100.330 100.415 100.501 100.589 100.677 100.766 100.857 100.948 101.027 100.958 100.433 99.907 99.394 98.884 98.375 97.867 97.360 96.853 96.347 95.839 95.331 94.822 94.312 93.801 93.287 92.772 92.255 91.735 91.212 90.686 90.157 89.624 89.087 88.547 88.002 87.453 86.900 86.343 85.782 85.217 84.648 84.075 83.498 82.917 82.333 81.745 81.154 80.558 79.959 79.355 78.747 78.134 77.516 76.909 76.444 76.212 75.951 75.687 75.423 75.158 74.894 74.631 74.369 74.109 73.850 73.594 73.340 73.088 72.837 72.587 72.338 72.088
100.163 100.246 100.329 100.413 100.497 100.582 100.668 100.754 100.830 100.767 100.240 99.701 99.173 98.648 98.125 97.603 97.083 96.564 96.046 95.528 95.011 94.494 93.977 93.459 92.941 92.422 91.902 91.380 90.857 90.331 89.804 89.273 88.740 88.204 87.665 87.123 86.577 86.028 85.475 84.918 84.358 83.794 83.227 82.655 82.080 81.501 80.917 80.330 79.738 79.142 78.541 77.935 77.323 76.725 76.272 76.044 75.784 75.521 75.259 74.996 74.734 74.473 74.212 73.953 73.695 73.439 73.184 72.932 72.680 72.431 72.182 71.933
100.005 100.096 100.185 100.274 100.361 100.448 100.533 100.619 100.697 100.649 100.131 99.584 99.048 98.515 97.984 97.456 96.930 96.406 95.883 95.361 94.839 94.318 93.797 93.276 92.754 92.231 91.708 91.183 90.657 90.129 89.599 89.067 88.533 87.996 87.457 86.914 86.369 85.820 85.268 84.712 84.154 83.591 83.025 82.456 81.883 81.306 80.725 80.140 79.551 78.958 78.360 77.758 77.151 76.555 76.099 75.871 75.615 75.358 75.101 74.844 74.587 74.332 74.077 73.824 73.573 73.322 73.074 72.828 72.583 72.340 72.099 71.859
99.550 99.701 99.839 99.967 100.087 100.200 100.308 100.411 100.507 100.489 99.991 99.442 98.901 98.363 97.827 97.295 96.765 96.237 95.710 95.186 94.662 94.138 93.615 93.093 92.570 92.046 91.522 90.996 90.470 89.942 89.412 88.880 88.346 87.809 87.270 86.728 86.184 85.636 85.085 84.531 83.973 83.413 82.848 82.281 81.709 81.134 80.556 79.973 79.387 78.797 78.203 77.605 77.002 76.409 75.951 75.722 75.472 75.221 74.971 74.722 74.473 74.226 73.981 73.737 73.495 73.255 73.017 72.781 72.548 72.317 72.088 71.862
97.366 97.882 98.313 98.676 98.987 99.257 99.493 99.702 99.888 99.960 99.529 99.023 98.515 98.005 97.492 96.977 96.462 95.947 95.431 94.915 94.398 93.881 93.364 92.847 92.329 91.810 91.290 90.768 90.246 89.721 89.195 88.667 88.136 87.604 87.068 86.530 85.989 85.445 84.898 84.347 83.794 83.237 82.676 82.112 81.545 80.974 80.399 79.821 79.239 78.654 78.066 77.474 76.878 76.289 75.827 75.598 75.356 75.114 74.873 74.633 74.395 74.159 73.924 73.692 73.462 73.234 73.008 72.786 72.565 72.348 72.133 71.920
80.730 85.090 88.304 90.724 92.586 94.047 95.210 96.150 96.918 97.466 97.423 97.228 96.973 96.671 96.330 95.958 95.562 95.145 94.712 94.265 93.808 93.341 92.866 92.385 91.898 91.406 90.909 90.409 89.905 89.397 88.885 88.371 87.852 87.331 86.806 86.278 85.746 85.211 84.672 84.130 83.584 83.035 82.482 81.926 81.365 80.802 80.235 79.664 79.090 78.513 77.933 77.350 76.763 76.180 75.717 75.489 75.257 75.025 74.795 74.566 74.339 74.114 73.891 73.669 73.451 73.234 73.020 72.808 72.599 72.392 72.188 71.986
52.822 56.124 59.255 62.219 65.030 67.702 70.252 72.699 75.072 78.155 82.351 85.298 87.351 88.832 89.908 90.669 91.179 91.488 91.638 91.664 91.589 91.435 91.217 90.948 90.636 90.291 89.918 89.522 89.107 88.675 88.229 87.772 87.303 86.826 86.340 85.846 85.346 84.838 84.324 83.805 83.280 82.749 82.213 81.672 81.127 80.577 80.024 79.466 78.904 78.339 77.770 77.198 76.623 76.048 75.586 75.361 75.139 74.917 74.696 74.477 74.258 74.040 73.824 73.609 73.395 73.183 72.973 72.763 72.555 72.348 72.142 71.936
4.852 6.351 8.154 10.279 12.736 15.526 18.641 22.061 25.761 29.728 33.839 38.080 42.409 46.786 51.170 55.518 59.785 63.931 67.923 71.735 75.347 78.749 81.939 83.131 84.161 84.995 85.544 85.835 85.957 85.972 85.900 85.754 85.544 85.282 84.977 84.636 84.265 83.868 83.450 83.012 82.557 82.088 81.606 81.112 80.608 80.094 79.571 79.041 78.504 77.960 77.411 76.856 76.297 75.734 75.277 75.056 74.839 74.621 74.401 74.180 73.957 73.732 73.505 73.276 73.045 72.811 72.576 72.339 72.099 71.854 71.605 71.359
0.001 0.003 0.006 0.013 0.024 0.044 0.075 0.124 0.197 0.302 0.452 0.660 0.944 1.326 1.834 2.500 3.360 4.454 5.826 7.519 9.577 12.035 14.922 18.172 21.698 25.440 29.347 33.375 37.482 41.632 45.783 49.896 53.939 57.886 61.715 65.412 68.968 72.377 75.637 78.750 79.080 79.143 78.899 78.665 78.369 78.030 77.659 77.258 76.827 76.370 75.892 75.396 74.888 74.367 73.934 73.720 73.504 73.281 73.049 72.789 72.503 72.220 71.913 69.065 51.493 36.046 26.772 20.299 15.273 11.220 7.907 5.191
0.000 0.000 0.000 0.000 0.000 0.000 0.000 0.000 0.000 0.000 0.000 0.000 0.000 0.000 0.000 0.000 0.000 0.001 0.002 0.004 0.007 0.014 0.026 0.048 0.082 0.136 0.214 0.326 0.481 0.689 0.960 1.306 1.737 2.263 2.892 3.630 4.482 5.446 6.520 7.695 8.946 10.168 11.323 12.391 13.348 14.174 14.850 15.355 15.674 15.792 15.700 15.394 14.876 14.151 13.242 12.182 10.989 9.680 8.291 6.857 5.418 4.009 2.657 1.420 0.604 0.244 0.102 0.042 0.016 0.006 0.002 0.000
