Examples/2023_ISeeSnow/data/CoulombOnly/Results/curv77s/s/1HS_03_curv77s_MoT-Voellmy_s_0056.asc
ncols        137
nrows        55
xllcorner    3442.5
yllcorner    -4387.5
cellsize     5.00
NODATA_value -9999
[rows 0 to 31 of 55, columns 0 to 71 of 137]
0.000 0.000 0.000 0.000 0.000 0.000 0.000 0.000 0.000 0.000 0.000 0.000 0.000 0.000 0.000 0.000 0.000 0.000 0.000 0.000 0.000 0.000 0.000 0.000 0.000 0.000 0.000 0.000 0.000 0.000 0.000 0.000 0.000 0.000 0.000 0.000 0.000 0.000 0.000 0.000 0.000 0.000 0.000 0.000 0.000 0.000 0.000 0.001 0.003 0.009 0.018 0.045 0.099 0.194 0.350 0.589 0.936 1.413 2.035 2.801 3.704 4.730 5.861 7.073 8.337 9.622 10.894 12.055 13.019 13.746 14.225 14.442
0.000 0.000 0.000 0.000 0.000 0.000 0.000 0.000 0.000 0.000 0.000 0.000 0.000 0.000 0.000 0.000 0.000 0.000 0.000 0.000 0.000 0.000 0.000 0.000 0.000 0.000 0.000 0.000 0.000 0.000 0.000 0.000 0.000 0.000 0.000 0.000 0.000 0.000 0.001 0.003 0.010 0.014 0.037 0.098 0.222 0.441 0.799 1.342 2.119 3.172 4.531 6.205 8.174 10.400 12.834 15.425 18.124 20.891 23.626 26.252 28.737 31.077 33.279 35.354 37.315 39.171 40.932 41.198 41.606 41.850 42.005 42.104
0.000 0.000 0.000 0.000 0.000 0.000 0.000 0.000 0.000 0.000 0.000 0.000 0.000 0.000 0.000 0.000 0.000 0.000 0.000 0.000 0.000 0.000 0.000 0.000 0.000 0.000 0.000 0.000 0.000 0.000 0.001 0.006 0.010 0.010 0.030 0.100 0.251 0.519 0.957 1.616 2.545 3.774 5.310 7.132 9.197 11.447 13.823 16.273 18.750 21.212 23.637 26.057 28.440 30.693 32.782 34.717 36.518 38.205 39.832 41.004 41.854 42.481 42.951 43.299 43.551 43.723 43.832 43.889 43.905 43.888 43.842 43.772
0.000 0.000 0.000 0.000 0.000 0.000 0.000 0.000 0.000 0.000 0.000 0.000 0.000 0.000 0.000 0.000 0.000 0.000 0.000 0.000 0.000 0.000 0.002 0.007 0.010 0.009 0.011 0.054 0.195 0.460 0.903 1.575 2.515 3.739 5.231 6.954 8.853 10.869 12.940 15.010 17.028 18.954 20.760 22.469 24.137 25.795 27.420 29.016 30.536 31.965 33.356 35.210 38.141 40.234 41.695 42.748 43.524 44.097 44.517 44.821 45.035 45.177 45.261 45.298 45.297 45.264 45.203 45.121 45.020 44.903 44.773 44.632
0.000 0.000 0.000 0.000 0.000 0.000 0.000 0.000 0.000 0.000 0.000 0.000 0.000 0.000 0.002 0.007 0.010 0.009 0.008 0.010 0.092 0.330 0.748 1.401 2.322 3.516 4.957 6.600 8.387 10.255 12.146 14.003 15.773 17.413 18.885 20.176 21.307 22.318 23.249 24.118 24.934 25.701 26.417 27.169 28.235 29.820 32.067 35.464 39.114 41.335 42.866 43.953 44.743 45.322 45.746 46.053 46.270 46.414 46.499 46.538 46.537 46.503 46.442 46.358 46.253 46.132 45.997 45.849 45.690 45.522 45.347 45.166
0.000 0.000 0.000 0.000 0.000 0.000 0.001 0.005 0.010 0.009 0.009 0.010 0.006 0.163 0.542 1.162 2.058 3.228 4.643 6.251 7.994 9.808 11.632 13.410 15.089 16.622 17.972 19.112 20.044 20.796 21.403 21.896 22.290 22.590 22.792 22.909 23.006 23.207 23.664 24.492 25.775 27.662 30.131 33.208 38.085 41.321 43.340 44.667 45.590 46.251 46.731 47.080 47.328 47.498 47.606 47.663 47.678 47.659 47.610 47.536 47.440 47.326 47.195 47.050 46.892 46.724 46.546 46.359 46.166 45.966 45.761 45.552
0.010 0.009 0.010 0.011 0.009 0.006 0.310 0.884 1.747 2.897 4.301 5.907 7.654 9.476 11.310 13.095 14.775 16.301 17.631 18.734 19.604 20.258 20.728 21.050 21.250 21.343 21.332 21.218 21.021 20.797 20.631 20.612 20.803 21.232 21.905 22.826 24.014 25.507 27.460 30.004 33.172 38.726 42.393 44.567 45.917 46.817 47.444 47.891 48.210 48.435 48.586 48.680 48.727 48.735 48.710 48.658 48.581 48.484 48.368 48.236 48.090 47.931 47.760 47.579 47.388 47.190 46.983 46.770 46.551 46.327 46.099 45.868
1.394 2.517 3.915 5.538 7.322 9.199 11.101 12.960 14.712 16.301 17.680 18.813 19.688 20.314 20.724 20.953 21.035 20.994 20.843 20.588 20.241 19.834 19.424 19.082 18.873 18.832 18.970 19.273 19.722 20.296 20.985 21.789 22.724 23.830 25.164 26.833 29.091 32.010 36.127 42.139 45.064 46.689 47.706 48.386 48.855 49.185 49.415 49.571 49.668 49.718 49.730 49.710 49.662 49.591 49.499 49.389 49.263 49.122 48.968 48.801 48.624 48.436 48.238 48.032 47.817 47.596 47.367 47.133 46.893 46.649 46.401 46.150
14.735 16.546 18.046 19.267 20.197 20.843 21.234 21.409 21.406 21.256 20.979 20.592 20.107 19.550 18.969 18.421 17.970 17.659 17.510 17.521 17.675 17.947 18.313 18.754 19.256 19.810 20.417 21.080 21.812 22.633 23.573 24.685 26.047 27.805 30.244 33.489 39.606 44.513 46.878 48.230 49.074 49.634 50.017 50.282 50.461 50.577 50.643 50.669 50.661 50.626 50.567 50.486 50.387 50.272 50.141 49.997 49.840 49.671 49.491 49.301 49.101 48.891 48.674 48.448 48.214 47.973 47.726 47.473 47.215 46.952 46.685 46.415
21.997 22.026 21.658 21.128 20.486 19.764 19.006 18.270 17.615 17.090 16.721 16.516 16.462 16.539 16.721 16.984 17.310 17.684 18.094 18.535 19.002 19.496 20.017 20.570 21.162 21.803 22.508 23.298 24.209 25.295 26.643 28.421 30.950 34.432 41.766 46.027 48.209 49.432 50.189 50.686 51.024 51.253 51.406 51.500 51.550 51.564 51.547 51.505 51.440 51.357 51.256 51.140 51.009 50.865 50.709 50.541 50.363 50.173 49.974 49.766 49.548 49.321 49.087 48.844 48.593 48.336 48.071 47.801 47.526 47.245 46.961 46.673
17.220 16.900 16.372 15.979 15.747 15.660 15.694 15.823 16.025 16.283 16.581 16.909 17.261 17.632 18.020 18.424 18.843 19.278 19.730 20.203 20.698 21.223 21.783 22.390 23.058 23.810 24.678 25.717 27.016 28.745 31.251 34.804 42.665 47.057 49.224 50.412 51.138 51.610 51.927 52.141 52.281 52.367 52.410 52.418 52.399 52.355 52.291 52.208 52.109 51.995 51.867 51.727 51.574 51.410 51.235 51.049 50.854 50.648 50.433 50.209 49.976 49.735 49.484 49.226 48.960 48.687 48.407 48.121 47.829 47.532 47.231 46.926
14.537 15.266 15.537 15.789 16.064 16.359 16.670 16.993 17.327 17.671 18.025 18.388 18.762 19.147 19.544 19.954 20.380 20.824 21.290 21.783 22.311 22.883 23.513 24.220 25.036 26.013 27.236 28.860 31.242 34.697 42.936 47.676 49.991 51.227 51.966 52.440 52.756 52.967 53.106 53.190 53.233 53.243 53.225 53.184 53.122 53.043 52.948 52.838 52.715 52.579 52.432 52.273 52.103 51.923 51.732 51.532 51.321 51.102 50.873 50.635 50.388 50.132 49.868 49.596 49.316 49.028 48.734 48.432 48.125 47.813 47.496 47.175
15.319 16.433 16.841 17.156 17.467 17.783 18.106 18.434 18.770 19.113 19.465 19.827 20.199 20.583 20.981 21.396 21.832 22.294 22.788 23.324 23.912 24.572 25.333 26.238 27.363 28.848 31.007 34.217 40.665 47.927 50.543 51.906 52.699 53.199 53.528 53.748 53.892 53.982 54.029 54.043 54.030 53.993 53.936 53.862 53.772 53.668 53.551 53.421 53.279 53.126 52.962 52.788 52.603 52.408 52.204 51.990 51.767 51.534 51.292 51.041 50.781 50.513 50.236 49.950 49.657 49.356 49.048 48.733 48.412 48.085 47.754 47.418
16.370 17.780 18.264 18.589 18.898 19.208 19.523 19.845 20.174 20.511 20.858 21.216 21.586 21.971 22.375 22.803 23.261 23.757 24.302 24.912 25.612 26.442 27.464 28.792 30.681 33.556 38.574 47.460 50.870 52.458 53.350 53.899 54.256 54.494 54.650 54.749 54.804 54.825 54.817 54.787 54.736 54.668 54.583 54.485 54.373 54.249 54.114 53.967 53.809 53.641 53.462 53.274 53.076 52.868 52.651 52.424 52.188 51.943 51.689 51.426 51.154 50.873 50.584 50.287 49.982 49.669 49.348 49.021 48.687 48.347 48.002 47.653
17.396 19.123 19.706 20.047 20.350 20.651 20.955 21.266 21.584 21.911 22.250 22.603 22.973 23.365 23.783 24.235 24.733 25.290 25.926 26.673 27.586 28.760 30.381 32.870 36.872 46.429 50.895 52.878 53.925 54.550 54.950 55.214 55.388 55.500 55.565 55.594 55.594 55.570 55.525 55.462 55.384 55.291 55.185 55.066 54.936 54.795 54.643 54.480 54.308 54.125 53.933 53.732 53.520 53.300 53.070 52.831 52.584 52.327 52.061 51.787 51.504 51.212 50.912 50.604 50.288 49.964 49.632 49.293 48.948 48.596 48.239 47.878
18.378 20.453 21.175 21.550 21.852 22.140 22.430 22.726 23.030 23.345 23.675 24.025 24.399 24.803 25.248 25.744 26.310 26.973 27.776 28.798 30.180 32.243 35.521 43.442 50.565 53.130 54.420 55.157 55.617 55.917 56.115 56.244 56.321 56.359 56.367 56.349 56.310 56.252 56.178 56.090 55.988 55.874 55.748 55.611 55.464 55.307 55.139 54.962 54.776 54.580 54.374 54.160 53.936 53.704 53.462 53.212 52.953 52.685 52.409 52.124 51.830 51.528 51.218 50.900 50.573 50.239 49.897 49.547 49.191 48.829 48.462 48.089
19.288 21.729 22.635 23.074 23.389 23.670 23.945 24.224 24.513 24.818 25.143 25.493 25.879 26.309 26.801 27.376 28.068 28.938 30.098 31.771 34.434 39.354 49.364 53.162 54.824 55.723 56.266 56.614 56.842 56.991 57.082 57.131 57.146 57.134 57.099 57.045 56.975 56.889 56.790 56.678 56.555 56.421 56.277 56.122 55.959 55.786 55.603 55.412 55.212 55.003 54.785 54.558 54.323 54.079 53.827 53.566 53.296 53.018 52.731 52.436 52.133 51.821 51.501 51.173 50.836 50.492 50.140 49.781 49.415 49.043 48.665 48.283
20.100 22.895 24.020 24.561 24.916 25.204 25.472 25.740 26.020 26.318 26.644 27.006 27.418 27.902 28.485 29.213 30.167 31.507 33.595 37.152 47.493 52.783 55.084 56.235 56.898 57.311 57.579 57.752 57.861 57.921 57.944 57.937 57.905 57.853 57.783 57.698 57.598 57.486 57.363 57.229 57.085 56.932 56.770 56.599 56.419 56.232 56.035 55.831 55.618 55.397 55.167 54.930 54.684 54.429 54.166 53.895 53.616 53.328 53.031 52.726 52.413 52.091 51.760 51.422 51.075 50.720 50.358 49.988 49.613 49.231 48.845 48.454
20.777 23.875 25.223 25.900 26.330 26.655 26.939 27.214 27.498 27.803 28.144 28.537 29.009 29.596 30.361 31.411 32.975 35.612 40.986 51.510 55.093 56.653 57.500 58.009 58.331 58.538 58.668 58.742 58.773 58.771 58.742 58.690 58.618 58.529 58.427 58.311 58.183 58.046 57.898 57.743 57.578 57.407 57.227 57.040 56.846 56.645 56.437 56.220 55.997 55.765 55.526 55.279 55.023 54.759 54.487 54.206 53.916 53.617 53.310 52.994 52.669 52.335 51.993 51.642 51.284 50.917 50.543 50.163 49.777 49.386 48.991 48.594
21.327 24.656 26.196 27.012 27.540 27.935 28.267 28.575 28.887 29.224 29.609 30.070 30.659 31.445 32.570 34.377 37.698 48.130 54.386 56.826 58.011 58.679 59.088 59.347 59.509 59.603 59.646 59.650 59.623 59.569 59.493 59.399 59.288 59.164 59.027 58.881 58.725 58.561 58.390 58.213 58.030 57.841 57.646 57.446 57.241 57.030 56.812 56.588 56.357 56.119 55.872 55.617 55.354 55.081 54.799 54.507 54.206 53.895 53.574 53.243 52.903 52.554 52.196 51.829 51.455 51.073 50.686 50.293 49.895 49.495 49.094 48.693
21.772 25.267 26.958 27.897 28.529 29.010 29.414 29.783 30.151 30.551 31.013 31.592 32.356 33.490 35.383 39.308 51.109 56.158 58.193 59.204 59.784 60.140 60.361 60.493 60.560 60.578 60.556 60.502 60.421 60.318 60.195 60.057 59.905 59.743 59.571 59.392 59.207 59.017 58.824 58.628 58.430 58.229 58.025 57.820 57.611 57.398 57.180 56.956 56.725 56.486 56.237 55.978 55.707 55.424 55.128 54.820 54.499 54.167 53.822 53.468 53.103 52.730 52.349 51.960 51.566 51.166 50.763 50.357 49.950 49.543 49.138 48.737
22.154 25.773 27.583 28.632 29.364 29.935 30.423 30.872 31.321 31.803 32.356 33.059 34.051 35.657 39.009 51.148 56.789 59.042 60.124 60.732 61.100 61.325 61.453 61.511 61.514 61.473 61.394 61.284 61.149 60.992 60.818 60.630 60.432 60.226 60.016 59.803 59.591 59.379 59.170 58.965 58.764 58.568 58.377 58.188 58.001 57.814 57.624 57.428 57.224 57.009 56.779 56.532 56.265 55.974 55.659 55.318 54.952 54.563 54.154 53.731 53.292 52.845 52.398 51.958 51.525 51.098 50.676 50.260 49.850 49.449 49.055 48.670
22.482 26.195 28.104 29.250 30.079 30.749 31.341 31.898 32.448 33.022 33.659 34.429 35.478 37.191 41.025 53.164 58.095 60.051 61.030 61.594 61.938 62.143 62.252 62.284 62.255 62.173 62.046 61.882 61.689 61.471 61.237 60.992 60.740 60.488 60.239 59.998 59.768 59.550 59.348 59.162 58.995 58.848 58.721 58.608 58.501 58.397 58.295 58.194 58.093 57.991 57.886 57.776 57.659 57.531 57.384 57.210 56.998 56.730 56.394 57.094 54.861 52.073 50.196 50.103 50.351 50.436 50.306 50.066 49.799 49.539 49.292 49.054
22.772 26.491 28.420 29.602 30.490 31.240 31.927 32.587 33.247 33.915 34.581 35.248 35.962 36.803 38.060 40.424 48.031 56.304 58.636 59.772 60.453 60.910 61.227 61.437 61.555 61.586 61.537 61.417 61.241 61.020 60.765 60.483 60.171 59.827 59.462 59.089 58.714 58.344 57.980 57.620 57.265 56.914 56.572 56.246 55.937 55.639 55.347 55.059 54.774 54.493 54.216 53.944 53.678 53.418 53.163 52.913 52.667 52.424 52.182 51.943 51.707 51.473 51.243 51.017 50.794 50.576 50.360 50.147 49.936 49.726 49.517 49.309
25.330 28.940 30.837 32.054 33.042 33.932 34.760 35.569 36.400 37.221 37.868 38.102 37.776 36.968 35.814 34.471 33.105 31.852 30.801 29.997 29.453 29.165 29.128 29.369 30.027 31.556 34.032 36.950 39.941 42.804 45.512 48.629 55.812 58.735 59.743 60.170 60.375 60.795 61.172 60.585 58.137 53.579 47.925 44.192 46.028 51.628 53.729 54.557 54.836 54.865 54.793 54.704 54.654 54.680 54.790 54.954 55.081 55.002 54.541 53.676 52.657 51.753 51.090 50.662 50.399 50.226 50.089 49.956 49.813 49.657 49.488 49.308
23.686 28.517 32.040 36.125 46.649 55.769 58.547 59.946 60.805 61.398 61.831 62.152 62.388 62.554 62.661 62.717 62.731 62.707 62.653 62.573 62.474 62.358 62.227 62.083 61.925 61.752 61.566 61.370 61.167 60.957 60.742 60.519 60.289 60.048 59.797 59.534 59.259 58.972 58.674 58.365 58.046 57.720 57.387 57.051 56.712 56.373 56.036 55.702 55.373 55.050 54.733 54.424 54.124 53.833 53.552 53.281 53.020 52.770 52.529 52.298 52.077 51.865 51.660 51.462 51.271 51.084 50.900 50.717 50.534 50.350 50.162 49.967
20.361 22.169 22.841 23.289 23.783 24.463 25.438 26.773 28.471 30.498 32.805 35.355 38.154 41.253 44.610 48.159 51.839 55.580 59.287 62.814 65.949 68.385 69.721 69.499 67.349 63.476 58.961 54.438 49.925 45.296 40.495 35.628 31.082 27.573 25.715 25.552 26.888 29.349 32.326 35.522 39.077 45.337 48.520 50.011 50.802 51.266 51.550 51.714 51.787 51.784 51.713 51.582 51.399 51.182 50.973 50.797 50.654 50.539 50.445 50.367 50.296 50.225 50.147 50.056 49.949 49.822 49.676 49.512 49.334 49.157 48.994 48.845
35.421 59.569 64.902 66.617 67.401 67.828 68.067 68.189 68.227 68.198 68.114 67.984 67.813 67.606 67.370 67.107 66.823 66.520 66.203 65.873 65.534 65.189 64.838 64.484 64.129 63.773 63.418 63.065 62.714 62.366 62.022 61.681 61.345 61.013 60.685 60.361 60.042 59.726 59.414 59.106 58.802 58.500 58.201 57.905 57.611 57.319 57.029 56.740 56.452 56.165 55.879 55.594 55.309 55.025 54.741 54.456 54.172 53.888 53.603 53.318 53.033 52.747 52.461 52.173 51.885 51.597 51.307 51.016 50.724 50.430 50.136 49.840
20.362 22.170 22.843 23.292 23.792 24.482 25.472 26.824 28.538 30.579 32.897 35.455 38.257 41.353 44.704 48.238 51.895 55.604 59.266 62.734 65.795 68.144 69.383 69.067 66.853 62.985 58.549 54.143 49.748 45.206 40.439 35.550 30.957 27.438 25.619 25.514 26.906 29.396 32.385 35.586 39.150 45.392 48.557 50.041 50.829 51.292 51.573 51.735 51.806 51.801 51.730 51.600 51.419 51.206 51.006 50.838 50.704 50.598 50.512 50.440 50.374 50.307 50.229 50.137 50.026 49.893 49.739 49.566 49.378 49.191 49.019 48.861
23.686 28.517 32.041 36.127 46.656 55.770 58.547 59.946 60.805 61.398 61.831 62.153 62.389 62.554 62.661 62.717 62.730 62.707 62.653 62.573 62.474 62.357 62.227 62.082 61.923 61.750 61.563 61.368 61.164 60.955 60.740 60.517 60.286 60.046 59.795 59.532 59.257 58.970 58.672 58.363 58.044 57.718 57.385 57.048 56.710 56.371 56.034 55.700 55.371 55.048 54.731 54.423 54.122 53.832 53.551 53.280 53.020 52.769 52.529 52.298 52.077 51.865 51.660 51.463 51.272 51.085 50.901 50.718 50.536 50.351 50.163 49.969
25.330 28.939 30.836 32.053 33.041 33.930 34.758 35.566 36.398 37.218 37.863 38.095 37.766 36.956 35.801 34.458 33.091 31.839 30.789 29.987 29.446 29.161 29.128 29.374 30.042 31.587 34.074 36.996 39.986 42.843 45.543 48.650 55.827 58.745 59.749 60.175 60.379 60.796 61.167 60.561 58.079 53.487 47.819 44.117 45.998 51.601 53.704 54.538 54.823 54.858 54.791 54.708 54.665 54.702 54.825 55.003 55.139 55.056 54.571 53.677 52.635 51.723 51.062 50.641 50.385 50.218 50.085 49.954 49.812 49.656 49.488 49.308
22.772 26.491 28.419 29.602 30.490 31.240 31.927 32.587 33.247 33.914 34.580 35.247 35.961 36.801 38.058 40.422 48.024 56.302 58.634 59.771 60.452 60.909 61.227 61.437 61.555 61.587 61.537 61.418 61.241 61.020 60.766 60.483 60.170 59.826 59.462 59.088 58.713 58.343 57.978 57.619 57.263 56.912 56.570 56.244 55.934 55.636 55.344 55.056 54.772 54.491 54.214 53.942 53.677 53.417 53.162 52.912 52.666 52.423 52.182 51.942 51.706 51.472 51.242 51.016 50.794 50.575 50.360 50.147 49.936 49.726 49.517 49.308
