Examples/2023_ISeeSnow/data/CoulombOnly/Results/curv77s/s/1HS_03_curv77s_MoT-Voellmy_s_0032.asc
ncols        150
nrows        17
xllcorner    1772.5
yllcorner    -4292.5
cellsize     5.00
NODATA_value -9999
21.603 22.087 22.588 23.220 24.079 25.146 26.186 26.920 27.815 30.387 34.210 34.979 29.230 20.005 12.471 8.042 5.624 3.895 1.511 0.071 0.000 0.000 0.000 0.000 0.000 0.000 0.000 0.000 0.000 0.000 0.000 0.000 0.000 0.000 0.000 0.000 0.000 0.000 0.000 0.000 0.000 0.000 0.039 0.118 0.160 0.113 0.021 0.000 0.000 0.000 0.000 0.000 0.000 0.000 0.000 0.000 0.000 0.000 0.000 0.000 0.000 0.000 0.000 0.000 0.000 0.000 0.000 0.000 0.000 0.000 0.000 0.000 0.000 0.000 0.000 0.000 0.000 0.000 0.000 0.000 0.000 0.000 0.000 0.000 0.000 0.000 0.000 0.000 0.000 0.000 0.000 0.000 0.000 0.000 0.000 0.000 0.000 0.000 0.000 0.000 0.000 0.000 0.000 0.000 0.000 0.000 0.000 0.000 0.000 0.000 0.000 0.000 0.000 0.000 0.000 0.000 0.000 0.000 0.000 0.000 0.000 0.000 0.000 0.000 0.000 0.000 0.000 0.000 0.000 0.000 0.000 0.000 0.000 0.000 0.000 0.000 0.000 0.000 0.000 0.000 0.000 0.000 0.000 0.000 0.000 0.000 0.000 0.000 0.000 0.000
19.867 20.417 20.723 21.002 21.323 21.704 22.136 22.591 23.084 23.727 24.600 25.565 26.305 26.469 25.746 24.324 23.955 27.654 34.523 35.188 28.005 18.556 11.600 7.678 5.391 2.976 0.757 1.667 5.573 15.785 26.616 33.641 36.723 37.298 36.670 35.705 34.809 34.099 33.680 33.652 34.148 35.319 37.342 40.494 45.329 53.458 58.444 61.392 63.225 64.430 65.255 65.839 66.265 66.585 66.832 67.027 67.185 67.317 67.428 67.524 67.610 67.686 67.756 67.820 67.880 67.937 67.990 68.042 68.091 68.138 68.182 68.224 68.263 68.298 68.330 68.359 68.387 68.413 68.437 68.459 68.483 68.509 68.527 68.547 68.578 68.646 68.841 69.467 71.650 73.250 68.815 58.810 19.128 0.146 0.000 0.000 0.000 0.000 0.000 0.000 0.000 0.000 0.000 0.000 0.000 0.000 0.000 0.000 0.000 0.000 0.000 0.000 0.000 0.000 0.000 0.000 0.000 0.000 0.000 0.000 0.000 0.000 0.000 0.000 0.000 0.000 0.000 0.000 0.000 0.000 0.000 0.000 0.000 0.000 0.000 0.000 0.000 0.000 0.000 0.000 0.000 0.000 0.000 0.000 0.000 0.000 0.000 0.000 0.000 0.000
19.571 20.561 20.909 21.080 21.231 21.394 21.577 21.779 22.000 22.250 22.548 22.893 23.258 23.595 23.839 23.973 24.229 25.159 26.602 27.733 28.090 27.591 26.296 24.781 25.181 30.317 37.243 40.569 37.969 31.586 26.583 25.534 30.432 34.530 35.885 36.538 38.165 41.704 48.732 57.828 61.797 63.876 65.083 65.824 66.306 66.636 66.870 67.042 67.173 67.276 67.359 67.430 67.492 67.547 67.599 67.648 67.695 67.741 67.787 67.833 67.879 67.925 67.971 68.017 68.063 68.108 68.154 68.199 68.244 68.289 68.334 68.379 68.423 68.469 68.516 68.564 68.614 68.665 68.718 68.772 68.831 68.895 68.954 69.015 69.079 69.145 69.214 69.285 69.358 69.422 69.465 69.494 69.549 69.616 69.680 69.738 69.791 69.838 69.882 69.922 69.961 70.005 70.066 70.178 70.436 71.127 73.135 74.355 68.166 37.211 1.480 0.000 0.000 0.000 0.000 0.000 0.000 0.000 0.000 0.000 0.000 0.000 0.000 0.000 0.000 0.000 0.000 0.000 0.000 0.000 0.000 0.000 0.000 0.000 0.000 0.000 0.000 0.000 0.000 0.000 0.000 0.000 0.000 0.000 0.000 0.000 0.000 0.000 0.000 0.000
19.957 21.682 22.351 22.605 22.741 22.849 22.953 23.063 23.180 23.306 23.443 23.594 23.758 23.928 24.092 24.241 24.398 24.638 24.987 25.377 25.725 25.968 26.070 26.076 26.293 27.074 28.106 28.895 28.707 27.342 28.194 33.140 38.504 46.237 58.293 62.942 64.883 65.836 66.358 66.668 66.867 67.003 67.105 67.185 67.252 67.312 67.367 67.419 67.470 67.521 67.572 67.624 67.677 67.732 67.787 67.845 67.903 67.963 68.024 68.086 68.149 68.211 68.274 68.336 68.398 68.460 68.520 68.579 68.638 68.695 68.752 68.807 68.861 68.914 68.965 69.014 69.060 69.107 69.153 69.200 69.250 69.303 69.350 69.397 69.445 69.492 69.538 69.583 69.628 69.672 69.717 69.762 69.808 69.857 69.908 69.960 70.014 70.069 70.123 70.177 70.229 70.280 70.329 70.377 70.424 70.471 70.513 70.521 70.468 70.425 70.456 70.498 70.545 70.608 70.710 70.909 71.360 72.471 75.120 72.125 49.305 4.373 0.000 0.000 0.000 0.000 0.000 0.000 0.000 0.000 0.000 0.000 0.000 0.000 0.000 0.000 0.000 0.000 0.000 0.000 0.000 0.000 0.000 0.000 0.000 0.000 0.000 0.000 0.000 0.000
20.480 23.027 24.269 24.842 25.148 25.346 25.498 25.633 25.761 25.890 26.023 26.163 26.310 26.464 26.624 26.787 26.955 27.139 27.347 27.577 27.815 28.053 28.278 28.484 28.699 28.934 28.889 29.057 34.991 54.262 61.962 64.778 65.949 66.505 66.795 66.959 67.060 67.128 67.180 67.225 67.268 67.313 67.360 67.411 67.465 67.524 67.586 67.652 67.721 67.792 67.865 67.939 68.015 68.092 68.170 68.249 68.327 68.406 68.485 68.563 68.642 68.720 68.797 68.874 68.950 69.026 69.101 69.176 69.250 69.324 69.397 69.470 69.542 69.614 69.685 69.755 69.825 69.895 69.964 70.033 70.102 70.171 70.234 70.298 70.361 70.424 70.486 70.550 70.614 70.680 70.747 70.815 70.885 70.955 71.025 71.094 71.162 71.227 71.291 71.351 71.409 71.464 71.516 71.566 71.612 71.656 71.696 71.732 71.764 71.792 71.817 71.838 71.855 71.868 71.877 71.883 71.885 71.882 71.852 71.750 71.619 71.606 71.628 71.679 71.800 72.097 72.822 74.493 72.369 38.518 1.206 0.000 0.000 0.000 0.000 0.000 0.000 0.000 0.000 0.000 0.000 0.000 0.000 0.000 0.000 0.000 0.000 0.000 0.000 0.000
20.927 24.183 26.073 27.144 27.817 28.289 28.653 28.960 29.235 29.496 29.756 30.028 30.318 30.635 30.988 31.393 31.864 32.413 33.064 33.868 34.885 36.215 38.148 43.033 58.623 63.678 65.437 66.238 66.672 66.922 67.070 67.162 67.223 67.268 67.306 67.342 67.380 67.421 67.467 67.519 67.577 67.641 67.712 67.787 67.868 67.953 68.041 68.131 68.223 68.316 68.408 68.500 68.590 68.679 68.766 68.851 68.935 69.017 69.098 69.177 69.254 69.330 69.405 69.477 69.549 69.619 69.687 69.753 69.818 69.881 69.942 70.001 70.059 70.115 70.170 70.223 70.276 70.328 70.380 70.434 70.490 70.549 70.609 70.672 70.737 70.805 70.874 70.944 71.013 71.083 71.151 71.217 71.281 71.342 71.402 71.458 71.512 71.562 71.609 71.652 71.692 71.729 71.763 71.795 71.824 71.851 71.876 71.900 71.923 71.943 71.963 71.980 71.995 72.007 72.016 72.021 72.021 72.016 72.005 71.987 71.966 71.944 71.921 71.898 71.875 71.854 71.826 71.766 71.594 71.450 71.538 71.770 72.240 73.104 70.130 22.836 0.121 0.000 0.000 0.000 0.000 0.000 0.000 0.000 0.000 0.000 0.000 0.000 0.000 0.000
21.300 25.088 27.557 29.165 30.320 31.224 31.980 32.657 33.299 33.948 34.652 35.510 36.663 38.422 41.725 51.394 57.764 60.499 62.778 64.838 66.160 66.841 67.178 67.348 67.429 67.462 67.472 67.476 67.482 67.493 67.514 67.545 67.587 67.638 67.697 67.763 67.833 67.906 67.981 68.056 68.132 68.207 68.283 68.358 68.433 68.510 68.587 68.665 68.745 68.825 68.907 68.990 69.073 69.156 69.239 69.322 69.403 69.484 69.562 69.639 69.715 69.789 69.861 69.931 70.001 70.070 70.138 70.205 70.273 70.341 70.409 70.478 70.549 70.620 70.693 70.768 70.846 70.927 71.010 71.095 71.182 71.269 71.356 71.443 71.528 71.613 71.697 71.779 71.860 71.940 72.018 72.096 72.173 72.249 72.326 72.402 72.478 72.555 72.632 72.710 72.789 72.868 72.947 73.023 73.098 73.169 73.235 73.295 73.348 73.394 73.430 73.458 73.476 73.485 73.484 73.473 73.453 73.425 73.389 73.347 73.298 73.243 73.184 73.120 73.053 72.981 72.907 72.829 72.748 72.667 72.587 72.507 72.419 72.305 72.130 72.070 72.163 72.383 72.828 73.682 67.728 17.008 0.037 0.000 0.000 0.000 0.000 0.000 0.000 0.000
21.658 25.950 29.034 31.313 33.209 34.981 36.907 39.674 46.751 56.393 60.145 62.497 64.198 65.461 66.378 67.005 67.389 67.618 67.751 67.824 67.860 67.875 67.880 67.881 67.881 67.882 67.885 67.890 67.898 67.908 67.921 67.937 67.958 67.983 68.013 68.051 68.096 68.150 68.213 68.284 68.364 68.452 68.545 68.644 68.745 68.848 68.952 69.054 69.154 69.252 69.346 69.437 69.526 69.611 69.694 69.775 69.854 69.932 70.008 70.083 70.157 70.229 70.300 70.369 70.436 70.501 70.563 70.624 70.684 70.742 70.799 70.856 70.913 70.971 71.029 71.088 71.149 71.210 71.273 71.338 71.406 71.477 71.550 71.626 71.704 71.782 71.862 71.942 72.021 72.100 72.177 72.253 72.327 72.399 72.470 72.540 72.608 72.676 72.742 72.808 72.872 72.935 72.997 73.057 73.114 73.169 73.221 73.269 73.313 73.353 73.387 73.415 73.437 73.452 73.460 73.459 73.450 73.433 73.407 73.373 73.330 73.280 73.222 73.157 73.086 73.008 72.925 72.837 72.744 72.648 72.548 72.446 72.342 72.236 72.130 72.025 71.923 71.815 71.688 71.500 71.191 71.124 71.316 50.528 2.900 0.000 0.000 0.000 0.000 0.000
29.790 49.993 56.190 59.296 61.432 63.104 64.450 65.523 66.353 66.950 67.366 67.653 67.847 67.973 68.052 68.098 68.126 68.143 68.156 68.168 68.180 68.194 68.210 68.230 68.252 68.277 68.304 68.334 68.364 68.396 68.428 68.462 68.496 68.532 68.569 68.607 68.646 68.687 68.729 68.773 68.818 68.864 68.912 68.962 69.015 69.070 69.128 69.189 69.253 69.320 69.391 69.463 69.538 69.614 69.691 69.768 69.845 69.922 69.997 70.072 70.146 70.219 70.292 70.364 70.437 70.509 70.581 70.654 70.728 70.801 70.876 70.950 71.024 71.098 71.171 71.243 71.315 71.385 71.453 71.521 71.587 71.651 71.715 71.778 71.840 71.903 71.966 72.030 72.096 72.164 72.235 72.309 72.386 72.467 72.551 72.639 72.730 72.824 72.921 73.020 73.121 73.222 73.323 73.423 73.522 73.618 73.711 73.800 73.884 73.962 74.034 74.100 74.158 74.207 74.249 74.281 74.305 74.318 74.322 74.315 74.297 74.268 74.227 74.173 74.106 74.026 73.935 73.833 73.723 73.604 73.478 73.345 73.207 73.065 72.918 72.768 72.615 72.459 72.298 72.132 71.960 71.780 71.584 71.389 71.274 71.159 71.003 70.750 70.362 31.043
21.659 25.952 29.038 31.319 33.217 34.992 36.922 39.695 46.815 56.417 60.153 62.501 64.200 65.462 66.378 67.005 67.389 67.618 67.751 67.824 67.860 67.875 67.880 67.881 67.881 67.882 67.885 67.890 67.898 67.908 67.921 67.938 67.958 67.983 68.014 68.051 68.096 68.150 68.213 68.285 68.365 68.452 68.546 68.644 68.745 68.849 68.952 69.054 69.154 69.252 69.346 69.438 69.526 69.611 69.694 69.775 69.854 69.932 70.008 70.084 70.157 70.230 70.300 70.369 70.436 70.501 70.563 70.625 70.684 70.742 70.799 70.856 70.913 70.971 71.029 71.089 71.149 71.210 71.273 71.339 71.407 71.477 71.551 71.626 71.704 71.783 71.862 71.942 72.022 72.100 72.177 72.253 72.327 72.399 72.470 72.540 72.609 72.676 72.742 72.808 72.872 72.935 72.997 73.057 73.114 73.169 73.221 73.269 73.313 73.353 73.387 73.415 73.437 73.452 73.460 73.459 73.450 73.433 73.407 73.373 73.330 73.280 73.222 73.157 73.086 73.008 72.925 72.836 72.743 72.647 72.548 72.446 72.342 72.236 72.129 72.025 71.922 71.815 71.687 71.500 71.192 71.124 71.317 50.626 2.927 0.000 0.000 0.000 0.000 0.000
21.300 25.088 27.556 29.165 30.320 31.224 31.980 32.656 33.299 33.947 34.651 35.509 36.661 38.420 41.720 51.374 57.760 60.497 62.777 64.837 66.160 66.841 67.178 67.348 67.429 67.462 67.472 67.476 67.482 67.493 67.514 67.545 67.587 67.638 67.697 67.763 67.833 67.906 67.981 68.056 68.132 68.207 68.283 68.358 68.434 68.510 68.587 68.665 68.745 68.825 68.907 68.990 69.073 69.156 69.239 69.322 69.403 69.484 69.562 69.640 69.715 69.789 69.861 69.932 70.001 70.070 70.138 70.205 70.273 70.341 70.409 70.479 70.549 70.620 70.693 70.768 70.846 70.927 71.010 71.095 71.182 71.269 71.355 71.442 71.528 71.613 71.696 71.779 71.860 71.939 72.018 72.095 72.172 72.249 72.326 72.402 72.478 72.555 72.632 72.710 72.789 72.868 72.947 73.023 73.098 73.168 73.234 73.295 73.348 73.393 73.430 73.458 73.476 73.485 73.483 73.473 73.453 73.425 73.389 73.346 73.297 73.243 73.183 73.120 73.052 72.981 72.907 72.829 72.748 72.667 72.587 72.507 72.418 72.305 72.130 72.070 72.162 72.382 72.827 73.680 67.744 17.038 0.038 0.000 0.000 0.000 0.000 0.000 0.000 0.000
20.927 24.183 26.073 27.144 27.817 28.289 28.653 28.960 29.235 29.496 29.757 30.028 30.318 30.635 30.988 31.393 31.864 32.413 33.064 33.868 34.885 36.215 38.148 43.032 58.623 63.677 65.437 66.238 66.672 66.922 67.070 67.162 67.223 67.268 67.306 67.342 67.380 67.421 67.467 67.519 67.577 67.641 67.711 67.787 67.868 67.953 68.041 68.131 68.223 68.315 68.408 68.499 68.590 68.678 68.766 68.851 68.935 69.017 69.098 69.177 69.254 69.330 69.404 69.477 69.549 69.619 69.687 69.753 69.818 69.881 69.942 70.002 70.059 70.116 70.170 70.224 70.277 70.329 70.381 70.434 70.490 70.549 70.609 70.672 70.737 70.805 70.874 70.943 71.013 71.082 71.150 71.216 71.280 71.341 71.401 71.457 71.511 71.561 71.608 71.651 71.691 71.728 71.762 71.794 71.823 71.850 71.876 71.900 71.922 71.943 71.962 71.979 71.994 72.006 72.015 72.020 72.020 72.015 72.004 71.987 71.966 71.943 71.920 71.897 71.875 71.853 71.826 71.765 71.594 71.449 71.537 71.770 72.239 73.104 70.141 22.867 0.122 0.000 0.000 0.000 0.000 0.000 0.000 0.000 0.000 0.000 0.000 0.000 0.000 0.000
20.480 23.027 24.269 24.842 25.148 25.346 25.498 25.633 25.761 25.890 26.023 26.163 26.310 26.464 26.624 26.788 26.955 27.139 27.347 27.577 27.816 28.054 28.279 28.485 28.700 28.935 28.890 29.057 34.991 54.260 61.960 64.777 65.948 66.504 66.795 66.959 67.060 67.128 67.180 67.225 67.268 67.312 67.359 67.410 67.465 67.524 67.586 67.652 67.720 67.791 67.864 67.939 68.015 68.092 68.170 68.248 68.327 68.406 68.484 68.563 68.641 68.719 68.797 68.873 68.950 69.026 69.101 69.176 69.250 69.324 69.397 69.469 69.542 69.613 69.684 69.754 69.824 69.894 69.963 70.032 70.102 70.170 70.234 70.298 70.361 70.423 70.486 70.549 70.614 70.679 70.747 70.815 70.885 70.955 71.025 71.094 71.161 71.227 71.290 71.351 71.408 71.463 71.515 71.565 71.612 71.655 71.695 71.731 71.763 71.791 71.816 71.837 71.855 71.867 71.876 71.882 71.885 71.881 71.852 71.749 71.618 71.606 71.628 71.678 71.799 72.097 72.821 74.492 72.370 38.532 1.208 0.000 0.000 0.000 0.000 0.000 0.000 0.000 0.000 0.000 0.000 0.000 0.000 0.000 0.000 0.000 0.000 0.000 0.000 0.000
19.957 21.681 22.351 22.604 22.741 22.849 22.953 23.062 23.180 23.305 23.443 23.594 23.758 23.928 24.092 24.241 24.397 24.636 24.983 25.374 25.722 25.967 26.071 26.077 26.289 27.065 28.096 28.889 28.708 27.346 28.191 33.135 38.501 46.232 58.290 62.941 64.883 65.835 66.357 66.668 66.866 67.003 67.104 67.184 67.252 67.311 67.366 67.419 67.470 67.521 67.572 67.623 67.676 67.731 67.787 67.844 67.903 67.963 68.024 68.086 68.148 68.211 68.273 68.336 68.398 68.459 68.519 68.579 68.637 68.695 68.751 68.806 68.860 68.913 68.964 69.013 69.059 69.106 69.152 69.199 69.249 69.301 69.348 69.396 69.443 69.490 69.536 69.582 69.627 69.671 69.715 69.760 69.807 69.856 69.907 69.959 70.013 70.068 70.122 70.176 70.229 70.279 70.328 70.376 70.424 70.471 70.512 70.520 70.467 70.424 70.455 70.497 70.544 70.608 70.709 70.908 71.359 72.469 75.118 72.129 49.342 4.389 0.000 0.000 0.000 0.000 0.000 0.000 0.000 0.000 0.000 0.000 0.000 0.000 0.000 0.000 0.000 0.000 0.000 0.000 0.000 0.000 0.000 0.000 0.000 0.000 0.000 0.000 0.000 0.000
19.571 20.561 20.909 21.080 21.230 21.393 21.576 21.778 21.998 22.248 22.545 22.890 23.255 23.592 23.838 23.973 24.224 25.145 26.586 27.724 28.091 27.601 26.314 24.794 25.156 30.238 37.178 40.548 37.997 31.627 26.605 25.536 30.420 34.526 35.886 36.540 38.167 41.704 48.731 57.827 61.797 63.876 65.083 65.824 66.306 66.635 66.870 67.042 67.172 67.275 67.359 67.429 67.491 67.546 67.598 67.647 67.694 67.741 67.787 67.833 67.878 67.924 67.970 68.016 68.062 68.107 68.153 68.198 68.243 68.288 68.333 68.378 68.423 68.468 68.515 68.563 68.613 68.664 68.717 68.772 68.831 68.894 68.953 69.014 69.078 69.144 69.213 69.284 69.357 69.421 69.464 69.493 69.547 69.615 69.679 69.737 69.790 69.837 69.880 69.920 69.960 70.004 70.065 70.177 70.434 71.126 73.135 74.355 68.171 37.256 1.488 0.000 0.000 0.000 0.000 0.000 0.000 0.000 0.000 0.000 0.000 0.000 0.000 0.000 0.000 0.000 0.000 0.000 0.000 0.000 0.000 0.000 0.000 0.000 0.000 0.000 0.000 0.000 0.000 0.000 0.000 0.000 0.000 0.000 0.000 0.000 0.000 0.000 0.000 0.000
19.866 20.415 20.721 21.000 21.321 21.700 22.131 22.587 23.079 23.719 24.590 25.555 26.299 26.472 25.760 24.340 23.942 27.582 34.463 35.231 28.111 18.653 11.660 7.710 5.414 3.009 0.768 1.659 5.549 15.762 26.610 33.645 36.730 37.304 36.674 35.709 34.812 34.101 33.682 33.654 34.150 35.320 37.345 40.497 45.336 53.465 58.448 61.394 63.227 64.431 65.256 65.839 66.265 66.585 66.832 67.027 67.185 67.316 67.427 67.524 67.609 67.685 67.755 67.819 67.879 67.936 67.990 68.041 68.090 68.137 68.181 68.223 68.262 68.297 68.329 68.358 68.386 68.412 68.436 68.458 68.482 68.508 68.526 68.546 68.577 68.645 68.839 69.461 71.635 73.263 68.838 58.906 19.351 0.153 0.000 0.000 0.000 0.000 0.000 0.000 0.000 0.000 0.000 0.000 0.000 0.000 0.000 0.000 0.000 0.000 0.000 0.000 0.000 0.000 0.000 0.000 0.000 0.000 0.000 0.000 0.000 0.000 0.000 0.000 0.000 0.000 0.000 0.000 0.000 0.000 0.000 0.000 0.000 0.000 0.000 0.000 0.000 0.000 0.000 0.000 0.000 0.000 0.000 0.000 0.000 0.000 0.000 0.000 0.000 0.000
21.601 22.084 22.584 23.213 24.068 25.134 26.176 26.914 27.800 30.347 34.173 35.007 29.329 20.110 12.540 8.080 5.646 3.916 1.540 0.075 0.000 0.000 0.000 0.000 0.000 0.000 0.000 0.000 0.000 0.000 0.000 0.000 0.000 0.000 0.000 0.000 0.000 0.000 0.000 0.000 0.000 0.000 0.047 0.132 0.177 0.129 0.024 0.000 0.000 0.000 0.000 0.000 0.000 0.000 0.000 0.000 0.000 0.000 0.000 0.000 0.000 0.000 0.000 0.000 0.000 0.000 0.000 0.000 0.000 0.000 0.000 0.000 0.000 0.000 0.000 0.000 0.000 0.000 0.000 0.000 0.000 0.000 0.000 0.000 0.000 0.000 0.000 0.000 0.000 0.000 0.000 0.000 0.000 0.000 0.000 0.000 0.000 0.000 0.000 0.000 0.000 0.000 0.000 0.000 0.000 0.000 0.000 0.000 0.000 0.000 0.000 0.000 0.000 0.000 0.000 0.000 0.000 0.000 0.000 0.000 0.000 0.000 0.000 0.000 0.000 0.000 0.000 0.000 0.000 0.000 0.000 0.000 0.000 0.000 0.000 0.000 0.000 0.000 0.000 0.000 0.000 0.000 0.000 0.000 0.000 0.000 0.000 0.000 0.000 0.000
