Examples/2023_ISeeSnow/data/CoulombOnly/Results/curv77s/s/1HS_03_curv77s_MoT-Voellmy_s_0050.asc
ncols        180
nrows        39
xllcorner    2957.5
yllcorner    -4347.5
cellsize     5.00
NODATA_value -9999
[rows 0 to 31 of 39, columns 71 to 141 of 180]
0.000 0.000 0.000 0.000 0.000 0.000 0.000 0.000 0.000 0.000 0.000 0.000 0.000 0.001 0.002 0.005 0.013 0.029 0.062 0.120 0.217 0.369 0.590 0.888 1.272 1.743 2.301 2.939 3.647 4.409 5.207 6.016 6.811 7.562 8.239 8.813 9.216 9.416 9.405 9.187 8.771 8.172 7.408 6.503 5.486 4.385 3.232 2.149 1.296 0.720 0.375 0.184 0.085 0.036 0.013 0.004 0.001 0.000 0.000 0.000 0.000 0.000 0.000 0.000 0.000 0.000 0.000 0.000 0.000 0.000 0.000
0.000 0.000 0.000 0.000 0.001 0.004 0.013 0.033 0.083 0.188 0.388 0.733 1.286 2.112 3.272 4.813 6.772 9.164 11.984 15.201 18.770 22.615 26.471 30.222 33.859 37.370 40.734 43.936 46.970 49.838 52.546 55.098 57.497 59.746 61.846 63.172 63.093 63.159 63.173 63.138 63.074 62.971 62.868 62.725 62.557 62.392 62.180 57.166 48.898 40.204 32.365 25.801 20.363 15.799 11.924 8.611 5.774 3.346 1.319 0.270 0.045 0.011 0.002 0.000 0.000 0.000 0.000 0.000 0.000 0.000 0.000
0.190 0.400 0.773 1.392 2.358 3.775 5.744 8.340 11.557 15.335 19.577 24.158 28.948 33.767 38.431 42.844 46.966 50.787 54.310 57.551 60.533 62.512 63.767 64.426 64.923 65.347 65.673 65.898 66.042 66.126 66.162 66.159 66.123 66.060 65.974 65.869 65.747 65.611 65.462 65.304 65.136 64.961 64.779 64.591 64.398 64.200 63.998 63.792 63.583 63.371 63.157 62.942 62.726 62.508 62.287 62.068 61.862 61.672 58.812 34.829 17.600 11.429 7.426 4.309 1.828 0.333 0.021 0.002 0.000 0.000 0.000
14.080 17.956 22.128 26.452 30.785 35.098 39.371 43.521 47.301 50.685 53.694 56.373 58.769 61.441 63.403 64.835 65.877 66.634 67.182 67.576 67.855 68.043 68.159 68.217 68.229 68.202 68.144 68.061 67.957 67.835 67.699 67.550 67.390 67.222 67.046 66.863 66.674 66.481 66.284 66.084 65.881 65.676 65.470 65.262 65.053 64.843 64.633 64.424 64.214 64.005 63.797 63.590 63.384 63.179 62.976 62.774 62.575 62.377 62.181 61.987 61.795 61.602 61.413 61.241 61.060 39.563 13.679 7.335 4.045 1.546 0.217
44.641 47.063 49.140 50.922 52.473 54.474 58.645 61.945 64.309 65.979 67.179 68.054 68.693 69.155 69.480 69.699 69.835 69.907 69.927 69.906 69.852 69.772 69.669 69.548 69.411 69.261 69.099 68.928 68.748 68.561 68.367 68.168 67.964 67.756 67.545 67.330 67.114 66.895 66.675 66.454 66.232 66.010 65.787 65.565 65.344 65.124 64.904 64.686 64.470 64.255 64.042 63.831 63.623 63.417 63.213 63.012 62.814 62.618 62.425 62.234 62.047 61.862 61.679 61.499 61.321 61.144 60.972 60.809 60.661 60.512 33.376
58.737 62.879 65.630 67.431 68.595 69.317 69.846 70.425 70.841 71.128 71.316 71.428 71.481 71.486 71.454 71.390 71.301 71.191 71.064 70.921 70.766 70.599 70.423 70.239 70.047 69.848 69.644 69.434 69.220 69.002 68.780 68.555 68.327 68.097 67.865 67.631 67.396 67.160 66.924 66.687 66.451 66.215 65.979 65.744 65.511 65.279 65.048 64.820 64.593 64.369 64.147 63.928 63.712 63.498 63.288 63.081 62.877 62.676 62.479 62.285 62.094 61.907 61.723 61.542 61.364 61.189 61.017 60.848 60.681 60.518 60.359
73.079 73.435 73.571 73.545 73.397 73.156 72.973 73.013 73.013 72.976 72.909 72.818 72.705 72.576 72.432 72.275 72.108 71.931 71.745 71.552 71.353 71.148 70.937 70.721 70.500 70.276 70.047 69.815 69.580 69.342 69.101 68.859 68.614 68.367 68.120 67.871 67.621 67.371 67.121 66.871 66.621 66.372 66.124 65.876 65.631 65.386 65.144 64.904 64.666 64.430 64.198 63.968 63.741 63.518 63.298 63.081 62.868 62.659 62.453 62.252 62.053 61.859 61.668 61.481 61.297 61.117 60.940 60.766 60.596 60.429 60.265
76.763 76.441 76.066 75.648 75.195 74.717 74.350 74.237 74.108 73.964 73.808 73.641 73.464 73.279 73.087 72.888 72.683 72.473 72.257 72.037 71.813 71.584 71.352 71.116 70.876 70.634 70.388 70.140 69.889 69.636 69.381 69.124 68.866 68.606 68.345 68.084 67.822 67.559 67.297 67.034 66.772 66.511 66.251 65.992 65.734 65.477 65.223 64.971 64.721 64.473 64.229 63.987 63.748 63.513 63.282 63.054 62.830 62.610 62.394 62.182 61.974 61.770 61.569 61.373 61.180 60.992 60.806 60.625 60.447 60.273 60.102
78.264 77.765 77.247 76.712 76.164 75.610 75.184 75.016 74.833 74.641 74.443 74.239 74.030 73.815 73.596 73.373 73.145 72.914 72.679 72.441 72.200 71.955 71.708 71.457 71.204 70.948 70.690 70.429 70.166 69.901 69.635 69.366 69.097 68.826 68.554 68.282 68.009 67.736 67.463 67.190 66.918 66.646 66.375 66.105 65.836 65.568 65.302 65.038 64.776 64.517 64.260 64.006 63.755 63.507 63.263 63.023 62.787 62.554 62.326 62.102 61.883 61.667 61.455 61.248 61.044 60.845 60.649 60.457 60.269 60.084 59.903
79.105 78.545 77.976 77.397 76.810 76.226 75.780 75.587 75.375 75.157 74.935 74.709 74.479 74.246 74.009 73.770 73.527 73.282 73.034 72.784 72.531 72.275 72.016 71.756 71.492 71.227 70.959 70.689 70.417 70.143 69.867 69.590 69.312 69.033 68.752 68.471 68.190 67.909 67.627 67.346 67.065 66.784 66.504 66.224 65.946 65.668 65.392 65.117 64.844 64.573 64.305 64.038 63.775 63.515 63.259 63.006 62.757 62.512 62.271 62.034 61.801 61.573 61.349 61.129 60.913 60.700 60.492 60.287 60.086 59.889 59.696
79.674 79.088 78.494 77.894 77.287 76.688 76.234 76.029 75.798 75.564 75.326 75.086 74.843 74.598 74.350 74.100 73.848 73.594 73.338 73.080 72.819 72.556 72.290 72.023 71.752 71.480 71.205 70.929 70.650 70.369 70.087 69.803 69.518 69.231 68.944 68.656 68.368 68.080 67.791 67.503 67.214 66.926 66.639 66.351 66.065 65.779 65.494 65.210 64.928 64.647 64.368 64.092 63.817 63.546 63.278 63.013 62.752 62.495 62.241 61.992 61.747 61.506 61.269 61.035 60.806 60.580 60.358 60.139 59.924 59.712 59.504
80.097 79.495 78.888 78.275 77.656 77.048 76.592 76.381 76.140 75.895 75.648 75.399 75.149 74.897 74.643 74.388 74.131 73.872 73.611 73.348 73.084 72.817 72.547 72.275 72.001 71.724 71.445 71.163 70.879 70.593 70.305 70.015 69.723 69.431 69.137 68.843 68.548 68.253 67.958 67.662 67.367 67.073 66.778 66.484 66.190 65.898 65.605 65.314 65.024 64.735 64.447 64.162 63.879 63.598 63.321 63.046 62.775 62.507 62.244 61.984 61.728 61.475 61.227 60.982 60.740 60.501 60.265 60.033 59.802 59.575 59.350
80.428 79.819 79.204 78.584 77.959 77.348 76.893 76.680 76.433 76.183 75.931 75.679 75.425 75.170 74.914 74.657 74.399 74.139 73.877 73.613 73.348 73.080 72.809 72.535 72.259 71.979 71.696 71.411 71.122 70.831 70.536 70.240 69.942 69.642 69.341 69.038 68.736 68.433 68.130 67.827 67.524 67.222 66.920 66.619 66.319 66.019 65.720 65.422 65.125 64.829 64.535 64.243 63.953 63.665 63.381 63.099 62.821 62.546 62.274 62.007 61.742 61.482 61.224 60.970 60.718 60.469 60.221 59.976 59.731 59.489 59.247
80.706 80.093 79.474 78.850 78.221 77.609 77.160 76.952 76.704 76.453 76.201 75.948 75.695 75.441 75.186 74.930 74.674 74.416 74.156 73.894 73.631 73.364 73.094 72.821 72.544 72.264 71.979 71.690 71.397 71.100 70.799 70.496 70.189 69.881 69.571 69.260 68.948 68.637 68.325 68.015 67.704 67.395 67.086 66.778 66.471 66.164 65.857 65.552 65.247 64.944 64.642 64.342 64.045 63.751 63.459 63.172 62.887 62.607 62.330 62.056 61.786 61.518 61.254 60.992 60.732 60.474 60.216 59.960 59.703 59.447 59.189
81.118 80.522 79.922 79.319 78.712 78.115 77.652 77.420 77.168 76.913 76.658 76.403 76.147 75.891 75.634 75.377 75.119 74.859 74.597 74.332 74.064 73.791 73.513 73.230 72.942 72.647 72.349 72.046 71.740 71.433 71.125 70.818 70.513 70.209 69.908 69.608 69.309 69.011 68.714 68.415 68.115 67.813 67.508 67.199 66.886 66.569 66.248 65.923 65.595 65.265 64.935 64.606 64.279 63.957 63.641 63.331 63.027 62.730 62.439 62.153 61.871 61.592 61.316 61.042 60.769 60.497 60.224 59.952 59.678 59.404 59.128
80.722 80.096 79.464 78.828 78.186 77.579 77.181 77.016 76.771 76.521 76.269 76.015 75.760 75.502 75.243 74.982 74.721 74.459 74.197 73.936 73.676 73.417 73.159 72.904 72.651 72.399 72.150 71.903 71.658 71.414 71.172 70.930 70.689 70.448 70.206 69.964 69.720 69.474 69.226 68.975 68.721 68.463 68.202 67.937 67.667 67.392 67.113 66.828 66.537 66.241 65.939 65.630 65.315 64.993 64.664 64.329 63.987 63.639 63.283 62.922 62.554 62.181 61.805 61.426 61.047 60.671 60.301 59.940 59.589 59.250 58.920
82.704 82.184 81.659 81.128 80.593 80.056 79.621 79.408 79.180 78.901 78.557 78.148 77.685 77.188 76.682 76.184 75.710 75.265 74.851 74.466 74.107 73.771 73.454 73.152 72.863 72.586 72.317 72.055 71.799 71.548 71.301 71.056 70.812 70.571 70.329 70.088 69.846 69.603 69.358 69.111 68.861 68.608 68.350 68.087 67.819 67.544 67.262 66.972 66.675 66.370 66.058 65.738 65.412 65.079 64.740 64.396 64.047 63.694 63.334 62.966 62.586 62.186 61.755 61.277 60.735 60.122 59.464 58.829 58.298 57.899 57.601
80.624 79.950 79.275 78.597 77.915 77.301 76.967 76.845 76.580 76.314 76.051 75.793 75.540 75.292 75.049 74.812 74.579 74.352 74.129 73.911 73.697 73.488 73.281 73.078 72.878 72.679 72.481 72.283 72.085 71.885 71.681 71.473 71.260 71.040 70.812 70.575 70.328 70.070 69.800 69.517 69.222 68.915 68.597 68.267 67.927 67.579 67.224 66.863 66.497 66.128 65.757 65.384 65.010 64.637 64.264 63.893 63.525 63.162 62.803 62.451 62.107 61.770 61.442 61.122 60.809 60.503 60.201 59.902 59.604 59.303 58.998
82.617 81.847 81.092 80.360 79.658 78.991 78.480 78.253 78.052 77.860 77.670 77.479 77.283 77.079 76.863 76.634 76.388 76.126 75.846 75.549 75.237 74.910 74.572 74.223 73.865 73.500 73.131 72.760 72.388 72.017 71.650 71.286 70.929 70.576 70.230 69.888 69.550 69.215 68.881 68.545 68.207 67.866 67.520 67.173 66.826 66.484 66.152 65.833 65.533 65.253 64.994 64.757 64.541 64.344 64.164 63.999 63.849 63.713 63.591 63.484 63.397 63.334 63.306 63.324 63.403 63.558 63.781 63.987 63.897 63.039 61.153
81.320 80.681 80.039 79.392 78.742 78.167 77.888 77.807 77.558 77.302 77.045 76.788 76.530 76.272 76.014 75.755 75.495 75.236 74.975 74.715 74.454 74.193 73.932 73.670 73.408 73.145 72.882 72.619 72.354 72.089 71.824 71.557 71.288 71.019 70.748 70.476 70.201 69.925 69.647 69.367 69.084 68.799 68.512 68.221 67.929 67.633 67.335 67.034 66.731 66.425 66.117 65.808 65.496 65.182 64.868 64.552 64.236 63.920 63.603 63.288 62.973 62.659 62.346 62.035 61.726 61.420 61.115 60.812 60.511 60.212 59.914
82.622 81.853 81.098 80.366 79.664 78.998 78.488 78.261 78.061 77.868 77.678 77.486 77.289 77.084 76.868 76.639 76.393 76.130 75.851 75.554 75.242 74.915 74.576 74.226 73.867 73.502 73.132 72.760 72.387 72.016 71.648 71.286 70.929 70.578 70.232 69.892 69.556 69.222 68.890 68.556 68.219 67.879 67.534 67.187 66.840 66.497 66.163 65.843 65.540 65.257 64.997 64.758 64.540 64.341 64.160 63.995 63.845 63.708 63.587 63.481 63.394 63.333 63.306 63.326 63.407 63.564 63.788 63.993 63.898 63.034 61.151
80.622 79.949 79.274 78.595 77.914 77.299 76.965 76.843 76.579 76.312 76.050 75.792 75.540 75.292 75.050 74.812 74.580 74.353 74.130 73.912 73.698 73.488 73.282 73.079 72.878 72.679 72.481 72.284 72.085 71.885 71.682 71.474 71.261 71.041 70.814 70.577 70.330 70.072 69.802 69.520 69.225 68.918 68.600 68.270 67.930 67.582 67.227 66.865 66.500 66.130 65.758 65.385 65.011 64.637 64.264 63.893 63.524 63.160 62.802 62.449 62.105 61.768 61.439 61.119 60.806 60.500 60.199 59.900 59.602 59.301 58.997
82.705 82.185 81.660 81.130 80.595 80.058 79.623 79.410 79.180 78.899 78.552 78.140 77.676 77.179 76.672 76.176 75.703 75.260 74.847 74.463 74.106 73.770 73.453 73.152 72.864 72.586 72.318 72.056 71.801 71.549 71.302 71.057 70.814 70.572 70.331 70.090 69.848 69.605 69.360 69.113 68.863 68.610 68.352 68.089 67.820 67.545 67.263 66.974 66.676 66.371 66.059 65.739 65.412 65.079 64.740 64.396 64.047 63.693 63.333 62.965 62.585 62.185 61.755 61.277 60.736 60.124 59.465 58.830 58.298 57.898 57.600
80.722 80.095 79.464 78.827 78.186 77.579 77.180 77.016 76.771 76.521 76.269 76.015 75.759 75.501 75.242 74.981 74.720 74.458 74.196 73.935 73.675 73.416 73.159 72.903 72.650 72.399 72.150 71.903 71.658 71.414 71.172 70.930 70.689 70.448 70.206 69.964 69.720 69.474 69.226 68.975 68.721 68.463 68.202 67.937 67.667 67.392 67.113 66.828 66.537 66.241 65.938 65.630 65.315 64.993 64.664 64.329 63.988 63.639 63.284 62.923 62.555 62.183 61.806 61.428 61.049 60.673 60.303 59.941 59.590 59.251 58.921
81.118 80.522 79.922 79.319 78.712 78.115 77.652 77.421 77.168 76.914 76.659 76.403 76.147 75.891 75.635 75.377 75.119 74.859 74.597 74.332 74.064 73.791 73.513 73.230 72.941 72.647 72.348 72.045 71.740 71.432 71.125 70.818 70.513 70.209 69.907 69.607 69.309 69.011 68.713 68.414 68.114 67.812 67.507 67.198 66.885 66.568 66.247 65.922 65.594 65.264 64.934 64.605 64.279 63.957 63.641 63.331 63.027 62.730 62.439 62.153 61.871 61.593 61.317 61.043 60.770 60.497 60.225 59.952 59.679 59.405 59.128
80.706 80.092 79.474 78.850 78.221 77.609 77.160 76.952 76.704 76.453 76.201 75.948 75.695 75.441 75.186 74.930 74.674 74.416 74.156 73.894 73.631 73.364 73.094 72.821 72.544 72.263 71.979 71.690 71.396 71.099 70.799 70.495 70.189 69.880 69.570 69.259 68.948 68.636 68.325 68.014 67.704 67.394 67.085 66.777 66.470 66.163 65.857 65.551 65.247 64.943 64.642 64.342 64.045 63.751 63.460 63.172 62.888 62.607 62.330 62.056 61.786 61.519 61.254 60.992 60.732 60.474 60.217 59.960 59.704 59.447 59.190
80.428 79.818 79.204 78.584 77.959 77.348 76.893 76.680 76.433 76.183 75.931 75.678 75.425 75.170 74.914 74.657 74.398 74.138 73.877 73.613 73.348 73.079 72.809 72.535 72.259 71.979 71.696 71.410 71.122 70.830 70.536 70.240 69.941 69.641 69.340 69.038 68.735 68.432 68.129 67.826 67.524 67.221 66.920 66.619 66.318 66.019 65.720 65.422 65.125 64.829 64.535 64.243 63.953 63.665 63.381 63.099 62.821 62.546 62.275 62.007 61.743 61.482 61.225 60.970 60.718 60.469 60.222 59.976 59.732 59.489 59.248
80.096 79.495 78.887 78.274 77.656 77.048 76.592 76.381 76.140 75.895 75.648 75.399 75.148 74.896 74.643 74.387 74.130 73.872 73.611 73.348 73.083 72.816 72.547 72.275 72.001 71.724 71.445 71.163 70.879 70.593 70.304 70.014 69.723 69.430 69.137 68.842 68.548 68.252 67.957 67.662 67.367 67.072 66.778 66.484 66.190 65.897 65.605 65.314 65.024 64.735 64.447 64.162 63.879 63.598 63.321 63.046 62.775 62.507 62.244 61.984 61.728 61.475 61.227 60.982 60.740 60.501 60.266 60.033 59.803 59.575 59.350
79.674 79.087 78.493 77.893 77.286 76.687 76.234 76.028 75.798 75.563 75.325 75.085 74.842 74.597 74.350 74.100 73.848 73.594 73.338 73.079 72.818 72.555 72.290 72.022 71.752 71.480 71.205 70.928 70.650 70.369 70.086 69.802 69.517 69.231 68.944 68.656 68.368 68.079 67.791 67.502 67.214 66.926 66.638 66.351 66.065 65.779 65.494 65.210 64.928 64.647 64.368 64.092 63.817 63.546 63.278 63.013 62.752 62.495 62.241 61.992 61.747 61.506 61.269 61.036 60.806 60.581 60.358 60.140 59.925 59.713 59.504
79.104 78.544 77.975 77.396 76.809 76.225 75.780 75.586 75.374 75.156 74.934 74.708 74.478 74.245 74.009 73.769 73.527 73.282 73.034 72.783 72.530 72.274 72.016 71.755 71.492 71.226 70.958 70.688 70.416 70.143 69.867 69.590 69.312 69.032 68.752 68.471 68.190 67.908 67.627 67.345 67.064 66.784 66.503 66.224 65.945 65.668 65.392 65.117 64.844 64.573 64.305 64.038 63.775 63.515 63.259 63.006 62.757 62.512 62.271 62.034 61.802 61.573 61.349 61.129 60.913 60.701 60.492 60.288 60.087 59.889 59.696
78.263 77.764 77.246 76.711 76.163 75.609 75.184 75.015 74.832 74.640 74.443 74.239 74.029 73.815 73.596 73.372 73.145 72.914 72.679 72.441 72.199 71.955 71.707 71.457 71.203 70.948 70.689 70.429 70.166 69.901 69.634 69.366 69.097 68.826 68.554 68.282 68.009 67.736 67.463 67.190 66.918 66.646 66.375 66.105 65.836 65.568 65.302 65.038 64.776 64.517 64.260 64.006 63.755 63.507 63.263 63.023 62.787 62.555 62.326 62.103 61.883 61.667 61.456 61.248 61.045 60.845 60.649 60.457 60.269 60.084 59.903
76.761 76.440 76.065 75.647 75.194 74.716 74.349 74.236 74.107 73.963 73.807 73.640 73.463 73.279 73.086 72.887 72.683 72.472 72.257 72.037 71.812 71.584 71.351 71.115 70.876 70.633 70.388 70.140 69.889 69.636 69.381 69.124 68.866 68.606 68.345 68.084 67.821 67.559 67.296 67.034 66.772 66.511 66.251 65.991 65.734 65.477 65.223 64.971 64.721 64.473 64.229 63.987 63.748 63.513 63.282 63.054 62.830 62.610 62.394 62.182 61.974 61.770 61.569 61.373 61.180 60.992 60.807 60.625 60.447 60.273 60.102
