Examples/2023_ISeeSnow/data/CoulombOnly/Results/curv77s/s/1HS_03_curv77s_MoT-Voellmy_s_0051.asc
ncols        174
nrows        41
xllcorner    3042.5
yllcorner    -4352.5
cellsize     5.00
NODATA_value -9999
[rows 0 to 31 of 41, columns 72 to 143 of 174]
0.000 0.001 0.002 0.006 0.016 0.039 0.089 0.187 0.356 0.631 1.051 1.653 2.465 3.510 4.802 6.345 8.135 10.157 12.387 14.799 17.356 19.838 22.197 24.409 26.440 28.271 29.883 31.256 32.363 33.178 33.670 33.806 33.552 32.882 31.776 30.235 28.287 25.987 23.417 20.676 17.866 15.076 12.374 9.809 7.413 5.205 3.197 1.446 0.445 0.128 0.041 0.013 0.003 0.000 0.000 0.000 0.000 0.000 0.000 0.000 0.000 0.000 0.000 0.000 0.000 0.000 0.000 0.000 0.000 0.000 0.000 0.000
0.929 1.617 2.639 4.073 5.975 8.365 11.228 14.519 18.169 22.095 26.214 30.368 34.408 38.266 41.918 45.365 48.611 51.666 54.536 57.234 59.312 59.770 60.127 60.512 60.790 60.976 61.097 61.166 61.191 61.179 61.135 61.065 60.972 60.860 60.731 60.588 60.432 60.265 60.088 59.902 59.707 59.507 59.302 59.090 58.879 58.669 58.425 54.920 37.062 22.822 15.887 11.229 7.563 4.578 2.128 0.485 0.049 0.007 0.001 0.000 0.000 0.000 0.000 0.000 0.000 0.000 0.000 0.000 0.000 0.000 0.000 0.000
21.375 25.464 29.576 33.661 37.672 41.454 44.944 48.131 51.028 53.663 56.066 58.067 59.540 60.644 61.485 62.124 62.598 62.938 63.171 63.322 63.411 63.450 63.449 63.414 63.352 63.266 63.161 63.040 62.905 62.758 62.601 62.436 62.263 62.084 61.901 61.713 61.521 61.327 61.130 60.931 60.730 60.529 60.327 60.124 59.922 59.721 59.520 59.320 59.122 58.925 58.729 58.535 58.342 58.158 57.930 42.294 17.360 9.476 5.687 2.815 0.723 0.058 0.002 0.000 0.000 0.000 0.000 0.000 0.000 0.000 0.000 0.000
46.343 48.541 50.513 52.611 56.150 58.798 60.709 62.067 63.041 63.749 64.265 64.636 64.896 65.070 65.176 65.226 65.232 65.201 65.140 65.054 64.947 64.822 64.683 64.531 64.369 64.197 64.018 63.832 63.641 63.444 63.244 63.041 62.835 62.627 62.418 62.207 61.996 61.785 61.574 61.363 61.153 60.944 60.736 60.530 60.325 60.123 59.922 59.724 59.528 59.334 59.143 58.955 58.769 58.585 58.405 58.227 58.053 57.881 57.714 57.550 48.736 17.777 6.955 3.599 1.169 0.121 0.002 0.000 0.000 0.000 0.000 0.000
60.480 62.363 63.706 64.677 65.380 65.886 66.245 66.492 66.652 66.745 66.784 66.780 66.740 66.672 66.579 66.467 66.337 66.193 66.036 65.869 65.692 65.507 65.315 65.116 64.912 64.703 64.491 64.274 64.055 63.834 63.610 63.385 63.159 62.933 62.706 62.480 62.254 62.029 61.805 61.582 61.361 61.142 60.925 60.711 60.499 60.289 60.083 59.879 59.678 59.481 59.287 59.096 58.908 58.723 58.542 58.364 58.189 58.017 57.849 57.684 57.523 57.365 57.215 57.052 55.244 23.844 6.113 2.753 0.662 0.040 0.000 0.000
67.242 67.628 67.894 68.069 68.174 68.222 68.225 68.192 68.130 68.042 67.934 67.808 67.667 67.513 67.347 67.172 66.988 66.796 66.597 66.392 66.181 65.965 65.745 65.520 65.292 65.061 64.828 64.591 64.353 64.114 63.873 63.632 63.390 63.149 62.907 62.667 62.427 62.189 61.952 61.717 61.484 61.254 61.026 60.801 60.578 60.359 60.144 59.931 59.722 59.517 59.316 59.118 58.924 58.733 58.547 58.364 58.185 58.009 57.837 57.669 57.504 57.343 57.185 57.032 56.882 56.737 56.602 56.445 48.225 13.753 3.530 1.137
69.610 69.633 69.615 69.566 69.489 69.390 69.273 69.139 68.992 68.832 68.662 68.483 68.296 68.101 67.899 67.691 67.477 67.258 67.034 66.806 66.573 66.337 66.097 65.854 65.609 65.361 65.110 64.858 64.605 64.350 64.095 63.839 63.583 63.327 63.072 62.818 62.565 62.313 62.063 61.816 61.570 61.327 61.087 60.850 60.616 60.386 60.159 59.936 59.717 59.502 59.290 59.083 58.880 58.681 58.487 58.296 58.109 57.927 57.748 57.573 57.403 57.235 57.072 56.912 56.757 56.605 56.457 56.314 56.177 56.049 55.923 55.298
70.843 70.738 70.616 70.478 70.327 70.165 69.993 69.812 69.623 69.427 69.224 69.016 68.801 68.581 68.356 68.127 67.893 67.655 67.413 67.168 66.919 66.666 66.411 66.153 65.893 65.631 65.366 65.100 64.833 64.565 64.296 64.027 63.758 63.489 63.221 62.954 62.688 62.423 62.160 61.900 61.641 61.386 61.133 60.883 60.636 60.394 60.155 59.919 59.689 59.462 59.239 59.021 58.808 58.599 58.394 58.193 57.997 57.806 57.618 57.435 57.256 57.080 56.909 56.742 56.578 56.419 56.263 56.112 55.965 55.822 55.686 55.556
71.668 71.506 71.334 71.153 70.964 70.768 70.565 70.356 70.142 69.923 69.698 69.470 69.236 68.999 68.757 68.512 68.263 68.010 67.754 67.495 67.232 66.967 66.699 66.429 66.156 65.881 65.605 65.327 65.048 64.767 64.487 64.206 63.925 63.644 63.364 63.085 62.807 62.530 62.255 61.982 61.711 61.442 61.177 60.914 60.655 60.399 60.147 59.899 59.655 59.415 59.181 58.950 58.725 58.504 58.288 58.076 57.869 57.667 57.469 57.275 57.086 56.901 56.720 56.543 56.370 56.202 56.037 55.877 55.720 55.569 55.421 55.279
72.301 72.106 71.905 71.698 71.484 71.266 71.043 70.815 70.583 70.347 70.107 69.864 69.616 69.365 69.111 68.854 68.593 68.329 68.062 67.792 67.519 67.243 66.964 66.684 66.401 66.116 65.829 65.541 65.252 64.962 64.671 64.380 64.089 63.799 63.508 63.218 62.930 62.642 62.356 62.071 61.788 61.508 61.230 60.955 60.682 60.414 60.148 59.887 59.630 59.378 59.130 58.886 58.648 58.414 58.186 57.962 57.742 57.528 57.318 57.113 56.912 56.715 56.523 56.334 56.150 55.971 55.795 55.624 55.457 55.295 55.138 54.985
72.813 72.596 72.375 72.149 71.919 71.684 71.446 71.205 70.960 70.711 70.460 70.206 69.948 69.688 69.424 69.158 68.889 68.616 68.341 68.063 67.782 67.498 67.212 66.923 66.632 66.339 66.044 65.748 65.450 65.152 64.852 64.553 64.253 63.954 63.655 63.356 63.058 62.761 62.465 62.170 61.877 61.586 61.297 61.011 60.727 60.446 60.168 59.894 59.625 59.359 59.098 58.842 58.590 58.343 58.101 57.864 57.632 57.405 57.182 56.964 56.750 56.540 56.335 56.134 55.937 55.744 55.555 55.371 55.191 55.016 54.846 54.682
73.234 73.002 72.766 72.526 72.284 72.038 71.789 71.538 71.284 71.027 70.768 70.507 70.243 69.976 69.707 69.435 69.160 68.882 68.601 68.317 68.030 67.741 67.448 67.153 66.856 66.556 66.254 65.950 65.645 65.340 65.033 64.726 64.418 64.111 63.804 63.498 63.192 62.887 62.582 62.279 61.978 61.677 61.379 61.082 60.788 60.497 60.209 59.923 59.642 59.365 59.092 58.823 58.559 58.300 58.046 57.796 57.551 57.311 57.075 56.844 56.616 56.393 56.174 55.958 55.746 55.538 55.334 55.134 54.939 54.748 54.563 54.382
73.587 73.344 73.098 72.849 72.599 72.345 72.090 71.833 71.573 71.312 71.048 70.783 70.515 70.245 69.972 69.697 69.419 69.138 68.854 68.566 68.276 67.982 67.684 67.384 67.081 66.775 66.466 66.156 65.844 65.531 65.217 64.903 64.588 64.273 63.959 63.646 63.333 63.021 62.709 62.399 62.090 61.782 61.475 61.170 60.868 60.567 60.269 59.974 59.683 59.395 59.112 58.832 58.558 58.287 58.022 57.761 57.505 57.253 57.005 56.761 56.520 56.283 56.050 55.819 55.592 55.367 55.146 54.928 54.714 54.504 54.299 54.098
73.896 73.647 73.395 73.141 72.885 72.627 72.368 72.107 71.845 71.581 71.315 71.048 70.779 70.507 70.233 69.957 69.677 69.395 69.108 68.819 68.525 68.228 67.926 67.621 67.313 67.001 66.687 66.371 66.053 65.733 65.413 65.093 64.772 64.452 64.133 63.814 63.496 63.179 62.862 62.546 62.231 61.916 61.602 61.289 60.978 60.668 60.360 60.056 59.754 59.456 59.162 58.872 58.587 58.306 58.030 57.759 57.492 57.229 56.970 56.715 56.462 56.213 55.965 55.720 55.477 55.235 54.995 54.758 54.522 54.290 54.060 53.835
74.192 73.939 73.683 73.426 73.166 72.906 72.643 72.380 72.115 71.849 71.581 71.312 71.041 70.768 70.492 70.213 69.931 69.646 69.357 69.064 68.767 68.467 68.162 67.855 67.544 67.231 66.917 66.600 66.284 65.967 65.650 65.333 65.017 64.702 64.387 64.072 63.757 63.441 63.124 62.805 62.485 62.163 61.840 61.515 61.190 60.864 60.540 60.217 59.898 59.582 59.270 58.964 58.663 58.368 58.078 57.793 57.514 57.238 56.967 56.699 56.433 56.170 55.908 55.647 55.386 55.126 54.866 54.606 54.346 54.087 53.830 53.575
74.546 74.293 74.039 73.782 73.524 73.265 73.004 72.742 72.476 72.208 71.937 71.661 71.380 71.094 70.801 70.503 70.199 69.890 69.579 69.265 68.952 68.640 68.331 68.026 67.726 67.431 67.140 66.854 66.571 66.291 66.013 65.736 65.460 65.182 64.902 64.620 64.333 64.042 63.744 63.440 63.127 62.806 62.476 62.137 61.789 61.432 61.069 60.701 60.330 59.961 59.595 59.237 58.888 58.549 58.222 57.906 57.599 57.300 57.007 56.717 56.430 56.143 55.857 55.570 55.283 54.994 54.704 54.414 54.122 53.831 53.539 53.250
74.045 73.782 73.519 73.253 72.986 72.718 72.449 72.179 71.908 71.637 71.366 71.095 70.825 70.557 70.290 70.025 69.763 69.504 69.248 68.995 68.745 68.497 68.253 68.011 67.770 67.531 67.294 67.056 66.818 66.580 66.341 66.100 65.856 65.611 65.362 65.110 64.855 64.596 64.333 64.066 63.794 63.518 63.236 62.950 62.657 62.359 62.055 61.743 61.425 61.099 60.764 60.421 60.068 59.705 59.332 58.947 58.551 58.143 57.726 57.300 56.869 56.436 56.006 55.583 55.172 54.775 54.394 54.028 53.675 53.333 53.001 52.678
76.032 75.525 75.006 74.495 74.008 73.552 73.128 72.733 72.364 72.016 71.687 71.372 71.070 70.777 70.493 70.214 69.940 69.669 69.400 69.133 68.864 68.594 68.323 68.053 67.784 67.518 67.254 66.993 66.735 66.480 66.227 65.976 65.726 65.476 65.226 64.973 64.717 64.458 64.193 63.922 63.644 63.359 63.066 62.766 62.460 62.148 61.831 61.509 61.186 60.860 60.534 60.208 59.881 59.554 59.226 58.893 58.553 58.197 57.814 57.388 56.899 56.326 55.663 54.932 54.199 53.553 53.049 52.667 52.358 52.086 51.833 51.591
73.867 73.579 73.296 73.017 72.744 72.476 72.214 71.957 71.706 71.461 71.221 70.988 70.760 70.537 70.319 70.106 69.897 69.692 69.489 69.289 69.090 68.893 68.696 68.499 68.300 68.097 67.890 67.677 67.456 67.227 66.988 66.737 66.474 66.198 65.908 65.604 65.287 64.956 64.613 64.258 63.894 63.521 63.141 62.755 62.365 61.972 61.578 61.184 60.793 60.405 60.024 59.651 59.286 58.931 58.584 58.247 57.917 57.595 57.278 56.966 56.657 56.349 56.041 55.733 55.428 55.127 54.834 54.547 54.269 53.999 53.738 53.486
75.542 75.277 75.031 74.799 74.579 74.366 74.157 73.949 73.739 73.522 73.296 73.057 72.803 72.532 72.243 71.936 71.611 71.272 70.920 70.559 70.183 69.740 69.260 68.802 68.395 68.042 67.732 67.453 67.193 66.942 66.694 66.444 66.189 65.925 65.650 65.363 65.061 64.743 64.407 64.050 63.670 63.262 62.822 62.350 61.853 61.364 60.941 60.633 60.421 60.261 60.127 60.012 59.914 59.834 59.772 59.727 59.700 59.685 59.677 59.878 61.428 60.439 57.479 53.759 50.229 47.840 47.588 48.986 50.944 50.406 37.593 17.609
74.826 74.566 74.306 74.045 73.784 73.522 73.259 72.996 72.733 72.469 72.204 71.939 71.673 71.408 71.141 70.874 70.607 70.340 70.072 69.803 69.535 69.265 68.995 68.724 68.453 68.181 67.907 67.632 67.356 67.079 66.799 66.518 66.235 65.950 65.663 65.373 65.081 64.786 64.488 64.188 63.885 63.580 63.272 62.962 62.650 62.335 62.019 61.701 61.382 61.063 60.742 60.422 60.101 59.781 59.462 59.144 58.827 58.512 58.199 57.888 57.579 57.272 56.967 56.664 56.362 56.062 55.762 55.463 55.164 54.864 54.564 54.261
75.545 75.279 75.032 74.800 74.578 74.364 74.154 73.946 73.734 73.518 73.292 73.054 72.801 72.531 72.243 71.936 71.612 71.273 70.921 70.559 70.181 69.735 69.255 68.797 68.391 68.039 67.730 67.451 67.191 66.940 66.692 66.443 66.187 65.924 65.649 65.362 65.061 64.743 64.408 64.051 63.672 63.265 62.828 62.359 61.867 61.383 60.961 60.651 60.435 60.271 60.133 60.016 59.916 59.834 59.771 59.726 59.700 59.686 59.688 60.155 61.543 60.275 57.139 53.270 49.647 47.295 47.154 48.646 50.614 49.836 36.630 17.298
73.865 73.577 73.294 73.016 72.743 72.475 72.213 71.957 71.706 71.461 71.222 70.988 70.760 70.538 70.320 70.107 69.898 69.692 69.489 69.289 69.091 68.894 68.697 68.499 68.300 68.098 67.891 67.678 67.457 67.228 66.989 66.739 66.476 66.200 65.911 65.607 65.290 64.959 64.616 64.262 63.897 63.524 63.144 62.758 62.368 61.974 61.580 61.186 60.794 60.406 60.024 59.650 59.285 58.929 58.582 58.244 57.915 57.592 57.275 56.963 56.654 56.346 56.038 55.730 55.425 55.125 54.832 54.546 54.268 53.998 53.738 53.486
76.027 75.520 75.000 74.490 74.004 73.549 73.125 72.731 72.362 72.015 71.686 71.372 71.070 70.778 70.493 70.215 69.941 69.670 69.402 69.134 68.865 68.595 68.325 68.055 67.786 67.519 67.256 66.995 66.737 66.482 66.229 65.978 65.728 65.479 65.228 64.975 64.720 64.460 64.195 63.923 63.645 63.360 63.067 62.767 62.461 62.148 61.831 61.510 61.186 60.860 60.534 60.207 59.880 59.553 59.225 58.892 58.551 58.195 57.813 57.387 56.898 56.326 55.663 54.933 54.199 53.552 53.048 52.665 52.356 52.085 51.832 51.589
74.044 73.781 73.518 73.252 72.985 72.717 72.448 72.178 71.907 71.636 71.365 71.094 70.824 70.556 70.289 70.025 69.763 69.504 69.248 68.994 68.744 68.497 68.253 68.011 67.770 67.532 67.294 67.056 66.819 66.580 66.341 66.100 65.857 65.611 65.362 65.111 64.855 64.596 64.334 64.066 63.795 63.518 63.237 62.950 62.658 62.359 62.055 61.744 61.425 61.099 60.765 60.422 60.069 59.706 59.333 58.948 58.552 58.145 57.727 57.302 56.871 56.438 56.007 55.584 55.173 54.775 54.394 54.028 53.674 53.332 53.000 52.678
74.547 74.294 74.039 73.783 73.525 73.266 73.005 72.742 72.477 72.208 71.937 71.661 71.380 71.093 70.800 70.502 70.198 69.889 69.578 69.264 68.951 68.639 68.331 68.026 67.726 67.431 67.140 66.854 66.571 66.291 66.013 65.736 65.460 65.182 64.902 64.619 64.333 64.041 63.744 63.439 63.127 62.806 62.475 62.136 61.788 61.431 61.068 60.700 60.330 59.960 59.595 59.237 58.888 58.550 58.223 57.906 57.600 57.301 57.007 56.718 56.431 56.144 55.858 55.571 55.283 54.994 54.705 54.414 54.123 53.831 53.539 53.250
74.193 73.939 73.683 73.426 73.167 72.906 72.644 72.380 72.115 71.849 71.581 71.312 71.041 70.768 70.492 70.213 69.931 69.646 69.357 69.064 68.767 68.466 68.162 67.854 67.544 67.231 66.916 66.600 66.283 65.966 65.649 65.333 65.017 64.701 64.386 64.071 63.756 63.440 63.123 62.805 62.484 62.163 61.839 61.515 61.189 60.864 60.540 60.217 59.898 59.582 59.270 58.964 58.663 58.368 58.078 57.794 57.514 57.239 56.967 56.699 56.434 56.170 55.908 55.647 55.387 55.126 54.866 54.606 54.346 54.087 53.830 53.575
73.896 73.647 73.395 73.141 72.885 72.627 72.368 72.107 71.845 71.581 71.315 71.048 70.778 70.507 70.233 69.957 69.677 69.394 69.108 68.818 68.525 68.227 67.926 67.621 67.313 67.001 66.687 66.370 66.052 65.733 65.413 65.092 64.772 64.452 64.132 63.813 63.495 63.178 62.861 62.545 62.230 61.915 61.602 61.289 60.977 60.668 60.360 60.056 59.754 59.456 59.162 58.872 58.587 58.306 58.031 57.759 57.492 57.230 56.971 56.715 56.463 56.213 55.966 55.720 55.477 55.236 54.996 54.758 54.523 54.290 54.061 53.835
73.586 73.343 73.098 72.849 72.598 72.345 72.090 71.832 71.573 71.312 71.048 70.783 70.515 70.245 69.972 69.697 69.419 69.138 68.854 68.566 68.275 67.981 67.684 67.384 67.080 66.774 66.466 66.156 65.844 65.530 65.216 64.902 64.587 64.273 63.959 63.645 63.332 63.020 62.709 62.399 62.089 61.781 61.475 61.170 60.867 60.567 60.269 59.974 59.683 59.395 59.112 58.832 58.558 58.288 58.022 57.761 57.505 57.253 57.005 56.761 56.521 56.284 56.050 55.820 55.592 55.368 55.147 54.929 54.715 54.505 54.299 54.099
73.233 73.001 72.765 72.526 72.283 72.038 71.789 71.538 71.284 71.027 70.768 70.507 70.242 69.976 69.706 69.434 69.159 68.882 68.601 68.317 68.030 67.741 67.448 67.153 66.855 66.555 66.254 65.950 65.645 65.339 65.033 64.725 64.418 64.111 63.804 63.497 63.191 62.886 62.582 62.279 61.977 61.677 61.379 61.082 60.788 60.497 60.208 59.923 59.642 59.365 59.092 58.823 58.559 58.300 58.046 57.796 57.551 57.311 57.075 56.844 56.617 56.393 56.174 55.958 55.746 55.539 55.335 55.135 54.939 54.749 54.563 54.382
72.812 72.596 72.374 72.148 71.918 71.684 71.446 71.204 70.959 70.711 70.460 70.205 69.948 69.687 69.424 69.158 68.888 68.616 68.341 68.063 67.782 67.498 67.211 66.923 66.631 66.338 66.044 65.747 65.450 65.151 64.852 64.553 64.253 63.953 63.654 63.356 63.058 62.761 62.465 62.170 61.877 61.586 61.297 61.010 60.727 60.446 60.168 59.894 59.625 59.359 59.098 58.842 58.590 58.343 58.102 57.865 57.633 57.405 57.182 56.964 56.750 56.541 56.335 56.134 55.937 55.744 55.556 55.371 55.192 55.017 54.847 54.682
72.300 72.106 71.904 71.697 71.484 71.266 71.042 70.815 70.583 70.347 70.107 69.863 69.616 69.365 69.111 68.853 68.593 68.329 68.061 67.791 67.518 67.243 66.964 66.683 66.401 66.116 65.829 65.541 65.252 64.962 64.671 64.380 64.089 63.798 63.508 63.218 62.929 62.642 62.355 62.071 61.788 61.508 61.230 60.954 60.682 60.414 60.148 59.887 59.630 59.378 59.130 58.886 58.648 58.414 58.186 57.962 57.743 57.528 57.318 57.113 56.912 56.715 56.523 56.335 56.151 55.971 55.795 55.624 55.457 55.295 55.138 54.985
