Examples/2023_ISeeSnow/data/CoulombOnly/Results/curv77s/s/1HS_03_curv77s_MoT-Voellmy_s_0067.asc
ncols        83
nrows        71
xllcorner    3872.5
yllcorner    -4427.5
cellsize     5.00
NODATA_value -9999
[rows 0 to 33 of 71, columns 0 to 75 of 83]
0.000 0.000 0.000 0.000 0.000 0.000 0.000 0.000 0.000 0.000 0.000 0.000 0.000 0.000 0.000 0.000 0.000 0.000 0.000 0.000 0.001 0.005 0.008 0.004 0.001 0.009 0.004 0.003 0.000 0.036 0.113 0.193 0.267 0.317 0.337 0.326 0.287 0.228 0.159 0.091 0.031 0.000 0.010 0.002 0.008 0.009 0.002 0.000 0.000 0.000 0.000 0.000 0.000 0.000 0.000 0.000 0.000 0.000 0.000 0.000 0.000 0.000 0.000 0.000 0.000 0.000 0.000 0.000 0.000 0.000 0.000 0.000 0.000 0.000 0.000 0.000
0.000 0.000 0.000 0.000 0.000 0.000 0.000 0.000 0.000 0.000 0.000 0.000 0.001 0.004 0.008 0.005 0.007 0.004 0.002 0.008 0.002 0.002 0.011 0.008 0.053 0.390 0.676 0.907 1.083 1.210 1.297 1.355 1.351 1.338 1.340 1.335 1.315 1.279 1.229 1.164 1.082 0.981 0.850 0.601 0.290 0.120 0.045 0.002 0.012 0.006 0.008 0.001 0.000 0.000 0.000 0.000 0.000 0.000 0.000 0.000 0.000 0.000 0.000 0.000 0.000 0.000 0.000 0.000 0.000 0.000 0.000 0.000 0.000 0.000 0.000 0.000
0.000 0.000 0.000 0.000 0.000 0.002 0.009 0.009 0.005 0.004 0.007 0.008 0.010 0.005 0.002 0.009 0.010 0.178 0.616 0.972 1.244 1.427 1.495 1.453 1.319 1.086 1.162 1.320 1.492 1.648 1.775 1.870 1.936 1.976 1.992 1.988 1.966 1.928 1.875 1.810 1.734 1.647 1.550 1.444 1.329 1.205 1.070 0.918 0.736 0.458 0.000 0.000 0.002 0.001 0.003 0.000 0.000 0.000 0.000 0.000 0.000 0.000 0.000 0.000 0.000 0.000 0.000 0.000 0.000 0.000 0.000 0.000 0.000 0.000 0.000 0.000
0.007 0.003 0.008 0.005 0.004 0.007 0.006 0.011 0.003 0.007 0.446 0.965 1.376 1.653 1.806 1.865 1.823 1.644 1.310 0.833 0.367 0.506 0.886 1.259 1.580 1.846 2.061 2.231 2.360 2.454 2.518 2.556 2.570 2.565 2.542 2.504 2.452 2.388 2.313 2.229 2.135 2.032 1.922 1.805 1.681 1.552 1.417 1.279 1.136 0.990 0.838 0.674 0.478 0.166 0.005 0.003 0.007 0.003 0.000 0.000 0.000 0.000 0.000 0.000 0.000 0.000 0.000 0.000 0.000 0.000 0.000 0.000 0.000 0.000 0.000 0.000
0.006 0.008 0.178 0.849 1.433 1.909 2.253 2.444 2.499 2.450 2.304 2.034 1.606 0.986 0.216 0.002 0.006 0.000 0.382 0.975 1.459 1.854 2.174 2.432 2.636 2.796 2.917 3.003 3.061 3.092 3.101 3.091 3.064 3.022 2.968 2.901 2.825 2.739 2.645 2.542 2.432 2.315 2.190 2.060 1.923 1.781 1.634 1.484 1.331 1.177 1.022 0.867 0.712 0.556 0.393 0.203 0.000 0.006 0.004 0.009 0.000 0.000 0.000 0.000 0.000 0.000 0.000 0.000 0.000 0.000 0.000 0.000 0.000 0.000 0.000 0.000
3.173 3.273 3.231 3.087 2.850 2.497 1.993 1.293 0.400 0.008 0.003 0.001 0.003 0.003 0.003 0.163 0.863 1.522 2.020 2.411 2.723 2.973 3.171 3.327 3.444 3.528 3.583 3.612 3.619 3.606 3.575 3.530 3.471 3.401 3.320 3.230 3.133 3.028 2.916 2.797 2.672 2.540 2.402 2.258 2.109 1.954 1.794 1.630 1.464 1.296 1.127 0.960 0.795 0.632 0.473 0.317 0.161 0.000 0.000 0.003 0.008 0.010 0.000 0.000 0.000 0.000 0.000 0.000 0.000 0.000 0.000 0.000 0.000 0.000 0.000 0.000
2.282 1.525 0.555 0.010 0.004 0.000 0.001 0.001 0.001 0.001 0.001 0.002 0.000 0.416 1.027 1.855 2.439 2.867 3.197 3.458 3.664 3.825 3.947 4.036 4.096 4.129 4.138 4.126 4.096 4.050 3.989 3.915 3.830 3.736 3.633 3.522 3.405 3.281 3.152 3.017 2.877 2.731 2.579 2.422 2.259 2.091 1.918 1.741 1.560 1.378 1.194 1.011 0.830 0.653 0.481 0.315 0.154 0.000 0.000 0.001 0.000 0.004 0.000 0.005 0.000 0.000 0.000 0.000 0.000 0.000 0.000 0.000 0.000 0.000 0.000 0.000
0.000 0.000 0.001 0.001 0.001 0.001 0.001 0.000 0.001 0.000 0.126 0.510 1.008 1.729 2.618 3.172 3.568 3.868 4.102 4.283 4.423 4.526 4.598 4.642 4.661 4.658 4.634 4.592 4.533 4.460 4.374 4.276 4.168 4.052 3.927 3.797 3.660 3.518 3.371 3.219 3.062 2.901 2.734 2.563 2.386 2.204 2.017 1.825 1.630 1.433 1.234 1.035 0.838 0.645 0.456 0.274 0.100 0.000 0.000 0.000 0.000 0.000 0.000 0.002 0.005 0.005 0.000 0.000 0.000 0.000 0.000 0.000 0.000 0.000 0.000 0.000
0.000 0.000 0.001 0.000 0.000 0.000 0.000 0.000 0.249 0.555 0.932 1.436 2.212 3.199 3.772 4.166 4.458 4.682 4.854 4.984 5.078 5.142 5.179 5.191 5.180 5.150 5.101 5.034 4.953 4.858 4.750 4.631 4.502 4.364 4.220 4.068 3.912 3.750 3.584 3.414 3.240 3.061 2.878 2.691 2.498 2.301 2.099 1.892 1.681 1.468 1.253 1.037 0.824 0.613 0.408 0.209 0.019 0.000 0.000 0.000 0.000 0.000 0.000 0.000 0.000 0.000 0.005 0.000 0.000 0.000 0.000 0.000 0.000 0.000 0.000 0.000
0.000 0.000 0.000 0.000 0.000 0.133 0.353 0.601 0.890 1.247 1.727 2.473 3.611 4.258 4.680 4.984 5.213 5.386 5.517 5.611 5.674 5.710 5.721 5.709 5.677 5.626 5.557 5.471 5.371 5.256 5.129 4.991 4.842 4.684 4.519 4.347 4.169 3.987 3.801 3.611 3.417 3.220 3.019 2.814 2.605 2.390 2.171 1.947 1.720 1.489 1.256 1.024 0.792 0.564 0.341 0.124 0.000 0.000 0.000 0.000 0.000 0.000 0.000 0.000 0.000 0.000 0.001 0.001 0.002 0.000 0.000 0.000 0.000 0.000 0.000 0.000
0.000 0.000 0.094 0.267 0.453 0.659 0.890 1.158 1.486 1.919 2.574 3.842 4.628 5.115 5.452 5.699 5.885 6.024 6.125 6.194 6.235 6.251 6.243 6.214 6.165 6.098 6.013 5.912 5.795 5.664 5.519 5.362 5.194 5.016 4.830 4.637 4.438 4.234 4.026 3.815 3.601 3.384 3.163 2.939 2.711 2.478 2.241 1.999 1.752 1.503 1.251 0.999 0.748 0.500 0.258 0.024 0.000 0.000 0.001 0.000 0.000 0.000 0.000 0.000 0.000 0.000 0.092 0.004 0.003 0.004 0.000 0.000 0.000 0.000 0.000 0.000
0.243 0.393 0.554 0.729 0.920 1.135 1.382 1.677 2.056 2.596 3.561 4.833 5.457 5.856 6.139 6.349 6.506 6.621 6.701 6.752 6.776 6.777 6.756 6.714 6.653 6.573 6.475 6.361 6.230 6.084 5.923 5.749 5.562 5.364 5.157 4.942 4.720 4.493 4.263 4.029 3.793 3.554 3.312 3.068 2.820 2.568 2.311 2.050 1.783 1.514 1.241 0.968 0.696 0.427 0.163 0.000 0.001 0.000 0.000 0.000 0.006 0.000 0.000 0.000 0.001 0.170 0.001 0.000 0.149 0.004 0.007 0.000 0.000 0.000 0.000 0.000
0.660 0.812 0.975 1.153 1.351 1.575 1.840 2.166 2.605 3.297 4.792 5.666 6.179 6.524 6.772 6.956 7.092 7.190 7.256 7.294 7.306 7.296 7.265 7.213 7.142 7.053 6.945 6.819 6.677 6.517 6.342 6.151 5.947 5.729 5.501 5.263 5.018 4.767 4.512 4.254 3.994 3.732 3.469 3.203 2.934 2.661 2.384 2.102 1.816 1.525 1.230 0.935 0.639 0.347 0.062 0.000 0.000 0.000 0.000 0.001 0.000 0.000 0.000 0.000 0.000 0.000 0.002 0.131 0.002 0.000 0.103 0.006 0.000 0.000 0.000 0.000
1.041 1.197 1.363 1.546 1.751 1.986 2.268 2.628 3.137 4.030 5.614 6.382 6.834 7.143 7.367 7.533 7.655 7.741 7.797 7.826 7.830 7.813 7.774 7.715 7.637 7.539 7.423 7.289 7.135 6.964 6.775 6.570 6.348 6.111 5.862 5.602 5.332 5.056 4.775 4.491 4.206 3.919 3.632 3.343 3.052 2.758 2.460 2.157 1.850 1.537 1.220 0.901 0.582 0.266 0.000 0.001 0.001 0.001 0.007 0.000 0.000 0.000 0.000 0.000 0.000 0.000 0.278 0.005 0.001 0.151 0.125 0.068 0.001 0.000 0.000 0.000
1.396 1.558 1.727 1.914 2.124 2.369 2.670 3.062 3.647 4.795 6.347 7.028 7.441 7.727 7.936 8.090 8.202 8.280 8.329 8.351 8.350 8.327 8.283 8.219 8.135 8.032 7.909 7.767 7.605 7.424 7.223 7.003 6.765 6.510 6.239 5.956 5.661 5.359 5.051 4.740 4.427 4.114 3.801 3.488 3.174 2.858 2.538 2.214 1.885 1.551 1.212 0.869 0.525 0.183 0.000 0.000 0.000 0.000 0.000 0.000 0.000 0.000 0.008 0.000 0.002 0.110 0.001 0.000 0.252 0.152 0.084 0.006 0.003 0.000 0.000 0.000
1.727 1.899 2.070 2.260 2.477 2.732 3.046 3.468 4.127 5.567 6.997 7.622 8.013 8.286 8.485 8.632 8.738 8.810 8.854 8.873 8.868 8.841 8.793 8.726 8.638 8.530 8.402 8.254 8.085 7.894 7.683 7.450 7.196 6.923 6.632 6.325 6.006 5.676 5.340 5.000 4.659 4.317 3.977 3.638 3.299 2.959 2.617 2.271 1.921 1.565 1.203 0.837 0.469 0.101 0.000 0.002 0.001 0.001 0.000 0.000 0.000 0.000 0.001 0.000 0.108 0.004 0.000 0.004 0.141 0.235 0.000 0.001 0.005 0.004 0.000 0.000
2.036 2.220 2.396 2.588 2.808 3.070 3.397 3.844 4.562 6.278 7.574 8.178 8.559 8.825 9.019 9.162 9.264 9.334 9.375 9.391 9.383 9.354 9.304 9.234 9.143 9.032 8.900 8.747 8.572 8.374 8.153 7.908 7.640 7.350 7.039 6.710 6.364 6.007 5.641 5.271 4.899 4.528 4.159 3.792 3.427 3.062 2.696 2.328 1.955 1.577 1.194 0.806 0.413 0.021 0.002 0.001 0.000 0.002 0.001 0.001 0.000 0.000 0.001 0.009 0.000 0.003 0.223 0.195 0.095 0.000 0.000 0.203 0.193 0.077 0.001 0.000
2.328 2.525 2.705 2.900 3.122 3.388 3.724 4.185 4.941 6.842 8.096 8.702 9.083 9.349 9.541 9.682 9.784 9.852 9.892 9.906 9.898 9.867 9.816 9.743 9.651 9.537 9.402 9.245 9.065 8.860 8.631 8.376 8.096 7.790 7.459 7.107 6.736 6.350 5.954 5.552 5.149 4.746 4.346 3.950 3.557 3.166 2.775 2.383 1.988 1.588 1.183 0.772 0.357 0.000 0.001 0.003 0.001 0.000 0.002 0.001 0.000 0.000 0.239 0.004 0.001 0.151 0.091 0.207 0.000 0.000 0.099 0.198 0.137 0.115 0.005 0.000
2.603 2.816 3.001 3.195 3.419 3.688 4.024 4.492 5.259 7.195 8.570 9.199 9.588 9.858 10.053 10.195 10.297 10.365 10.405 10.419 10.410 10.379 10.327 10.253 10.159 10.044 9.907 9.746 9.562 9.353 9.116 8.853 8.560 8.239 7.891 7.517 7.121 6.706 6.279 5.845 5.408 4.972 4.540 4.113 3.690 3.271 2.854 2.437 2.018 1.595 1.168 0.736 0.299 0.000 0.004 0.001 0.003 0.001 0.006 0.001 0.000 0.201 0.002 0.000 0.082 0.275 0.137 0.001 0.000 0.186 0.096 0.118 0.262 0.010 0.025 0.000
2.861 3.090 3.280 3.478 3.700 3.967 4.304 4.764 5.513 7.315 8.995 9.665 10.074 10.353 10.554 10.700 10.804 10.875 10.915 10.930 10.921 10.890 10.838 10.764 10.669 10.552 10.413 10.251 10.063 9.849 9.607 9.336 9.033 8.699 8.333 7.938 7.517 7.073 6.614 6.145 5.673 5.202 4.736 4.276 3.824 3.377 2.933 2.491 2.048 1.603 1.154 0.700 0.242 0.000 0.002 0.004 0.001 0.000 0.001 0.001 0.231 0.003 0.001 0.188 0.139 0.000 0.000 0.001 0.150 0.255 0.167 0.063 0.173 0.050 0.072 0.002
3.106 3.353 3.550 3.749 3.971 4.232 4.560 5.006 5.708 7.297 9.333 10.099 10.539 10.835 11.045 11.198 11.306 11.380 11.423 11.439 11.431 11.400 11.348 11.274 11.178 11.061 10.920 10.756 10.566 10.349 10.103 9.824 9.513 9.166 8.785 8.371 7.926 7.457 6.969 6.469 5.964 5.460 4.959 4.464 3.975 3.491 3.012 2.536 2.063 1.592 1.121 0.648 0.173 0.004 0.001 0.002 0.003 0.006 0.000 0.000 0.000 0.002 0.308 0.047 0.007 0.001 0.006 0.157 0.098 0.200 0.191 0.102 0.144 0.149 0.007 0.006
3.341 3.605 3.804 4.003 4.223 4.479 4.793 5.215 5.860 7.183 9.561 10.486 10.978 11.298 11.524 11.686 11.801 11.879 11.925 11.944 11.938 11.908 11.856 11.782 11.687 11.569 11.428 11.263 11.071 10.852 10.601 10.317 9.998 9.640 9.244 8.808 8.336 7.831 7.302 6.756 6.205 5.658 5.122 4.601 4.095 3.601 3.114 2.630 2.144 1.654 1.158 0.657 0.151 0.003 0.005 0.001 0.001 0.056 0.005 0.003 0.000 0.007 0.069 0.005 0.000 0.158 0.141 0.215 0.050 0.156 0.220 0.130 0.123 0.005 0.000 0.004
3.561 3.842 4.048 4.246 4.461 4.705 5.007 5.400 5.975 7.040 9.646 10.799 11.378 11.737 11.984 12.160 12.285 12.370 12.421 12.443 12.440 12.412 12.361 12.288 12.193 12.076 11.935 11.769 11.577 11.355 11.102 10.815 10.490 10.125 9.720 9.277 8.799 8.292 7.765 7.224 6.672 6.108 5.535 4.952 4.364 3.773 3.185 2.606 2.042 1.496 0.969 0.458 0.000 0.000 0.002 0.002 0.000 0.003 0.004 0.004 0.070 0.004 0.000 0.001 0.048 0.239 0.074 0.253 0.122 0.149 0.238 0.008 0.000 0.000 0.170 0.004
3.768 4.066 4.278 4.474 4.682 4.916 5.197 5.557 6.057 6.908 9.180 10.999 11.716 12.137 12.417 12.613 12.752 12.846 12.905 12.932 12.933 12.908 12.859 12.788 12.695 12.578 12.438 12.273 12.081 11.859 11.604 11.313 10.979 10.600 10.168 9.682 9.139 8.548 7.918 7.272 6.631 6.013 5.426 4.871 4.344 3.838 3.343 2.853 2.360 1.858 1.343 0.811 0.260 0.005 0.000 0.005 0.003 0.000 0.277 0.269 0.004 0.002 0.000 0.069 0.163 0.006 0.024 0.007 0.132 0.142 0.004 0.000 0.004 0.129 0.087 0.008
3.960 4.273 4.488 4.683 4.883 5.104 5.365 5.685 6.122 6.787 8.170 10.905 11.946 12.472 12.804 13.031 13.190 13.299 13.368 13.403 13.409 13.390 13.345 13.277 13.186 13.073 12.935 12.772 12.582 12.362 12.109 11.821 11.495 11.131 10.731 10.300 9.843 9.357 8.843 8.297 7.710 7.078 6.405 5.699 4.971 4.228 3.482 2.741 2.017 1.320 0.665 0.060 0.000 0.000 0.003 0.000 0.085 0.047 0.003 0.002 0.002 0.012 0.005 0.181 0.267 0.129 0.144 0.189 0.001 0.000 0.000 0.001 0.198 0.107 0.100 0.003
4.135 4.459 4.676 4.866 5.058 5.266 5.501 5.788 6.160 6.684 7.587 10.150 11.962 12.693 13.113 13.389 13.579 13.709 13.794 13.842 13.858 13.846 13.808 13.746 13.661 13.553 13.420 13.262 13.075 12.857 12.601 12.301 11.947 11.528 11.033 10.457 9.808 9.111 8.392 7.675 6.981 6.319 5.694 5.104 4.544 4.008 3.487 2.976 2.469 1.965 1.462 0.956 0.445 0.000 0.004 0.034 0.003 0.004 0.006 0.004 0.005 0.003 0.007 0.006 0.144 0.063 0.004 0.000 0.003 0.002 0.177 0.106 0.203 0.130 0.023 0.000
4.282 4.617 4.838 5.023 5.202 5.392 5.604 5.853 6.167 6.585 7.212 8.416 11.436 12.690 13.288 13.647 13.886 14.050 14.159 14.225 14.257 14.258 14.232 14.181 14.106 14.007 13.883 13.735 13.560 13.357 13.123 12.858 12.561 12.232 11.871 11.477 11.041 10.547 9.988 9.365 8.686 7.959 7.204 6.446 5.696 4.951 4.203 3.440 2.653 1.842 1.017 0.191 0.006 0.005 0.008 0.009 0.003 0.001 0.110 0.070 0.072 0.081 0.089 0.090 0.004 0.001 0.000 0.001 0.050 0.005 0.101 0.212 0.117 0.016 0.007 0.000
4.394 4.733 4.951 5.128 5.297 5.472 5.664 5.883 6.145 6.476 6.930 7.645 9.181 12.159 13.212 13.734 14.059 14.275 14.423 14.520 14.577 14.600 14.595 14.563 14.505 14.423 14.314 14.177 14.006 13.797 13.540 13.225 12.840 12.377 11.825 11.183 10.458 9.672 8.857 8.046 7.268 6.540 5.860 5.216 4.602 4.016 3.457 2.927 2.427 1.948 1.471 0.987 0.497 0.002 0.002 0.001 0.244 0.180 0.019 0.249 0.007 0.009 0.002 0.003 0.004 0.003 0.175 0.248 0.130 0.154 0.184 0.070 0.149 0.001 0.000 0.000
4.454 4.794 5.007 5.176 5.331 5.489 5.659 5.850 6.073 6.344 6.691 7.177 7.977 9.903 12.614 13.519 14.001 14.308 14.518 14.664 14.763 14.825 14.856 14.859 14.839 14.797 14.733 14.645 14.527 14.373 14.179 13.943 13.657 13.315 12.910 12.443 11.920 11.348 10.741 10.111 9.466 8.807 8.141 7.476 6.814 6.152 5.485 4.800 4.076 3.289 2.440 1.549 0.631 0.304 0.022 0.251 0.086 0.069 0.011 0.000 0.004 0.001 0.001 0.001 0.301 0.152 0.119 0.065 0.169 0.008 0.129 0.127 0.000 0.000 0.000 0.000
4.376 4.712 4.923 5.086 5.235 5.386 5.548 5.730 5.940 6.189 6.494 6.885 7.439 8.409 11.235 12.674 13.409 13.874 14.210 14.466 14.662 14.804 14.891 14.919 14.889 14.806 14.683 14.540 14.395 14.244 14.055 13.802 13.454 12.981 12.367 11.618 10.769 9.869 8.972 8.113 7.308 6.559 5.865 5.219 4.614 4.045 3.509 3.010 2.558 2.160 1.812 1.507 1.236 0.990 0.752 0.502 0.214 0.000 0.005 0.147 0.004 0.202 0.254 0.008 0.007 0.060 0.250 0.220 0.200 0.183 0.122 0.006 0.000 0.000 0.000 0.000
3.982 4.364 4.638 4.872 5.097 5.336 5.615 5.940 6.302 6.685 7.074 7.447 7.777 8.037 8.225 8.359 8.511 8.778 9.182 9.702 10.315 10.952 11.487 11.784 11.812 11.702 11.560 11.274 10.898 12.851 13.342 13.383 13.260 12.992 12.574 12.003 11.292 10.477 9.610 8.745 7.920 7.157 6.464 5.840 5.282 4.782 4.338 3.943 3.595 3.287 3.011 2.760 2.536 2.349 2.201 2.077 1.927 1.664 1.173 0.357 0.248 0.121 0.192 0.257 0.205 0.218 0.168 0.187 0.117 0.070 0.025 0.001 0.000 0.000 0.000 0.000
2.309 2.613 2.893 3.197 3.567 4.099 5.189 6.668 7.433 7.956 8.340 8.617 8.801 8.898 8.910 8.843 8.701 8.497 8.245 7.964 7.672 7.385 7.112 6.862 6.639 6.447 6.290 6.169 6.077 6.009 5.958 5.919 5.890 5.869 5.856 5.850 5.850 5.857 5.870 5.885 5.903 5.920 5.936 5.950 5.962 5.971 5.979 5.984 5.989 5.994 6.001 6.009 6.019 6.027 6.029 6.018 5.991 5.945 5.880 5.798 5.698 5.576 5.431 5.262 5.065 4.837 4.566 4.236 3.823 3.303 2.647 1.835 0.870 0.216 0.006 0.141
6.575 6.718 6.754 6.758 6.763 6.780 6.811 6.840 6.839 6.781 6.658 6.485 6.299 6.140 6.057 6.102 6.337 6.683 6.993 7.163 7.211 7.319 7.611 7.790 7.509 6.700 5.620 4.977 4.944 5.850 6.766 7.075 7.230 7.298 7.304 7.265 7.197 7.118 7.043 6.983 6.942 6.919 6.911 6.914 6.923 6.934 6.943 6.946 6.937 6.911 6.859 6.787 6.706 6.625 6.552 6.499 6.473 6.483 6.534 6.644 6.852 7.166 7.455 7.447 7.077 6.599 6.027 4.730 3.506 2.138 0.602 0.002 0.009 0.008 0.009 0.002
10.759 12.631 13.339 13.745 14.004 14.164 14.240 14.238 14.158 13.995 13.745 13.401 12.964 12.436 11.834 11.183 10.521 9.884 9.306 8.806 8.392 8.063 7.808 7.617 7.477 7.375 7.303 7.251 7.214 7.183 7.153 7.121 7.082 7.035 6.978 6.912 6.836 6.753 6.663 6.570 6.474 6.379 6.288 6.201 6.123 6.054 6.002 5.969 5.948 5.931 5.912 5.891 5.870 5.849 5.832 5.818 5.808 5.801 5.796 5.792 5.785 5.774 5.757 5.731 5.694 5.637 5.550 5.414 5.208 4.901 4.441 3.744 2.663 0.978 0.335 0.241
