Examples/2023_ISeeSnow/data/CoulombOnly/Results/curv77s/s/1HS_03_curv77s_MoT-Voellmy_s_0044.asc
ncols        191
nrows        21
xllcorner    2497.5
yllcorner    -4302.5
cellsize     5.00
NODATA_value -9999
[rows 0 to 20 of 21, columns 0 to 72 of 191]
0.000 0.000 0.000 0.000 0.000 0.000 0.000 0.000 0.000 0.000 0.000 0.000 0.000 0.000 0.000 0.000 0.000 0.000 0.000 0.000 0.000 0.000 0.000 0.000 0.000 0.000 0.000 0.000 0.000 0.000 0.000 0.000 0.000 0.000 0.000 0.000 0.000 0.000 0.000 0.000 0.000 0.000 0.000 0.000 0.000 0.000 0.000 0.000 0.000 0.000 0.000 0.000 0.000 0.000 0.000 0.000 0.000 0.000 0.000 0.000 0.000 0.000 0.000 0.000 0.000 0.000 0.000 0.000 0.000 0.000 0.000 0.000 0.000
0.000 0.000 0.000 0.000 0.000 0.000 0.000 0.000 0.000 0.000 0.000 0.000 0.000 0.000 0.000 0.000 0.000 0.000 0.000 0.000 0.000 0.000 0.000 0.000 0.000 0.000 0.000 0.000 0.000 0.000 0.000 0.000 0.000 0.000 0.000 0.000 0.000 0.000 0.000 0.000 0.000 0.000 0.000 0.000 0.000 0.000 0.000 0.000 0.000 0.000 0.000 0.000 0.000 0.000 0.000 0.000 0.000 0.000 0.000 0.000 0.000 0.000 0.000 0.000 0.000 0.001 0.013 0.066 0.216 0.529 1.084 1.978 3.317
0.000 0.000 0.000 0.000 0.000 0.000 0.000 0.000 0.000 0.000 0.000 0.000 0.000 0.000 0.000 0.000 0.000 0.000 0.000 0.000 0.000 0.000 0.000 0.000 0.000 0.000 0.000 0.000 0.000 0.000 0.000 0.000 0.000 0.000 0.000 0.000 0.000 0.000 0.000 0.000 0.000 0.000 0.000 0.000 0.000 0.000 0.000 0.000 0.000 0.000 0.000 0.000 0.000 0.000 0.000 0.000 0.000 0.000 0.000 0.012 0.330 1.312 3.331 6.648 11.313 17.104 23.587 30.233 36.567 42.261 47.160 51.196 54.471
43.209 43.101 41.153 37.805 33.727 29.523 25.561 21.967 18.707 15.696 12.906 10.397 8.274 6.570 5.094 2.953 0.415 0.002 0.000 0.000 0.000 0.000 0.000 0.000 0.000 0.000 0.000 0.000 0.000 0.000 0.000 0.000 0.000 0.000 0.000 0.000 0.000 0.000 0.000 0.000 0.000 0.000 0.000 0.000 0.000 0.000 0.000 0.000 0.000 0.000 0.000 0.001 0.030 0.191 0.597 1.329 2.508 5.600 25.385 45.908 55.640 57.430 55.417 53.649 55.493 57.275 58.331 59.407 61.306 64.944 74.349 80.649 84.852
25.935 26.148 26.242 26.270 26.250 26.195 26.112 26.003 25.853 25.636 25.304 24.776 23.954 22.921 22.538 24.159 26.304 27.435 27.957 28.183 28.286 28.351 28.414 28.488 28.575 28.674 28.784 28.907 29.044 29.197 29.364 29.543 29.729 29.920 30.115 30.321 30.542 30.774 31.010 31.256 31.510 31.773 32.046 32.328 32.619 32.921 33.232 33.555 33.888 34.231 34.587 34.958 35.341 35.735 36.142 36.558 36.924 36.976 36.845 37.751 43.536 53.096 64.573 78.823 85.173 88.299 90.073 91.176 91.905 92.411 92.776 93.047 93.253
26.303 26.694 26.885 27.042 27.190 27.335 27.477 27.618 27.757 27.891 28.017 28.126 28.206 28.256 28.373 28.703 29.146 29.572 29.942 30.259 30.536 30.791 31.035 31.276 31.521 31.770 32.031 32.305 32.594 32.902 33.229 33.576 33.948 34.345 34.763 35.212 35.697 36.214 36.761 37.355 38.003 38.703 39.459 40.286 41.214 42.261 43.446 44.809 46.416 48.395 50.941 54.464 60.678 80.700 87.305 89.470 90.486 91.096 91.511 91.821 92.068 92.268 92.436 92.581 92.709 92.825 92.932 93.033 93.129 93.221 93.311 93.398 93.485
28.420 29.246 29.597 29.839 30.059 30.276 30.497 30.724 30.959 31.199 31.442 31.691 31.948 32.215 32.497 32.809 33.152 33.522 33.908 34.302 34.701 35.113 35.542 35.988 36.453 36.949 37.482 38.054 38.675 39.365 40.134 40.993 41.988 43.162 44.571 46.329 48.706 52.194 58.319 75.405 81.863 84.209 85.540 86.604 87.658 88.834 89.872 90.624 91.138 91.494 91.748 91.937 92.085 92.203 92.297 92.377 92.451 92.522 92.593 92.664 92.736 92.810 92.885 92.962 93.042 93.123 93.207 93.293 93.382 93.472 93.563 93.657 93.752
31.142 32.844 33.644 34.123 34.492 34.826 35.151 35.479 35.814 36.160 36.520 36.895 37.290 37.707 38.151 38.628 39.148 39.717 40.342 41.035 41.813 42.705 43.754 45.036 46.685 48.981 52.654 60.279 76.587 81.858 84.169 85.678 86.857 87.839 88.669 89.371 89.961 90.454 90.863 91.198 91.445 91.628 91.768 91.880 91.972 92.051 92.121 92.184 92.243 92.300 92.357 92.414 92.473 92.535 92.600 92.668 92.739 92.813 92.890 92.970 93.053 93.140 93.228 93.320 93.414 93.511 93.609 93.710 93.813 93.917 94.022 94.129 94.237
33.594 36.401 38.019 39.070 39.846 40.477 41.031 41.549 42.054 42.562 43.093 43.657 44.274 44.972 45.781 46.781 48.084 49.974 53.174 60.725 76.888 82.627 85.501 87.493 88.980 90.051 90.805 91.337 91.701 91.946 92.116 92.239 92.331 92.400 92.454 92.498 92.533 92.565 92.594 92.624 92.656 92.691 92.730 92.774 92.824 92.877 92.935 92.996 93.061 93.129 93.201 93.276 93.354 93.434 93.515 93.598 93.681 93.766 93.850 93.936 94.021 94.108 94.194 94.281 94.368 94.456 94.544 94.632 94.721 94.811 94.901 94.991 95.082
34.985 38.907 41.597 43.646 45.349 46.853 48.250 49.619 51.074 52.885 55.972 65.350 77.171 81.686 84.394 86.294 87.743 88.885 89.795 90.518 91.069 91.477 91.783 92.017 92.201 92.348 92.467 92.565 92.646 92.715 92.774 92.826 92.872 92.914 92.954 92.991 93.028 93.064 93.100 93.136 93.171 93.207 93.243 93.279 93.316 93.354 93.394 93.435 93.477 93.521 93.568 93.616 93.667 93.721 93.778 93.838 93.901 93.969 94.039 94.113 94.190 94.269 94.352 94.437 94.523 94.612 94.703 94.794 94.887 94.981 95.075 95.170 95.266
67.258 77.567 81.045 83.104 84.626 85.878 86.959 87.909 88.748 89.489 90.136 90.693 91.154 91.529 91.834 92.083 92.289 92.459 92.601 92.721 92.823 92.911 92.988 93.053 93.109 93.157 93.198 93.234 93.266 93.295 93.323 93.350 93.378 93.406 93.436 93.468 93.502 93.540 93.580 93.622 93.668 93.717 93.769 93.824 93.881 93.940 94.002 94.066 94.132 94.199 94.268 94.339 94.411 94.484 94.558 94.633 94.710 94.787 94.865 94.944 95.024 95.104 95.186 95.268 95.351 95.434 95.519 95.604 95.690 95.777 95.864 95.952 96.040
34.984 38.906 41.596 43.645 45.347 46.851 48.248 49.617 51.071 52.882 55.967 65.334 77.165 81.685 84.393 86.293 87.742 88.885 89.795 90.518 91.069 91.477 91.783 92.018 92.201 92.348 92.467 92.565 92.646 92.715 92.774 92.826 92.872 92.914 92.954 92.991 93.028 93.064 93.100 93.136 93.171 93.207 93.243 93.279 93.316 93.354 93.394 93.435 93.477 93.521 93.568 93.616 93.667 93.721 93.778 93.838 93.902 93.969 94.039 94.113 94.190 94.270 94.352 94.437 94.524 94.612 94.703 94.794 94.887 94.981 95.076 95.171 95.266
33.594 36.401 38.019 39.070 39.846 40.477 41.031 41.549 42.054 42.563 43.093 43.658 44.274 44.972 45.781 46.781 48.084 49.975 53.175 60.728 76.890 82.627 85.501 87.493 88.980 90.050 90.805 91.336 91.701 91.946 92.116 92.239 92.331 92.400 92.454 92.498 92.533 92.565 92.594 92.624 92.655 92.690 92.730 92.774 92.823 92.877 92.935 92.996 93.061 93.129 93.201 93.276 93.354 93.434 93.515 93.598 93.681 93.765 93.850 93.936 94.021 94.107 94.194 94.281 94.368 94.456 94.544 94.632 94.721 94.811 94.901 94.991 95.082
31.142 32.844 33.644 34.122 34.492 34.826 35.151 35.479 35.814 36.160 36.520 36.895 37.290 37.707 38.151 38.628 39.148 39.716 40.342 41.035 41.813 42.704 43.754 45.036 46.685 48.979 52.651 60.273 76.583 81.856 84.167 85.677 86.856 87.837 88.668 89.370 89.960 90.453 90.863 91.197 91.444 91.627 91.768 91.880 91.972 92.051 92.120 92.184 92.243 92.300 92.356 92.414 92.473 92.535 92.599 92.667 92.738 92.812 92.889 92.970 93.053 93.139 93.228 93.319 93.414 93.510 93.609 93.710 93.812 93.916 94.022 94.129 94.237
28.420 29.246 29.597 29.839 30.059 30.276 30.497 30.724 30.959 31.198 31.442 31.691 31.948 32.214 32.497 32.808 33.152 33.521 33.907 34.301 34.701 35.113 35.542 35.987 36.452 36.948 37.482 38.053 38.674 39.364 40.132 40.991 41.986 43.159 44.567 46.325 48.700 52.185 58.297 75.329 81.854 84.205 85.536 86.599 87.653 88.828 89.868 90.621 91.136 91.492 91.747 91.936 92.084 92.202 92.296 92.377 92.451 92.522 92.592 92.663 92.736 92.809 92.884 92.962 93.041 93.123 93.207 93.293 93.381 93.471 93.563 93.656 93.751
26.303 26.694 26.885 27.042 27.190 27.335 27.477 27.618 27.757 27.891 28.016 28.126 28.205 28.256 28.373 28.703 29.145 29.572 29.942 30.259 30.536 30.791 31.035 31.276 31.520 31.770 32.030 32.304 32.593 32.901 33.229 33.575 33.947 34.344 34.761 35.210 35.695 36.213 36.759 37.352 38.000 38.700 39.456 40.281 41.208 42.254 43.439 44.801 46.407 48.378 50.919 54.432 60.596 80.628 87.282 89.461 90.482 91.093 91.509 91.820 92.066 92.267 92.435 92.580 92.708 92.824 92.931 93.032 93.128 93.221 93.310 93.398 93.484
25.935 26.148 26.243 26.271 26.250 26.195 26.113 26.004 25.854 25.637 25.305 24.777 23.955 22.922 22.538 24.158 26.303 27.435 27.957 28.184 28.287 28.351 28.414 28.487 28.573 28.672 28.783 28.906 29.045 29.199 29.367 29.545 29.730 29.919 30.115 30.321 30.543 30.774 31.010 31.256 31.510 31.773 32.045 32.327 32.619 32.921 33.231 33.553 33.887 34.230 34.585 34.956 35.340 35.735 36.143 36.559 36.926 36.979 36.845 37.737 43.478 53.028 64.465 78.746 85.136 88.279 90.060 91.167 91.898 92.405 92.772 93.044 93.251
43.211 43.109 41.164 37.817 33.738 29.532 25.568 21.972 18.710 15.698 12.907 10.399 8.275 6.570 5.094 2.954 0.415 0.002 0.000 0.000 0.000 0.000 0.000 0.000 0.000 0.000 0.000 0.000 0.000 0.000 0.000 0.000 0.000 0.000 0.000 0.000 0.000 0.000 0.000 0.000 0.000 0.000 0.000 0.000 0.000 0.000 0.000 0.000 0.000 0.000 0.000 0.001 0.030 0.189 0.595 1.326 2.503 5.426 24.951 45.621 55.549 57.463 55.510 53.751 55.570 57.339 58.382 59.439 61.313 64.916 74.316 80.614 84.822
0.000 0.000 0.000 0.000 0.000 0.000 0.000 0.000 0.000 0.000 0.000 0.000 0.000 0.000 0.000 0.000 0.000 0.000 0.000 0.000 0.000 0.000 0.000 0.000 0.000 0.000 0.000 0.000 0.000 0.000 0.000 0.000 0.000 0.000 0.000 0.000 0.000 0.000 0.000 0.000 0.000 0.000 0.000 0.000 0.000 0.000 0.000 0.000 0.000 0.000 0.000 0.000 0.000 0.000 0.000 0.000 0.000 0.000 0.000 0.010 0.318 1.281 3.274 6.560 11.195 16.964 23.437 30.086 36.435 42.151 47.077 51.138 54.436
0.000 0.000 0.000 0.000 0.000 0.000 0.000 0.000 0.000 0.000 0.000 0.000 0.000 0.000 0.000 0.000 0.000 0.000 0.000 0.000 0.000 0.000 0.000 0.000 0.000 0.000 0.000 0.000 0.000 0.000 0.000 0.000 0.000 0.000 0.000 0.000 0.000 0.000 0.000 0.000 0.000 0.000 0.000 0.000 0.000 0.000 0.000 0.000 0.000 0.000 0.000 0.000 0.000 0.000 0.000 0.000 0.000 0.000 0.000 0.000 0.000 0.000 0.000 0.000 0.000 0.001 0.012 0.063 0.210 0.518 1.066 1.950 3.276
0.000 0.000 0.000 0.000 0.000 0.000 0.000 0.000 0.000 0.000 0.000 0.000 0.000 0.000 0.000 0.000 0.000 0.000 0.000 0.000 0.000 0.000 0.000 0.000 0.000 0.000 0.000 0.000 0.000 0.000 0.000 0.000 0.000 0.000 0.000 0.000 0.000 0.000 0.000 0.000 0.000 0.000 0.000 0.000 0.000 0.000 0.000 0.000 0.000 0.000 0.000 0.000 0.000 0.000 0.000 0.000 0.000 0.000 0.000 0.000 0.000 0.000 0.000 0.000 0.000 0.000 0.000 0.000 0.000 0.000 0.000 0.000 0.000
