Examples/2023_ISeeSnow/data/CoulombOnly/Results/curv77s/s/1HS_03_curv77s_MoT-Voellmy_s_0043.asc
ncols        189
nrows        19
xllcorner    2427.5
yllcorner    -4297.5
cellsize     5.00
NODATA_value -9999
[rows 0 to 18 of 19, columns 0 to 72 of 189]
0.000 0.000 0.000 0.000 0.000 0.000 0.000 0.000 0.000 0.000 0.000 0.000 0.000 0.000 0.000 0.000 0.000 0.000 0.000 0.000 0.000 0.000 0.000 0.000 0.000 0.000 0.000 0.000 0.000 0.000 0.000 0.000 0.000 0.000 0.000 0.000 0.000 0.000 0.000 0.000 0.000 0.000 0.000 0.000 0.000 0.000 0.000 0.000 0.000 0.000 0.000 0.000 0.000 0.000 0.000 0.000 0.000 0.000 0.000 0.000 0.000 0.000 0.000 0.000 0.000 0.000 0.000 0.000 0.000 0.000 0.000 0.000 0.000
0.000 0.000 0.000 0.000 0.000 0.000 0.000 0.000 0.000 0.000 0.000 0.000 0.000 0.000 0.000 0.000 0.000 0.000 0.000 0.000 0.000 0.000 0.000 0.000 0.000 0.000 0.000 0.000 0.000 0.000 0.000 0.000 0.000 0.000 0.000 0.000 0.000 0.000 0.000 0.000 0.000 0.000 0.000 0.000 0.000 0.000 0.000 0.000 0.000 0.000 0.000 0.000 0.000 0.000 0.000 0.000 0.000 0.000 0.000 0.000 0.000 0.000 0.000 0.000 0.000 0.000 0.000 0.000 0.000 0.000 0.000 0.000 0.000
26.102 26.356 26.582 26.829 27.111 27.442 27.851 28.422 29.334 30.819 33.041 35.948 39.150 41.939 43.506 43.291 41.251 37.837 33.727 29.519 25.570 21.995 18.755 15.767 13.004 10.532 8.435 6.669 4.631 1.324 0.024 0.000 0.000 0.000 0.000 0.000 0.000 0.000 0.000 0.000 0.000 0.000 0.000 0.000 0.000 0.000 0.000 0.000 0.000 0.000 0.000 0.000 0.000 0.000 0.000 0.000 0.000 0.000 0.000 0.000 0.000 0.000 0.000 0.000 0.000 0.001 0.029 0.185 0.584 1.310 2.491 5.619 25.608
24.456 24.839 24.981 25.103 25.229 25.358 25.491 25.634 25.793 25.975 26.186 26.424 26.677 26.923 27.140 27.311 27.430 27.498 27.528 27.534 27.522 27.491 27.426 27.306 27.090 26.712 26.118 25.533 26.111 28.050 29.335 29.968 30.285 30.477 30.641 30.819 31.023 31.254 31.510 31.791 32.097 32.427 32.787 33.177 33.593 34.032 34.493 34.975 35.482 36.031 36.624 37.248 37.906 38.620 39.381 40.202 41.090 42.048 43.098 44.245 45.507 46.916 48.479 50.250 52.289 54.647 57.430 60.812 65.077 70.828 84.157 90.274 90.904
25.427 26.361 26.637 26.829 27.013 27.199 27.388 27.582 27.783 27.996 28.219 28.448 28.683 28.927 29.178 29.431 29.686 29.948 30.212 30.484 30.766 31.058 31.362 31.675 32.000 32.336 32.677 33.045 33.531 34.155 34.805 35.451 36.088 36.754 37.457 38.237 39.105 40.096 41.246 42.593 44.252 46.323 49.077 53.107 60.018 77.558 82.768 84.356 85.135 85.696 86.167 86.585 86.963 87.309 87.628 87.924 88.202 88.463 88.710 88.944 89.171 89.417 89.704 89.989 90.241 90.451 90.622 90.762 90.879 90.980 91.068 91.145 91.218
27.381 29.232 29.812 30.131 30.397 30.657 30.921 31.193 31.474 31.765 32.065 32.375 32.696 33.030 33.383 33.755 34.145 34.552 34.979 35.432 35.922 36.451 37.022 37.640 38.316 39.082 39.955 40.958 42.140 43.580 45.431 47.952 51.785 59.069 75.660 80.764 82.767 84.012 84.986 85.812 86.533 87.167 87.728 88.224 88.660 89.009 89.245 89.412 89.544 89.660 89.771 89.885 89.994 90.094 90.184 90.265 90.339 90.407 90.471 90.532 90.591 90.650 90.711 90.773 90.838 90.906 90.978 91.052 91.131 91.213 91.298 91.386 91.476
29.465 32.665 33.969 34.680 35.181 35.602 35.997 36.391 36.793 37.209 37.643 38.097 38.579 39.095 39.655 40.275 40.972 41.768 42.696 43.818 45.239 47.167 50.066 55.315 70.343 78.673 81.589 83.282 84.537 85.569 86.446 87.198 87.842 88.389 88.816 89.118 89.341 89.515 89.656 89.772 89.869 89.950 90.018 90.074 90.121 90.160 90.194 90.225 90.255 90.285 90.317 90.353 90.393 90.436 90.485 90.538 90.595 90.657 90.723 90.794 90.870 90.950 91.032 91.118 91.205 91.295 91.387 91.480 91.575 91.671 91.768 91.867 91.966
31.234 35.703 37.974 39.406 40.452 41.288 42.004 42.661 43.292 43.922 44.589 45.328 46.185 47.252 48.716 50.961 55.115 67.011 77.966 81.422 83.439 84.920 86.128 87.149 87.995 88.636 89.129 89.505 89.786 89.994 90.147 90.260 90.344 90.406 90.453 90.489 90.519 90.545 90.569 90.594 90.619 90.647 90.678 90.713 90.753 90.797 90.847 90.903 90.964 91.031 91.103 91.179 91.257 91.338 91.422 91.507 91.594 91.682 91.771 91.861 91.951 92.041 92.132 92.221 92.311 92.400 92.489 92.578 92.666 92.754 92.841 92.929 93.016
32.049 37.481 40.667 42.959 44.820 46.433 47.906 49.328 50.833 52.748 56.263 69.093 77.445 81.437 83.852 85.546 86.822 87.802 88.516 89.040 89.434 89.738 89.974 90.157 90.300 90.411 90.499 90.570 90.629 90.678 90.721 90.758 90.792 90.822 90.851 90.878 90.905 90.932 90.960 90.989 91.019 91.051 91.085 91.121 91.160 91.201 91.244 91.289 91.337 91.387 91.439 91.494 91.550 91.609 91.670 91.734 91.800 91.869 91.940 92.014 92.091 92.170 92.251 92.335 92.421 92.508 92.598 92.689 92.782 92.875 92.970 93.066 93.162
51.211 74.788 79.658 81.955 83.511 84.721 85.728 86.592 87.344 87.999 88.568 89.054 89.450 89.766 90.019 90.222 90.386 90.519 90.628 90.719 90.794 90.859 90.916 90.966 91.012 91.053 91.089 91.121 91.150 91.177 91.204 91.231 91.259 91.288 91.320 91.355 91.392 91.433 91.477 91.524 91.574 91.627 91.682 91.740 91.800 91.863 91.927 91.993 92.061 92.130 92.200 92.271 92.344 92.417 92.492 92.567 92.643 92.720 92.798 92.877 92.957 93.037 93.119 93.201 93.284 93.368 93.453 93.538 93.625 93.712 93.800 93.888 93.977
32.049 37.481 40.666 42.959 44.820 46.432 47.904 49.327 50.832 52.746 56.259 69.081 77.443 81.437 83.852 85.546 86.823 87.802 88.516 89.040 89.434 89.738 89.974 90.157 90.300 90.411 90.499 90.570 90.629 90.678 90.721 90.758 90.792 90.822 90.851 90.878 90.905 90.932 90.960 90.989 91.019 91.051 91.085 91.121 91.160 91.201 91.244 91.290 91.337 91.387 91.439 91.494 91.550 91.609 91.670 91.734 91.800 91.869 91.941 92.015 92.091 92.170 92.251 92.335 92.421 92.509 92.598 92.689 92.782 92.876 92.970 93.066 93.162
31.234 35.703 37.975 39.407 40.453 41.288 42.005 42.661 43.292 43.923 44.590 45.329 46.186 47.253 48.718 50.964 55.120 67.030 77.969 81.424 83.440 84.920 86.128 87.149 87.995 88.636 89.129 89.505 89.786 89.994 90.147 90.260 90.344 90.406 90.453 90.489 90.519 90.545 90.569 90.593 90.619 90.647 90.678 90.713 90.753 90.797 90.847 90.902 90.964 91.031 91.103 91.178 91.257 91.338 91.421 91.507 91.594 91.682 91.771 91.861 91.951 92.041 92.131 92.221 92.311 92.400 92.489 92.578 92.666 92.754 92.841 92.929 93.016
29.465 32.665 33.969 34.680 35.181 35.602 35.997 36.391 36.793 37.209 37.643 38.097 38.579 39.095 39.655 40.275 40.973 41.768 42.696 43.818 45.240 47.168 50.067 55.316 70.346 78.673 81.589 83.281 84.537 85.568 86.446 87.198 87.842 88.388 88.816 89.118 89.341 89.515 89.656 89.772 89.869 89.950 90.017 90.073 90.120 90.160 90.194 90.225 90.254 90.284 90.317 90.352 90.392 90.436 90.484 90.537 90.594 90.656 90.723 90.794 90.869 90.949 91.032 91.117 91.205 91.295 91.386 91.480 91.575 91.671 91.768 91.866 91.966
27.381 29.232 29.812 30.131 30.397 30.657 30.921 31.193 31.474 31.765 32.065 32.375 32.695 33.030 33.383 33.755 34.145 34.552 34.979 35.432 35.921 36.451 37.021 37.640 38.316 39.081 39.954 40.957 42.140 43.579 45.430 47.950 51.782 59.060 75.654 80.762 82.765 84.010 84.984 85.810 86.531 87.166 87.727 88.223 88.658 89.008 89.244 89.411 89.544 89.659 89.771 89.884 89.993 90.093 90.184 90.265 90.339 90.407 90.471 90.531 90.591 90.650 90.710 90.773 90.838 90.906 90.977 91.052 91.130 91.212 91.297 91.385 91.475
25.427 26.361 26.637 26.829 27.013 27.199 27.388 27.582 27.783 27.996 28.218 28.447 28.683 28.927 29.178 29.430 29.686 29.948 30.212 30.484 30.766 31.057 31.362 31.674 32.000 32.335 32.676 33.044 33.530 34.155 34.804 35.449 36.087 36.752 37.456 38.236 39.104 40.094 41.244 42.589 44.247 46.317 49.067 53.091 59.989 77.532 82.759 84.352 85.132 85.693 86.165 86.582 86.960 87.306 87.625 87.922 88.199 88.460 88.707 88.942 89.168 89.414 89.700 89.986 90.238 90.448 90.620 90.760 90.878 90.979 91.067 91.144 91.218
24.456 24.839 24.981 25.103 25.229 25.358 25.492 25.634 25.793 25.975 26.186 26.424 26.677 26.923 27.141 27.312 27.430 27.498 27.528 27.535 27.522 27.491 27.426 27.306 27.090 26.713 26.119 25.533 26.109 28.049 29.334 29.968 30.286 30.478 30.642 30.818 31.020 31.251 31.508 31.789 32.094 32.426 32.788 33.178 33.593 34.031 34.490 34.971 35.479 36.029 36.621 37.242 37.902 38.615 39.373 40.194 41.081 42.040 43.086 44.232 45.487 46.894 48.456 50.214 52.244 54.593 57.360 60.717 64.943 70.619 83.373 90.226 90.898
26.102 26.356 26.582 26.829 27.111 27.442 27.851 28.422 29.332 30.815 33.036 35.942 39.145 41.937 43.509 43.298 41.261 37.849 33.738 29.528 25.576 21.999 18.758 15.769 13.006 10.533 8.436 6.669 4.633 1.326 0.024 0.000 0.000 0.000 0.000 0.000 0.000 0.000 0.000 0.000 0.000 0.000 0.000 0.000 0.000 0.000 0.000 0.000 0.000 0.000 0.000 0.000 0.000 0.000 0.000 0.000 0.000 0.000 0.000 0.000 0.000 0.000 0.000 0.000 0.000 0.001 0.029 0.183 0.582 1.308 2.485 5.443 25.168
0.000 0.000 0.000 0.000 0.000 0.000 0.000 0.000 0.000 0.000 0.000 0.000 0.000 0.000 0.000 0.000 0.000 0.000 0.000 0.000 0.000 0.000 0.000 0.000 0.000 0.000 0.000 0.000 0.000 0.000 0.000 0.000 0.000 0.000 0.000 0.000 0.000 0.000 0.000 0.000 0.000 0.000 0.000 0.000 0.000 0.000 0.000 0.000 0.000 0.000 0.000 0.000 0.000 0.000 0.000 0.000 0.000 0.000 0.000 0.000 0.000 0.000 0.000 0.000 0.000 0.000 0.000 0.000 0.000 0.000 0.000 0.000 0.000
0.000 0.000 0.000 0.000 0.000 0.000 0.000 0.000 0.000 0.000 0.000 0.000 0.000 0.000 0.000 0.000 0.000 0.000 0.000 0.000 0.000 0.000 0.000 0.000 0.000 0.000 0.000 0.000 0.000 0.000 0.000 0.000 0.000 0.000 0.000 0.000 0.000 0.000 0.000 0.000 0.000 0.000 0.000 0.000 0.000 0.000 0.000 0.000 0.000 0.000 0.000 0.000 0.000 0.000 0.000 0.000 0.000 0.000 0.000 0.000 0.000 0.000 0.000 0.000 0.000 0.000 0.000 0.000 0.000 0.000 0.000 0.000 0.000
