Examples/2023_ISeeSnow/data/CoulombOnly/Results/curv77s/s/1HS_03_curv77s_MoT-Voellmy_s_0062.asc
ncols        104
nrows        67
xllcorner    3747.5
yllcorner    -4417.5
cellsize     5.00
NODATA_value -9999
[rows 32 to 63 of 67, columns 0 to 71 of 104]
9.869 10.338 10.377 10.326 10.263 10.205 10.161 10.136 10.133 10.153 10.197 10.269 10.368 10.498 10.661 10.863 11.109 11.411 11.787 12.259 12.867 13.694 14.896 16.487 18.425 20.911 26.432 28.752 29.635 30.047 30.287 30.438 30.539 30.611 30.679 30.792 31.117 32.899 32.768 30.321 30.365 29.653 29.040 28.630 28.347 28.137 27.969 27.825 27.693 27.564 27.435 27.302 27.162 27.013 26.855 26.687 26.506 26.312 26.100 25.869 25.618 25.348 25.065 24.775 24.488 24.212 23.957 23.732 23.546 23.411 23.350 23.410
15.657 20.008 27.168 37.045 39.291 40.186 40.612 40.804 40.853 40.799 40.663 40.458 40.194 39.880 39.522 39.128 38.705 38.259 37.798 37.327 36.854 36.381 35.915 35.457 35.012 34.579 34.161 33.757 33.368 32.992 32.629 32.277 31.937 31.606 31.285 30.971 30.664 30.363 30.068 29.778 29.493 29.211 28.933 28.658 28.386 28.117 27.851 27.589 27.329 27.073 26.822 26.574 26.332 26.095 25.863 25.638 25.419 25.207 25.001 24.802 24.609 24.422 24.240 24.063 23.890 23.721 23.555 23.391 23.229 23.066 22.903 22.739
9.872 10.340 10.378 10.325 10.261 10.202 10.157 10.131 10.127 10.146 10.190 10.261 10.360 10.490 10.653 10.854 11.100 11.403 11.779 12.251 12.861 13.691 14.898 16.491 18.430 20.920 26.435 28.748 29.628 30.039 30.278 30.430 30.531 30.604 30.674 30.789 31.133 33.153 32.725 30.241 30.313 29.621 29.022 28.621 28.342 28.134 27.967 27.823 27.690 27.562 27.433 27.299 27.159 27.011 26.853 26.685 26.505 26.311 26.099 25.868 25.618 25.349 25.066 24.777 24.490 24.215 23.962 23.738 23.553 23.417 23.352 23.404
18.050 30.312 33.245 34.365 34.981 35.386 35.670 35.868 36.001 36.078 36.105 36.089 36.032 35.938 35.809 35.646 35.451 35.225 34.971 34.689 34.382 34.053 33.706 33.345 32.973 32.595 32.217 31.843 31.480 31.133 30.807 30.505 30.226 29.971 29.740 29.529 29.338 29.165 29.006 28.863 28.732 28.610 28.494 28.379 28.261 28.138 28.007 27.866 27.712 27.544 27.363 27.168 26.960 26.740 26.511 26.275 26.035 25.793 25.552 25.314 25.080 24.852 24.628 24.410 24.197 23.986 23.778 23.569 23.359 23.144 22.922 22.690
15.733 16.523 16.750 16.751 16.686 16.600 16.507 16.410 16.308 16.198 16.081 15.956 15.825 15.690 15.552 15.410 15.262 15.113 14.971 14.872 14.939 15.489 16.899 18.852 21.041 23.530 27.733 29.364 29.998 30.347 30.586 30.704 30.689 30.612 30.536 30.488 30.473 30.476 30.414 30.016 29.151 28.328 27.790 27.468 27.269 27.137 27.041 26.965 26.899 26.838 26.779 26.719 26.658 26.594 26.529 26.461 26.393 26.322 26.242 26.150 26.048 25.941 25.832 25.679 25.421 25.064 24.674 24.273 23.866 23.459 23.055 22.658
10.910 12.664 13.545 14.024 14.358 14.645 14.927 15.226 15.564 15.958 16.438 17.078 18.130 20.862 26.163 28.233 29.344 30.054 30.530 30.846 31.038 31.131 31.141 31.082 30.967 30.805 30.604 30.370 30.116 29.852 29.586 29.324 29.071 28.827 28.593 28.371 28.161 27.966 27.788 27.627 27.481 27.348 27.225 27.109 26.999 26.894 26.790 26.689 26.587 26.485 26.383 26.278 26.171 26.062 25.951 25.836 25.721 25.604 25.487 25.368 25.245 25.116 24.978 24.830 24.672 24.503 24.324 24.136 23.938 23.729 23.510 23.278
11.742 13.796 14.960 15.662 16.163 16.565 16.916 17.247 17.578 17.928 18.328 18.839 19.600 21.007 24.684 30.898 32.844 33.750 34.301 34.696 35.013 35.280 35.494 35.665 35.804 35.918 36.014 36.097 36.169 36.229 36.266 36.221 36.006 35.586 34.979 34.246 33.494 32.880 32.536 32.302 31.998 31.627 31.209 30.757 30.276 29.771 29.249 28.713 28.170 27.624 27.083 26.552 26.039 25.549 25.086 24.651 24.246 23.870 23.524 23.214 22.944 22.713 22.510 22.322 22.132 21.927 21.691 21.412 21.079 20.674 20.165 19.504
11.994 14.018 15.156 15.838 16.324 16.714 17.068 17.417 17.788 18.219 18.778 19.615 21.096 24.986 31.837 33.852 34.712 35.177 35.456 35.630 35.739 35.802 35.831 35.836 35.821 35.792 35.751 35.701 35.641 35.572 35.490 35.390 35.263 35.102 34.901 34.658 34.377 34.065 33.724 33.346 32.921 32.443 31.909 31.320 30.684 30.015 29.327 28.637 27.957 27.298 26.669 26.073 25.515 24.995 24.513 24.067 23.657 23.278 22.927 22.600 22.293 22.000 21.714 21.429 21.137 20.831 20.505 20.153 19.769 19.350 18.892 18.393
11.933 13.925 15.036 15.700 16.180 16.582 16.966 17.371 17.833 18.412 19.231 20.602 23.834 31.261 33.622 34.577 35.083 35.380 35.562 35.669 35.723 35.739 35.724 35.684 35.625 35.548 35.457 35.353 35.238 35.111 34.972 34.821 34.656 34.477 34.281 34.068 33.833 33.573 33.288 32.977 32.638 32.272 31.881 31.464 31.024 30.563 30.083 29.588 29.078 28.556 28.024 27.479 26.919 26.349 25.769 25.184 24.594 24.004 23.413 22.824 22.237 21.654 21.075 20.500 19.933 19.376 18.832 18.308 17.806 17.324 16.860 16.416
11.805 13.766 14.847 15.495 15.972 16.385 16.790 17.230 17.757 18.454 19.505 21.505 28.557 32.409 33.816 34.496 34.884 35.122 35.269 35.354 35.394 35.398 35.375 35.327 35.260 35.175 35.075 34.962 34.836 34.699 34.550 34.389 34.216 34.029 33.827 33.608 33.369 33.108 32.822 32.509 32.166 31.791 31.381 30.935 30.454 29.939 29.394 28.824 28.236 27.638 27.039 26.447 25.870 25.308 24.763 24.235 23.724 23.229 22.749 22.283 21.830 21.387 20.952 20.525 20.102 19.681 19.261 18.839 18.414 17.988 17.561 17.133
11.641 13.563 14.609 15.232 15.697 16.108 16.521 16.982 17.545 18.307 19.500 21.938 29.334 32.300 33.484 34.083 34.435 34.656 34.796 34.878 34.919 34.926 34.906 34.863 34.800 34.719 34.623 34.512 34.387 34.250 34.100 33.937 33.761 33.571 33.367 33.145 32.907 32.649 32.370 32.069 31.744 31.395 31.020 30.620 30.196 29.748 29.278 28.788 28.281 27.758 27.221 26.672 26.111 25.542 24.969 24.397 23.828 23.267 22.718 22.181 21.661 21.157 20.672 20.204 19.752 19.317 18.896 18.487 18.089 17.696 17.306 16.917
11.446 13.322 14.328 14.923 15.367 15.764 16.166 16.626 17.194 17.963 19.159 21.594 28.820 31.735 32.909 33.508 33.863 34.088 34.234 34.324 34.372 34.388 34.377 34.343 34.289 34.218 34.130 34.027 33.909 33.779 33.635 33.477 33.306 33.121 32.921 32.705 32.472 32.222 31.952 31.661 31.348 31.011 30.649 30.262 29.848 29.409 28.944 28.457 27.949 27.424 26.886 26.339 25.789 25.239 24.693 24.154 23.624 23.106 22.599 22.105 21.624 21.155 20.698 20.253 19.819 19.394 18.977 18.567 18.162 17.762 17.366 16.973
11.240 13.061 14.017 14.572 14.990 15.371 15.764 16.203 16.748 17.479 18.582 20.677 27.694 30.880 32.183 32.835 33.220 33.465 33.626 33.729 33.790 33.818 33.818 33.796 33.753 33.691 33.614 33.521 33.413 33.291 33.156 33.006 32.843 32.665 32.472 32.263 32.038 31.796 31.535 31.254 30.952 30.628 30.281 29.911 29.516 29.098 28.657 28.195 27.713 27.214 26.702 26.179 25.649 25.116 24.584 24.054 23.530 23.015 22.511 22.018 21.538 21.071 20.617 20.175 19.746 19.327 18.917 18.516 18.121 17.732 17.348 16.970
11.019 12.778 13.679 14.196 14.586 14.944 15.314 15.735 16.247 16.909 17.888 19.606 24.257 29.758 31.325 32.091 32.529 32.807 32.991 33.112 33.189 33.230 33.244 33.233 33.202 33.152 33.085 33.003 32.905 32.793 32.667 32.526 32.372 32.202 32.018 31.818 31.602 31.369 31.117 30.847 30.556 30.245 29.912 29.556 29.177 28.777 28.354 27.910 27.448 26.969 26.476 25.973 25.462 24.948 24.433 23.921 23.414 22.914 22.424 21.944 21.475 21.018 20.573 20.140 19.717 19.305 18.902 18.508 18.121 17.741 17.369 17.003
10.786 12.479 13.323 13.800 14.161 14.495 14.846 15.239 15.714 16.314 17.160 18.513 21.527 28.044 30.315 31.274 31.797 32.123 32.337 32.482 32.576 32.633 32.661 32.663 32.644 32.605 32.549 32.477 32.390 32.287 32.170 32.039 31.894 31.733 31.558 31.367 31.160 30.937 30.695 30.435 30.156 29.857 29.536 29.195 28.832 28.448 28.042 27.618 27.175 26.716 26.244 25.761 25.271 24.776 24.281 23.786 23.296 22.812 22.336 21.869 21.413 20.967 20.532 20.109 19.696 19.293 18.899 18.515 18.139 17.772 17.413 17.064
10.543 12.164 12.950 13.389 13.723 14.036 14.363 14.734 15.169 15.711 16.436 17.520 19.555 25.994 29.055 30.355 31.015 31.409 31.665 31.838 31.954 32.029 32.071 32.087 32.080 32.053 32.008 31.946 31.868 31.775 31.668 31.546 31.409 31.258 31.092 30.910 30.713 30.498 30.267 30.017 29.749 29.462 29.154 28.826 28.478 28.110 27.722 27.315 26.892 26.453 26.001 25.539 25.069 24.595 24.119 23.644 23.172 22.705 22.246 21.794 21.352 20.920 20.498 20.086 19.685 19.294 18.912 18.540 18.178 17.825 17.482 17.150
10.289 11.838 12.566 12.967 13.276 13.570 13.878 14.224 14.625 15.107 15.735 16.618 18.059 21.292 27.295 29.279 30.158 30.654 30.968 31.178 31.320 31.416 31.475 31.505 31.511 31.495 31.461 31.409 31.341 31.258 31.160 31.046 30.919 30.776 30.619 30.446 30.258 30.053 29.831 29.592 29.335 29.059 28.764 28.450 28.116 27.764 27.392 27.004 26.599 26.180 25.748 25.307 24.859 24.405 23.950 23.495 23.043 22.595 22.153 21.719 21.293 20.876 20.468 20.071 19.683 19.306 18.939 18.582 18.235 17.899 17.573 17.260
10.025 11.496 12.167 12.533 12.821 13.098 13.390 13.712 14.078 14.516 15.063 15.790 16.872 18.850 24.931 27.891 29.174 29.835 30.232 30.492 30.669 30.790 30.868 30.915 30.935 30.932 30.908 30.867 30.809 30.735 30.645 30.541 30.422 30.288 30.139 29.975 29.796 29.600 29.388 29.159 28.913 28.649 28.366 28.065 27.746 27.409 27.054 26.683 26.297 25.898 25.487 25.067 24.640 24.208 23.774 23.340 22.908 22.480 22.058 21.642 21.233 20.833 20.443 20.062 19.690 19.329 18.978 18.638 18.308 17.990 17.684 17.389
9.744 11.137 11.754 12.089 12.357 12.618 12.893 13.196 13.537 13.934 14.412 15.020 15.862 17.198 19.937 25.797 27.963 28.909 29.436 29.768 29.991 30.144 30.247 30.313 30.348 30.359 30.348 30.318 30.269 30.205 30.124 30.029 29.918 29.793 29.653 29.497 29.327 29.141 28.938 28.720 28.484 28.231 27.961 27.674 27.369 27.047 26.709 26.356 25.989 25.609 25.219 24.820 24.415 24.005 23.593 23.181 22.770 22.363 21.961 21.564 21.175 20.794 20.422 20.059 19.705 19.362 19.029 18.708 18.397 18.098 17.810 17.535
9.444 10.754 11.315 11.623 11.876 12.125 12.387 12.672 12.989 13.351 13.778 14.300 14.979 15.952 17.604 21.555 26.269 27.782 28.538 28.983 29.272 29.468 29.603 29.693 29.748 29.775 29.777 29.759 29.722 29.668 29.597 29.510 29.409 29.292 29.160 29.014 28.852 28.675 28.482 28.274 28.049 27.808 27.550 27.276 26.986 26.680 26.359 26.024 25.675 25.316 24.946 24.569 24.185 23.798 23.408 23.018 22.630 22.244 21.863 21.488 21.120 20.759 20.406 20.063 19.729 19.405 19.092 18.789 18.498 18.218 17.949 17.693
9.119 10.342 10.851 11.135 11.374 11.612 11.864 12.136 12.434 12.769 13.153 13.606 14.168 14.917 16.028 18.012 23.533 26.243 27.454 28.096 28.488 28.748 28.925 29.047 29.126 29.173 29.193 29.189 29.165 29.122 29.061 28.985 28.892 28.785 28.662 28.524 28.372 28.204 28.022 27.823 27.610 27.381 27.136 26.875 26.600 26.309 26.005 25.688 25.359 25.019 24.671 24.315 23.954 23.589 23.222 22.855 22.489 22.127 21.768 21.415 21.068 20.728 20.396 20.074 19.760 19.456 19.163 18.880 18.608 18.346 18.096 17.857
8.761 9.891 10.350 10.613 10.842 11.074 11.317 11.578 11.862 12.173 12.523 12.926 13.405 14.007 14.816 16.056 18.325 23.661 25.981 27.021 27.595 27.955 28.196 28.362 28.475 28.548 28.588 28.602 28.593 28.564 28.516 28.450 28.369 28.271 28.158 28.030 27.887 27.730 27.557 27.370 27.168 26.951 26.719 26.472 26.212 25.938 25.651 25.352 25.042 24.723 24.396 24.062 23.723 23.381 23.038 22.694 22.351 22.011 21.676 21.345 21.020 20.702 20.392 20.091 19.798 19.515 19.241 18.977 18.724 18.481 18.248 18.026
8.359 9.389 9.800 10.048 10.271 10.498 10.736 10.989 11.260 11.555 11.879 12.243 12.663 13.164 13.797 14.659 15.986 18.448 23.482 25.549 26.499 27.039 27.384 27.616 27.777 27.885 27.955 27.992 28.003 27.990 27.957 27.905 27.836 27.750 27.648 27.531 27.399 27.252 27.091 26.915 26.725 26.520 26.302 26.070 25.825 25.567 25.298 25.018 24.728 24.429 24.123 23.812 23.496 23.177 22.856 22.536 22.217 21.901 21.588 21.280 20.978 20.682 20.394 20.113 19.841 19.578 19.323 19.078 18.842 18.616 18.399 18.192
7.896 8.820 9.187 9.422 9.643 9.869 10.105 10.353 10.616 10.898 11.204 11.541 11.919 12.353 12.870 13.521 14.410 15.777 18.234 22.997 24.966 25.892 26.427 26.771 27.005 27.166 27.276 27.346 27.383 27.393 27.380 27.345 27.291 27.219 27.131 27.026 26.906 26.772 26.622 26.459 26.282 26.091 25.887 25.670 25.441 25.200 24.949 24.688 24.418 24.140 23.855 23.566 23.273 22.977 22.680 22.383 22.087 21.794 21.505 21.220 20.940 20.666 20.399 20.139 19.886 19.642 19.406 19.178 18.959 18.749 18.547 18.354
7.359 8.170 8.496 8.724 8.944 9.171 9.406 9.653 9.912 10.187 10.480 10.797 11.145 11.533 11.978 12.506 13.165 14.052 15.385 17.640 22.197 24.221 25.188 25.746 26.107 26.353 26.524 26.641 26.717 26.758 26.771 26.760 26.726 26.673 26.601 26.512 26.407 26.286 26.151 26.002 25.839 25.663 25.474 25.273 25.061 24.838 24.605 24.363 24.113 23.856 23.594 23.326 23.056 22.783 22.509 22.235 21.963 21.693 21.426 21.163 20.904 20.652 20.405 20.164 19.931 19.705 19.485 19.274 19.070 18.874 18.686 18.506
6.885 7.540 7.788 7.980 8.182 8.399 8.630 8.873 9.129 9.399 9.684 9.989 10.317 10.675 11.072 11.523 12.053 12.706 13.564 14.807 16.776 21.054 23.263 24.353 24.976 25.376 25.650 25.841 25.974 26.061 26.113 26.134 26.128 26.099 26.050 25.981 25.895 25.792 25.674 25.541 25.394 25.235 25.063 24.879 24.685 24.480 24.266 24.044 23.815 23.579 23.338 23.092 22.844 22.594 22.342 22.091 21.841 21.593 21.348 21.106 20.869 20.636 20.408 20.186 19.970 19.760 19.557 19.360 19.171 18.988 18.812 18.644
8.348 8.503 8.263 8.043 7.927 7.917 7.994 8.137 8.331 8.561 8.820 9.105 9.413 9.747 10.112 10.515 10.969 11.495 12.129 12.938 14.052 15.713 18.751 21.999 23.327 24.073 24.547 24.870 25.097 25.258 25.368 25.437 25.473 25.480 25.461 25.420 25.359 25.279 25.182 25.070 24.943 24.802 24.649 24.485 24.309 24.124 23.930 23.728 23.519 23.305 23.085 22.862 22.635 22.407 22.177 21.948 21.719 21.492 21.268 21.046 20.827 20.613 20.403 20.198 19.998 19.804 19.615 19.432 19.255 19.085 18.921 18.764
10.435 10.818 10.766 10.574 10.303 9.960 9.570 9.178 8.844 8.613 8.508 8.526 8.652 8.863 9.142 9.476 9.863 10.304 10.815 11.419 12.165 13.137 14.525 16.499 20.099 21.965 22.955 23.562 23.971 24.261 24.468 24.616 24.715 24.776 24.804 24.803 24.777 24.729 24.660 24.574 24.472 24.355 24.224 24.082 23.928 23.764 23.591 23.410 23.223 23.030 22.831 22.629 22.424 22.217 22.009 21.800 21.592 21.384 21.179 20.975 20.775 20.578 20.384 20.195 20.010 19.829 19.654 19.484 19.319 19.161 19.007 18.860
6.726 7.785 8.633 9.335 9.884 10.278 10.530 10.666 10.710 10.676 10.567 10.378 10.114 9.810 9.535 9.357 9.323 9.442 9.705 10.096 10.611 11.261 12.088 13.189 14.701 16.855 19.933 21.437 22.301 22.869 23.268 23.556 23.766 23.916 24.018 24.080 24.107 24.106 24.079 24.030 23.961 23.874 23.772 23.655 23.527 23.387 23.238 23.080 22.915 22.744 22.567 22.387 22.203 22.016 21.828 21.639 21.450 21.261 21.073 20.887 20.703 20.522 20.344 20.169 19.997 19.830 19.668 19.509 19.356 19.208 19.065 18.927
0.000 0.169 0.959 1.904 2.952 4.052 5.156 6.226 7.228 8.131 8.911 9.545 10.030 10.384 10.631 10.795 10.883 10.892 10.816 10.677 10.549 10.538 10.732 11.180 11.905 12.974 14.422 16.374 19.045 20.491 21.380 21.988 22.425 22.746 22.982 23.153 23.271 23.345 23.382 23.388 23.368 23.324 23.260 23.179 23.083 22.973 22.851 22.720 22.580 22.432 22.279 22.120 21.957 21.791 21.623 21.453 21.282 21.111 20.940 20.771 20.602 20.436 20.272 20.110 19.952 19.797 19.646 19.498 19.355 19.216 19.082 18.952
0.003 0.009 0.008 0.005 0.005 0.011 0.009 0.000 0.104 0.730 1.554 2.530 3.602 4.718 5.830 6.899 7.889 8.770 9.521 10.139 10.650 11.081 11.449 11.756 12.004 12.208 12.455 12.954 13.870 15.217 17.449 19.040 20.111 20.856 21.395 21.793 22.087 22.302 22.454 22.555 22.614 22.638 22.633 22.602 22.551 22.481 22.396 22.297 22.187 22.068 21.940 21.806 21.666 21.522 21.374 21.223 21.070 20.917 20.762 20.608 20.454 20.302 20.151 20.002 19.855 19.710 19.569 19.431 19.296 19.165 19.035 18.914
0.000 0.000 0.000 0.000 0.000 0.000 0.000 0.001 0.005 0.008 0.009 0.010 0.010 0.006 0.009 0.193 0.690 1.400 2.302 3.351 4.495 5.681 6.863 8.001 9.066 10.037 10.933 11.794 12.633 13.436 14.223 14.967 15.683 16.747 18.293 19.331 20.068 20.611 21.014 21.310 21.523 21.672 21.769 21.824 21.845 21.837 21.805 21.753 21.684 21.601 21.506 21.401 21.288 21.168 21.042 20.912 20.778 20.642 20.504 20.364 20.224 20.084 19.945 19.806 19.669 19.533 19.399 19.267 19.130 11.272 3.846 1.685
