Examples/2023_ISeeSnow/data/CoulombOnly/Results/curv77s/s/1HS_03_curv77s_MoT-Voellmy_s_0063.asc
ncols        99
nrows        67
xllcorner    3782.5
yllcorner    -4417.5
cellsize     5.00
NODATA_value -9999
[rows 32 to 63 of 67, columns 0 to 71 of 99]
8.629 8.792 8.772 8.746 8.734 8.738 8.759 8.796 8.850 8.922 9.014 9.131 9.273 9.444 9.650 9.899 10.202 10.577 11.049 11.664 12.504 13.594 14.807 15.989 16.969 17.602 18.341 19.648 21.758 24.876 26.307 26.119 26.685 26.910 25.871 23.685 21.523 23.568 24.468 24.549 24.444 24.318 24.203 24.106 24.021 23.943 23.870 23.796 23.719 23.634 23.540 23.432 23.309 23.168 23.007 22.823 22.613 22.375 22.109 21.818 21.507 21.188 20.873 20.576 20.307 20.076 19.884 19.734 19.622 19.550 19.527 19.562
14.409 17.625 21.964 31.536 34.387 35.422 35.898 36.111 36.165 36.104 35.952 35.724 35.429 35.077 34.678 34.238 33.767 33.275 32.769 32.257 31.746 31.244 30.753 30.277 29.820 29.380 28.960 28.558 28.173 27.804 27.450 27.109 26.780 26.462 26.153 25.853 25.561 25.275 24.995 24.721 24.453 24.189 23.931 23.678 23.430 23.187 22.951 22.721 22.498 22.282 22.074 21.874 21.682 21.498 21.322 21.153 20.992 20.838 20.689 20.546 20.408 20.274 20.143 20.015 19.887 19.761 19.633 19.505 19.374 19.239 19.100 18.955
8.622 8.784 8.765 8.739 8.726 8.730 8.750 8.787 8.841 8.913 9.005 9.121 9.263 9.434 9.640 9.890 10.193 10.569 11.041 11.658 12.502 13.594 14.807 15.988 16.966 17.593 18.321 19.612 21.684 24.758 26.299 26.093 26.697 26.950 25.901 23.714 21.558 23.587 24.464 24.539 24.435 24.311 24.198 24.102 24.018 23.941 23.867 23.793 23.716 23.631 23.536 23.428 23.304 23.163 23.001 22.817 22.607 22.369 22.105 21.816 21.508 21.191 20.878 20.582 20.314 20.082 19.890 19.738 19.624 19.549 19.523 19.555
18.707 27.818 29.624 30.392 30.858 31.174 31.394 31.541 31.627 31.661 31.645 31.584 31.480 31.334 31.149 30.926 30.665 30.370 30.044 29.689 29.312 28.916 28.509 28.098 27.691 27.295 26.920 26.570 26.248 25.956 25.694 25.460 25.252 25.068 24.905 24.762 24.638 24.529 24.430 24.337 24.245 24.149 24.045 23.932 23.807 23.670 23.519 23.354 23.175 22.983 22.780 22.568 22.350 22.128 21.906 21.687 21.473 21.267 21.069 20.880 20.701 20.529 20.364 20.202 20.043 19.882 19.716 19.544 19.361 19.164 18.950 18.714
13.269 13.907 14.089 14.137 14.120 14.063 13.976 13.863 13.728 13.577 13.414 13.248 13.083 12.922 12.772 12.640 12.545 12.533 12.696 13.258 14.383 15.881 17.520 19.135 20.523 21.438 22.053 22.746 24.738 25.830 26.149 26.176 26.141 26.111 26.098 26.078 25.931 25.339 24.514 23.933 23.598 23.403 23.282 23.200 23.144 23.098 23.050 22.990 22.912 22.814 22.697 22.564 22.420 22.269 22.113 21.956 21.800 21.643 21.488 21.333 21.178 21.020 20.860 20.696 20.532 20.373 20.234 20.168 20.371 18.732 14.456 14.208
9.630 10.835 11.414 11.812 12.142 12.455 12.782 13.143 13.561 14.086 14.865 16.534 21.080 23.295 24.476 25.234 25.758 26.117 26.350 26.477 26.515 26.479 26.379 26.228 26.035 25.812 25.570 25.318 25.065 24.814 24.569 24.332 24.108 23.898 23.705 23.531 23.377 23.242 23.122 23.013 22.913 22.819 22.729 22.643 22.558 22.476 22.394 22.313 22.231 22.149 22.065 21.980 21.893 21.805 21.715 21.624 21.530 21.434 21.333 21.226 21.111 20.987 20.853 20.708 20.553 20.386 20.207 20.015 19.808 19.585 19.346 19.087
10.813 12.281 13.052 13.585 13.995 14.340 14.652 14.950 15.254 15.585 15.992 16.572 17.483 19.019 23.024 27.403 28.824 29.617 30.166 30.588 30.918 31.180 31.394 31.573 31.726 31.859 31.974 32.068 32.101 31.950 31.548 30.925 30.166 29.398 28.781 28.505 28.515 28.500 28.284 27.934 27.510 27.035 26.520 25.971 25.395 24.797 24.186 23.572 22.966 22.379 21.821 21.298 20.813 20.368 19.961 19.591 19.256 18.954 18.680 18.429 18.190 17.954 17.709 17.445 17.150 16.814 16.423 15.957 15.387 14.675 13.784 12.686
11.106 12.533 13.264 13.757 14.133 14.455 14.756 15.058 15.389 15.784 16.309 17.088 18.461 22.077 27.973 29.695 30.462 30.892 31.161 31.339 31.457 31.534 31.579 31.601 31.604 31.592 31.566 31.526 31.466 31.382 31.265 31.111 30.918 30.689 30.432 30.149 29.833 29.472 29.052 28.566 28.009 27.388 26.713 26.001 25.272 24.543 23.829 23.142 22.488 21.872 21.296 20.762 20.268 19.812 19.393 19.008 18.654 18.326 18.019 17.728 17.445 17.162 16.869 16.560 16.225 15.858 15.453 15.004 14.507 13.960 13.364 12.724
11.063 12.462 13.177 13.665 14.043 14.379 14.715 15.077 15.499 16.035 16.795 18.068 21.055 27.548 29.567 30.406 30.862 31.136 31.306 31.409 31.464 31.483 31.473 31.440 31.387 31.317 31.231 31.131 31.016 30.888 30.744 30.585 30.408 30.211 29.990 29.742 29.467 29.162 28.828 28.463 28.070 27.651 27.207 26.742 26.258 25.758 25.236 24.691 24.125 23.540 22.941 22.332 21.715 21.094 20.471 19.847 19.224 18.602 17.981 17.360 16.736 16.108 15.475 14.839 14.208 13.595 13.019 12.491 12.016 11.582 11.176 10.792
10.952 12.326 13.025 13.508 13.896 14.255 14.623 15.034 15.534 16.205 17.242 19.302 25.892 28.703 29.836 30.406 30.739 30.947 31.076 31.150 31.183 31.184 31.158 31.109 31.041 30.956 30.856 30.741 30.612 30.470 30.314 30.142 29.953 29.744 29.514 29.259 28.976 28.661 28.310 27.919 27.486 27.008 26.486 25.921 25.321 24.696 24.061 23.429 22.806 22.196 21.603 21.028 20.472 19.936 19.419 18.920 18.437 17.969 17.513 17.067 16.630 16.198 15.768 15.340 14.910 14.475 14.034 13.586 13.130 12.668 12.204 11.742
10.802 12.150 12.834 13.309 13.697 14.062 14.446 14.888 15.444 16.219 17.494 20.446 26.791 28.787 29.626 30.088 30.371 30.552 30.665 30.730 30.758 30.755 30.727 30.676 30.607 30.520 30.417 30.299 30.166 30.019 29.857 29.680 29.486 29.274 29.042 28.789 28.513 28.212 27.885 27.530 27.149 26.740 26.306 25.849 25.371 24.874 24.355 23.815 23.253 22.673 22.077 21.469 20.854 20.235 19.618 19.008 18.410 17.827 17.264 16.723 16.204 15.709 15.237 14.785 14.352 13.935 13.531 13.137 12.750 12.363 11.974 11.583
10.619 11.934 12.596 13.058 13.438 13.801 14.189 14.645 15.232 16.069 17.496 21.178 26.794 28.439 29.190 29.614 29.880 30.053 30.163 30.228 30.258 30.258 30.234 30.188 30.123 30.041 29.942 29.828 29.699 29.555 29.396 29.221 29.030 28.822 28.595 28.348 28.078 27.785 27.466 27.119 26.743 26.335 25.897 25.427 24.927 24.401 23.853 23.288 22.714 22.135 21.558 20.987 20.425 19.875 19.338 18.813 18.302 17.804 17.317 16.842 16.378 15.923 15.478 15.041 14.611 14.186 13.766 13.349 12.936 12.525 12.119 11.719
10.422 11.693 12.324 12.763 13.127 13.483 13.873 14.331 14.914 15.751 17.189 20.903 26.306 27.896 28.633 29.055 29.321 29.497 29.612 29.683 29.718 29.725 29.708 29.670 29.612 29.537 29.445 29.338 29.215 29.077 28.924 28.755 28.570 28.367 28.146 27.905 27.644 27.359 27.051 26.717 26.357 25.970 25.556 25.114 24.648 24.158 23.648 23.120 22.580 22.029 21.472 20.912 20.354 19.800 19.254 18.719 18.196 17.688 17.195 16.718 16.257 15.809 15.374 14.950 14.535 14.127 13.725 13.327 12.934 12.545 12.163 11.787
10.207 11.431 12.023 12.437 12.787 13.129 13.507 13.953 14.518 15.323 16.655 19.863 25.484 27.225 28.002 28.444 28.725 28.911 29.036 29.115 29.159 29.175 29.166 29.136 29.087 29.020 28.936 28.837 28.722 28.591 28.445 28.283 28.105 27.909 27.696 27.463 27.210 26.936 26.638 26.317 25.970 25.597 25.199 24.774 24.325 23.853 23.361 22.852 22.330 21.798 21.262 20.725 20.190 19.661 19.140 18.629 18.129 17.641 17.165 16.702 16.251 15.812 15.384 14.965 14.555 14.153 13.759 13.370 12.989 12.615 12.250 11.896
9.978 11.148 11.703 12.090 12.418 12.748 13.108 13.536 14.073 14.817 16.000 18.569 24.371 26.434 27.313 27.799 28.104 28.307 28.445 28.535 28.590 28.615 28.616 28.594 28.554 28.495 28.420 28.328 28.221 28.099 27.960 27.806 27.635 27.448 27.242 27.018 26.774 26.510 26.223 25.913 25.580 25.222 24.840 24.434 24.004 23.553 23.083 22.598 22.099 21.591 21.078 20.562 20.048 19.538 19.035 18.539 18.054 17.580 17.117 16.666 16.227 15.799 15.382 14.974 14.575 14.185 13.803 13.429 13.063 12.708 12.363 12.031
9.737 10.850 11.368 11.727 12.036 12.349 12.692 13.096 13.598 14.270 15.299 17.267 23.032 25.516 26.565 27.120 27.462 27.689 27.844 27.948 28.014 28.050 28.060 28.048 28.016 27.966 27.899 27.816 27.716 27.601 27.471 27.324 27.162 26.982 26.785 26.569 26.335 26.080 25.804 25.506 25.186 24.842 24.476 24.087 23.676 23.245 22.797 22.333 21.857 21.372 20.882 20.389 19.897 19.409 18.925 18.449 17.982 17.525 17.077 16.641 16.215 15.800 15.394 14.999 14.613 14.236 13.868 13.510 13.162 12.826 12.502 12.192
9.486 10.539 11.017 11.349 11.641 11.936 12.262 12.642 13.106 13.708 14.588 16.122 20.253 24.438 25.740 26.403 26.798 27.057 27.233 27.354 27.433 27.480 27.501 27.498 27.475 27.434 27.374 27.299 27.207 27.100 26.977 26.838 26.683 26.512 26.323 26.116 25.891 25.646 25.381 25.095 24.787 24.458 24.107 23.735 23.343 22.932 22.504 22.063 21.610 21.148 20.681 20.212 19.742 19.276 18.813 18.358 17.909 17.470 17.039 16.619 16.208 15.807 15.416 15.035 14.664 14.302 13.951 13.611 13.282 12.966 12.663 12.375
9.222 10.212 10.652 10.960 11.235 11.516 11.824 12.176 12.603 13.147 13.897 15.093 17.651 22.914 24.798 25.631 26.103 26.404 26.609 26.750 26.845 26.905 26.937 26.944 26.930 26.897 26.846 26.778 26.695 26.595 26.479 26.348 26.201 26.037 25.856 25.658 25.442 25.207 24.952 24.678 24.383 24.068 23.732 23.377 23.004 22.613 22.206 21.787 21.357 20.919 20.475 20.029 19.583 19.139 18.698 18.264 17.835 17.415 17.003 16.600 16.206 15.821 15.446 15.082 14.727 14.383 14.050 13.729 13.420 13.124 12.843 12.575
8.942 9.870 10.274 10.559 10.817 11.082 11.373 11.705 12.097 12.582 13.223 14.169 15.881 21.116 23.657 24.774 25.362 25.724 25.965 26.132 26.246 26.322 26.366 26.384 26.380 26.356 26.314 26.254 26.178 26.085 25.977 25.853 25.714 25.558 25.385 25.196 24.989 24.763 24.520 24.257 23.975 23.674 23.354 23.016 22.660 22.289 21.904 21.506 21.099 20.684 20.265 19.843 19.420 18.999 18.581 18.168 17.760 17.360 16.967 16.583 16.208 15.841 15.485 15.138 14.802 14.477 14.163 13.862 13.573 13.297 13.036 12.788
8.645 9.508 9.876 10.141 10.386 10.641 10.918 11.230 11.590 12.024 12.576 13.345 14.577 17.213 22.056 23.764 24.546 24.999 25.293 25.493 25.632 25.726 25.786 25.817 25.824 25.810 25.776 25.725 25.656 25.572 25.471 25.355 25.223 25.075 24.910 24.729 24.532 24.316 24.083 23.833 23.564 23.277 22.972 22.651 22.314 21.963 21.598 21.223 20.839 20.447 20.052 19.653 19.254 18.857 18.462 18.071 17.685 17.306 16.934 16.570 16.214 15.867 15.530 15.203 14.887 14.581 14.287 14.006 13.737 13.481 13.238 13.008
8.326 9.123 9.460 9.707 9.940 10.182 10.446 10.739 11.072 11.465 11.950 12.583 13.504 15.134 19.684 22.471 23.604 24.206 24.576 24.824 24.995 25.113 25.191 25.238 25.258 25.255 25.231 25.189 25.130 25.053 24.961 24.852 24.728 24.588 24.432 24.260 24.072 23.867 23.645 23.406 23.150 22.878 22.590 22.286 21.967 21.635 21.292 20.939 20.577 20.209 19.837 19.463 19.088 18.714 18.343 17.975 17.612 17.254 16.904 16.561 16.226 15.900 15.583 15.276 14.980 14.694 14.420 14.158 13.908 13.670 13.445 13.232
7.979 8.708 9.015 9.248 9.471 9.704 9.957 10.233 10.544 10.902 11.329 11.862 12.584 13.691 15.818 20.502 22.423 23.295 23.790 24.107 24.324 24.474 24.576 24.642 24.679 24.689 24.678 24.647 24.597 24.530 24.446 24.346 24.230 24.099 23.952 23.789 23.611 23.416 23.206 22.980 22.737 22.480 22.207 21.921 21.621 21.309 20.987 20.656 20.317 19.973 19.624 19.274 18.923 18.573 18.225 17.881 17.540 17.206 16.878 16.556 16.243 15.938 15.642 15.356 15.080 14.814 14.559 14.315 14.083 13.862 13.653 13.455
7.595 8.255 8.535 8.757 8.973 9.200 9.442 9.706 9.998 10.327 10.709 11.168 11.752 12.564 13.863 16.567 20.708 22.168 22.886 23.317 23.600 23.796 23.932 24.024 24.081 24.109 24.112 24.094 24.056 24.000 23.926 23.836 23.730 23.608 23.471 23.318 23.150 22.967 22.768 22.555 22.327 22.084 21.828 21.559 21.278 20.986 20.685 20.376 20.060 19.739 19.415 19.088 18.762 18.435 18.111 17.790 17.473 17.162 16.856 16.557 16.265 15.981 15.706 15.440 15.183 14.937 14.700 14.474 14.258 14.053 13.858 13.674
7.163 7.752 8.009 8.223 8.436 8.659 8.895 9.149 9.425 9.731 10.078 10.482 10.971 11.600 12.489 13.958 17.257 20.583 21.761 22.399 22.793 23.058 23.242 23.369 23.454 23.505 23.528 23.527 23.504 23.461 23.399 23.321 23.226 23.115 22.988 22.846 22.690 22.519 22.333 22.133 21.920 21.693 21.454 21.203 20.941 20.669 20.389 20.102 19.809 19.511 19.210 18.908 18.605 18.302 18.002 17.704 17.411 17.122 16.838 16.561 16.291 16.028 15.772 15.526 15.288 15.059 14.839 14.629 14.429 14.238 14.056 13.884
6.669 7.187 7.426 7.635 7.846 8.067 8.300 8.548 8.814 9.103 9.423 9.785 10.207 10.719 11.383 12.328 13.893 17.592 20.151 21.238 21.841 22.221 22.479 22.659 22.784 22.867 22.917 22.938 22.934 22.908 22.862 22.798 22.716 22.618 22.504 22.375 22.231 22.073 21.901 21.716 21.518 21.307 21.085 20.853 20.610 20.359 20.100 19.835 19.564 19.290 19.012 18.733 18.454 18.175 17.898 17.623 17.352 17.086 16.824 16.568 16.318 16.075 15.839 15.610 15.390 15.178 14.974 14.778 14.591 14.414 14.244 14.084
6.096 6.545 6.769 6.976 7.188 7.409 7.641 7.885 8.145 8.423 8.725 9.058 9.434 9.871 10.399 11.080 12.041 13.582 17.056 19.528 20.602 21.208 21.594 21.858 22.044 22.173 22.260 22.312 22.335 22.332 22.307 22.262 22.197 22.115 22.016 21.902 21.773 21.630 21.473 21.303 21.122 20.928 20.724 20.510 20.288 20.057 19.819 19.575 19.327 19.075 18.821 18.565 18.308 18.053 17.798 17.546 17.297 17.051 16.810 16.574 16.344 16.119 15.901 15.690 15.485 15.288 15.098 14.917 14.743 14.577 14.419 14.270
5.606 5.934 6.100 6.276 6.471 6.682 6.908 7.147 7.402 7.672 7.962 8.276 8.621 9.008 9.454 9.989 10.668 11.601 13.038 15.774 18.672 19.832 20.482 20.898 21.184 21.386 21.529 21.627 21.688 21.718 21.721 21.701 21.659 21.597 21.518 21.422 21.311 21.185 21.046 20.893 20.729 20.554 20.369 20.175 19.972 19.761 19.545 19.323 19.096 18.867 18.634 18.401 18.167 17.933 17.700 17.469 17.240 17.015 16.794 16.576 16.364 16.156 15.955 15.759 15.569 15.386 15.210 15.041 14.879 14.724 14.577 14.437
7.181 7.008 6.663 6.404 6.266 6.242 6.311 6.451 6.643 6.874 7.136 7.426 7.744 8.096 8.489 8.938 9.469 10.127 11.000 12.280 14.282 17.449 18.867 19.626 20.106 20.435 20.670 20.839 20.957 21.036 21.080 21.095 21.085 21.052 20.998 20.926 20.837 20.732 20.613 20.481 20.337 20.181 20.016 19.842 19.660 19.470 19.275 19.074 18.869 18.661 18.450 18.238 18.025 17.811 17.599 17.388 17.179 16.972 16.769 16.569 16.373 16.181 15.994 15.813 15.637 15.467 15.303 15.146 14.995 14.851 14.713 14.583
9.106 9.268 9.160 8.961 8.684 8.331 7.923 7.512 7.162 6.924 6.822 6.851 6.992 7.222 7.524 7.889 8.319 8.828 9.448 10.238 11.324 12.854 15.829 17.586 18.560 19.162 19.571 19.864 20.078 20.232 20.340 20.409 20.444 20.452 20.434 20.394 20.334 20.257 20.163 20.055 19.934 19.801 19.658 19.505 19.344 19.176 19.002 18.822 18.638 18.451 18.261 18.069 17.876 17.682 17.489 17.296 17.105 16.916 16.729 16.545 16.364 16.187 16.015 15.847 15.684 15.526 15.374 15.227 15.087 14.952 14.824 14.701
5.358 6.292 7.090 7.761 8.287 8.662 8.898 9.020 9.052 9.006 8.884 8.679 8.396 8.081 7.811 7.662 7.676 7.859 8.202 8.696 9.356 10.233 11.443 13.065 15.672 17.113 17.954 18.511 18.908 19.199 19.415 19.572 19.681 19.750 19.786 19.793 19.775 19.734 19.674 19.596 19.504 19.398 19.280 19.151 19.014 18.869 18.716 18.558 18.396 18.229 18.059 17.886 17.712 17.537 17.361 17.186 17.012 16.838 16.667 16.498 16.331 16.168 16.009 15.853 15.702 15.555 15.414 15.277 15.146 15.019 14.897 14.779
0.010 0.005 0.136 0.955 1.888 2.886 3.902 4.894 5.826 6.669 7.395 7.983 8.429 8.749 8.971 9.114 9.182 9.171 9.079 8.945 8.874 8.992 9.386 10.111 11.207 12.661 14.866 16.224 17.083 17.679 18.113 18.436 18.677 18.853 18.977 19.058 19.103 19.117 19.105 19.070 19.016 18.944 18.858 18.759 18.649 18.529 18.401 18.266 18.125 17.979 17.829 17.676 17.520 17.363 17.204 17.046 16.887 16.729 16.572 16.417 16.263 16.113 15.965 15.821 15.680 15.543 15.410 15.281 15.155 15.030 14.762 6.649
0.001 0.005 0.009 0.010 0.005 0.003 0.004 0.003 0.005 0.122 0.801 1.646 2.603 3.614 4.632 5.614 6.524 7.334 8.021 8.591 9.073 9.492 9.860 10.177 10.451 10.724 11.175 11.959 13.284 14.883 15.898 16.618 17.148 17.543 17.837 18.055 18.211 18.317 18.382 18.412 18.414 18.392 18.349 18.289 18.213 18.125 18.025 17.917 17.800 17.677 17.549 17.415 17.279 17.139 16.998 16.855 16.711 16.567 16.423 16.281 16.140 16.000 15.862 15.726 15.592 15.460 15.330 14.577 6.570 1.843 0.558 0.055
