Examples/2023_ISeeSnow/data/CoulombOnly/Results/curv77s/s/1HS_03_curv77s_MoT-Voellmy_s_0021.asc
ncols        112
nrows        35
xllcorner    1337.5
yllcorner    -4337.5
cellsize     5.00
NODATA_value -9999
[rows 0 to 31 of 35, columns 0 to 72 of 112]
14.441 15.757 16.282 16.562 16.779 16.985 17.203 17.442 17.706 18.010 18.370 18.788 19.251 19.738 20.265 20.822 21.430 22.101 22.839 23.651 24.556 25.670 27.198 28.898 30.537 31.929 33.352 35.299 37.782 39.701 39.150 35.255 29.333 23.360 18.070 10.651 1.225 0.001 0.000 0.000 0.000 0.000 0.000 0.000 0.000 0.000 0.000 0.000 0.000 0.000 0.000 0.000 0.000 0.000 0.000 0.000 0.000 0.000 0.000 0.000 0.000 0.000 0.000 0.000 0.000 0.000 0.000 0.000 0.000 0.000 0.000 0.000 0.000
15.246 17.287 18.312 18.931 19.409 19.845 20.294 20.793 21.387 22.144 23.146 24.597 26.971 32.123 39.165 40.759 41.491 41.994 42.386 42.699 42.946 43.137 43.284 43.391 43.461 43.497 43.522 43.574 43.680 43.826 43.940 43.913 43.624 42.982 42.012 41.379 41.958 46.961 50.485 48.609 40.578 30.557 22.071 12.336 1.277 0.001 0.000 0.000 0.000 0.000 0.000 0.000 0.000 0.000 0.000 0.000 0.000 0.000 0.000 0.000 0.000 0.000 0.000 0.000 0.000 0.000 0.000 0.000 0.000 0.000 0.000 0.000 0.000
15.785 18.258 19.677 20.648 21.476 22.303 23.262 24.574 26.797 32.394 39.552 41.510 42.565 43.282 43.722 43.981 44.146 44.260 44.341 44.398 44.437 44.460 44.471 44.473 44.468 44.460 44.452 44.446 44.449 44.461 44.482 44.501 44.503 44.467 44.378 44.271 44.249 44.471 44.857 45.150 44.997 44.134 42.646 42.724 50.005 53.265 47.602 35.321 24.042 14.193 2.282 0.005 0.000 0.000 0.000 0.000 0.000 0.000 0.000 0.000 0.000 0.000 0.000 0.000 0.000 0.000 0.000 0.000 0.000 0.000 0.000 0.000 0.000
16.188 18.936 20.678 22.024 23.376 25.093 28.196 37.415 41.167 42.817 43.656 44.120 44.397 44.567 44.669 44.729 44.762 44.779 44.785 44.784 44.778 44.770 44.761 44.751 44.741 44.732 44.724 44.717 44.713 44.712 44.714 44.720 44.728 44.733 44.732 44.726 44.724 44.743 44.794 44.863 44.916 44.902 44.793 44.803 45.195 45.732 45.896 45.152 43.436 44.672 51.308 51.863 42.803 29.699 19.185 7.860 0.317 0.000 0.000 0.000 0.000 0.000 0.000 0.000 0.000 0.000 0.000 0.000 0.000 0.000 0.000 0.000 0.000
16.642 19.747 21.989 24.218 27.616 37.433 41.424 43.111 43.933 44.379 44.635 44.785 44.871 44.919 44.943 44.951 44.950 44.944 44.935 44.925 44.916 44.907 44.901 44.895 44.891 44.889 44.888 44.888 44.888 44.890 44.894 44.898 44.904 44.911 44.917 44.924 44.931 44.940 44.955 44.977 45.002 45.025 45.040 45.059 45.112 45.202 45.295 45.321 45.222 45.296 45.682 46.051 45.809 44.462 43.079 48.253 50.464 43.667 30.879 19.818 8.740 0.474 0.000 0.000 0.000 0.000 0.000 0.000 0.000 0.000 0.000 0.000 0.000
17.206 20.800 23.986 28.913 39.164 42.425 43.673 44.278 44.605 44.790 44.896 44.956 44.987 45.000 45.004 45.002 44.997 44.991 44.987 44.984 44.982 44.983 44.986 44.990 44.996 45.004 45.012 45.020 45.029 45.037 45.046 45.054 45.062 45.070 45.078 45.085 45.093 45.100 45.109 45.119 45.132 45.146 45.161 45.178 45.200 45.229 45.266 45.302 45.328 45.359 45.418 45.500 45.552 45.487 45.403 45.646 45.991 45.799 44.493 43.150 47.861 49.290 41.494 28.793 18.214 6.496 0.170 0.000 0.000 0.000 0.000 0.000 0.000
17.902 22.225 27.447 38.691 42.382 43.719 44.328 44.645 44.818 44.914 44.965 44.991 45.001 45.004 45.002 45.000 44.998 44.999 45.002 45.008 45.017 45.028 45.042 45.058 45.075 45.093 45.111 45.130 45.147 45.164 45.180 45.194 45.207 45.218 45.228 45.237 45.244 45.251 45.257 45.263 45.269 45.275 45.283 45.292 45.302 45.316 45.332 45.352 45.373 45.396 45.423 45.456 45.491 45.516 45.535 45.572 45.629 45.658 45.576 45.481 45.692 45.946 45.572 44.078 44.057 48.906 47.675 37.308 25.202 14.891 2.775 0.010 0.000
18.810 24.386 36.450 41.797 43.521 44.256 44.618 44.808 44.910 44.963 44.988 44.998 44.999 44.998 44.997 44.998 45.002 45.009 45.021 45.037 45.056 45.078 45.102 45.129 45.156 45.184 45.213 45.240 45.266 45.291 45.314 45.335 45.353 45.369 45.382 45.393 45.401 45.408 45.413 45.416 45.418 45.420 45.421 45.422 45.424 45.427 45.432 45.439 45.447 45.458 45.471 45.487 45.505 45.525 45.546 45.568 45.594 45.621 45.638 45.648 45.675 45.715 45.716 45.599 45.574 45.804 45.883 45.153 43.438 46.763 49.283 43.437 31.697
19.793 27.212 39.743 42.930 44.028 44.525 44.775 44.906 44.973 45.005 45.017 45.019 45.017 45.015 45.015 45.018 45.026 45.038 45.055 45.076 45.101 45.130 45.161 45.194 45.228 45.263 45.298 45.332 45.365 45.396 45.425 45.452 45.475 45.496 45.513 45.528 45.540 45.548 45.555 45.559 45.560 45.560 45.559 45.557 45.555 45.552 45.550 45.548 45.547 45.548 45.550 45.555 45.561 45.569 45.579 45.591 45.605 45.621 45.639 45.657 45.677 45.700 45.721 45.733 45.744 45.772 45.802 45.768 45.623 45.692 45.913 45.710 44.513
20.852 31.101 41.386 43.510 44.323 44.702 44.892 44.989 45.035 45.054 45.057 45.054 45.050 45.046 45.046 45.051 45.061 45.077 45.098 45.124 45.155 45.189 45.227 45.267 45.309 45.351 45.394 45.435 45.475 45.514 45.549 45.581 45.610 45.636 45.658 45.675 45.690 45.700 45.707 45.711 45.712 45.711 45.707 45.702 45.696 45.689 45.681 45.673 45.666 45.659 45.653 45.648 45.644 45.642 45.642 45.644 45.647 45.654 45.662 45.673 45.687 45.703 45.722 45.742 45.764 45.788 45.815 45.839 45.852 45.873 45.910 45.924 45.838
21.788 35.834 42.224 43.853 44.520 44.833 44.989 45.065 45.099 45.110 45.110 45.104 45.099 45.096 45.097 45.104 45.117 45.136 45.160 45.190 45.224 45.262 45.303 45.347 45.392 45.438 45.483 45.528 45.571 45.613 45.651 45.687 45.720 45.748 45.774 45.795 45.812 45.826 45.836 45.843 45.847 45.847 45.845 45.840 45.834 45.825 45.816 45.805 45.794 45.782 45.771 45.759 45.749 45.739 45.731 45.725 45.720 45.718 45.718 45.721 45.728 45.737 45.749 45.765 45.784 45.807 45.832 45.860 45.889 45.920 45.954 45.987 46.012
22.378 38.342 42.625 44.065 44.656 44.936 45.074 45.139 45.166 45.171 45.167 45.158 45.151 45.146 45.146 45.153 45.165 45.184 45.209 45.240 45.276 45.317 45.361 45.407 45.456 45.506 45.556 45.606 45.654 45.701 45.744 45.785 45.823 45.856 45.886 45.911 45.932 45.948 45.961 45.969 45.974 45.975 45.973 45.968 45.961 45.952 45.941 45.928 45.915 45.900 45.886 45.871 45.856 45.843 45.830 45.818 45.809 45.802 45.797 45.795 45.797 45.801 45.810 45.822 45.838 45.857 45.880 45.907 45.936 45.969 46.003 46.040 46.077
22.933 38.849 42.882 44.217 44.766 45.024 45.150 45.208 45.229 45.230 45.222 45.211 45.202 45.196 45.196 45.202 45.216 45.236 45.263 45.296 45.334 45.378 45.424 45.474 45.526 45.578 45.631 45.683 45.734 45.783 45.829 45.873 45.913 45.949 45.981 46.010 46.034 46.054 46.069 46.081 46.089 46.092 46.092 46.089 46.083 46.074 46.062 46.049 46.034 46.018 46.001 45.983 45.966 45.949 45.934 45.919 45.907 45.897 45.890 45.886 45.886 45.890 45.898 45.909 45.925 45.945 45.969 45.996 46.027 46.061 46.096 46.134 46.173
23.110 39.029 42.995 44.304 44.843 45.097 45.219 45.274 45.292 45.291 45.281 45.268 45.256 45.249 45.247 45.252 45.263 45.283 45.308 45.341 45.379 45.422 45.469 45.519 45.571 45.625 45.680 45.734 45.788 45.839 45.889 45.935 45.978 46.017 46.052 46.083 46.110 46.131 46.149 46.162 46.170 46.175 46.175 46.173 46.167 46.158 46.147 46.134 46.119 46.104 46.087 46.070 46.053 46.037 46.022 46.008 45.997 45.989 45.984 45.982 45.985 45.992 46.004 46.020 46.042 46.068 46.098 46.133 46.171 46.212 46.256 46.301 46.347
23.248 39.185 43.094 44.380 44.910 45.158 45.276 45.328 45.342 45.338 45.324 45.308 45.293 45.282 45.278 45.280 45.290 45.308 45.333 45.365 45.403 45.447 45.495 45.546 45.601 45.657 45.714 45.770 45.826 45.881 45.933 45.983 46.030 46.072 46.111 46.146 46.177 46.202 46.224 46.240 46.253 46.260 46.264 46.264 46.260 46.253 46.243 46.231 46.217 46.201 46.185 46.169 46.152 46.137 46.124 46.112 46.104 46.099 46.098 46.101 46.110 46.123 46.142 46.167 46.197 46.233 46.274 46.320 46.371 46.426 46.485 46.547 46.611
23.247 39.200 43.127 44.420 44.954 45.204 45.322 45.373 45.388 45.382 45.368 45.351 45.335 45.324 45.318 45.320 45.330 45.347 45.372 45.404 45.442 45.485 45.533 45.585 45.639 45.695 45.752 45.809 45.865 45.920 45.973 46.023 46.069 46.112 46.151 46.186 46.217 46.242 46.264 46.281 46.293 46.302 46.307 46.309 46.308 46.304 46.297 46.289 46.280 46.269 46.259 46.248 46.238 46.229 46.222 46.218 46.216 46.218 46.224 46.235 46.251 46.273 46.300 46.333 46.372 46.417 46.468 46.524 46.585 46.651 46.722 46.796 46.874
23.539 39.506 43.265 44.491 44.999 45.237 45.348 45.393 45.403 45.393 45.374 45.353 45.333 45.318 45.309 45.308 45.315 45.330 45.352 45.383 45.420 45.463 45.512 45.565 45.621 45.680 45.740 45.801 45.862 45.922 45.980 46.036 46.089 46.139 46.185 46.227 46.264 46.297 46.325 46.349 46.367 46.381 46.391 46.396 46.398 46.396 46.391 46.384 46.375 46.365 46.354 46.343 46.332 46.323 46.316 46.311 46.311 46.314 46.322 46.335 46.354 46.379 46.411 46.450 46.496 46.548 46.608 46.674 46.746 46.824 46.908 46.996 47.089
25.393 40.765 43.703 44.649 45.062 45.260 45.352 45.389 45.395 45.385 45.368 45.350 45.334 45.323 45.319 45.323 45.334 45.354 45.382 45.417 45.458 45.504 45.556 45.610 45.668 45.727 45.786 45.845 45.904 45.960 46.014 46.065 46.113 46.157 46.197 46.232 46.264 46.290 46.313 46.331 46.345 46.356 46.363 46.367 46.368 46.367 46.364 46.360 46.354 46.347 46.340 46.334 46.328 46.324 46.322 46.323 46.327 46.336 46.348 46.367 46.391 46.421 46.457 46.501 46.551 46.609 46.674 46.745 46.824 46.909 47.001 47.099 47.203
23.539 39.506 43.265 44.491 44.999 45.237 45.348 45.393 45.403 45.393 45.374 45.353 45.333 45.318 45.309 45.308 45.315 45.330 45.353 45.383 45.420 45.463 45.512 45.565 45.621 45.680 45.740 45.801 45.862 45.922 45.980 46.036 46.089 46.139 46.185 46.227 46.264 46.297 46.325 46.349 46.367 46.381 46.391 46.396 46.398 46.396 46.391 46.384 46.375 46.365 46.354 46.343 46.332 46.323 46.316 46.312 46.311 46.314 46.322 46.335 46.354 46.380 46.412 46.450 46.496 46.549 46.608 46.674 46.746 46.824 46.908 46.996 47.089
23.246 39.199 43.127 44.420 44.954 45.204 45.322 45.373 45.388 45.382 45.368 45.351 45.335 45.324 45.319 45.320 45.330 45.347 45.372 45.404 45.442 45.485 45.533 45.585 45.639 45.695 45.752 45.809 45.865 45.920 45.973 46.023 46.070 46.113 46.152 46.186 46.217 46.243 46.264 46.281 46.294 46.302 46.307 46.309 46.308 46.304 46.298 46.289 46.280 46.270 46.259 46.248 46.238 46.229 46.222 46.218 46.216 46.218 46.224 46.235 46.251 46.273 46.300 46.333 46.372 46.417 46.468 46.524 46.585 46.651 46.722 46.796 46.874
23.248 39.184 43.094 44.380 44.910 45.158 45.276 45.328 45.342 45.338 45.324 45.308 45.293 45.283 45.278 45.281 45.291 45.308 45.333 45.365 45.403 45.447 45.495 45.547 45.601 45.657 45.714 45.771 45.827 45.881 45.934 45.983 46.030 46.073 46.112 46.146 46.177 46.203 46.224 46.241 46.253 46.261 46.264 46.264 46.260 46.253 46.243 46.231 46.217 46.202 46.185 46.169 46.153 46.138 46.124 46.113 46.104 46.099 46.098 46.101 46.110 46.123 46.142 46.167 46.197 46.233 46.274 46.320 46.371 46.426 46.485 46.546 46.610
23.110 39.028 42.995 44.304 44.843 45.097 45.219 45.274 45.292 45.291 45.281 45.268 45.256 45.249 45.247 45.252 45.264 45.283 45.309 45.341 45.379 45.422 45.469 45.519 45.572 45.626 45.680 45.734 45.788 45.839 45.889 45.935 45.978 46.018 46.053 46.084 46.110 46.132 46.149 46.162 46.170 46.175 46.176 46.173 46.167 46.159 46.148 46.134 46.120 46.104 46.087 46.070 46.053 46.037 46.022 46.009 45.997 45.989 45.984 45.982 45.985 45.992 46.004 46.020 46.042 46.068 46.098 46.133 46.171 46.212 46.255 46.300 46.346
22.932 38.848 42.881 44.217 44.766 45.024 45.150 45.208 45.229 45.230 45.222 45.211 45.202 45.196 45.196 45.202 45.216 45.236 45.263 45.296 45.335 45.378 45.425 45.474 45.526 45.579 45.631 45.684 45.734 45.783 45.830 45.873 45.913 45.949 45.982 46.010 46.034 46.054 46.070 46.081 46.089 46.092 46.093 46.089 46.083 46.074 46.063 46.049 46.034 46.018 46.001 45.984 45.966 45.949 45.934 45.919 45.907 45.897 45.890 45.886 45.886 45.890 45.897 45.909 45.925 45.945 45.969 45.996 46.026 46.060 46.096 46.133 46.172
22.376 38.341 42.625 44.065 44.656 44.936 45.074 45.139 45.166 45.171 45.167 45.158 45.151 45.146 45.147 45.153 45.165 45.184 45.210 45.240 45.276 45.317 45.361 45.408 45.456 45.506 45.556 45.606 45.654 45.701 45.745 45.785 45.823 45.856 45.886 45.911 45.932 45.948 45.961 45.969 45.974 45.975 45.973 45.969 45.961 45.952 45.941 45.928 45.915 45.900 45.886 45.871 45.856 45.842 45.830 45.818 45.809 45.801 45.796 45.795 45.796 45.801 45.809 45.821 45.837 45.856 45.879 45.906 45.935 45.967 46.002 46.038 46.075
21.787 35.827 42.223 43.853 44.520 44.833 44.989 45.065 45.100 45.111 45.110 45.105 45.099 45.096 45.097 45.104 45.117 45.136 45.160 45.190 45.224 45.262 45.304 45.347 45.392 45.438 45.484 45.528 45.572 45.613 45.652 45.687 45.720 45.749 45.774 45.795 45.813 45.826 45.837 45.843 45.847 45.847 45.845 45.840 45.834 45.825 45.816 45.805 45.794 45.782 45.770 45.759 45.748 45.739 45.731 45.724 45.719 45.717 45.717 45.720 45.727 45.736 45.748 45.764 45.783 45.805 45.831 45.858 45.888 45.919 45.953 45.986 46.011
20.851 31.096 41.385 43.510 44.323 44.702 44.892 44.989 45.035 45.054 45.058 45.054 45.050 45.046 45.046 45.051 45.061 45.077 45.098 45.124 45.155 45.190 45.227 45.267 45.309 45.352 45.394 45.436 45.476 45.514 45.549 45.582 45.611 45.636 45.658 45.676 45.690 45.700 45.707 45.711 45.712 45.710 45.707 45.702 45.695 45.688 45.681 45.673 45.665 45.658 45.652 45.647 45.643 45.641 45.641 45.643 45.646 45.653 45.661 45.672 45.685 45.702 45.720 45.740 45.762 45.787 45.814 45.837 45.850 45.871 45.908 45.922 45.838
19.793 27.209 39.741 42.930 44.028 44.525 44.775 44.906 44.973 45.005 45.017 45.019 45.018 45.015 45.015 45.018 45.026 45.038 45.055 45.076 45.101 45.130 45.161 45.194 45.228 45.263 45.298 45.332 45.365 45.396 45.425 45.452 45.475 45.496 45.513 45.528 45.540 45.548 45.554 45.558 45.560 45.560 45.559 45.557 45.554 45.551 45.549 45.547 45.547 45.547 45.549 45.553 45.559 45.567 45.577 45.589 45.603 45.620 45.637 45.655 45.675 45.698 45.720 45.731 45.742 45.770 45.800 45.767 45.622 45.690 45.911 45.714 44.526
18.810 24.384 36.443 41.797 43.520 44.256 44.617 44.808 44.910 44.963 44.988 44.998 45.000 44.998 44.997 44.998 45.002 45.009 45.021 45.037 45.056 45.078 45.102 45.129 45.156 45.184 45.213 45.240 45.266 45.291 45.314 45.334 45.353 45.368 45.382 45.393 45.401 45.408 45.412 45.416 45.418 45.419 45.420 45.421 45.423 45.426 45.431 45.438 45.446 45.457 45.470 45.486 45.504 45.524 45.544 45.567 45.593 45.619 45.636 45.646 45.673 45.713 45.715 45.599 45.570 45.799 45.885 45.166 43.454 46.747 49.306 43.541 31.808
17.902 22.225 27.446 38.690 42.382 43.718 44.328 44.645 44.818 44.914 44.965 44.991 45.001 45.004 45.002 45.000 44.998 44.999 45.002 45.008 45.017 45.028 45.042 45.058 45.075 45.093 45.111 45.129 45.147 45.164 45.179 45.194 45.207 45.218 45.228 45.236 45.244 45.250 45.256 45.262 45.268 45.274 45.282 45.290 45.301 45.314 45.331 45.350 45.371 45.394 45.421 45.455 45.489 45.515 45.533 45.570 45.626 45.657 45.576 45.477 45.684 45.942 45.580 44.099 43.959 48.813 47.728 37.454 25.321 15.014 2.859 0.011 0.000
17.206 20.800 23.986 28.913 39.164 42.425 43.673 44.278 44.605 44.790 44.896 44.956 44.987 45.000 45.004 45.002 44.997 44.991 44.987 44.983 44.982 44.983 44.986 44.990 44.996 45.003 45.011 45.020 45.028 45.037 45.045 45.053 45.061 45.069 45.077 45.085 45.092 45.099 45.108 45.118 45.131 45.145 45.160 45.177 45.198 45.228 45.265 45.301 45.327 45.357 45.416 45.498 45.551 45.488 45.399 45.638 45.985 45.805 44.515 43.126 47.797 49.295 41.616 28.938 18.333 6.636 0.183 0.000 0.000 0.000 0.000 0.000 0.000
16.642 19.747 21.990 24.219 27.618 37.435 41.425 43.112 43.933 44.379 44.635 44.785 44.871 44.919 44.943 44.951 44.950 44.943 44.935 44.925 44.916 44.907 44.900 44.895 44.891 44.889 44.887 44.887 44.888 44.890 44.893 44.898 44.903 44.910 44.917 44.923 44.930 44.939 44.954 44.975 45.001 45.024 45.038 45.058 45.110 45.199 45.293 45.321 45.223 45.290 45.675 46.049 45.818 44.486 43.056 48.182 50.461 43.791 31.042 19.944 8.901 0.505 0.000 0.000 0.000 0.000 0.000 0.000 0.000 0.000 0.000 0.000 0.000
16.188 18.937 20.679 22.025 23.378 25.096 28.203 37.422 41.171 42.819 43.658 44.121 44.398 44.567 44.670 44.729 44.762 44.779 44.785 44.783 44.778 44.770 44.761 44.751 44.741 44.732 44.724 44.717 44.713 44.711 44.714 44.719 44.727 44.732 44.732 44.725 44.723 44.742 44.792 44.861 44.915 44.902 44.794 44.798 45.183 45.723 45.899 45.171 43.464 44.499 51.165 51.913 42.994 29.873 19.313 8.033 0.341 0.000 0.000 0.000 0.000 0.000 0.000 0.000 0.000 0.000 0.000 0.000 0.000 0.000 0.000 0.000 0.000
