Examples/2023_ISeeSnow/data/CoulombOnly/Results/curv77s/s/1HS_03_curv77s_MoT-Voellmy_s_0046.asc
ncols        193
nrows        25
xllcorner    2637.5
yllcorner    -4312.5
cellsize     5.00
NODATA_value -9999
[rows 0 to 24 of 25, columns 0 to 71 of 193]
0.000 0.000 0.000 0.000 0.000 0.000 0.000 0.000 0.000 0.000 0.000 0.000 0.000 0.000 0.000 0.000 0.000 0.000 0.000 0.000 0.000 0.000 0.000 0.000 0.000 0.000 0.000 0.000 0.000 0.000 0.000 0.000 0.000 0.000 0.000 0.000 0.000 0.000 0.000 0.000 0.000 0.000 0.000 0.000 0.000 0.000 0.000 0.000 0.000 0.000 0.000 0.000 0.000 0.000 0.000 0.000 0.000 0.000 0.000 0.000 0.000 0.000 0.000 0.000 0.000 0.000 0.000 0.000 0.000 0.000 0.000 0.000
0.000 0.000 0.000 0.000 0.000 0.000 0.000 0.000 0.000 0.000 0.000 0.000 0.000 0.000 0.000 0.000 0.000 0.000 0.000 0.000 0.000 0.000 0.000 0.000 0.000 0.000 0.000 0.000 0.000 0.000 0.000 0.000 0.000 0.000 0.000 0.000 0.000 0.000 0.000 0.000 0.000 0.000 0.000 0.000 0.000 0.000 0.000 0.000 0.000 0.000 0.000 0.000 0.000 0.000 0.000 0.000 0.000 0.000 0.000 0.001 0.002 0.006 0.018 0.047 0.108 0.216 0.390 0.654 1.038 1.576 2.307 3.271
0.000 0.000 0.000 0.000 0.000 0.000 0.000 0.000 0.000 0.000 0.000 0.000 0.000 0.000 0.000 0.000 0.000 0.000 0.000 0.000 0.000 0.000 0.000 0.000 0.000 0.000 0.000 0.000 0.000 0.000 0.000 0.000 0.000 0.000 0.000 0.000 0.000 0.000 0.000 0.000 0.000 0.000 0.000 0.000 0.000 0.000 0.000 0.001 0.005 0.018 0.054 0.135 0.295 0.574 1.017 1.669 2.585 3.818 5.416 7.412 9.819 12.629 15.807 19.302 23.052 26.986 31.032 35.118 39.174 43.139 46.969 50.603
0.000 0.000 0.000 0.000 0.000 0.000 0.000 0.000 0.000 0.000 0.000 0.000 0.000 0.000 0.000 0.000 0.000 0.000 0.000 0.000 0.000 0.000 0.000 0.000 0.000 0.000 0.000 0.000 0.000 0.000 0.000 0.000 0.000 0.000 0.000 0.000 0.000 0.002 0.016 0.076 0.242 0.587 1.191 2.142 3.529 5.422 7.855 10.817 14.245 18.038 22.061 26.158 30.178 33.985 37.465 40.541 43.172 45.353 47.112 48.499 49.580 50.440 51.181 51.875 52.631 53.628 55.115 57.368 60.670 65.349 73.050 79.115
0.000 0.000 0.000 0.000 0.000 0.000 0.000 0.000 0.000 0.000 0.000 0.000 0.000 0.000 0.000 0.000 0.000 0.000 0.000 0.000 0.000 0.000 0.000 0.000 0.000 0.000 0.000 0.000 0.000 0.000 0.000 0.013 0.351 1.356 3.352 6.570 11.057 16.597 22.762 29.008 34.805 39.750 43.617 46.352 48.022 48.765 48.744 48.120 47.057 45.740 44.377 43.173 42.306 41.930 42.188 43.136 44.796 47.183 50.324 54.286 59.204 65.432 74.665 81.150 85.486 88.483 90.629 92.208 93.398 94.313 95.032 95.605
0.000 0.000 0.000 0.000 0.000 0.000 0.000 0.000 0.000 0.000 0.000 0.000 0.000 0.000 0.000 0.000 0.000 0.000 0.000 0.000 0.000 0.000 0.000 0.001 0.033 0.203 0.619 1.358 2.533 5.584 25.160 45.650 55.493 57.366 55.385 53.378 54.594 55.189 54.303 52.397 49.904 47.148 44.425 42.032 40.203 39.098 38.814 39.415 40.894 43.202 46.331 50.319 55.268 61.409 70.945 79.813 85.017 88.417 90.711 92.320 93.483 94.348 95.007 95.520 95.929 96.262 96.538 96.772 96.973 97.151 97.309 97.451
26.899 27.059 27.134 27.209 27.288 27.367 27.447 27.530 27.620 27.718 27.820 27.925 28.034 28.147 28.264 28.385 28.509 28.637 28.769 28.905 29.045 29.187 29.332 29.482 29.636 29.791 29.946 30.100 30.233 30.248 30.051 29.835 30.266 32.756 36.407 39.064 39.783 38.976 37.579 36.487 36.261 37.114 39.093 42.123 46.169 51.271 57.616 66.540 79.544 85.992 89.554 91.732 93.148 94.115 94.803 95.310 95.695 95.996 96.238 96.437 96.606 96.752 96.883 97.001 97.110 97.214 97.312 97.407 97.500 97.591 97.681 97.769
26.906 27.325 27.439 27.527 27.614 27.704 27.797 27.894 27.995 28.103 28.216 28.332 28.454 28.582 28.716 28.852 28.991 29.135 29.283 29.436 29.591 29.746 29.904 30.065 30.221 30.331 30.367 30.369 30.417 30.561 30.829 31.264 31.932 32.866 33.989 35.267 36.903 39.237 42.530 46.971 52.749 60.595 76.736 85.643 90.032 92.380 93.756 94.621 95.195 95.595 95.888 96.109 96.284 96.427 96.547 96.652 96.745 96.831 96.911 96.988 97.063 97.136 97.210 97.284 97.359 97.435 97.513 97.592 97.672 97.754 97.837 97.922
28.126 29.060 29.313 29.478 29.629 29.779 29.932 30.088 30.248 30.413 30.584 30.761 30.944 31.134 31.332 31.538 31.749 31.966 32.187 32.411 32.631 32.839 33.032 33.216 33.415 33.666 34.021 34.531 35.232 36.125 37.198 38.448 39.938 41.959 45.633 51.961 63.362 82.240 89.083 92.094 93.673 94.591 95.169 95.557 95.830 96.033 96.189 96.315 96.420 96.511 96.593 96.668 96.740 96.808 96.875 96.942 97.008 97.076 97.144 97.214 97.285 97.358 97.432 97.509 97.587 97.667 97.749 97.832 97.918 98.005 98.093 98.183
30.198 32.039 32.623 32.949 33.208 33.455 33.705 33.963 34.230 34.510 34.804 35.114 35.442 35.791 36.161 36.557 36.980 37.435 37.921 38.447 39.021 39.652 40.363 41.190 42.182 43.413 45.070 47.722 53.540 68.485 84.189 89.420 91.988 93.415 94.288 94.865 95.270 95.566 95.792 95.972 96.119 96.243 96.351 96.447 96.534 96.616 96.694 96.770 96.844 96.919 96.995 97.071 97.150 97.230 97.312 97.396 97.481 97.568 97.655 97.743 97.831 97.920 98.009 98.098 98.187 98.276 98.366 98.456 98.546 98.637 98.728 98.819
32.440 35.607 36.951 37.755 38.349 38.871 39.383 39.915 40.489 41.115 41.804 42.571 43.426 44.382 45.468 46.765 48.448 51.063 56.875 75.805 84.950 89.135 91.440 92.895 93.888 94.600 95.125 95.519 95.819 96.049 96.227 96.365 96.472 96.558 96.628 96.684 96.732 96.774 96.812 96.847 96.882 96.917 96.953 96.991 97.032 97.075 97.123 97.173 97.228 97.287 97.349 97.415 97.485 97.558 97.634 97.713 97.793 97.876 97.960 98.045 98.130 98.217 98.304 98.391 98.479 98.567 98.655 98.743 98.832 98.922 99.012 99.102
34.427 39.385 42.217 44.306 46.014 47.521 48.921 50.277 51.658 53.200 55.283 59.309 74.127 82.401 86.506 88.969 90.690 91.988 93.002 93.810 94.450 94.961 95.373 95.707 95.983 96.211 96.403 96.566 96.705 96.824 96.926 97.016 97.095 97.165 97.228 97.285 97.336 97.383 97.426 97.466 97.504 97.539 97.572 97.604 97.636 97.667 97.698 97.730 97.763 97.798 97.834 97.873 97.914 97.958 98.006 98.056 98.111 98.169 98.230 98.295 98.363 98.434 98.508 98.585 98.665 98.747 98.831 98.916 99.004 99.092 99.182 99.272
60.668 79.173 82.924 85.124 86.764 88.140 89.354 90.446 91.431 92.315 93.103 93.797 94.400 94.911 95.342 95.708 96.017 96.280 96.500 96.685 96.839 96.968 97.076 97.167 97.244 97.309 97.365 97.414 97.456 97.493 97.527 97.558 97.587 97.616 97.644 97.672 97.701 97.732 97.764 97.799 97.836 97.875 97.917 97.962 98.009 98.059 98.112 98.167 98.225 98.285 98.348 98.413 98.479 98.548 98.618 98.690 98.763 98.837 98.913 98.990 99.068 99.147 99.227 99.308 99.390 99.472 99.555 99.639 99.724 99.809 99.895 99.981
34.426 39.384 42.215 44.304 46.011 47.518 48.917 50.273 51.654 53.195 55.278 59.298 74.115 82.395 86.503 88.967 90.689 91.987 93.002 93.810 94.450 94.961 95.372 95.707 95.983 96.211 96.403 96.566 96.705 96.824 96.926 97.016 97.095 97.165 97.228 97.285 97.336 97.383 97.426 97.466 97.504 97.539 97.572 97.604 97.636 97.667 97.698 97.730 97.763 97.798 97.834 97.873 97.914 97.958 98.006 98.056 98.111 98.169 98.230 98.295 98.363 98.434 98.508 98.585 98.665 98.747 98.831 98.916 99.004 99.092 99.182 99.272
32.440 35.607 36.951 37.754 38.348 38.871 39.382 39.915 40.489 41.114 41.803 42.570 43.424 44.380 45.466 46.763 48.446 51.059 56.864 75.793 84.944 89.132 91.439 92.894 93.888 94.599 95.124 95.519 95.818 96.049 96.227 96.364 96.472 96.558 96.627 96.684 96.732 96.774 96.811 96.847 96.882 96.917 96.953 96.991 97.032 97.075 97.122 97.173 97.228 97.287 97.349 97.415 97.485 97.558 97.634 97.713 97.793 97.876 97.960 98.045 98.130 98.217 98.304 98.391 98.479 98.567 98.655 98.743 98.832 98.922 99.012 99.102
30.198 32.038 32.623 32.948 33.208 33.455 33.705 33.962 34.230 34.510 34.803 35.113 35.441 35.790 36.160 36.556 36.979 37.433 37.920 38.446 39.019 39.651 40.361 41.187 42.179 43.409 45.064 47.713 53.522 68.431 84.169 89.412 91.984 93.412 94.287 94.864 95.269 95.565 95.792 95.971 96.119 96.243 96.351 96.447 96.534 96.616 96.694 96.769 96.844 96.919 96.994 97.071 97.150 97.230 97.312 97.396 97.481 97.567 97.655 97.742 97.831 97.920 98.009 98.098 98.187 98.276 98.366 98.455 98.546 98.636 98.727 98.819
28.125 29.059 29.313 29.478 29.629 29.779 29.932 30.088 30.247 30.412 30.584 30.760 30.943 31.133 31.332 31.537 31.748 31.965 32.186 32.411 32.631 32.838 33.031 33.215 33.414 33.665 34.018 34.527 35.228 36.120 37.192 38.441 39.930 41.948 45.612 51.929 63.286 82.202 89.069 92.087 93.669 94.589 95.168 95.556 95.829 96.032 96.189 96.315 96.420 96.511 96.593 96.668 96.739 96.808 96.875 96.941 97.008 97.075 97.144 97.213 97.284 97.357 97.432 97.508 97.586 97.666 97.748 97.832 97.917 98.004 98.093 98.182
26.905 27.325 27.439 27.527 27.614 27.704 27.797 27.894 27.995 28.103 28.215 28.332 28.454 28.582 28.716 28.852 28.991 29.134 29.283 29.436 29.591 29.746 29.904 30.065 30.221 30.331 30.368 30.371 30.418 30.561 30.827 31.261 31.928 32.861 33.983 35.260 36.894 39.224 42.514 46.950 52.722 60.552 76.692 85.619 90.019 92.372 93.752 94.618 95.193 95.594 95.886 96.108 96.283 96.426 96.547 96.651 96.745 96.830 96.911 96.987 97.062 97.136 97.209 97.283 97.358 97.435 97.512 97.591 97.671 97.753 97.837 97.921
26.900 27.061 27.137 27.212 27.290 27.368 27.448 27.531 27.622 27.720 27.821 27.927 28.035 28.148 28.265 28.386 28.511 28.640 28.771 28.907 29.047 29.189 29.335 29.484 29.638 29.794 29.951 30.105 30.240 30.256 30.060 29.841 30.266 32.748 36.402 39.068 39.796 38.992 37.593 36.496 36.263 37.109 39.081 42.106 46.147 51.244 57.581 66.473 79.500 85.970 89.540 91.723 93.142 94.111 94.800 95.307 95.693 95.994 96.236 96.436 96.605 96.751 96.882 97.000 97.110 97.213 97.311 97.407 97.499 97.590 97.680 97.769
0.000 0.000 0.000 0.000 0.000 0.000 0.000 0.000 0.000 0.000 0.000 0.000 0.000 0.000 0.000 0.000 0.000 0.000 0.000 0.000 0.000 0.000 0.000 0.001 0.032 0.200 0.618 1.355 2.527 5.412 24.728 45.359 55.399 57.398 55.479 53.483 54.676 55.262 54.369 52.458 49.961 47.199 44.470 42.070 40.232 39.118 38.826 39.419 40.889 43.191 46.313 50.294 55.236 61.368 70.830 79.776 84.990 88.398 90.698 92.310 93.476 94.343 95.002 95.517 95.926 96.259 96.536 96.770 96.972 97.149 97.307 97.450
0.000 0.000 0.000 0.000 0.000 0.000 0.000 0.000 0.000 0.000 0.000 0.000 0.000 0.000 0.000 0.000 0.000 0.000 0.000 0.000 0.000 0.000 0.000 0.000 0.000 0.000 0.000 0.000 0.000 0.000 0.000 0.011 0.338 1.325 3.296 6.484 10.943 16.462 22.618 28.867 34.680 39.648 43.544 46.307 48.003 48.768 48.765 48.157 47.104 45.792 44.429 43.221 42.346 41.959 42.206 43.143 44.792 47.168 50.300 54.252 59.160 65.371 74.601 81.102 85.453 88.459 90.611 92.195 93.388 94.305 95.025 95.600
0.000 0.000 0.000 0.000 0.000 0.000 0.000 0.000 0.000 0.000 0.000 0.000 0.000 0.000 0.000 0.000 0.000 0.000 0.000 0.000 0.000 0.000 0.000 0.000 0.000 0.000 0.000 0.000 0.000 0.000 0.000 0.000 0.000 0.000 0.000 0.000 0.000 0.002 0.015 0.074 0.236 0.576 1.172 2.113 3.489 5.368 7.788 10.737 14.154 17.940 21.958 26.056 30.081 33.896 37.388 40.477 43.122 45.318 47.090 48.490 49.581 50.450 51.197 51.896 52.652 53.643 55.119 57.355 60.636 65.290 72.985 79.056
0.000 0.000 0.000 0.000 0.000 0.000 0.000 0.000 0.000 0.000 0.000 0.000 0.000 0.000 0.000 0.000 0.000 0.000 0.000 0.000 0.000 0.000 0.000 0.000 0.000 0.000 0.000 0.000 0.000 0.000 0.000 0.000 0.000 0.000 0.000 0.000 0.000 0.000 0.000 0.000 0.000 0.000 0.000 0.000 0.000 0.000 0.000 0.001 0.005 0.018 0.052 0.132 0.290 0.565 1.003 1.649 2.557 3.781 5.369 7.354 9.751 12.552 15.722 19.210 22.956 26.887 30.933 35.022 39.083 43.054 46.892 50.535
0.000 0.000 0.000 0.000 0.000 0.000 0.000 0.000 0.000 0.000 0.000 0.000 0.000 0.000 0.000 0.000 0.000 0.000 0.000 0.000 0.000 0.000 0.000 0.000 0.000 0.000 0.000 0.000 0.000 0.000 0.000 0.000 0.000 0.000 0.000 0.000 0.000 0.000 0.000 0.000 0.000 0.000 0.000 0.000 0.000 0.000 0.000 0.000 0.000 0.000 0.000 0.000 0.000 0.000 0.000 0.000 0.000 0.000 0.000 0.001 0.002 0.006 0.018 0.046 0.106 0.213 0.384 0.646 1.026 1.559 2.284 3.242
0.000 0.000 0.000 0.000 0.000 0.000 0.000 0.000 0.000 0.000 0.000 0.000 0.000 0.000 0.000 0.000 0.000 0.000 0.000 0.000 0.000 0.000 0.000 0.000 0.000 0.000 0.000 0.000 0.000 0.000 0.000 0.000 0.000 0.000 0.000 0.000 0.000 0.000 0.000 0.000 0.000 0.000 0.000 0.000 0.000 0.000 0.000 0.000 0.000 0.000 0.000 0.000 0.000 0.000 0.000 0.000 0.000 0.000 0.000 0.000 0.000 0.000 0.000 0.000 0.000 0.000 0.000 0.000 0.000 0.000 0.000 0.000
