Examples/2023_ISeeSnow/data/CoulombOnly/Results/curv77s/s/1HS_03_curv77s_MoT-Voellmy_s_0042.asc
ncols        185
nrows        17
xllcorner    2362.5
yllcorner    -4292.5
cellsize     5.00
NODATA_value -9999
[rows 0 to 16 of 17, columns 72 to 143 of 185]
0.000 0.000 0.000 0.000 0.000 0.000 0.000 0.000 0.000 0.000 0.000 0.000 0.000 0.000 0.011 0.271 1.009 2.413 4.608 7.525 11.004 14.888 19.022 23.266 27.504 31.644 35.619 39.379 42.890 46.128 49.077 51.726 54.067 56.090 57.784 59.134 60.118 60.707 60.866 60.556 59.742 58.397 56.515 54.119 51.268 48.051 44.580 40.970 37.329 33.742 30.274 26.968 23.851 20.936 18.230 15.735 13.447 11.362 9.474 7.773 6.252 4.900 3.707 2.661 1.752 0.967 0.316 0.040 0.005 0.002 0.001 0.000
0.000 0.000 0.000 0.000 0.000 0.000 0.001 0.028 0.179 0.570 1.289 2.469 5.657 26.360 49.557 63.151 71.119 76.743 81.322 85.139 87.236 88.473 89.248 89.767 90.144 90.441 90.686 90.891 91.062 91.202 91.315 91.408 91.487 91.558 91.626 91.694 91.765 91.839 91.915 91.993 92.071 92.146 92.219 92.287 92.350 92.407 92.459 92.506 92.546 92.581 92.611 92.635 92.655 92.670 92.683 92.693 92.702 92.712 92.724 92.738 92.754 92.775 92.801 92.817 92.818 92.871 85.320 36.308 16.889 12.173 8.817 6.210
88.738 88.784 88.828 88.870 88.909 88.946 88.998 89.094 89.229 89.376 89.518 89.650 89.771 89.884 89.991 90.093 90.192 90.290 90.387 90.484 90.581 90.678 90.777 90.877 90.978 91.080 91.183 91.286 91.389 91.492 91.593 91.693 91.791 91.888 91.983 92.077 92.168 92.258 92.346 92.432 92.515 92.597 92.676 92.754 92.829 92.903 92.974 93.044 93.111 93.175 93.236 93.294 93.348 93.399 93.447 93.491 93.532 93.570 93.606 93.640 93.672 93.703 93.733 93.763 93.791 93.820 93.849 93.878 93.908 93.939 93.970 94.005
89.032 89.103 89.176 89.251 89.327 89.404 89.483 89.563 89.645 89.729 89.814 89.902 89.991 90.082 90.174 90.267 90.361 90.456 90.552 90.649 90.746 90.844 90.943 91.042 91.141 91.241 91.341 91.440 91.540 91.639 91.738 91.836 91.933 92.030 92.126 92.222 92.317 92.411 92.505 92.598 92.691 92.783 92.873 92.962 93.050 93.135 93.218 93.298 93.375 93.449 93.519 93.586 93.649 93.709 93.766 93.819 93.868 93.915 93.958 93.999 94.037 94.073 94.107 94.139 94.170 94.199 94.226 94.252 94.276 94.300 94.322 94.343
89.321 89.402 89.486 89.573 89.664 89.757 89.853 89.950 90.048 90.148 90.248 90.348 90.449 90.550 90.651 90.752 90.853 90.954 91.055 91.156 91.256 91.356 91.456 91.555 91.654 91.753 91.851 91.950 92.047 92.145 92.242 92.338 92.434 92.530 92.624 92.719 92.812 92.905 92.997 93.088 93.178 93.266 93.353 93.439 93.522 93.604 93.684 93.761 93.836 93.908 93.977 94.043 94.106 94.166 94.223 94.277 94.328 94.376 94.421 94.463 94.501 94.538 94.571 94.602 94.631 94.657 94.681 94.702 94.722 94.740 94.755 94.769
89.914 90.014 90.115 90.216 90.317 90.418 90.518 90.618 90.718 90.817 90.915 91.014 91.113 91.214 91.315 91.417 91.520 91.623 91.729 91.835 91.942 92.050 92.158 92.268 92.378 92.488 92.598 92.708 92.817 92.925 93.033 93.139 93.244 93.347 93.448 93.547 93.645 93.740 93.834 93.925 94.014 94.101 94.186 94.268 94.348 94.426 94.502 94.575 94.646 94.715 94.782 94.846 94.907 94.966 95.022 95.076 95.126 95.173 95.217 95.256 95.292 95.323 95.350 95.371 95.387 95.398 95.405 95.406 95.404 95.397 95.388 95.377
91.044 91.132 91.219 91.306 91.393 91.479 91.565 91.651 91.736 91.822 91.908 91.993 92.080 92.167 92.254 92.342 92.431 92.520 92.609 92.699 92.790 92.881 92.972 93.063 93.154 93.246 93.337 93.427 93.517 93.606 93.694 93.780 93.866 93.949 94.031 94.112 94.191 94.268 94.343 94.417 94.489 94.560 94.629 94.696 94.762 94.826 94.889 94.950 95.009 95.067 95.124 95.179 95.233 95.286 95.338 95.389 95.439 95.488 95.536 95.583 95.629 95.673 95.714 95.753 95.789 95.820 95.847 95.869 95.886 95.896 95.900 95.897
91.136 91.230 91.324 91.418 91.513 91.608 91.703 91.799 91.894 91.990 92.086 92.181 92.276 92.370 92.463 92.556 92.649 92.740 92.831 92.921 93.011 93.099 93.187 93.275 93.361 93.448 93.533 93.619 93.704 93.788 93.873 93.957 94.041 94.125 94.209 94.293 94.377 94.460 94.542 94.625 94.706 94.787 94.866 94.945 95.022 95.098 95.172 95.245 95.315 95.383 95.449 95.513 95.573 95.630 95.684 95.734 95.780 95.821 95.858 95.890 95.917 95.939 95.956 95.967 95.973 95.974 95.970 95.961 95.947 95.928 95.905 95.877
91.981 92.072 92.163 92.255 92.347 92.439 92.531 92.623 92.715 92.807 92.899 92.990 93.081 93.171 93.261 93.350 93.439 93.526 93.613 93.699 93.785 93.869 93.952 94.035 94.117 94.197 94.277 94.356 94.434 94.511 94.588 94.663 94.738 94.812 94.886 94.959 95.031 95.103 95.175 95.246 95.317 95.387 95.458 95.528 95.598 95.667 95.737 95.807 95.876 95.945 96.014 96.083 96.151 96.219 96.286 96.352 96.417 96.481 96.543 96.603 96.661 96.717 96.770 96.820 96.867 96.909 96.948 96.982 97.011 97.034 97.053 97.065
91.137 91.230 91.324 91.418 91.513 91.608 91.703 91.799 91.894 91.990 92.086 92.181 92.276 92.370 92.464 92.556 92.649 92.740 92.831 92.921 93.011 93.099 93.187 93.275 93.361 93.448 93.533 93.619 93.703 93.788 93.873 93.957 94.041 94.125 94.209 94.293 94.377 94.460 94.543 94.625 94.706 94.787 94.867 94.945 95.023 95.098 95.173 95.245 95.315 95.384 95.450 95.513 95.573 95.630 95.684 95.734 95.780 95.821 95.858 95.890 95.917 95.939 95.956 95.968 95.974 95.974 95.970 95.961 95.947 95.928 95.905 95.877
91.044 91.132 91.219 91.306 91.392 91.479 91.565 91.651 91.736 91.822 91.907 91.993 92.080 92.167 92.254 92.342 92.431 92.520 92.609 92.699 92.790 92.881 92.972 93.063 93.155 93.246 93.337 93.427 93.517 93.606 93.694 93.780 93.866 93.949 94.031 94.112 94.191 94.268 94.343 94.417 94.489 94.560 94.629 94.696 94.762 94.826 94.889 94.950 95.009 95.067 95.124 95.179 95.233 95.286 95.338 95.389 95.439 95.488 95.536 95.583 95.629 95.673 95.714 95.753 95.789 95.820 95.847 95.869 95.886 95.896 95.900 95.897
89.913 90.014 90.115 90.216 90.316 90.417 90.518 90.618 90.717 90.816 90.915 91.014 91.113 91.213 91.314 91.416 91.519 91.623 91.728 91.834 91.942 92.050 92.158 92.268 92.378 92.488 92.598 92.708 92.817 92.925 93.033 93.139 93.244 93.347 93.448 93.547 93.645 93.740 93.833 93.925 94.014 94.101 94.185 94.268 94.348 94.426 94.502 94.575 94.646 94.715 94.781 94.845 94.907 94.966 95.022 95.075 95.126 95.173 95.216 95.256 95.292 95.323 95.349 95.371 95.387 95.398 95.404 95.406 95.403 95.397 95.388 95.376
89.320 89.401 89.485 89.573 89.663 89.757 89.852 89.949 90.048 90.147 90.247 90.347 90.448 90.549 90.650 90.751 90.852 90.953 91.054 91.155 91.255 91.355 91.455 91.554 91.654 91.752 91.851 91.949 92.047 92.144 92.241 92.337 92.433 92.529 92.624 92.718 92.812 92.905 92.996 93.087 93.177 93.266 93.353 93.438 93.522 93.604 93.683 93.760 93.835 93.907 93.976 94.042 94.105 94.166 94.223 94.277 94.327 94.375 94.420 94.462 94.501 94.537 94.570 94.601 94.630 94.656 94.680 94.702 94.722 94.739 94.755 94.769
89.031 89.102 89.175 89.250 89.326 89.403 89.482 89.562 89.644 89.728 89.814 89.901 89.990 90.081 90.173 90.266 90.361 90.456 90.552 90.648 90.746 90.843 90.942 91.041 91.140 91.240 91.340 91.440 91.540 91.639 91.737 91.836 91.933 92.030 92.126 92.221 92.316 92.410 92.504 92.598 92.690 92.782 92.873 92.962 93.049 93.134 93.217 93.297 93.374 93.448 93.518 93.585 93.649 93.709 93.765 93.818 93.867 93.914 93.957 93.998 94.037 94.073 94.107 94.139 94.169 94.198 94.225 94.251 94.276 94.299 94.321 94.343
88.737 88.783 88.828 88.869 88.908 88.945 88.996 89.092 89.227 89.374 89.517 89.649 89.770 89.884 89.990 90.093 90.192 90.290 90.386 90.483 90.580 90.678 90.777 90.877 90.978 91.080 91.183 91.286 91.389 91.491 91.593 91.693 91.791 91.888 91.983 92.077 92.168 92.258 92.346 92.431 92.515 92.596 92.676 92.753 92.828 92.902 92.974 93.043 93.110 93.174 93.235 93.293 93.348 93.398 93.446 93.490 93.531 93.570 93.606 93.639 93.672 93.703 93.733 93.762 93.791 93.819 93.848 93.877 93.907 93.938 93.970 94.005
0.000 0.000 0.000 0.000 0.000 0.000 0.001 0.027 0.178 0.568 1.286 2.463 5.475 25.898 49.199 62.956 71.000 76.660 81.257 85.091 87.196 88.439 89.220 89.745 90.128 90.430 90.679 90.887 91.059 91.199 91.312 91.404 91.483 91.554 91.622 91.691 91.762 91.836 91.913 91.991 92.069 92.144 92.217 92.285 92.348 92.406 92.458 92.504 92.545 92.580 92.609 92.633 92.653 92.668 92.680 92.691 92.700 92.710 92.722 92.736 92.752 92.773 92.799 92.819 92.814 92.856 84.966 35.920 16.838 12.147 8.797 6.195
0.000 0.000 0.000 0.000 0.000 0.000 0.000 0.000 0.000 0.000 0.000 0.000 0.000 0.000 0.009 0.261 0.985 2.369 4.539 7.432 10.888 14.750 18.865 23.094 27.318 31.447 35.412 39.165 42.669 45.901 48.844 51.488 53.824 55.844 57.535 58.882 59.864 60.451 60.608 60.298 59.485 58.144 56.268 53.882 51.045 47.845 44.394 40.805 37.184 33.616 30.166 26.875 23.771 20.868 18.172 15.686 13.406 11.327 9.444 7.748 6.231 4.883 3.693 2.650 1.742 0.959 0.311 0.039 0.005 0.002 0.001 0.000
