Examples/2023_ISeeSnow/data/CoulombOnly/Results/curv77s/s/1HS_03_curv77s_MoT-Voellmy_s_0007.asc
ncols        78
nrows        39
xllcorner    1047.5
yllcorner    -4347.5
cellsize     5.00
NODATA_value -9999
0.000 0.000 0.000 0.006 0.036 0.126 0.315 0.632 1.078 1.543 1.916 2.144 2.217 2.159 2.006 1.800 1.569 1.335 1.109 0.896 0.701 0.525 0.370 0.237 0.128 0.043 0.005 0.000 0.000 0.000 0.000 0.000 0.000 0.000 0.000 0.000 0.000 0.000 0.000 0.000 0.000 0.000 0.000 0.000 0.000 0.000 0.000 0.000 0.000 0.000 0.000 0.000 0.000 0.000 0.000 0.000 0.000 0.000 0.000 0.000 0.000 0.000 0.000 0.000 0.000 0.000 0.000 0.000 0.000 0.000 0.000 0.000 0.000 0.000 0.000 0.000 0.000 0.000
0.024 0.280 1.104 2.606 4.568 6.639 8.617 10.471 12.309 13.772 14.247 14.430 14.506 14.535 14.540 14.532 14.517 14.498 14.479 14.458 14.433 14.409 14.388 14.366 14.346 14.328 14.294 14.302 12.291 9.163 6.701 4.748 3.138 1.781 0.624 0.114 0.012 0.001 0.000 0.000 0.000 0.000 0.000 0.000 0.000 0.000 0.000 0.000 0.000 0.000 0.000 0.000 0.000 0.000 0.000 0.000 0.000 0.000 0.000 0.000 0.000 0.000 0.000 0.000 0.000 0.000 0.000 0.000 0.000 0.000 0.000 0.000 0.000 0.000 0.000 0.000 0.000 0.000
3.031 5.237 6.457 7.525 9.450 13.268 14.338 14.667 14.794 14.851 14.879 14.891 14.892 14.885 14.871 14.852 14.830 14.807 14.782 14.757 14.730 14.703 14.675 14.647 14.618 14.588 14.557 14.525 14.491 14.457 14.423 14.389 14.354 14.319 14.283 14.247 14.210 14.173 14.135 14.098 14.061 14.027 13.999 13.986 14.030 14.240 13.934 9.589 1.366 0.087 0.020 0.003 0.001 0.000 0.000 0.000 0.000 0.000 0.000 0.000 0.000 0.000 0.000 0.000 0.000 0.000 0.000 0.000 0.000 0.000 0.000 0.000 0.000 0.000 0.000 0.000 0.000 0.000
5.455 6.647 8.769 13.363 14.409 14.699 14.825 14.911 14.985 15.051 15.106 15.149 15.177 15.190 15.192 15.183 15.168 15.149 15.127 15.104 15.079 15.054 15.028 15.001 14.973 14.945 14.916 14.886 14.855 14.824 14.792 14.759 14.725 14.690 14.655 14.618 14.581 14.543 14.505 14.466 14.426 14.386 14.346 14.305 14.265 14.224 14.180 14.136 14.106 14.074 14.041 14.006 13.971 13.936 13.900 13.865 13.829 13.794 13.759 13.724 13.689 13.653 13.618 13.613 13.787 13.187 4.581 0.046 0.000 0.000 0.000 0.000 0.000 0.000 0.000 0.000 0.000 0.000
6.478 9.325 13.776 14.408 14.574 14.680 14.790 14.911 15.036 15.153 15.256 15.338 15.398 15.437 15.456 15.460 15.455 15.443 15.426 15.408 15.388 15.367 15.346 15.323 15.300 15.277 15.252 15.227 15.201 15.174 15.147 15.118 15.088 15.058 15.026 14.994 14.960 14.926 14.890 14.853 14.816 14.778 14.739 14.700 14.659 14.616 14.572 14.526 14.478 14.429 14.378 14.326 14.274 14.220 14.166 14.111 14.055 13.998 13.941 13.884 13.829 13.777 13.732 13.692 13.648 13.581 13.527 13.492 13.477 13.560 12.652 2.167 0.002 0.000 0.000 0.000 0.000 0.000
7.590 13.115 14.106 14.319 14.418 14.531 14.673 14.835 14.999 15.154 15.289 15.399 15.482 15.538 15.573 15.590 15.595 15.592 15.584 15.574 15.562 15.550 15.537 15.523 15.510 15.495 15.480 15.464 15.448 15.430 15.411 15.391 15.369 15.345 15.319 15.290 15.257 15.222 15.183 15.142 15.100 15.059 15.017 14.975 14.934 14.892 14.850 14.808 14.767 14.727 14.689 14.653 14.619 14.587 14.556 14.526 14.498 14.472 14.452 14.444 14.462 14.518 14.620 14.764 14.940 15.131 15.316 15.470 15.571 15.602 15.558 15.460 15.313 15.150 15.078 11.290 0.605 0.000
11.110 13.248 13.428 13.529 13.672 13.866 14.096 14.338 14.576 14.792 14.977 15.126 15.237 15.313 15.360 15.385 15.393 15.391 15.383 15.372 15.360 15.347 15.334 15.321 15.308 15.295 15.283 15.272 15.261 15.250 15.240 15.231 15.224 15.217 15.211 15.207 15.205 15.204 15.205 15.204 15.203 15.200 15.197 15.195 15.194 15.194 15.194 15.196 15.199 15.201 15.202 15.202 15.198 15.193 15.184 15.173 15.159 15.142 15.125 15.110 15.105 15.120 15.167 15.250 15.369 15.514 15.664 15.791 15.869 15.878 15.813 15.680 15.494 15.276 15.050 14.929 3.452 0.003
10.491 13.290 13.505 13.608 13.737 13.909 14.112 14.330 14.549 14.755 14.939 15.095 15.219 15.310 15.373 15.412 15.432 15.441 15.443 15.440 15.435 15.429 15.423 15.416 15.409 15.401 15.394 15.385 15.377 15.368 15.358 15.348 15.337 15.326 15.313 15.300 15.285 15.269 15.252 15.235 15.219 15.204 15.189 15.176 15.163 15.150 15.138 15.127 15.116 15.106 15.097 15.088 15.080 15.072 15.066 15.060 15.054 15.050 15.050 15.059 15.087 15.147 15.243 15.378 15.545 15.729 15.913 16.069 16.171 16.197 16.137 15.995 15.788 15.535 15.261 14.995 9.244 0.183
11.634 13.284 13.452 13.539 13.664 13.838 14.048 14.275 14.504 14.720 14.913 15.075 15.203 15.297 15.361 15.400 15.421 15.430 15.431 15.428 15.423 15.417 15.411 15.405 15.398 15.392 15.386 15.379 15.373 15.367 15.361 15.355 15.349 15.343 15.337 15.331 15.325 15.320 15.314 15.309 15.303 15.298 15.293 15.288 15.283 15.278 15.274 15.269 15.265 15.260 15.256 15.252 15.248 15.244 15.240 15.236 15.233 15.230 15.230 15.238 15.262 15.315 15.404 15.533 15.698 15.886 16.076 16.243 16.355 16.388 16.330 16.184 15.966 15.697 15.402 15.113 13.610 0.833
11.466 13.311 13.484 13.573 13.700 13.875 14.086 14.314 14.543 14.760 14.953 15.116 15.246 15.342 15.408 15.449 15.471 15.482 15.484 15.482 15.478 15.473 15.468 15.462 15.456 15.450 15.443 15.437 15.430 15.424 15.417 15.410 15.403 15.396 15.388 15.381 15.374 15.367 15.360 15.353 15.346 15.339 15.333 15.326 15.320 15.314 15.308 15.302 15.297 15.292 15.287 15.282 15.278 15.273 15.270 15.266 15.263 15.261 15.263 15.275 15.305 15.367 15.468 15.609 15.785 15.983 16.184 16.360 16.481 16.520 16.464 16.315 16.089 15.809 15.500 15.176 14.969 1.788
11.426 13.335 13.505 13.590 13.712 13.883 14.090 14.316 14.544 14.760 14.954 15.119 15.251 15.350 15.418 15.461 15.485 15.497 15.501 15.500 15.498 15.494 15.490 15.485 15.481 15.477 15.472 15.468 15.463 15.458 15.454 15.449 15.445 15.440 15.435 15.431 15.426 15.421 15.417 15.412 15.408 15.403 15.399 15.394 15.390 15.385 15.381 15.377 15.373 15.369 15.365 15.362 15.358 15.355 15.352 15.349 15.347 15.345 15.347 15.359 15.389 15.451 15.551 15.691 15.868 16.067 16.269 16.448 16.571 16.611 16.555 16.403 16.172 15.886 15.566 15.245 14.974 2.700
11.299 13.359 13.531 13.616 13.737 13.908 14.115 14.341 14.569 14.787 14.982 15.148 15.280 15.379 15.448 15.492 15.517 15.529 15.534 15.534 15.532 15.529 15.525 15.521 15.517 15.513 15.509 15.505 15.501 15.497 15.493 15.489 15.485 15.480 15.476 15.472 15.468 15.464 15.460 15.456 15.451 15.447 15.444 15.440 15.436 15.432 15.429 15.425 15.422 15.418 15.415 15.412 15.409 15.407 15.404 15.402 15.400 15.399 15.402 15.414 15.445 15.507 15.608 15.750 15.927 16.127 16.331 16.510 16.634 16.675 16.619 16.467 16.233 15.943 15.620 15.294 14.945 3.477
11.186 13.381 13.553 13.638 13.758 13.927 14.133 14.358 14.586 14.803 14.999 15.165 15.298 15.399 15.469 15.513 15.539 15.553 15.558 15.559 15.558 15.556 15.553 15.550 15.547 15.544 15.541 15.538 15.535 15.532 15.529 15.525 15.522 15.519 15.516 15.513 15.509 15.506 15.503 15.500 15.496 15.493 15.490 15.487 15.484 15.481 15.478 15.475 15.472 15.470 15.467 15.465 15.462 15.460 15.458 15.456 15.454 15.453 15.456 15.468 15.499 15.560 15.660 15.800 15.976 16.175 16.378 16.557 16.681 16.723 16.668 16.515 16.281 15.989 15.665 15.332 14.986 3.988
11.086 13.400 13.573 13.657 13.776 13.945 14.150 14.375 14.603 14.821 15.017 15.184 15.318 15.419 15.489 15.535 15.561 15.575 15.581 15.583 15.582 15.581 15.579 15.576 15.574 15.572 15.569 15.567 15.564 15.562 15.559 15.557 15.554 15.552 15.549 15.547 15.544 15.542 15.539 15.536 15.534 15.531 15.529 15.526 15.524 15.522 15.519 15.517 15.515 15.512 15.510 15.508 15.506 15.504 15.502 15.501 15.499 15.499 15.501 15.513 15.543 15.604 15.702 15.842 16.016 16.214 16.415 16.594 16.718 16.761 16.707 16.555 16.321 16.028 15.703 15.365 15.049 4.356
11.005 13.415 13.590 13.674 13.792 13.960 14.165 14.390 14.618 14.835 15.032 15.199 15.334 15.435 15.506 15.552 15.580 15.594 15.601 15.603 15.603 15.602 15.600 15.599 15.597 15.595 15.594 15.592 15.590 15.588 15.586 15.584 15.582 15.580 15.578 15.576 15.574 15.573 15.571 15.569 15.567 15.565 15.563 15.561 15.559 15.557 15.555 15.553 15.551 15.549 15.548 15.546 15.544 15.543 15.541 15.539 15.538 15.538 15.540 15.552 15.581 15.641 15.738 15.876 16.049 16.245 16.446 16.624 16.749 16.793 16.739 16.588 16.355 16.062 15.735 15.392 15.097 4.680
10.941 13.428 13.604 13.687 13.805 13.972 14.177 14.402 14.630 14.848 15.044 15.212 15.347 15.449 15.520 15.567 15.595 15.610 15.617 15.619 15.620 15.619 15.618 15.617 15.616 15.615 15.613 15.612 15.611 15.609 15.608 15.606 15.605 15.604 15.602 15.601 15.599 15.598 15.596 15.595 15.593 15.592 15.590 15.589 15.587 15.586 15.584 15.583 15.581 15.580 15.578 15.577 15.575 15.574 15.573 15.571 15.570 15.570 15.572 15.584 15.613 15.672 15.768 15.904 16.076 16.271 16.471 16.649 16.774 16.819 16.766 16.616 16.383 16.089 15.763 15.413 15.134 4.955
10.891 13.437 13.615 13.698 13.815 13.982 14.186 14.411 14.639 14.857 15.054 15.222 15.357 15.459 15.531 15.578 15.606 15.622 15.629 15.632 15.633 15.633 15.632 15.631 15.631 15.630 15.629 15.628 15.627 15.626 15.625 15.624 15.623 15.622 15.621 15.619 15.618 15.617 15.616 15.615 15.614 15.613 15.611 15.610 15.609 15.608 15.607 15.606 15.604 15.603 15.602 15.601 15.600 15.598 15.597 15.596 15.595 15.595 15.597 15.608 15.637 15.695 15.791 15.926 16.097 16.291 16.490 16.668 16.793 16.839 16.787 16.638 16.405 16.111 15.784 15.433 15.155 5.164
10.856 13.444 13.622 13.705 13.822 13.989 14.193 14.417 14.645 14.863 15.060 15.228 15.364 15.466 15.539 15.586 15.614 15.630 15.638 15.641 15.642 15.642 15.642 15.641 15.640 15.640 15.639 15.638 15.638 15.637 15.636 15.635 15.635 15.634 15.633 15.632 15.631 15.630 15.629 15.629 15.628 15.627 15.626 15.625 15.624 15.623 15.622 15.621 15.620 15.619 15.618 15.616 15.615 15.614 15.613 15.612 15.611 15.611 15.613 15.624 15.653 15.711 15.806 15.941 16.111 16.305 16.504 16.682 16.807 16.853 16.802 16.653 16.421 16.128 15.800 15.448 15.167 5.319
10.847 13.448 13.626 13.708 13.825 13.991 14.195 14.419 14.647 14.865 15.062 15.231 15.367 15.469 15.542 15.589 15.618 15.634 15.641 15.645 15.646 15.646 15.646 15.645 15.645 15.644 15.644 15.643 15.643 15.642 15.641 15.641 15.640 15.639 15.638 15.638 15.637 15.636 15.635 15.635 15.634 15.633 15.632 15.631 15.630 15.629 15.628 15.627 15.626 15.625 15.624 15.623 15.622 15.621 15.620 15.619 15.617 15.617 15.620 15.631 15.659 15.717 15.813 15.949 16.120 16.315 16.514 16.693 16.819 16.866 16.815 16.667 16.434 16.140 15.811 15.460 15.172 5.496
10.968 13.445 13.620 13.703 13.820 13.986 14.191 14.416 14.645 14.864 15.061 15.230 15.366 15.469 15.542 15.589 15.618 15.633 15.641 15.645 15.646 15.646 15.646 15.645 15.645 15.644 15.643 15.643 15.642 15.641 15.641 15.640 15.639 15.638 15.638 15.637 15.636 15.635 15.634 15.634 15.633 15.632 15.631 15.630 15.629 15.628 15.627 15.626 15.625 15.624 15.623 15.621 15.620 15.619 15.618 15.617 15.615 15.615 15.617 15.628 15.657 15.716 15.812 15.948 16.121 16.318 16.521 16.703 16.834 16.885 16.837 16.689 16.454 16.156 15.821 15.465 15.129 6.520
10.847 13.448 13.626 13.708 13.825 13.991 14.195 14.419 14.647 14.865 15.062 15.231 15.367 15.469 15.542 15.589 15.618 15.634 15.641 15.645 15.646 15.646 15.646 15.646 15.645 15.644 15.644 15.643 15.643 15.642 15.641 15.641 15.640 15.639 15.638 15.638 15.637 15.636 15.635 15.635 15.634 15.633 15.632 15.631 15.630 15.629 15.628 15.627 15.626 15.625 15.624 15.623 15.622 15.621 15.620 15.619 15.617 15.617 15.620 15.631 15.660 15.717 15.813 15.949 16.120 16.315 16.514 16.693 16.819 16.866 16.815 16.667 16.434 16.140 15.811 15.460 15.172 5.496
10.856 13.444 13.622 13.705 13.822 13.989 14.193 14.417 14.645 14.863 15.060 15.228 15.364 15.466 15.539 15.586 15.614 15.630 15.638 15.641 15.642 15.642 15.642 15.641 15.640 15.640 15.639 15.638 15.638 15.637 15.636 15.635 15.635 15.634 15.633 15.632 15.631 15.630 15.629 15.629 15.628 15.627 15.626 15.625 15.624 15.623 15.622 15.621 15.620 15.619 15.618 15.616 15.615 15.614 15.613 15.612 15.611 15.611 15.613 15.624 15.653 15.711 15.806 15.941 16.111 16.305 16.504 16.682 16.807 16.853 16.802 16.653 16.421 16.128 15.800 15.448 15.167 5.319
10.891 13.437 13.615 13.698 13.815 13.982 14.186 14.411 14.639 14.857 15.054 15.222 15.357 15.459 15.531 15.578 15.606 15.622 15.629 15.632 15.633 15.633 15.632 15.631 15.631 15.630 15.629 15.628 15.627 15.626 15.625 15.624 15.623 15.622 15.621 15.619 15.618 15.617 15.616 15.615 15.614 15.613 15.612 15.610 15.609 15.608 15.607 15.606 15.604 15.603 15.602 15.601 15.600 15.598 15.597 15.596 15.595 15.595 15.597 15.608 15.637 15.695 15.791 15.926 16.097 16.291 16.490 16.668 16.793 16.839 16.787 16.638 16.405 16.111 15.784 15.433 15.155 5.164
10.941 13.428 13.604 13.687 13.805 13.972 14.177 14.402 14.630 14.848 15.044 15.212 15.347 15.449 15.520 15.567 15.595 15.610 15.617 15.619 15.620 15.619 15.618 15.617 15.616 15.615 15.613 15.612 15.611 15.609 15.608 15.606 15.605 15.604 15.602 15.601 15.599 15.598 15.596 15.595 15.593 15.592 15.590 15.589 15.587 15.586 15.584 15.583 15.581 15.580 15.578 15.577 15.575 15.574 15.573 15.571 15.570 15.570 15.573 15.584 15.613 15.672 15.768 15.904 16.076 16.271 16.471 16.649 16.774 16.819 16.766 16.616 16.383 16.089 15.763 15.413 15.134 4.955
11.005 13.415 13.590 13.674 13.792 13.960 14.165 14.390 14.618 14.835 15.032 15.199 15.334 15.435 15.506 15.552 15.580 15.594 15.601 15.603 15.603 15.602 15.600 15.599 15.597 15.595 15.594 15.592 15.590 15.588 15.586 15.584 15.582 15.580 15.578 15.576 15.575 15.573 15.571 15.569 15.567 15.565 15.563 15.561 15.559 15.557 15.555 15.553 15.551 15.549 15.548 15.546 15.544 15.543 15.541 15.540 15.538 15.538 15.540 15.552 15.582 15.641 15.738 15.876 16.049 16.245 16.446 16.624 16.749 16.793 16.739 16.588 16.355 16.062 15.735 15.392 15.097 4.680
11.086 13.400 13.573 13.657 13.776 13.945 14.150 14.375 14.603 14.821 15.017 15.184 15.318 15.419 15.489 15.535 15.561 15.575 15.581 15.583 15.582 15.581 15.579 15.576 15.574 15.572 15.569 15.567 15.564 15.562 15.559 15.557 15.554 15.552 15.549 15.547 15.544 15.542 15.539 15.537 15.534 15.531 15.529 15.526 15.524 15.522 15.519 15.517 15.515 15.512 15.510 15.508 15.506 15.504 15.502 15.501 15.499 15.499 15.501 15.513 15.543 15.604 15.702 15.842 16.016 16.214 16.415 16.594 16.718 16.761 16.707 16.555 16.321 16.028 15.703 15.365 15.049 4.356
11.186 13.381 13.553 13.638 13.758 13.927 14.133 14.358 14.586 14.803 14.999 15.165 15.298 15.399 15.469 15.513 15.539 15.553 15.558 15.559 15.558 15.556 15.553 15.550 15.547 15.544 15.541 15.538 15.535 15.532 15.529 15.525 15.522 15.519 15.516 15.513 15.509 15.506 15.503 15.500 15.497 15.493 15.490 15.487 15.484 15.481 15.478 15.475 15.472 15.470 15.467 15.465 15.462 15.460 15.458 15.456 15.454 15.454 15.456 15.468 15.499 15.560 15.660 15.801 15.976 16.175 16.378 16.557 16.681 16.723 16.668 16.515 16.281 15.989 15.665 15.333 14.986 3.988
11.299 13.359 13.531 13.616 13.737 13.908 14.115 14.341 14.569 14.787 14.982 15.148 15.280 15.379 15.448 15.492 15.517 15.529 15.534 15.534 15.532 15.529 15.525 15.521 15.517 15.513 15.509 15.505 15.501 15.497 15.493 15.489 15.485 15.480 15.476 15.472 15.468 15.464 15.460 15.456 15.452 15.448 15.444 15.440 15.436 15.432 15.429 15.425 15.422 15.418 15.415 15.412 15.409 15.407 15.404 15.402 15.400 15.399 15.402 15.414 15.446 15.508 15.609 15.750 15.927 16.127 16.331 16.510 16.634 16.675 16.619 16.467 16.233 15.943 15.620 15.294 14.945 3.477
11.426 13.335 13.505 13.590 13.712 13.883 14.090 14.316 14.544 14.760 14.954 15.119 15.251 15.350 15.418 15.461 15.485 15.497 15.501 15.500 15.498 15.494 15.490 15.485 15.481 15.477 15.472 15.468 15.463 15.458 15.454 15.449 15.445 15.440 15.435 15.431 15.426 15.422 15.417 15.412 15.408 15.403 15.399 15.394 15.390 15.386 15.381 15.377 15.373 15.369 15.365 15.362 15.358 15.355 15.352 15.349 15.347 15.345 15.348 15.359 15.390 15.451 15.551 15.691 15.868 16.067 16.270 16.448 16.571 16.611 16.555 16.403 16.172 15.886 15.566 15.245 14.974 2.700
11.466 13.311 13.484 13.574 13.700 13.875 14.086 14.314 14.543 14.760 14.953 15.116 15.246 15.342 15.408 15.449 15.471 15.482 15.484 15.482 15.478 15.473 15.468 15.462 15.456 15.450 15.444 15.437 15.430 15.424 15.417 15.410 15.403 15.396 15.388 15.381 15.374 15.367 15.360 15.353 15.346 15.339 15.333 15.326 15.320 15.314 15.308 15.302 15.297 15.292 15.287 15.282 15.278 15.273 15.270 15.266 15.263 15.261 15.263 15.275 15.305 15.367 15.468 15.609 15.785 15.983 16.184 16.360 16.481 16.520 16.464 16.315 16.089 15.809 15.500 15.176 14.970 1.788
11.634 13.284 13.452 13.539 13.664 13.838 14.048 14.275 14.504 14.720 14.913 15.075 15.203 15.297 15.361 15.400 15.421 15.430 15.431 15.428 15.423 15.417 15.411 15.405 15.398 15.392 15.386 15.379 15.373 15.367 15.361 15.355 15.349 15.343 15.337 15.331 15.325 15.320 15.314 15.309 15.303 15.298 15.293 15.288 15.283 15.278 15.274 15.269 15.265 15.260 15.256 15.252 15.248 15.244 15.240 15.236 15.233 15.230 15.230 15.238 15.263 15.315 15.405 15.533 15.698 15.886 16.076 16.243 16.355 16.388 16.330 16.184 15.966 15.697 15.402 15.113 13.608 0.832
10.490 13.290 13.505 13.608 13.737 13.909 14.112 14.330 14.549 14.755 14.939 15.095 15.219 15.310 15.373 15.412 15.433 15.441 15.443 15.440 15.435 15.429 15.423 15.416 15.409 15.401 15.394 15.386 15.377 15.368 15.359 15.348 15.338 15.326 15.313 15.300 15.285 15.269 15.252 15.235 15.219 15.204 15.190 15.176 15.163 15.150 15.138 15.127 15.116 15.106 15.097 15.088 15.080 15.072 15.066 15.059 15.054 15.050 15.049 15.059 15.087 15.146 15.243 15.378 15.545 15.729 15.913 16.069 16.171 16.197 16.136 15.995 15.788 15.535 15.261 14.995 9.242 0.182
11.110 13.248 13.428 13.529 13.672 13.867 14.096 14.338 14.576 14.792 14.977 15.126 15.237 15.314 15.361 15.385 15.393 15.391 15.383 15.372 15.360 15.347 15.334 15.321 15.308 15.296 15.283 15.272 15.261 15.250 15.240 15.231 15.223 15.217 15.211 15.207 15.205 15.204 15.204 15.204 15.202 15.200 15.197 15.195 15.194 15.193 15.194 15.195 15.198 15.201 15.202 15.201 15.198 15.193 15.184 15.173 15.159 15.143 15.125 15.110 15.105 15.121 15.167 15.250 15.369 15.514 15.664 15.791 15.868 15.878 15.813 15.680 15.494 15.275 15.050 14.928 3.448 0.003
7.589 13.115 14.106 14.319 14.419 14.531 14.674 14.835 14.999 15.154 15.289 15.399 15.482 15.538 15.573 15.590 15.595 15.592 15.584 15.574 15.562 15.550 15.537 15.524 15.510 15.495 15.480 15.464 15.448 15.430 15.412 15.391 15.369 15.346 15.319 15.290 15.258 15.222 15.183 15.142 15.101 15.059 15.018 14.976 14.934 14.893 14.851 14.809 14.768 14.728 14.690 14.654 14.620 14.587 14.556 14.526 14.498 14.472 14.452 14.444 14.462 14.518 14.620 14.764 14.940 15.131 15.316 15.470 15.570 15.602 15.557 15.459 15.312 15.149 15.077 11.293 0.606 0.000
6.478 9.326 13.776 14.408 14.574 14.680 14.790 14.911 15.036 15.153 15.256 15.339 15.399 15.437 15.456 15.461 15.455 15.443 15.427 15.408 15.388 15.367 15.346 15.324 15.301 15.277 15.252 15.227 15.201 15.175 15.147 15.118 15.089 15.058 15.027 14.994 14.961 14.926 14.890 14.854 14.817 14.779 14.740 14.700 14.659 14.616 14.572 14.526 14.479 14.429 14.379 14.327 14.274 14.221 14.167 14.111 14.056 13.999 13.942 13.885 13.829 13.778 13.733 13.693 13.650 13.583 13.528 13.493 13.477 13.558 12.742 2.243 0.002 0.000 0.000 0.000 0.000 0.000
5.456 6.648 8.770 13.364 14.409 14.699 14.826 14.911 14.985 15.051 15.106 15.149 15.177 15.191 15.192 15.184 15.169 15.149 15.128 15.104 15.080 15.054 15.028 15.001 14.974 14.946 14.916 14.886 14.856 14.824 14.792 14.759 14.725 14.691 14.655 14.619 14.582 14.544 14.505 14.466 14.426 14.386 14.346 14.306 14.265 14.225 14.180 14.136 14.106 14.075 14.041 14.006 13.971 13.936 13.900 13.865 13.830 13.794 13.759 13.724 13.689 13.653 13.618 13.610 13.775 13.283 4.811 0.055 0.000 0.000 0.000 0.000 0.000 0.000 0.000 0.000 0.000 0.000
3.034 5.239 6.458 7.526 9.453 13.270 14.338 14.668 14.794 14.852 14.880 14.892 14.893 14.885 14.871 14.852 14.831 14.807 14.782 14.757 14.730 14.703 14.676 14.647 14.618 14.588 14.557 14.525 14.491 14.457 14.423 14.389 14.355 14.320 14.284 14.248 14.211 14.173 14.136 14.098 14.062 14.028 13.999 13.986 14.026 14.229 13.984 9.883 1.535 0.092 0.021 0.004 0.001 0.000 0.000 0.000 0.000 0.000 0.000 0.000 0.000 0.000 0.000 0.000 0.000 0.000 0.000 0.000 0.000 0.000 0.000 0.000 0.000 0.000 0.000 0.000 0.000 0.000
0.024 0.280 1.107 2.610 4.573 6.644 8.622 10.476 12.319 13.776 14.247 14.431 14.507 14.535 14.540 14.532 14.517 14.498 14.479 14.458 14.433 14.409 14.389 14.366 14.345 14.327 14.296 14.300 12.386 9.246 6.763 4.797 3.177 1.812 0.650 0.121 0.012 0.001 0.000 0.000 0.000 0.000 0.000 0.000 0.000 0.000 0.000 0.000 0.000 0.000 0.000 0.000 0.000 0.000 0.000 0.000 0.000 0.000 0.000 0.000 0.000 0.000 0.000 0.000 0.000 0.000 0.000 0.000 0.000 0.000 0.000 0.000 0.000 0.000 0.000 0.000 0.000 0.000
0.000 0.000 0.000 0.006 0.036 0.127 0.317 0.634 1.082 1.548 1.922 2.151 2.224 2.166 2.014 1.807 1.576 1.341 1.114 0.901 0.705 0.529 0.373 0.239 0.129 0.045 0.005 0.000 0.000 0.000 0.000 0.000 0.000 0.000 0.000 0.000 0.000 0.000 0.000 0.000 0.000 0.000 0.000 0.000 0.000 0.000 0.000 0.000 0.000 0.000 0.000 0.000 0.000 0.000 0.000 0.000 0.000 0.000 0.000 0.000 0.000 0.000 0.000 0.000 0.000 0.000 0.000 0.000 0.000 0.000 0.000 0.000 0.000 0.000 0.000 0.000 0.000 0.000
