Examples/2023_ISeeSnow/data/CoulombOnly/Results/curv77s/s/1HS_03_curv77s_MoT-Voellmy_s_0019.asc
ncols        107
nrows        37
xllcorner    1272.5
yllcorner    -4342.5
cellsize     5.00
NODATA_value -9999
[rows 0 to 31 of 37, columns 0 to 72 of 107]
13.066 14.168 14.600 14.781 14.903 15.023 15.165 15.334 15.526 15.749 16.004 16.288 16.601 16.954 17.341 17.767 18.233 18.746 19.315 19.939 20.636 21.530 23.067 25.235 27.417 28.762 28.734 27.403 25.217 22.599 19.646 14.135 2.825 0.010 0.000 0.000 0.000 0.000 0.000 0.000 0.000 0.000 0.000 0.000 0.000 0.000 0.000 0.000 0.000 0.000 0.000 0.000 0.000 0.000 0.000 0.000 0.000 0.000 0.000 0.000 0.000 0.000 0.000 0.000 0.000 0.000 0.000 0.000 0.000 0.000 0.000 0.000 0.000
13.428 15.329 16.374 16.989 17.434 17.829 18.235 18.696 19.264 20.009 21.053 22.670 25.696 34.111 36.909 37.877 38.353 38.657 38.877 39.043 39.172 39.272 39.358 39.439 39.516 39.581 39.614 39.585 39.463 39.218 38.853 38.550 38.603 38.717 38.829 39.039 41.302 45.746 44.584 38.797 31.740 25.104 14.062 1.106 0.000 0.000 0.000 0.000 0.000 0.000 0.000 0.000 0.000 0.000 0.000 0.000 0.000 0.000 0.000 0.000 0.000 0.000 0.000 0.000 0.000 0.000 0.000 0.000 0.000 0.000 0.000 0.000 0.000
13.817 16.120 17.574 18.578 19.414 20.240 21.227 22.660 25.448 33.811 37.058 38.398 39.148 39.621 39.882 40.022 40.097 40.137 40.156 40.161 40.157 40.147 40.132 40.115 40.096 40.078 40.058 40.035 40.004 39.961 39.905 39.843 39.792 39.753 39.729 39.731 39.836 40.025 40.148 40.042 39.611 38.906 38.452 38.581 40.025 46.721 48.114 42.580 33.303 24.689 16.044 3.117 0.011 0.000 0.000 0.000 0.000 0.000 0.000 0.000 0.000 0.000 0.000 0.000 0.000 0.000 0.000 0.000 0.000 0.000 0.000 0.000 0.000
14.166 16.690 18.441 19.828 21.222 23.102 27.071 35.470 38.192 39.347 39.918 40.220 40.386 40.473 40.512 40.523 40.517 40.502 40.482 40.459 40.435 40.412 40.389 40.366 40.345 40.324 40.304 40.283 40.262 40.239 40.214 40.186 40.157 40.129 40.103 40.083 40.074 40.080 40.090 40.088 40.054 39.981 39.903 39.861 39.966 40.307 40.680 40.758 40.270 39.178 38.087 39.549 45.914 48.351 43.530 32.844 22.321 13.972 3.636 0.035 0.000 0.000 0.000 0.000 0.000 0.000 0.000 0.000 0.000 0.000 0.000 0.000 0.000
14.496 17.273 19.400 21.443 24.400 33.606 37.661 39.276 39.997 40.358 40.546 40.642 40.686 40.699 40.695 40.680 40.662 40.641 40.621 40.603 40.586 40.571 40.558 40.545 40.534 40.523 40.513 40.501 40.489 40.476 40.461 40.444 40.426 40.407 40.388 40.369 40.351 40.337 40.325 40.314 40.301 40.283 40.263 40.245 40.244 40.271 40.323 40.373 40.382 40.316 40.206 40.259 40.575 40.960 41.071 40.543 39.213 37.890 42.572 45.219 41.365 31.425 21.213 12.356 2.126 0.006 0.000 0.000 0.000 0.000 0.000 0.000 0.000
15.142 18.502 21.808 27.516 36.362 38.760 39.720 40.187 40.431 40.560 40.626 40.656 40.666 40.665 40.658 40.650 40.642 40.636 40.633 40.632 40.634 40.638 40.643 40.649 40.656 40.662 40.668 40.672 40.674 40.675 40.673 40.668 40.660 40.650 40.638 40.624 40.608 40.592 40.576 40.559 40.543 40.525 40.508 40.492 40.479 40.472 40.473 40.480 40.487 40.490 40.486 40.491 40.519 40.573 40.629 40.640 40.552 40.427 40.567 40.863 40.912 40.226 38.684 40.720 44.619 42.339 32.964 22.507 13.339 2.410 0.008 0.000 0.000
15.748 19.730 24.913 35.405 38.545 39.648 40.139 40.383 40.508 40.571 40.601 40.612 40.614 40.614 40.613 40.615 40.620 40.629 40.641 40.657 40.675 40.696 40.717 40.739 40.761 40.782 40.801 40.818 40.831 40.842 40.849 40.853 40.854 40.851 40.845 40.836 40.825 40.811 40.796 40.780 40.763 40.746 40.728 40.710 40.694 40.679 40.666 40.657 40.651 40.647 40.645 40.645 40.649 40.659 40.675 40.691 40.699 40.700 40.714 40.751 40.785 40.761 40.631 40.660 40.890 40.966 40.357 38.880 41.740 44.499 40.287 30.068 20.262
16.442 21.334 31.187 37.709 39.330 39.995 40.306 40.460 40.537 40.573 40.587 40.591 40.591 40.591 40.595 40.602 40.613 40.629 40.650 40.674 40.702 40.732 40.763 40.795 40.827 40.858 40.887 40.914 40.938 40.958 40.975 40.988 40.997 41.002 41.003 41.002 40.997 40.989 40.979 40.967 40.954 40.940 40.924 40.909 40.893 40.877 40.863 40.849 40.837 40.826 40.818 40.811 40.806 40.804 40.805 40.809 40.815 40.822 40.831 40.846 40.864 40.881 40.889 40.902 40.936 40.975 40.961 40.844 40.911 41.142 41.067 40.149 38.791
17.362 23.771 35.640 38.748 39.777 40.213 40.420 40.519 40.563 40.580 40.583 40.581 40.580 40.581 40.588 40.602 40.621 40.647 40.678 40.714 40.753 40.795 40.839 40.884 40.928 40.971 41.012 41.050 41.084 41.114 41.140 41.162 41.178 41.190 41.197 41.200 41.198 41.193 41.184 41.173 41.160 41.144 41.128 41.111 41.093 41.075 41.058 41.041 41.025 41.010 40.997 40.984 40.973 40.964 40.957 40.953 40.951 40.952 40.955 40.963 40.974 40.988 41.005 41.026 41.052 41.083 41.113 41.135 41.166 41.216 41.255 41.212 41.128
18.177 26.327 37.097 39.261 40.012 40.346 40.503 40.577 40.608 40.618 40.619 40.618 40.618 40.624 40.635 40.653 40.677 40.707 40.743 40.783 40.826 40.872 40.919 40.967 41.015 41.061 41.105 41.146 41.184 41.218 41.248 41.274 41.295 41.311 41.324 41.332 41.337 41.338 41.336 41.331 41.324 41.316 41.305 41.293 41.280 41.265 41.250 41.235 41.219 41.203 41.186 41.171 41.156 41.142 41.129 41.118 41.110 41.104 41.101 41.102 41.107 41.116 41.129 41.147 41.169 41.197 41.229 41.264 41.302 41.346 41.392 41.433 41.469
18.816 28.937 37.879 39.538 40.171 40.451 40.580 40.637 40.658 40.661 40.657 40.652 40.650 40.654 40.664 40.682 40.706 40.738 40.776 40.820 40.868 40.920 40.974 41.029 41.085 41.140 41.194 41.245 41.293 41.336 41.376 41.410 41.439 41.462 41.480 41.493 41.500 41.503 41.503 41.498 41.491 41.482 41.471 41.459 41.445 41.431 41.416 41.401 41.385 41.369 41.353 41.337 41.321 41.306 41.293 41.280 41.269 41.261 41.256 41.254 41.255 41.261 41.271 41.286 41.306 41.330 41.360 41.394 41.432 41.474 41.520 41.568 41.618
19.285 31.599 38.319 39.737 40.293 40.538 40.650 40.697 40.712 40.712 40.706 40.701 40.701 40.707 40.721 40.742 40.772 40.809 40.852 40.901 40.954 41.010 41.068 41.127 41.185 41.242 41.297 41.349 41.397 41.442 41.482 41.517 41.548 41.574 41.595 41.612 41.625 41.634 41.639 41.641 41.640 41.636 41.629 41.621 41.610 41.597 41.583 41.568 41.552 41.535 41.518 41.501 41.484 41.468 41.453 41.439 41.427 41.418 41.411 41.408 41.409 41.414 41.424 41.438 41.457 41.481 41.510 41.543 41.581 41.622 41.667 41.714 41.764
19.505 32.622 38.468 39.840 40.376 40.613 40.719 40.763 40.774 40.771 40.764 40.757 40.754 40.758 40.770 40.789 40.817 40.852 40.894 40.942 40.995 41.052 41.111 41.172 41.234 41.295 41.354 41.412 41.466 41.517 41.563 41.605 41.642 41.673 41.699 41.720 41.736 41.747 41.754 41.757 41.756 41.752 41.746 41.738 41.727 41.715 41.703 41.689 41.674 41.659 41.644 41.629 41.614 41.599 41.586 41.575 41.565 41.557 41.553 41.552 41.554 41.561 41.573 41.589 41.611 41.637 41.668 41.704 41.743 41.787 41.833 41.882 41.932
19.669 33.483 38.594 39.931 40.452 40.680 40.782 40.821 40.829 40.822 40.811 40.802 40.797 40.799 40.810 40.829 40.857 40.894 40.937 40.987 41.043 41.102 41.165 41.229 41.293 41.357 41.420 41.480 41.537 41.591 41.641 41.686 41.726 41.761 41.792 41.818 41.838 41.855 41.866 41.873 41.877 41.876 41.873 41.866 41.857 41.846 41.833 41.818 41.803 41.787 41.771 41.755 41.739 41.724 41.711 41.699 41.690 41.683 41.680 41.680 41.686 41.695 41.710 41.730 41.756 41.786 41.822 41.863 41.908 41.956 42.008 42.061 42.116
19.611 33.093 38.609 39.972 40.504 40.737 40.840 40.880 40.888 40.882 40.870 40.860 40.855 40.857 40.867 40.886 40.914 40.950 40.993 41.043 41.098 41.158 41.220 41.285 41.350 41.415 41.479 41.540 41.599 41.654 41.705 41.751 41.792 41.828 41.859 41.885 41.905 41.921 41.932 41.939 41.942 41.942 41.939 41.934 41.926 41.917 41.906 41.894 41.881 41.868 41.855 41.841 41.828 41.816 41.805 41.796 41.789 41.785 41.785 41.788 41.797 41.811 41.830 41.855 41.886 41.923 41.965 42.013 42.065 42.122 42.182 42.244 42.308
19.604 33.062 38.645 40.015 40.550 40.784 40.886 40.924 40.930 40.921 40.906 40.893 40.884 40.883 40.890 40.906 40.931 40.964 41.006 41.055 41.109 41.169 41.232 41.297 41.364 41.431 41.497 41.562 41.624 41.683 41.738 41.789 41.835 41.876 41.912 41.943 41.969 41.990 42.005 42.017 42.023 42.026 42.025 42.021 42.015 42.006 41.995 41.982 41.969 41.955 41.940 41.926 41.912 41.899 41.888 41.879 41.872 41.870 41.871 41.877 41.889 41.906 41.930 41.960 41.997 42.041 42.091 42.147 42.209 42.276 42.346 42.420 42.496
19.546 32.728 38.644 40.036 40.580 40.818 40.923 40.962 40.969 40.960 40.946 40.933 40.925 40.925 40.933 40.950 40.977 41.012 41.055 41.105 41.160 41.221 41.284 41.350 41.417 41.483 41.549 41.612 41.672 41.729 41.782 41.830 41.873 41.911 41.944 41.972 41.995 42.013 42.027 42.037 42.043 42.045 42.045 42.043 42.038 42.032 42.024 42.015 42.006 41.995 41.985 41.974 41.965 41.956 41.949 41.943 41.941 41.943 41.948 41.959 41.975 41.997 42.026 42.062 42.104 42.154 42.211 42.275 42.345 42.420 42.501 42.586 42.675
19.673 33.427 38.720 40.079 40.609 40.840 40.941 40.977 40.981 40.969 40.952 40.936 40.925 40.922 40.927 40.941 40.964 40.996 41.036 41.084 41.138 41.197 41.260 41.326 41.394 41.462 41.530 41.597 41.661 41.723 41.781 41.835 41.885 41.930 41.969 42.004 42.033 42.057 42.076 42.090 42.100 42.106 42.108 42.108 42.104 42.098 42.091 42.082 42.072 42.061 42.050 42.039 42.029 42.021 42.014 42.009 42.008 42.011 42.018 42.031 42.049 42.074 42.105 42.144 42.190 42.244 42.305 42.373 42.448 42.529 42.616 42.708 42.805
20.378 35.402 39.034 40.193 40.649 40.852 40.939 40.970 40.972 40.960 40.945 40.931 40.923 40.923 40.932 40.950 40.978 41.014 41.059 41.111 41.169 41.231 41.297 41.365 41.433 41.502 41.569 41.634 41.696 41.755 41.809 41.858 41.903 41.942 41.976 42.006 42.030 42.050 42.065 42.077 42.085 42.090 42.092 42.092 42.090 42.086 42.080 42.074 42.067 42.059 42.051 42.044 42.037 42.031 42.027 42.025 42.026 42.031 42.041 42.056 42.076 42.103 42.138 42.179 42.228 42.285 42.350 42.422 42.502 42.589 42.681 42.780 42.883
19.672 33.426 38.719 40.079 40.609 40.840 40.941 40.977 40.981 40.969 40.952 40.936 40.925 40.922 40.927 40.941 40.964 40.996 41.036 41.084 41.138 41.197 41.260 41.326 41.394 41.462 41.530 41.597 41.661 41.723 41.781 41.835 41.885 41.930 41.969 42.004 42.033 42.057 42.076 42.090 42.100 42.106 42.108 42.108 42.104 42.098 42.091 42.082 42.072 42.061 42.050 42.039 42.030 42.021 42.014 42.010 42.008 42.011 42.018 42.031 42.049 42.074 42.105 42.144 42.190 42.244 42.305 42.373 42.448 42.529 42.616 42.708 42.805
19.545 32.727 38.644 40.036 40.580 40.818 40.923 40.962 40.969 40.960 40.946 40.933 40.925 40.925 40.933 40.950 40.977 41.012 41.055 41.105 41.160 41.221 41.284 41.350 41.417 41.483 41.549 41.612 41.672 41.729 41.782 41.830 41.873 41.911 41.944 41.972 41.995 42.013 42.027 42.037 42.043 42.046 42.046 42.043 42.039 42.032 42.024 42.016 42.006 41.995 41.985 41.975 41.965 41.956 41.949 41.944 41.941 41.943 41.948 41.959 41.975 41.997 42.026 42.062 42.105 42.155 42.211 42.275 42.345 42.420 42.501 42.586 42.675
19.604 33.062 38.645 40.015 40.550 40.784 40.886 40.924 40.930 40.921 40.906 40.893 40.884 40.883 40.890 40.906 40.931 40.965 41.006 41.055 41.109 41.169 41.232 41.297 41.364 41.431 41.497 41.562 41.624 41.683 41.738 41.789 41.835 41.876 41.912 41.943 41.969 41.990 42.006 42.017 42.023 42.026 42.025 42.022 42.015 42.006 41.995 41.983 41.969 41.955 41.940 41.926 41.912 41.899 41.888 41.879 41.873 41.870 41.871 41.877 41.889 41.906 41.930 41.960 41.997 42.041 42.091 42.147 42.209 42.276 42.346 42.420 42.496
19.611 33.092 38.609 39.972 40.504 40.737 40.840 40.880 40.888 40.882 40.870 40.860 40.855 40.857 40.867 40.886 40.914 40.950 40.993 41.043 41.098 41.158 41.220 41.285 41.350 41.415 41.479 41.540 41.599 41.654 41.705 41.751 41.792 41.828 41.859 41.885 41.906 41.921 41.932 41.939 41.943 41.942 41.939 41.934 41.926 41.917 41.906 41.894 41.882 41.869 41.855 41.842 41.829 41.816 41.805 41.796 41.789 41.785 41.785 41.789 41.797 41.811 41.830 41.855 41.886 41.923 41.965 42.013 42.065 42.122 42.182 42.244 42.307
19.669 33.481 38.594 39.931 40.452 40.680 40.782 40.821 40.829 40.822 40.811 40.802 40.797 40.799 40.810 40.829 40.857 40.894 40.937 40.987 41.043 41.102 41.165 41.229 41.294 41.358 41.420 41.480 41.538 41.591 41.641 41.686 41.726 41.762 41.792 41.818 41.839 41.855 41.866 41.874 41.877 41.877 41.873 41.866 41.857 41.846 41.833 41.819 41.803 41.787 41.771 41.755 41.739 41.724 41.711 41.699 41.690 41.683 41.680 41.681 41.686 41.695 41.710 41.730 41.756 41.786 41.822 41.863 41.907 41.956 42.007 42.061 42.116
19.504 32.619 38.468 39.840 40.376 40.613 40.719 40.763 40.774 40.772 40.764 40.757 40.754 40.758 40.770 40.789 40.817 40.852 40.894 40.942 40.995 41.052 41.111 41.172 41.234 41.295 41.354 41.412 41.466 41.517 41.564 41.605 41.642 41.673 41.699 41.720 41.736 41.747 41.754 41.757 41.756 41.752 41.746 41.738 41.727 41.716 41.703 41.689 41.674 41.659 41.644 41.629 41.614 41.600 41.586 41.575 41.565 41.557 41.553 41.552 41.554 41.561 41.573 41.589 41.611 41.637 41.668 41.703 41.743 41.786 41.832 41.881 41.932
19.285 31.595 38.319 39.736 40.293 40.538 40.650 40.697 40.712 40.712 40.706 40.701 40.701 40.707 40.721 40.742 40.772 40.809 40.852 40.901 40.954 41.010 41.068 41.127 41.185 41.242 41.297 41.349 41.398 41.442 41.482 41.517 41.548 41.574 41.595 41.612 41.625 41.634 41.639 41.641 41.640 41.636 41.629 41.621 41.610 41.597 41.583 41.568 41.552 41.535 41.518 41.501 41.484 41.468 41.453 41.439 41.427 41.418 41.411 41.408 41.409 41.414 41.423 41.438 41.457 41.480 41.509 41.542 41.580 41.621 41.666 41.713 41.763
18.815 28.934 37.878 39.538 40.171 40.451 40.580 40.637 40.658 40.661 40.657 40.652 40.650 40.654 40.664 40.682 40.707 40.738 40.776 40.820 40.868 40.920 40.974 41.029 41.085 41.140 41.194 41.245 41.293 41.337 41.376 41.410 41.439 41.462 41.480 41.493 41.500 41.504 41.503 41.499 41.492 41.482 41.471 41.459 41.445 41.431 41.416 41.401 41.385 41.369 41.353 41.337 41.321 41.306 41.292 41.280 41.269 41.261 41.255 41.253 41.255 41.260 41.270 41.285 41.305 41.329 41.359 41.392 41.431 41.473 41.519 41.567 41.616
18.176 26.324 37.095 39.261 40.012 40.346 40.503 40.577 40.608 40.618 40.619 40.618 40.619 40.624 40.635 40.653 40.677 40.707 40.743 40.783 40.826 40.872 40.919 40.967 41.015 41.061 41.105 41.146 41.184 41.218 41.248 41.274 41.295 41.311 41.324 41.332 41.337 41.338 41.336 41.331 41.324 41.315 41.305 41.293 41.279 41.265 41.250 41.235 41.218 41.202 41.186 41.170 41.155 41.141 41.129 41.118 41.109 41.103 41.101 41.101 41.106 41.115 41.128 41.146 41.168 41.195 41.227 41.262 41.301 41.344 41.391 41.431 41.468
17.361 23.769 35.638 38.748 39.777 40.213 40.420 40.519 40.563 40.580 40.583 40.581 40.580 40.582 40.589 40.602 40.621 40.647 40.678 40.714 40.753 40.796 40.840 40.884 40.928 40.971 41.012 41.050 41.084 41.114 41.140 41.162 41.178 41.190 41.197 41.200 41.198 41.193 41.184 41.173 41.159 41.144 41.128 41.110 41.093 41.075 41.058 41.041 41.025 41.010 40.996 40.984 40.973 40.964 40.957 40.952 40.950 40.951 40.954 40.961 40.972 40.987 41.004 41.025 41.050 41.081 41.111 41.134 41.164 41.214 41.253 41.211 41.126
16.442 21.332 31.179 37.708 39.330 39.995 40.306 40.460 40.537 40.573 40.587 40.591 40.591 40.592 40.595 40.602 40.613 40.629 40.650 40.674 40.702 40.732 40.763 40.795 40.827 40.858 40.887 40.914 40.938 40.958 40.975 40.988 40.997 41.002 41.003 41.001 40.996 40.989 40.979 40.967 40.954 40.939 40.924 40.908 40.892 40.877 40.862 40.848 40.836 40.826 40.817 40.810 40.805 40.803 40.804 40.808 40.813 40.820 40.830 40.844 40.863 40.879 40.887 40.900 40.934 40.973 40.960 40.844 40.909 41.140 41.070 40.161 38.794
15.748 19.730 24.912 35.404 38.545 39.648 40.139 40.383 40.508 40.571 40.601 40.612 40.615 40.614 40.613 40.615 40.620 40.629 40.641 40.657 40.675 40.696 40.717 40.739 40.761 40.782 40.801 40.818 40.831 40.842 40.849 40.853 40.854 40.851 40.845 40.836 40.824 40.811 40.796 40.780 40.763 40.745 40.727 40.710 40.693 40.678 40.665 40.656 40.650 40.646 40.644 40.643 40.648 40.658 40.674 40.690 40.698 40.699 40.713 40.749 40.784 40.761 40.632 40.659 40.887 40.967 40.368 38.899 41.517 44.514 40.390 30.193 20.361
15.142 18.502 21.807 27.515 36.362 38.760 39.720 40.187 40.431 40.560 40.626 40.656 40.666 40.665 40.658 40.650 40.642 40.636 40.633 40.632 40.634 40.638 40.643 40.649 40.656 40.662 40.668 40.672 40.674 40.675 40.672 40.668 40.660 40.650 40.638 40.624 40.608 40.592 40.575 40.559 40.542 40.525 40.508 40.491 40.478 40.471 40.472 40.478 40.486 40.489 40.485 40.489 40.517 40.571 40.627 40.639 40.553 40.426 40.561 40.855 40.912 40.240 38.707 40.472 44.615 42.433 33.115 22.628 13.470 2.500 0.009 0.000 0.000
