Examples/2023_ISeeSnow/data/CoulombOnly/Results/curv77s/s/1HS_03_curv77s_MoT-Voellmy_s_0001.asc
ncols        65
nrows        33
xllcorner    1037.5
yllcorner    -4332.5
cellsize     5.00
NODATA_value -9999
0.000 0.039 0.119 0.131 0.130 0.129 0.127 0.125 0.124 0.122 0.120 0.118 0.116 0.114 0.112 0.110 0.108 0.106 0.104 0.102 0.100 0.098 0.095 0.093 0.091 0.088 0.086 0.084 0.081 0.079 0.076 0.074 0.072 0.069 0.067 0.064 0.062 0.059 0.057 0.054 0.052 0.049 0.047 0.044 0.042 0.039 0.037 0.034 0.032 0.029 0.027 0.025 0.022 0.020 0.018 0.016 0.014 0.013 0.011 0.009 0.008 0.014 0.001 0.000 0.000
0.000 1.489 2.197 2.223 2.222 2.219 2.216 2.213 2.210 2.207 2.203 2.200 2.197 2.193 2.189 2.186 2.182 2.178 2.174 2.170 2.165 2.161 2.157 2.152 2.148 2.143 2.138 2.133 2.128 2.123 2.118 2.113 2.108 2.102 2.097 2.091 2.085 2.080 2.074 2.068 2.062 2.056 2.050 2.043 2.037 2.031 2.024 2.018 2.011 2.005 1.998 1.992 1.985 1.978 1.972 1.965 1.958 1.951 1.945 1.938 1.934 2.637 0.933 0.005 0.000
0.000 1.671 2.771 2.814 2.824 2.821 2.817 2.814 2.810 2.806 2.802 2.797 2.793 2.788 2.784 2.779 2.774 2.769 2.764 2.759 2.754 2.748 2.743 2.737 2.732 2.726 2.720 2.714 2.707 2.701 2.694 2.688 2.681 2.674 2.667 2.660 2.653 2.646 2.639 2.631 2.624 2.616 2.608 2.600 2.592 2.584 2.576 2.568 2.560 2.552 2.544 2.535 2.527 2.519 2.510 2.502 2.493 2.485 2.477 2.468 2.479 3.573 2.959 2.112 0.000
0.000 1.508 2.638 2.676 2.690 2.689 2.688 2.687 2.686 2.685 2.684 2.683 2.681 2.680 2.679 2.678 2.677 2.675 2.674 2.673 2.672 2.670 2.669 2.668 2.667 2.665 2.664 2.663 2.662 2.660 2.659 2.658 2.657 2.656 2.655 2.654 2.653 2.652 2.651 2.650 2.650 2.649 2.648 2.648 2.647 2.647 2.647 2.646 2.646 2.646 2.647 2.647 2.647 2.648 2.649 2.650 2.651 2.652 2.654 2.655 2.676 3.765 3.107 2.216 0.000
0.000 1.512 2.641 2.679 2.693 2.692 2.691 2.690 2.689 2.688 2.687 2.686 2.685 2.683 2.682 2.681 2.680 2.679 2.677 2.676 2.675 2.674 2.672 2.671 2.670 2.669 2.667 2.666 2.665 2.664 2.662 2.661 2.660 2.659 2.658 2.656 2.655 2.654 2.653 2.652 2.651 2.650 2.649 2.648 2.648 2.647 2.646 2.646 2.645 2.645 2.644 2.644 2.644 2.644 2.644 2.644 2.645 2.645 2.646 2.646 2.665 3.745 3.099 2.214 0.000
0.000 1.517 2.645 2.684 2.698 2.698 2.697 2.696 2.695 2.694 2.693 2.692 2.691 2.690 2.689 2.688 2.687 2.686 2.685 2.684 2.683 2.682 2.681 2.680 2.679 2.678 2.677 2.676 2.675 2.674 2.673 2.672 2.671 2.670 2.669 2.668 2.667 2.666 2.665 2.664 2.663 2.662 2.662 2.661 2.660 2.660 2.659 2.659 2.658 2.658 2.658 2.658 2.657 2.657 2.657 2.658 2.658 2.658 2.659 2.660 2.678 3.756 3.107 2.220 0.000
0.000 1.522 2.649 2.688 2.703 2.702 2.702 2.701 2.700 2.699 2.699 2.698 2.697 2.696 2.696 2.695 2.694 2.693 2.692 2.691 2.690 2.690 2.689 2.688 2.687 2.686 2.685 2.684 2.683 2.683 2.682 2.681 2.680 2.679 2.678 2.678 2.677 2.676 2.675 2.675 2.674 2.673 2.673 2.672 2.671 2.671 2.671 2.670 2.670 2.669 2.669 2.669 2.669 2.669 2.669 2.669 2.669 2.670 2.670 2.670 2.688 3.765 3.115 2.226 0.000
0.000 1.527 2.653 2.693 2.707 2.707 2.706 2.706 2.705 2.704 2.704 2.703 2.703 2.702 2.701 2.701 2.700 2.699 2.698 2.698 2.697 2.696 2.696 2.695 2.694 2.694 2.693 2.692 2.691 2.691 2.690 2.689 2.689 2.688 2.687 2.687 2.686 2.685 2.685 2.684 2.684 2.683 2.683 2.682 2.682 2.681 2.681 2.680 2.680 2.680 2.680 2.679 2.679 2.679 2.679 2.679 2.680 2.680 2.680 2.680 2.698 3.773 3.122 2.231 0.000
0.000 1.531 2.657 2.696 2.711 2.711 2.710 2.710 2.709 2.709 2.708 2.708 2.707 2.707 2.706 2.706 2.705 2.705 2.704 2.704 2.703 2.702 2.702 2.701 2.701 2.700 2.700 2.699 2.698 2.698 2.697 2.697 2.696 2.696 2.695 2.695 2.694 2.694 2.693 2.693 2.692 2.692 2.691 2.691 2.691 2.690 2.690 2.690 2.689 2.689 2.689 2.689 2.689 2.689 2.689 2.689 2.689 2.689 2.689 2.689 2.707 3.780 3.128 2.235 0.000
0.000 1.535 2.660 2.699 2.714 2.714 2.714 2.713 2.713 2.713 2.712 2.712 2.711 2.711 2.711 2.710 2.710 2.709 2.709 2.709 2.708 2.708 2.707 2.707 2.706 2.706 2.706 2.705 2.705 2.704 2.704 2.703 2.703 2.703 2.702 2.702 2.701 2.701 2.701 2.700 2.700 2.700 2.699 2.699 2.699 2.698 2.698 2.698 2.698 2.697 2.697 2.697 2.697 2.697 2.697 2.697 2.697 2.697 2.697 2.697 2.715 3.787 3.134 2.239 0.000
0.000 1.538 2.662 2.702 2.717 2.717 2.717 2.717 2.716 2.716 2.716 2.715 2.715 2.715 2.715 2.714 2.714 2.714 2.713 2.713 2.713 2.712 2.712 2.712 2.711 2.711 2.711 2.710 2.710 2.710 2.709 2.709 2.709 2.708 2.708 2.708 2.708 2.707 2.707 2.707 2.706 2.706 2.706 2.706 2.705 2.705 2.705 2.705 2.705 2.705 2.704 2.704 2.704 2.704 2.704 2.704 2.704 2.704 2.704 2.704 2.722 3.792 3.139 2.243 0.000
0.000 1.540 2.664 2.705 2.719 2.720 2.719 2.719 2.719 2.719 2.719 2.718 2.718 2.718 2.718 2.718 2.717 2.717 2.717 2.717 2.716 2.716 2.716 2.716 2.716 2.715 2.715 2.715 2.715 2.714 2.714 2.714 2.714 2.713 2.713 2.713 2.713 2.713 2.712 2.712 2.712 2.712 2.712 2.711 2.711 2.711 2.711 2.711 2.711 2.711 2.711 2.710 2.710 2.710 2.710 2.710 2.710 2.710 2.710 2.710 2.728 3.797 3.143 2.246 0.000
0.000 1.542 2.666 2.706 2.721 2.722 2.721 2.721 2.721 2.721 2.721 2.721 2.721 2.721 2.720 2.720 2.720 2.720 2.720 2.720 2.720 2.719 2.719 2.719 2.719 2.719 2.719 2.718 2.718 2.718 2.718 2.718 2.718 2.718 2.717 2.717 2.717 2.717 2.717 2.717 2.717 2.716 2.716 2.716 2.716 2.716 2.716 2.716 2.716 2.716 2.715 2.715 2.715 2.715 2.715 2.715 2.715 2.715 2.715 2.715 2.733 3.801 3.146 2.248 0.000
0.000 1.544 2.667 2.708 2.723 2.723 2.723 2.723 2.723 2.723 2.723 2.723 2.723 2.723 2.722 2.722 2.722 2.722 2.722 2.722 2.722 2.722 2.722 2.722 2.722 2.721 2.721 2.721 2.721 2.721 2.721 2.721 2.721 2.721 2.721 2.721 2.720 2.720 2.720 2.720 2.720 2.720 2.720 2.720 2.720 2.720 2.720 2.720 2.719 2.719 2.719 2.719 2.719 2.719 2.719 2.719 2.719 2.719 2.719 2.719 2.736 3.804 3.149 2.250 0.000
0.000 1.545 2.668 2.709 2.724 2.724 2.724 2.724 2.724 2.724 2.724 2.724 2.724 2.724 2.724 2.724 2.724 2.724 2.724 2.724 2.724 2.724 2.724 2.723 2.723 2.723 2.723 2.723 2.723 2.723 2.723 2.723 2.723 2.723 2.723 2.723 2.723 2.723 2.723 2.723 2.723 2.723 2.722 2.722 2.722 2.722 2.722 2.722 2.722 2.722 2.722 2.722 2.722 2.722 2.722 2.722 2.722 2.722 2.722 2.722 2.739 3.807 3.151 2.252 0.000
0.000 1.546 2.669 2.710 2.724 2.725 2.725 2.725 2.725 2.725 2.725 2.725 2.725 2.725 2.725 2.725 2.725 2.725 2.725 2.725 2.725 2.725 2.725 2.725 2.725 2.725 2.725 2.724 2.724 2.724 2.724 2.724 2.724 2.724 2.724 2.724 2.724 2.724 2.724 2.724 2.724 2.724 2.724 2.724 2.724 2.724 2.724 2.724 2.724 2.724 2.724 2.724 2.724 2.724 2.724 2.724 2.724 2.724 2.723 2.723 2.741 3.808 3.152 2.253 0.000
0.000 1.546 2.669 2.710 2.724 2.725 2.725 2.725 2.725 2.725 2.725 2.725 2.725 2.725 2.725 2.725 2.725 2.725 2.725 2.725 2.725 2.725 2.725 2.725 2.724 2.724 2.724 2.724 2.724 2.724 2.724 2.724 2.724 2.724 2.724 2.724 2.724 2.724 2.724 2.724 2.724 2.724 2.724 2.724 2.724 2.724 2.723 2.723 2.723 2.723 2.723 2.723 2.723 2.723 2.723 2.723 2.723 2.723 2.723 2.723 2.740 3.806 3.151 2.252 0.000
0.000 1.546 2.669 2.710 2.724 2.725 2.725 2.725 2.725 2.725 2.725 2.725 2.725 2.725 2.725 2.725 2.725 2.725 2.725 2.725 2.725 2.725 2.725 2.725 2.725 2.725 2.725 2.724 2.724 2.724 2.724 2.724 2.724 2.724 2.724 2.724 2.724 2.724 2.724 2.724 2.724 2.724 2.724 2.724 2.724 2.724 2.724 2.724 2.724 2.724 2.724 2.724 2.724 2.724 2.724 2.724 2.724 2.724 2.723 2.723 2.741 3.808 3.152 2.253 0.000
0.000 1.545 2.668 2.709 2.724 2.724 2.724 2.724 2.724 2.724 2.724 2.724 2.724 2.724 2.724 2.724 2.724 2.724 2.724 2.724 2.724 2.724 2.724 2.723 2.723 2.723 2.723 2.723 2.723 2.723 2.723 2.723 2.723 2.723 2.723 2.723 2.723 2.723 2.723 2.723 2.723 2.723 2.722 2.722 2.722 2.722 2.722 2.722 2.722 2.722 2.722 2.722 2.722 2.722 2.722 2.722 2.722 2.722 2.722 2.722 2.739 3.807 3.151 2.252 0.000
0.000 1.544 2.667 2.708 2.723 2.723 2.723 2.723 2.723 2.723 2.723 2.723 2.723 2.723 2.722 2.722 2.722 2.722 2.722 2.722 2.722 2.722 2.722 2.722 2.722 2.721 2.721 2.721 2.721 2.721 2.721 2.721 2.721 2.721 2.721 2.721 2.720 2.720 2.720 2.720 2.720 2.720 2.720 2.720 2.720 2.720 2.720 2.720 2.719 2.719 2.719 2.719 2.719 2.719 2.719 2.719 2.719 2.719 2.719 2.719 2.736 3.804 3.149 2.250 0.000
0.000 1.542 2.666 2.706 2.721 2.722 2.721 2.721 2.721 2.721 2.721 2.721 2.721 2.721 2.720 2.720 2.720 2.720 2.720 2.720 2.720 2.719 2.719 2.719 2.719 2.719 2.719 2.718 2.718 2.718 2.718 2.718 2.718 2.718 2.717 2.717 2.717 2.717 2.717 2.717 2.717 2.716 2.716 2.716 2.716 2.716 2.716 2.716 2.716 2.716 2.715 2.715 2.715 2.715 2.715 2.715 2.715 2.715 2.715 2.715 2.733 3.801 3.146 2.248 0.000
0.000 1.540 2.664 2.705 2.719 2.720 2.719 2.719 2.719 2.719 2.719 2.718 2.718 2.718 2.718 2.718 2.717 2.717 2.717 2.717 2.716 2.716 2.716 2.716 2.716 2.715 2.715 2.715 2.715 2.714 2.714 2.714 2.714 2.713 2.713 2.713 2.713 2.713 2.712 2.712 2.712 2.712 2.712 2.711 2.711 2.711 2.711 2.711 2.711 2.711 2.711 2.710 2.710 2.710 2.710 2.710 2.710 2.710 2.710 2.710 2.728 3.797 3.143 2.246 0.000
0.000 1.538 2.662 2.702 2.717 2.717 2.717 2.717 2.716 2.716 2.716 2.715 2.715 2.715 2.715 2.714 2.714 2.714 2.713 2.713 2.713 2.712 2.712 2.712 2.711 2.711 2.711 2.710 2.710 2.710 2.709 2.709 2.709 2.708 2.708 2.708 2.708 2.707 2.707 2.707 2.706 2.706 2.706 2.706 2.705 2.705 2.705 2.705 2.705 2.705 2.704 2.704 2.704 2.704 2.704 2.704 2.704 2.704 2.704 2.704 2.722 3.792 3.139 2.243 0.000
0.000 1.535 2.660 2.699 2.714 2.714 2.714 2.713 2.713 2.713 2.712 2.712 2.711 2.711 2.711 2.710 2.710 2.709 2.709 2.709 2.708 2.708 2.707 2.707 2.706 2.706 2.706 2.705 2.705 2.704 2.704 2.703 2.703 2.703 2.702 2.702 2.701 2.701 2.701 2.700 2.700 2.700 2.699 2.699 2.699 2.698 2.698 2.698 2.698 2.697 2.697 2.697 2.697 2.697 2.697 2.697 2.697 2.697 2.697 2.697 2.715 3.787 3.134 2.239 0.000
0.000 1.531 2.657 2.696 2.711 2.711 2.710 2.710 2.709 2.709 2.708 2.708 2.707 2.707 2.706 2.706 2.705 2.705 2.704 2.704 2.703 2.702 2.702 2.701 2.701 2.700 2.700 2.699 2.698 2.698 2.697 2.697 2.696 2.696 2.695 2.695 2.694 2.694 2.693 2.693 2.692 2.692 2.691 2.691 2.691 2.690 2.690 2.690 2.689 2.689 2.689 2.689 2.689 2.689 2.689 2.689 2.689 2.689 2.689 2.689 2.707 3.780 3.128 2.235 0.000
0.000 1.527 2.653 2.693 2.707 2.707 2.706 2.706 2.705 2.704 2.704 2.703 2.703 2.702 2.701 2.701 2.700 2.699 2.698 2.698 2.697 2.696 2.696 2.695 2.694 2.694 2.693 2.692 2.691 2.691 2.690 2.689 2.689 2.688 2.687 2.687 2.686 2.685 2.685 2.684 2.684 2.683 2.683 2.682 2.682 2.681 2.681 2.680 2.680 2.680 2.680 2.679 2.679 2.679 2.679 2.679 2.680 2.680 2.680 2.680 2.698 3.773 3.122 2.231 0.000
0.000 1.522 2.649 2.688 2.703 2.702 2.702 2.701 2.700 2.699 2.699 2.698 2.697 2.696 2.696 2.695 2.694 2.693 2.692 2.691 2.690 2.690 2.689 2.688 2.687 2.686 2.685 2.684 2.683 2.683 2.682 2.681 2.680 2.679 2.678 2.678 2.677 2.676 2.675 2.675 2.674 2.673 2.673 2.672 2.672 2.671 2.671 2.670 2.670 2.669 2.669 2.669 2.669 2.669 2.669 2.669 2.669 2.670 2.670 2.670 2.688 3.765 3.115 2.226 0.000
0.000 1.517 2.645 2.684 2.698 2.698 2.697 2.696 2.695 2.694 2.693 2.692 2.691 2.690 2.689 2.688 2.687 2.686 2.685 2.684 2.683 2.682 2.681 2.680 2.679 2.678 2.677 2.676 2.675 2.674 2.673 2.672 2.671 2.670 2.669 2.668 2.667 2.666 2.665 2.664 2.663 2.662 2.662 2.661 2.660 2.660 2.659 2.659 2.658 2.658 2.658 2.658 2.657 2.657 2.658 2.658 2.658 2.658 2.659 2.660 2.678 3.756 3.107 2.220 0.000
0.000 1.512 2.641 2.679 2.693 2.692 2.691 2.690 2.689 2.688 2.687 2.686 2.685 2.683 2.682 2.681 2.680 2.679 2.677 2.676 2.675 2.674 2.672 2.671 2.670 2.669 2.667 2.666 2.665 2.664 2.662 2.661 2.660 2.659 2.658 2.656 2.655 2.654 2.653 2.652 2.651 2.650 2.649 2.648 2.648 2.647 2.646 2.646 2.645 2.645 2.644 2.644 2.644 2.644 2.644 2.644 2.645 2.645 2.646 2.646 2.665 3.745 3.099 2.214 0.000
0.000 1.508 2.638 2.676 2.690 2.689 2.688 2.687 2.686 2.685 2.684 2.683 2.681 2.680 2.679 2.678 2.677 2.675 2.674 2.673 2.672 2.670 2.669 2.668 2.667 2.665 2.664 2.663 2.662 2.660 2.659 2.658 2.657 2.656 2.655 2.654 2.653 2.652 2.651 2.650 2.650 2.649 2.648 2.648 2.647 2.647 2.647 2.646 2.646 2.646 2.647 2.647 2.647 2.648 2.649 2.650 2.651 2.652 2.654 2.655 2.676 3.765 3.107 2.216 0.000
0.000 1.671 2.771 2.814 2.824 2.821 2.818 2.814 2.810 2.806 2.802 2.797 2.793 2.789 2.784 2.779 2.774 2.770 2.764 2.759 2.754 2.749 2.743 2.737 2.732 2.726 2.720 2.714 2.707 2.701 2.695 2.688 2.681 2.675 2.668 2.661 2.653 2.646 2.639 2.631 2.624 2.616 2.608 2.601 2.593 2.585 2.577 2.568 2.560 2.552 2.544 2.535 2.527 2.519 2.510 2.502 2.494 2.485 2.477 2.468 2.479 3.573 2.959 2.112 0.000
0.000 1.489 2.197 2.223 2.222 2.219 2.216 2.213 2.210 2.207 2.203 2.200 2.197 2.193 2.189 2.186 2.182 2.178 2.174 2.170 2.166 2.161 2.157 2.152 2.148 2.143 2.138 2.134 2.129 2.124 2.118 2.113 2.108 2.102 2.097 2.091 2.086 2.080 2.074 2.068 2.062 2.056 2.050 2.044 2.037 2.031 2.024 2.018 2.012 2.005 1.998 1.992 1.985 1.978 1.972 1.965 1.958 1.952 1.945 1.938 1.934 2.637 0.939 0.005 0.000
0.000 0.039 0.119 0.131 0.130 0.129 0.127 0.125 0.124 0.122 0.120 0.118 0.116 0.114 0.113 0.110 0.108 0.106 0.104 0.102 0.100 0.098 0.095 0.093 0.091 0.089 0.086 0.084 0.081 0.079 0.076 0.074 0.072 0.069 0.067 0.064 0.062 0.059 0.057 0.054 0.052 0.049 0.047 0.044 0.042 0.040 0.037 0.035 0.032 0.029 0.027 0.025 0.022 0.020 0.018 0.016 0.014 0.013 0.011 0.010 0.008 0.014 0.001 0.000 0.000
