Examples/2023_ISeeSnow/data/CoulombOnly/Results/curv77s/s/1HS_03_curv77s_MoT-Voellmy_s_0064.asc
ncols        94
nrows        69
xllcorner    3812.5
yllcorner    -4422.5
cellsize     5.00
NODATA_value -9999
[rows 32 to 63 of 69, columns 0 to 72 of 94]
22.264 24.925 25.953 26.503 26.856 27.096 27.254 27.347 27.383 27.364 27.295 27.175 27.008 26.793 26.532 26.226 25.880 25.497 25.084 24.648 24.199 23.749 23.307 22.886 22.494 22.137 21.817 21.535 21.289 21.076 20.893 20.737 20.605 20.493 20.399 20.316 20.239 20.164 20.086 20.002 19.911 19.809 19.694 19.566 19.424 19.268 19.098 18.917 18.728 18.533 18.336 18.141 17.950 17.766 17.590 17.424 17.268 17.122 16.986 16.859 16.738 16.621 16.506 16.390 16.268 16.139 15.998 15.841 15.665 15.463 15.231 14.959 14.640
7.487 7.537 7.535 7.536 7.548 7.573 7.611 7.663 7.730 7.815 7.919 8.048 8.205 8.398 8.635 8.927 9.290 9.747 10.326 11.055 11.846 12.523 12.913 12.941 12.866 12.983 13.558 14.578 15.596 16.030 15.656 14.746 13.745 12.988 12.809 13.981 18.832 20.103 20.409 20.492 20.514 20.517 20.514 20.509 20.499 20.482 20.454 20.412 20.351 20.227 19.935 19.525 19.091 18.693 18.349 18.054 17.798 17.571 17.364 17.172 16.993 16.826 16.674 16.542 16.436 16.347 16.253 16.157 16.058 15.914 15.656 15.198 14.424
13.191 15.460 18.556 26.866 29.821 30.902 31.384 31.590 31.627 31.541 31.355 31.084 30.740 30.333 29.872 29.370 28.838 28.287 27.728 27.172 26.625 26.096 25.588 25.104 24.645 24.210 23.799 23.409 23.040 22.688 22.352 22.030 21.721 21.423 21.136 20.857 20.587 20.325 20.071 19.824 19.586 19.355 19.132 18.919 18.714 18.519 18.334 18.159 17.993 17.837 17.690 17.552 17.423 17.301 17.186 17.077 16.974 16.875 16.780 16.687 16.596 16.505 16.415 16.324 16.231 16.135 16.035 15.931 15.820 15.702 15.575 15.437 15.285
7.477 7.528 7.526 7.527 7.539 7.564 7.602 7.654 7.721 7.806 7.910 8.039 8.196 8.389 8.626 8.918 9.282 9.740 10.321 11.053 11.845 12.521 12.909 12.933 12.853 12.971 13.560 14.596 15.621 16.057 15.693 14.798 13.807 13.046 12.846 13.986 18.827 20.100 20.406 20.491 20.514 20.520 20.520 20.517 20.511 20.497 20.473 20.433 20.376 20.252 19.956 19.540 19.100 18.699 18.353 18.058 17.801 17.573 17.366 17.175 16.997 16.830 16.678 16.547 16.441 16.351 16.255 16.158 16.058 15.912 15.656 15.201 14.432
22.283 24.927 25.954 26.504 26.856 27.095 27.254 27.347 27.382 27.363 27.293 27.174 27.006 26.791 26.529 26.223 25.877 25.494 25.080 24.644 24.196 23.745 23.303 22.882 22.491 22.134 21.814 21.532 21.286 21.074 20.891 20.735 20.603 20.492 20.397 20.314 20.238 20.162 20.085 20.001 19.910 19.808 19.693 19.565 19.424 19.267 19.098 18.918 18.729 18.534 18.338 18.143 17.952 17.768 17.592 17.426 17.270 17.124 16.988 16.861 16.740 16.623 16.508 16.392 16.271 16.141 16.000 15.844 15.668 15.466 15.234 14.963 14.644
11.535 11.853 11.930 11.915 11.857 11.771 11.666 11.546 11.417 11.282 11.147 11.020 10.909 10.824 10.784 10.818 10.986 11.415 12.229 13.296 14.434 15.475 16.305 16.862 17.246 17.569 17.739 18.246 19.871 21.751 22.037 22.143 21.828 21.290 19.458 19.249 20.030 19.733 19.527 19.421 19.365 19.331 19.299 19.259 19.206 19.138 19.057 18.964 18.865 18.763 18.656 18.546 18.433 18.318 18.201 18.081 17.957 17.830 17.697 17.560 17.419 17.275 17.128 16.979 16.829 16.678 16.529 16.394 16.290 16.265 16.304 11.513 8.237
8.319 9.044 9.481 9.824 10.147 10.483 10.855 11.296 11.905 13.016 16.646 18.800 19.987 20.749 21.281 21.656 21.906 22.052 22.107 22.084 21.993 21.846 21.655 21.432 21.191 20.941 20.692 20.449 20.214 19.989 19.777 19.582 19.406 19.252 19.119 19.007 18.909 18.822 18.742 18.668 18.598 18.532 18.469 18.409 18.350 18.293 18.236 18.180 18.123 18.065 18.005 17.944 17.880 17.813 17.742 17.667 17.586 17.499 17.404 17.301 17.187 17.064 16.930 16.784 16.626 16.454 16.267 16.060 15.830 15.571 15.276 14.943 14.568
9.732 10.646 11.202 11.602 11.930 12.222 12.496 12.770 13.069 13.443 13.969 14.669 15.574 16.889 19.824 23.761 25.050 25.799 26.313 26.698 27.004 27.257 27.472 27.658 27.819 27.942 27.948 27.631 26.967 26.104 25.225 24.491 24.096 24.156 24.487 24.690 24.607 24.324 23.922 23.438 22.894 22.299 21.664 20.999 20.320 19.643 18.984 18.358 17.773 17.235 16.746 16.303 15.904 15.545 15.221 14.928 14.657 14.401 14.150 13.889 13.608 13.292 12.929 12.506 12.005 11.397 10.649 9.721 8.592 7.297 5.965 4.769 3.804
10.037 10.905 11.411 11.761 12.045 12.305 12.563 12.836 13.147 13.530 14.041 14.801 16.164 20.063 24.510 25.804 26.450 26.833 27.084 27.256 27.376 27.459 27.514 27.546 27.558 27.549 27.515 27.448 27.344 27.199 27.018 26.809 26.581 26.332 26.048 25.713 25.309 24.825 24.257 23.610 22.902 22.152 21.384 20.619 19.874 19.160 18.483 17.847 17.254 16.704 16.195 15.728 15.299 14.908 14.550 14.222 13.919 13.632 13.353 13.073 12.782 12.470 12.127 11.744 11.312 10.823 10.269 9.648 8.961 8.223 7.455 6.686 5.939
10.007 10.857 11.356 11.710 12.006 12.285 12.573 12.899 13.292 13.799 14.525 15.765 18.887 24.152 25.727 26.429 26.824 27.068 27.224 27.321 27.374 27.394 27.387 27.357 27.306 27.238 27.153 27.051 26.933 26.798 26.644 26.468 26.266 26.037 25.776 25.484 25.159 24.801 24.411 23.992 23.547 23.076 22.576 22.044 21.483 20.896 20.289 19.669 19.038 18.401 17.760 17.116 16.470 15.824 15.177 14.531 13.884 13.233 12.577 11.908 11.223 10.520 9.810 9.113 8.459 7.876 7.372 6.940 6.555 6.192 5.841 5.494 5.147
9.909 10.748 11.244 11.603 11.915 12.220 12.548 12.927 13.402 14.053 15.088 17.282 23.012 25.123 25.991 26.455 26.738 26.917 27.030 27.094 27.120 27.116 27.087 27.036 26.966 26.878 26.774 26.654 26.518 26.364 26.191 25.997 25.779 25.533 25.256 24.941 24.585 24.180 23.723 23.211 22.643 22.029 21.386 20.727 20.064 19.406 18.759 18.129 17.518 16.929 16.362 15.817 15.293 14.787 14.299 13.826 13.365 12.914 12.470 12.030 11.592 11.151 10.705 10.251 9.786 9.308 8.819 8.317 7.809 7.301 6.800 6.312 5.843
9.770 10.591 11.077 11.436 11.755 12.078 12.434 12.858 13.409 14.208 15.616 19.647 23.961 25.212 25.832 26.193 26.422 26.570 26.662 26.712 26.728 26.716 26.679 26.622 26.545 26.451 26.339 26.211 26.067 25.905 25.725 25.525 25.305 25.060 24.791 24.495 24.170 23.817 23.435 23.027 22.595 22.141 21.662 21.158 20.627 20.069 19.485 18.877 18.246 17.596 16.930 16.255 15.580 14.910 14.251 13.610 12.993 12.405 11.850 11.327 10.835 10.371 9.932 9.511 9.105 8.709 8.318 7.927 7.533 7.135 6.734 6.338 5.951
9.598 10.395 10.869 11.225 11.550 11.884 12.258 12.712 13.318 14.243 16.040 21.583 23.960 24.949 25.465 25.780 25.984 26.119 26.202 26.247 26.261 26.248 26.212 26.155 26.079 25.985 25.874 25.747 25.603 25.442 25.263 25.065 24.846 24.605 24.339 24.046 23.723 23.367 22.975 22.546 22.078 21.573 21.032 20.462 19.870 19.266 18.657 18.053 17.458 16.879 16.315 15.767 15.234 14.714 14.207 13.709 13.220 12.739 12.263 11.793 11.329 10.871 10.417 9.967 9.521 9.077 8.636 8.199 7.769 7.348 6.941 6.551 6.182
9.403 10.174 10.628 10.972 11.293 11.630 12.011 12.485 13.130 14.130 16.168 21.599 23.655 24.518 24.990 25.285 25.480 25.610 25.692 25.738 25.753 25.743 25.710 25.657 25.585 25.496 25.389 25.266 25.125 24.968 24.792 24.598 24.383 24.147 23.887 23.602 23.289 22.948 22.577 22.176 21.744 21.283 20.795 20.284 19.752 19.203 18.640 18.066 17.484 16.897 16.309 15.724 15.147 14.582 14.032 13.502 12.992 12.502 12.033 11.581 11.143 10.715 10.294 9.878 9.465 9.054 8.647 8.243 7.847 7.460 7.088 6.734 6.401
9.188 9.925 10.357 10.689 11.000 11.332 11.718 12.193 12.845 13.865 15.985 21.236 23.171 23.996 24.455 24.745 24.939 25.070 25.155 25.204 25.224 25.219 25.191 25.144 25.077 24.993 24.892 24.774 24.639 24.487 24.317 24.128 23.919 23.689 23.437 23.160 22.857 22.527 22.168 21.779 21.360 20.911 20.435 19.934 19.412 18.873 18.323 17.767 17.209 16.655 16.108 15.568 15.040 14.522 14.016 13.522 13.039 12.569 12.110 11.661 11.222 10.792 10.369 9.952 9.542 9.138 8.742 8.355 7.979 7.617 7.272 6.947 6.643
8.957 9.656 10.064 10.380 10.682 11.007 11.385 11.855 12.490 13.480 15.493 20.610 22.572 23.415 23.882 24.178 24.378 24.514 24.604 24.659 24.684 24.685 24.663 24.622 24.562 24.484 24.389 24.277 24.148 24.002 23.838 23.655 23.453 23.231 22.986 22.718 22.425 22.106 21.760 21.387 20.986 20.558 20.105 19.629 19.134 18.623 18.101 17.572 17.040 16.508 15.979 15.457 14.943 14.439 13.946 13.465 12.996 12.539 12.093 11.658 11.233 10.816 10.407 10.006 9.611 9.225 8.849 8.484 8.132 7.796 7.478 7.180 6.903
8.713 9.371 9.753 10.052 10.343 10.657 11.024 11.478 12.083 13.008 14.795 19.784 21.883 22.789 23.282 23.593 23.803 23.947 24.045 24.107 24.139 24.146 24.131 24.095 24.041 23.970 23.881 23.775 23.653 23.513 23.355 23.180 22.985 22.770 22.533 22.274 21.992 21.684 21.351 20.993 20.608 20.199 19.766 19.312 18.840 18.354 17.857 17.353 16.846 16.340 15.836 15.338 14.847 14.365 13.893 13.430 12.978 12.536 12.104 11.682 11.270 10.866 10.470 10.083 9.705 9.337 8.980 8.637 8.310 7.999 7.706 7.433 7.179
8.456 9.072 9.428 9.709 9.987 10.292 10.644 11.074 11.645 12.484 14.005 18.800 21.103 22.117 22.656 22.992 23.217 23.373 23.480 23.550 23.590 23.604 23.595 23.566 23.519 23.453 23.371 23.271 23.155 23.021 22.870 22.701 22.514 22.306 22.078 21.828 21.556 21.260 20.940 20.596 20.229 19.838 19.425 18.994 18.545 18.084 17.613 17.135 16.654 16.173 15.694 15.220 14.752 14.291 13.838 13.395 12.960 12.535 12.119 11.712 11.314 10.925 10.545 10.175 9.815 9.467 9.132 8.812 8.507 8.220 7.951 7.700 7.467
8.186 8.758 9.087 9.354 9.621 9.913 10.249 10.654 11.178 11.925 13.192 16.408 20.201 21.392 22.002 22.373 22.620 22.791 22.910 22.989 23.037 23.059 23.057 23.035 22.994 22.934 22.858 22.764 22.654 22.527 22.383 22.220 22.040 21.840 21.621 21.380 21.118 20.834 20.528 20.198 19.847 19.475 19.083 18.673 18.248 17.812 17.366 16.914 16.459 16.003 15.550 15.099 14.654 14.216 13.784 13.361 12.945 12.538 12.139 11.749 11.367 10.995 10.633 10.281 9.941 9.614 9.300 9.002 8.720 8.455 8.207 7.976 7.762
7.899 8.429 8.733 8.984 9.238 9.516 9.835 10.217 10.700 11.361 12.407 14.634 19.016 20.588 21.309 21.730 22.007 22.198 22.331 22.422 22.480 22.510 22.516 22.501 22.466 22.413 22.343 22.255 22.151 22.030 21.893 21.737 21.564 21.372 21.161 20.930 20.679 20.407 20.113 19.799 19.465 19.111 18.739 18.351 17.950 17.538 17.117 16.691 16.262 15.832 15.403 14.977 14.556 14.140 13.730 13.327 12.931 12.542 12.162 11.790 11.427 11.074 10.731 10.399 10.080 9.774 9.482 9.205 8.944 8.699 8.470 8.258 8.061
7.598 8.086 8.368 8.604 8.846 9.112 9.416 9.773 10.213 10.794 11.655 13.252 17.643 19.651 20.555 21.054 21.371 21.589 21.740 21.846 21.915 21.955 21.970 21.962 21.935 21.889 21.825 21.744 21.646 21.532 21.400 21.252 21.086 20.902 20.700 20.479 20.238 19.978 19.698 19.399 19.082 18.747 18.395 18.030 17.652 17.264 16.868 16.467 16.064 15.659 15.256 14.854 14.456 14.063 13.675 13.293 12.918 12.550 12.189 11.837 11.494 11.161 10.838 10.528 10.229 9.944 9.673 9.416 9.175 8.949 8.737 8.540 8.358
7.275 7.720 7.981 8.206 8.440 8.694 8.980 9.313 9.714 10.226 10.944 12.119 14.845 18.489 19.709 20.326 20.704 20.957 21.133 21.257 21.341 21.392 21.417 21.419 21.399 21.361 21.304 21.230 21.139 21.031 20.906 20.765 20.607 20.431 20.238 20.027 19.798 19.550 19.284 19.001 18.700 18.384 18.053 17.709 17.354 16.990 16.620 16.244 15.866 15.487 15.108 14.731 14.357 13.987 13.621 13.261 12.907 12.560 12.221 11.889 11.567 11.255 10.953 10.663 10.386 10.121 9.870 9.632 9.408 9.199 9.003 8.821 8.652
6.928 7.331 7.573 7.789 8.013 8.257 8.529 8.839 9.206 9.659 10.261 11.157 12.835 16.901 18.692 19.518 19.988 20.292 20.502 20.650 20.752 20.818 20.855 20.868 20.858 20.828 20.779 20.712 20.629 20.528 20.411 20.278 20.128 19.961 19.777 19.577 19.359 19.124 18.873 18.605 18.322 18.024 17.714 17.392 17.060 16.720 16.374 16.023 15.670 15.315 14.961 14.609 14.258 13.912 13.569 13.231 12.900 12.574 12.256 11.947 11.646 11.355 11.074 10.804 10.547 10.301 10.068 9.848 9.641 9.446 9.265 9.095 8.938
6.550 6.913 7.140 7.347 7.565 7.799 8.057 8.349 8.685 9.088 9.600 10.306 11.437 13.856 17.353 18.574 19.195 19.578 19.835 20.016 20.142 20.228 20.281 20.307 20.308 20.289 20.249 20.192 20.116 20.024 19.916 19.791 19.650 19.492 19.319 19.129 18.924 18.702 18.465 18.214 17.948 17.670 17.380 17.079 16.770 16.454 16.132 15.806 15.477 15.147 14.818 14.489 14.163 13.839 13.520 13.205 12.896 12.593 12.297 12.008 11.729 11.458 11.198 10.948 10.709 10.481 10.265 10.061 9.869 9.688 9.519 9.362 9.215
6.133 6.460 6.673 6.874 7.086 7.314 7.562 7.836 8.147 8.508 8.949 9.521 10.342 11.746 15.457 17.359 18.270 18.784 19.114 19.342 19.502 19.613 19.687 19.730 19.747 19.740 19.713 19.666 19.601 19.519 19.419 19.304 19.173 19.026 18.864 18.686 18.493 18.286 18.064 17.829 17.582 17.323 17.053 16.774 16.487 16.194 15.896 15.594 15.290 14.984 14.679 14.374 14.072 13.772 13.475 13.183 12.896 12.615 12.340 12.073 11.814 11.563 11.322 11.091 10.869 10.658 10.458 10.268 10.090 9.922 9.765 9.618 9.481
5.666 5.958 6.163 6.362 6.570 6.791 7.030 7.291 7.582 7.913 8.302 8.779 9.408 10.337 11.993 15.512 17.088 17.853 18.306 18.605 18.815 18.962 19.065 19.131 19.168 19.178 19.166 19.133 19.080 19.010 18.922 18.818 18.698 18.563 18.413 18.248 18.069 17.877 17.671 17.453 17.224 16.984 16.735 16.477 16.213 15.942 15.668 15.389 15.109 14.827 14.546 14.264 13.985 13.708 13.434 13.164 12.899 12.639 12.385 12.138 11.899 11.667 11.444 11.229 11.024 10.828 10.642 10.466 10.300 10.144 9.997 9.860 9.733
5.133 5.395 5.595 5.793 6.000 6.220 6.453 6.706 6.981 7.287 7.636 8.046 8.554 9.228 10.241 12.043 15.289 16.655 17.344 17.767 18.053 18.255 18.398 18.497 18.560 18.594 18.602 18.586 18.550 18.495 18.421 18.331 18.225 18.103 17.966 17.816 17.652 17.475 17.286 17.086 16.875 16.655 16.426 16.190 15.947 15.699 15.447 15.192 14.935 14.677 14.418 14.160 13.903 13.648 13.396 13.148 12.903 12.664 12.430 12.202 11.980 11.766 11.559 11.360 11.170 10.988 10.816 10.652 10.497 10.352 10.215 10.087 9.968
4.522 4.759 4.955 5.155 5.363 5.582 5.813 6.060 6.325 6.614 6.935 7.299 7.727 8.255 8.956 9.996 11.783 14.788 16.075 16.746 17.166 17.454 17.659 17.805 17.907 17.973 18.008 18.017 18.003 17.967 17.912 17.839 17.749 17.643 17.522 17.388 17.240 17.080 16.909 16.727 16.535 16.335 16.127 15.912 15.691 15.465 15.235 15.002 14.768 14.532 14.295 14.059 13.824 13.590 13.359 13.130 12.906 12.685 12.469 12.259 12.054 11.856 11.664 11.480 11.304 11.135 10.974 10.822 10.678 10.543 10.415 10.295 10.183
4.101 4.207 4.327 4.484 4.669 4.875 5.099 5.339 5.596 5.873 6.175 6.508 6.884 7.324 7.860 8.559 9.565 11.167 14.006 15.339 16.045 16.490 16.797 17.017 17.177 17.290 17.365 17.408 17.424 17.415 17.384 17.333 17.264 17.178 17.076 16.960 16.831 16.690 16.537 16.375 16.203 16.022 15.835 15.641 15.441 15.237 15.028 14.817 14.604 14.389 14.174 13.958 13.744 13.530 13.318 13.108 12.901 12.698 12.499 12.305 12.116 11.933 11.755 11.585 11.421 11.264 11.115 10.974 10.840 10.713 10.593 10.480 10.370
6.275 5.849 5.373 4.981 4.720 4.599 4.601 4.701 4.872 5.096 5.359 5.658 5.995 6.376 6.817 7.347 8.019 8.944 10.291 12.921 14.393 15.202 15.709 16.060 16.314 16.500 16.635 16.729 16.788 16.816 16.819 16.798 16.756 16.695 16.618 16.524 16.417 16.297 16.165 16.024 15.872 15.713 15.546 15.372 15.194 15.010 14.823 14.632 14.440 14.245 14.049 13.853 13.657 13.462 13.268 13.075 12.885 12.698 12.515 12.336 12.161 11.991 11.827 11.669 11.518 11.372 11.234 11.102 10.976 10.856 10.741 10.624 10.495
7.659 7.748 7.691 7.550 7.333 7.034 6.652 6.215 5.789 5.448 5.247 5.202 5.299 5.515 5.827 6.225 6.718 7.335 8.144 9.265 10.929 13.096 14.137 14.768 15.201 15.515 15.749 15.922 16.048 16.133 16.185 16.207 16.203 16.176 16.130 16.065 15.984 15.889 15.782 15.663 15.534 15.397 15.251 15.099 14.941 14.778 14.611 14.440 14.267 14.091 13.914 13.736 13.557 13.379 13.201 13.025 12.851 12.679 12.510 12.345 12.183 12.027 11.875 11.729 11.588 11.453 11.323 11.198 11.077 10.952 10.815 5.761 0.755
3.184 4.094 4.933 5.676 6.298 6.780 7.115 7.317 7.412 7.420 7.351 7.200 6.960 6.649 6.339 6.130 6.100 6.280 6.670 7.271 8.137 9.285 11.147 12.672 13.544 14.133 14.558 14.875 15.114 15.292 15.420 15.508 15.561 15.584 15.580 15.554 15.509 15.446 15.368 15.276 15.173 15.060 14.938 14.808 14.671 14.529 14.382 14.231 14.076 13.918 13.759 13.597 13.435 13.273 13.111 12.950 12.790 12.632 12.477 12.324 12.176 12.031 11.890 11.754 11.621 11.492 11.364 11.231 10.260 3.560 0.571 0.057 0.001
