Examples/2023_ISeeSnow/data/CoulombOnly/Results/curv77s/s/1HS_03_curv77s_MoT-Voellmy_s_0061.asc
ncols        108
nrows        65
xllcorner    3712.5
yllcorner    -4412.5
cellsize     5.00
NODATA_value -9999
[rows 32 to 63 of 65, columns 0 to 71 of 108]
21.357 31.992 41.952 43.990 44.849 45.259 45.448 45.501 45.458 45.339 45.157 44.922 44.640 44.318 43.963 43.579 43.173 42.750 42.316 41.874 41.430 40.987 40.549 40.118 39.695 39.283 38.882 38.492 38.114 37.746 37.389 37.042 36.704 36.373 36.051 35.734 35.424 35.119 34.819 34.522 34.230 33.940 33.653 33.369 33.087 32.806 32.528 32.250 31.974 31.700 31.427 31.156 30.887 30.620 30.356 30.095 29.838 29.585 29.336 29.092 28.854 28.620 28.392 28.169 27.951 27.738 27.529 27.325 27.123 26.925 26.729 26.534
11.609 12.060 12.123 12.121 12.095 12.054 12.003 11.947 11.892 11.845 11.811 11.798 11.812 11.859 11.944 12.071 12.243 12.469 12.761 13.133 13.610 14.237 15.099 16.389 18.303 20.850 24.745 31.041 33.152 33.969 34.332 34.494 34.562 34.587 34.590 34.580 34.569 34.585 34.723 35.416 39.280 40.166 36.688 35.471 33.902 32.872 32.310 31.988 31.781 31.625 31.489 31.358 31.223 31.081 30.927 30.761 30.580 30.384 30.172 29.944 29.701 29.443 29.171 28.887 28.591 28.285 27.969 27.640 27.298 27.012 27.002 27.584
25.316 36.138 38.082 38.966 39.504 39.871 40.132 40.316 40.438 40.509 40.535 40.521 40.470 40.387 40.273 40.131 39.961 39.766 39.547 39.303 39.038 38.752 38.447 38.126 37.792 37.448 37.097 36.742 36.387 36.035 35.691 35.359 35.042 34.743 34.465 34.206 33.967 33.746 33.542 33.352 33.176 33.010 32.854 32.704 32.560 32.419 32.278 32.134 31.984 31.828 31.663 31.487 31.300 31.102 30.893 30.673 30.444 30.205 29.959 29.707 29.450 29.191 28.930 28.669 28.408 28.149 27.892 27.637 27.382 27.127 26.870 26.609
21.319 21.476 21.158 20.740 20.318 19.929 19.583 19.287 19.043 18.852 18.712 18.618 18.562 18.534 18.523 18.516 18.500 18.463 18.396 18.288 18.140 18.004 18.116 19.207 21.498 25.011 31.159 33.267 34.041 34.388 34.569 34.695 34.832 35.012 35.220 35.490 35.824 36.155 36.399 36.486 36.268 35.356 33.787 32.439 31.677 31.297 31.097 30.973 30.879 30.796 30.714 30.632 30.547 30.459 30.368 30.273 30.176 30.075 29.970 29.860 29.745 29.608 29.429 29.205 28.941 28.649 28.337 28.014 27.683 27.348 27.012 26.677
14.194 15.814 16.479 16.848 17.097 17.310 17.525 17.766 18.052 18.395 18.822 19.371 20.156 21.568 25.883 31.415 33.329 34.365 34.994 35.392 35.637 35.769 35.815 35.790 35.706 35.572 35.395 35.180 34.935 34.671 34.396 34.118 33.843 33.577 33.323 33.081 32.849 32.628 32.415 32.211 32.019 31.840 31.674 31.521 31.378 31.245 31.118 30.996 30.877 30.760 30.642 30.523 30.403 30.280 30.155 30.026 29.894 29.759 29.620 29.478 29.332 29.183 29.029 28.869 28.700 28.524 28.339 28.145 27.942 27.731 27.511 27.282
14.655 16.644 17.631 18.282 18.768 19.171 19.531 19.882 20.252 20.665 21.167 21.855 22.982 25.472 33.418 36.628 37.900 38.549 38.943 39.211 39.414 39.584 39.736 39.864 39.963 40.040 40.099 40.145 40.183 40.214 40.241 40.263 40.270 40.206 39.968 39.506 38.826 37.987 37.109 36.360 35.901 35.611 35.296 34.927 34.517 34.078 33.618 33.145 32.664 32.179 31.696 31.219 30.751 30.296 29.856 29.434 29.033 28.653 28.295 27.956 27.637 27.345 27.094 26.876 26.674 26.470 26.250 26.002 25.720 25.395 25.019 24.575
14.794 16.784 17.781 18.439 18.936 19.359 19.752 20.150 20.610 21.200 22.045 23.492 26.981 35.205 37.832 38.883 39.429 39.744 39.931 40.038 40.092 40.107 40.094 40.060 40.009 39.947 39.876 39.799 39.716 39.629 39.537 39.437 39.325 39.195 39.039 38.847 38.613 38.332 38.009 37.652 37.265 36.844 36.384 35.880 35.333 34.746 34.127 33.488 32.840 32.195 31.565 30.957 30.378 29.832 29.320 28.844 28.402 27.993 27.614 27.262 26.932 26.621 26.323 26.033 25.746 25.455 25.154 24.839 24.503 24.142 23.753 23.332
14.676 16.618 17.584 18.229 18.725 19.159 19.589 20.072 20.667 21.485 22.808 25.659 34.116 37.328 38.576 39.200 39.557 39.771 39.897 39.962 39.983 39.969 39.927 39.864 39.782 39.686 39.577 39.458 39.329 39.191 39.044 38.888 38.721 38.543 38.351 38.144 37.921 37.680 37.418 37.132 36.823 36.489 36.131 35.748 35.342 34.914 34.465 33.997 33.511 33.011 32.498 31.975 31.443 30.904 30.361 29.813 29.264 28.714 28.166 27.620 27.078 26.542 26.015 25.497 24.988 24.491 24.003 23.524 23.055 22.593 22.139 21.693
14.489 16.377 17.300 17.917 18.404 18.851 19.313 19.841 20.513 21.480 23.161 27.516 35.183 37.430 38.384 38.897 39.202 39.390 39.503 39.561 39.579 39.565 39.525 39.462 39.382 39.285 39.175 39.052 38.918 38.774 38.620 38.457 38.283 38.098 37.902 37.692 37.468 37.227 36.966 36.685 36.381 36.052 35.696 35.312 34.899 34.458 33.990 33.495 32.979 32.444 31.896 31.340 30.782 30.227 29.679 29.142 28.618 28.108 27.613 27.131 26.663 26.208 25.763 25.328 24.901 24.481 24.067 23.657 23.250 22.845 22.441 22.037
14.263 16.094 16.976 17.563 18.031 18.467 18.925 19.459 20.146 21.138 22.865 27.380 34.748 36.892 37.825 38.333 38.640 38.832 38.952 39.019 39.046 39.043 39.013 38.962 38.892 38.805 38.703 38.588 38.460 38.321 38.171 38.009 37.836 37.652 37.455 37.244 37.020 36.780 36.523 36.248 35.954 35.639 35.303 34.944 34.563 34.159 33.733 33.286 32.820 32.336 31.837 31.324 30.802 30.272 29.737 29.201 28.666 28.135 27.611 27.096 26.592 26.102 25.625 25.162 24.713 24.278 23.853 23.440 23.034 22.636 22.243 21.854
14.018 15.778 16.607 17.156 17.594 18.005 18.441 18.955 19.615 20.542 22.074 25.589 33.408 36.002 37.065 37.630 37.970 38.187 38.325 38.409 38.452 38.464 38.449 38.412 38.355 38.282 38.193 38.089 37.972 37.843 37.702 37.548 37.382 37.204 37.014 36.810 36.592 36.359 36.110 35.845 35.561 35.258 34.936 34.592 34.227 33.840 33.431 33.001 32.550 32.080 31.594 31.094 30.583 30.065 29.543 29.021 28.501 27.987 27.481 26.984 26.497 26.022 25.559 25.107 24.667 24.237 23.818 23.407 23.004 22.607 22.216 21.829
13.746 15.431 16.201 16.702 17.108 17.496 17.909 18.390 18.995 19.814 21.071 23.571 31.370 34.768 36.144 36.831 37.234 37.490 37.657 37.764 37.828 37.857 37.859 37.837 37.796 37.736 37.660 37.570 37.465 37.348 37.217 37.074 36.918 36.749 36.567 36.371 36.162 35.938 35.698 35.443 35.170 34.878 34.568 34.239 33.889 33.519 33.127 32.716 32.285 31.836 31.371 30.892 30.401 29.902 29.397 28.890 28.383 27.879 27.381 26.891 26.410 25.939 25.479 25.030 24.592 24.166 23.749 23.342 22.944 22.553 22.168 21.789
13.456 15.056 15.766 16.225 16.599 16.958 17.345 17.792 18.333 19.048 20.076 21.847 26.303 33.014 35.027 35.934 36.442 36.757 36.963 37.099 37.186 37.235 37.254 37.249 37.223 37.178 37.116 37.038 36.946 36.840 36.721 36.588 36.443 36.284 36.112 35.926 35.727 35.512 35.283 35.037 34.775 34.495 34.198 33.881 33.545 33.190 32.815 32.421 32.007 31.577 31.130 30.669 30.197 29.715 29.227 28.736 28.245 27.755 27.270 26.791 26.319 25.858 25.406 24.964 24.533 24.113 23.702 23.301 22.909 22.525 22.148 21.779
13.152 14.665 15.315 15.733 16.076 16.412 16.772 17.182 17.672 18.290 19.132 20.436 22.972 30.366 33.577 34.903 35.579 35.982 36.242 36.415 36.530 36.602 36.641 36.652 36.642 36.611 36.562 36.498 36.418 36.324 36.215 36.094 35.959 35.810 35.649 35.473 35.283 35.079 34.859 34.624 34.373 34.105 33.819 33.515 33.193 32.852 32.492 32.113 31.717 31.304 30.875 30.433 29.979 29.515 29.046 28.572 28.096 27.622 27.151 26.686 26.227 25.776 25.335 24.903 24.481 24.069 23.667 23.275 22.891 22.517 22.151 21.794
12.836 14.260 14.853 15.233 15.550 15.863 16.199 16.578 17.018 17.560 18.260 19.254 20.910 24.594 31.433 33.641 34.610 35.150 35.487 35.709 35.858 35.957 36.017 36.047 36.053 36.037 36.002 35.950 35.882 35.799 35.702 35.591 35.466 35.328 35.176 35.010 34.830 34.636 34.427 34.202 33.961 33.704 33.430 33.139 32.829 32.502 32.157 31.794 31.414 31.018 30.607 30.182 29.747 29.302 28.851 28.395 27.937 27.480 27.025 26.575 26.130 25.693 25.265 24.845 24.435 24.034 23.643 23.262 22.890 22.528 22.176 21.833
12.508 13.841 14.380 14.728 15.023 15.316 15.630 15.982 16.384 16.858 17.452 18.243 19.408 21.499 27.484 31.899 33.448 34.223 34.676 34.967 35.162 35.294 35.380 35.432 35.455 35.454 35.433 35.394 35.338 35.266 35.180 35.079 34.965 34.836 34.694 34.538 34.368 34.184 33.984 33.770 33.540 33.293 33.031 32.751 32.455 32.141 31.810 31.462 31.098 30.719 30.326 29.919 29.503 29.077 28.644 28.208 27.768 27.329 26.892 26.459 26.031 25.609 25.195 24.790 24.394 24.007 23.630 23.262 22.905 22.558 22.222 21.896
12.161 13.406 13.896 14.215 14.493 14.771 15.067 15.393 15.758 16.183 16.695 17.343 18.224 19.584 22.190 28.976 31.886 33.124 33.775 34.171 34.430 34.605 34.724 34.800 34.843 34.860 34.854 34.829 34.785 34.725 34.649 34.559 34.454 34.336 34.203 34.057 33.896 33.721 33.532 33.327 33.108 32.872 32.621 32.354 32.070 31.769 31.452 31.120 30.772 30.409 30.033 29.645 29.247 28.841 28.428 28.011 27.591 27.171 26.753 26.338 25.928 25.524 25.127 24.738 24.358 23.988 23.627 23.276 22.935 22.605 22.286 21.978
11.797 12.951 13.395 13.690 13.952 14.216 14.498 14.804 15.143 15.528 15.977 16.521 17.217 18.188 19.746 22.911 29.319 31.674 32.707 33.280 33.638 33.875 34.037 34.145 34.214 34.251 34.262 34.252 34.221 34.174 34.109 34.030 33.935 33.826 33.703 33.566 33.415 33.250 33.070 32.876 32.666 32.442 32.202 31.946 31.675 31.388 31.085 30.768 30.436 30.090 29.732 29.363 28.984 28.597 28.204 27.807 27.408 27.008 26.610 26.215 25.824 25.439 25.061 24.691 24.329 23.977 23.634 23.301 22.979 22.667 22.366 22.077
11.406 12.470 12.871 13.145 13.394 13.648 13.917 14.207 14.522 14.875 15.277 15.748 16.321 17.062 18.113 19.841 23.528 29.361 31.310 32.221 32.746 33.079 33.303 33.454 33.556 33.619 33.652 33.659 33.644 33.610 33.558 33.490 33.406 33.307 33.194 33.067 32.926 32.770 32.600 32.416 32.217 32.003 31.775 31.531 31.272 30.999 30.711 30.408 30.092 29.764 29.424 29.073 28.714 28.347 27.975 27.599 27.221 26.843 26.466 26.092 25.722 25.357 25.000 24.649 24.307 23.974 23.651 23.337 23.034 22.742 22.460 22.189
10.977 11.947 12.311 12.569 12.809 13.056 13.315 13.593 13.892 14.219 14.585 15.000 15.487 16.085 16.862 17.971 19.832 23.924 29.086 30.817 31.672 32.172 32.493 32.709 32.857 32.954 33.015 33.044 33.049 33.031 32.993 32.938 32.866 32.779 32.676 32.559 32.428 32.282 32.123 31.949 31.760 31.558 31.341 31.110 30.864 30.604 30.331 30.044 29.744 29.433 29.112 28.780 28.441 28.095 27.744 27.390 27.033 26.677 26.322 25.970 25.622 25.279 24.942 24.613 24.292 23.980 23.676 23.383 23.099 22.826 22.562 22.310
10.497 11.372 11.702 11.949 12.184 12.426 12.680 12.949 13.235 13.544 13.881 14.257 14.684 15.186 15.798 16.598 17.739 19.633 23.717 28.557 30.217 31.057 31.554 31.875 32.091 32.239 32.337 32.397 32.426 32.429 32.410 32.371 32.313 32.239 32.148 32.043 31.922 31.788 31.639 31.476 31.299 31.108 30.903 30.684 30.452 30.206 29.948 29.677 29.395 29.101 28.798 28.487 28.168 27.843 27.513 27.181 26.847 26.514 26.181 25.852 25.526 25.205 24.891 24.583 24.283 23.992 23.709 23.435 23.170 22.916 22.670 22.435
9.949 10.727 11.029 11.268 11.502 11.744 11.995 12.257 12.535 12.832 13.151 13.498 13.883 14.320 14.829 15.450 16.253 17.386 19.223 22.885 27.758 29.497 30.367 30.883 31.217 31.443 31.598 31.701 31.764 31.795 31.800 31.781 31.741 31.683 31.607 31.515 31.408 31.285 31.148 30.997 30.832 30.654 30.462 30.257 30.038 29.808 29.565 29.310 29.045 28.770 28.487 28.195 27.897 27.593 27.286 26.976 26.665 26.354 26.044 25.738 25.435 25.137 24.844 24.558 24.280 24.008 23.745 23.491 23.245 23.008 22.779 22.560
9.318 9.996 10.273 10.508 10.743 10.986 11.237 11.498 11.772 12.061 12.368 12.697 13.054 13.447 13.890 14.403 15.022 15.812 16.903 18.604 21.609 26.634 28.617 29.579 30.143 30.507 30.754 30.924 31.038 31.110 31.147 31.157 31.141 31.104 31.047 30.972 30.881 30.773 30.650 30.513 30.362 30.197 30.019 29.828 29.624 29.409 29.183 28.946 28.698 28.442 28.178 27.907 27.630 27.348 27.062 26.775 26.487 26.199 25.912 25.628 25.348 25.072 24.801 24.536 24.278 24.027 23.783 23.547 23.318 23.097 22.885 22.680
8.739 9.269 9.487 9.693 9.913 10.147 10.394 10.653 10.925 11.209 11.509 11.826 12.165 12.531 12.932 13.380 13.893 14.502 15.262 16.280 17.792 20.191 25.122 27.499 28.650 29.306 29.725 30.008 30.204 30.338 30.426 30.476 30.495 30.488 30.456 30.404 30.333 30.245 30.139 30.019 29.884 29.735 29.572 29.397 29.210 29.012 28.802 28.583 28.355 28.118 27.873 27.623 27.367 27.107 26.843 26.578 26.313 26.047 25.783 25.521 25.263 25.009 24.759 24.514 24.276 24.043 23.817 23.598 23.385 23.180 22.982 22.791
10.052 10.042 9.783 9.601 9.529 9.555 9.662 9.831 10.045 10.294 10.570 10.869 11.191 11.537 11.910 12.317 12.767 13.276 13.870 14.592 15.521 16.820 18.760 22.422 26.030 27.493 28.316 28.831 29.177 29.417 29.585 29.699 29.770 29.806 29.813 29.793 29.750 29.687 29.605 29.506 29.391 29.262 29.118 28.961 28.792 28.612 28.422 28.221 28.012 27.795 27.571 27.342 27.107 26.868 26.627 26.384 26.140 25.897 25.655 25.414 25.177 24.943 24.713 24.487 24.267 24.051 23.842 23.638 23.441 23.250 23.065 22.886
12.239 12.452 12.336 12.126 11.841 11.492 11.107 10.734 10.428 10.229 10.154 10.198 10.343 10.571 10.862 11.206 11.597 12.037 12.534 13.106 13.784 14.623 15.723 17.304 19.539 23.732 25.927 27.070 27.755 28.209 28.524 28.747 28.904 29.010 29.074 29.104 29.103 29.077 29.028 28.959 28.870 28.765 28.645 28.511 28.363 28.204 28.035 27.855 27.667 27.471 27.268 27.059 26.846 26.629 26.409 26.188 25.965 25.743 25.521 25.301 25.083 24.868 24.657 24.449 24.245 24.046 23.852 23.663 23.479 23.301 23.128 22.961
8.365 9.423 10.287 10.999 11.548 11.938 12.186 12.320 12.363 12.328 12.218 12.028 11.768 11.474 11.211 11.043 11.012 11.129 11.383 11.759 12.246 12.846 13.584 14.512 15.740 17.436 19.808 23.492 25.332 26.352 27.002 27.449 27.767 27.997 28.160 28.270 28.337 28.369 28.369 28.343 28.293 28.223 28.134 28.028 27.908 27.774 27.629 27.473 27.308 27.134 26.954 26.767 26.576 26.380 26.182 25.981 25.780 25.577 25.375 25.175 24.975 24.778 24.583 24.392 24.204 24.020 23.840 23.664 23.493 23.327 23.165 23.009
0.227 0.982 1.928 3.011 4.177 5.377 6.566 7.707 8.767 9.715 10.528 11.188 11.693 12.062 12.324 12.500 12.597 12.615 12.548 12.413 12.276 12.234 12.372 12.735 13.344 14.217 15.434 17.075 19.229 22.471 24.269 25.331 26.034 26.528 26.887 27.149 27.338 27.469 27.552 27.596 27.606 27.587 27.544 27.480 27.396 27.296 27.182 27.055 26.917 26.769 26.614 26.451 26.283 26.109 25.933 25.753 25.572 25.389 25.206 25.023 24.842 24.661 24.483 24.307 24.133 23.963 23.796 23.633 23.473 23.318 23.167 23.020
0.009 0.009 0.009 0.005 0.002 0.009 0.000 0.124 0.695 1.488 2.465 3.574 4.763 5.981 7.184 8.331 9.389 10.329 11.127 11.784 12.325 12.778 13.162 13.478 13.726 13.913 14.106 14.450 15.143 16.320 17.946 20.663 22.604 23.888 24.761 25.381 25.834 26.167 26.410 26.582 26.699 26.769 26.800 26.800 26.772 26.721 26.650 26.562 26.460 26.345 26.219 26.084 25.942 25.794 25.640 25.483 25.322 25.159 24.995 24.831 24.666 24.501 24.338 24.176 24.016 23.859 23.704 23.552 23.403 23.257 23.115 22.977
0.000 0.000 0.000 0.000 0.000 0.000 0.000 0.003 0.009 0.009 0.006 0.005 0.007 0.010 0.157 0.589 1.238 2.101 3.148 4.329 5.593 6.887 8.166 9.390 10.529 11.560 12.495 13.370 14.219 15.043 15.829 16.619 17.390 18.305 19.783 21.731 22.981 23.856 24.494 24.962 25.306 25.555 25.731 25.848 25.918 25.949 25.948 25.920 25.871 25.802 25.717 25.619 25.510 25.391 25.265 25.133 24.995 24.854 24.709 24.562 24.414 24.266 24.117 23.968 23.821 23.674 23.530 23.387 23.247 23.108 22.973 22.839
0.000 0.000 0.000 0.000 0.000 0.000 0.000 0.000 0.000 0.000 0.000 0.000 0.000 0.000 0.001 0.005 0.009 0.010 0.008 0.009 0.029 0.219 0.558 1.089 1.840 2.813 3.984 5.310 6.740 8.227 9.731 11.224 12.682 14.119 15.555 16.934 18.210 19.386 20.477 21.702 22.633 23.342 23.876 24.269 24.551 24.750 24.883 24.966 25.009 25.017 24.998 24.956 24.894 24.817 24.726 24.625 24.515 24.398 24.275 24.147 24.016 23.882 23.747 23.610 23.472 23.336 23.196 23.068 19.058 9.029 4.487 2.403
0.000 0.000 0.000 0.000 0.000 0.000 0.000 0.000 0.000 0.000 0.000 0.000 0.000 0.000 0.000 0.000 0.000 0.000 0.000 0.000 0.000 0.000 0.001 0.006 0.009 0.010 0.010 0.078 0.220 0.472 0.874 1.465 2.273 3.308 4.559 5.994 7.571 9.249 10.989 12.764 14.480 16.101 17.623 19.052 20.393 21.651 22.832 23.227 23.538 23.701 23.807 23.868 23.887 23.874 23.836 23.778 23.703 23.612 23.512 23.400 23.282 20.722 14.825 10.163 7.081 4.806 2.999 1.522 0.431 0.056 0.006 0.001
