Examples/2023_ISeeSnow/data/CoulombOnly/Results/curv77s/s/1HS_03_curv77s_MoT-Voellmy_s_0042.asc
ncols        185
nrows        17
xllcorner    2362.5
yllcorner    -4292.5
cellsize     5.00
NODATA_value -9999
[rows 0 to 16 of 17, columns 0 to 71 of 185]
0.000 0.000 0.000 0.000 0.000 0.000 0.000 0.000 0.000 0.000 0.000 0.000 0.000 0.000 0.000 0.000 0.000 0.000 0.000 0.000 0.000 0.000 0.000 0.000 0.000 0.000 0.000 0.000 0.000 0.000 0.000 0.000 0.000 0.000 0.000 0.000 0.000 0.000 0.000 0.000 0.000 0.000 0.000 0.000 0.000 0.000 0.000 0.000 0.000 0.000 0.000 0.000 0.000 0.000 0.000 0.000 0.000 0.000 0.000 0.000 0.000 0.000 0.000 0.000 0.000 0.000 0.000 0.000 0.000 0.000 0.000 0.000
24.624 24.756 24.872 24.991 25.113 25.239 25.371 25.506 25.649 25.802 25.964 26.135 26.316 26.511 26.723 26.956 27.215 27.509 27.855 28.281 28.878 29.833 31.384 33.689 36.667 39.894 42.632 44.065 43.667 41.450 37.910 33.742 29.532 25.617 22.092 18.907 15.975 13.271 10.847 8.724 6.475 2.557 0.100 0.000 0.000 0.000 0.000 0.000 0.000 0.000 0.000 0.000 0.000 0.000 0.000 0.000 0.000 0.000 0.000 0.000 0.000 0.000 0.000 0.000 0.000 0.000 0.000 0.000 0.000 0.000 0.000 0.000
24.241 24.464 24.598 24.727 24.856 24.985 25.116 25.253 25.395 25.539 25.687 25.842 26.000 26.162 26.332 26.507 26.689 26.880 27.075 27.279 27.497 27.733 27.996 28.287 28.604 28.933 29.258 29.561 29.831 30.070 30.278 30.478 30.679 30.884 31.096 31.300 31.496 31.656 31.749 31.791 32.216 33.766 35.094 35.965 36.700 37.464 38.331 39.346 40.536 41.931 43.583 45.589 48.112 51.470 56.403 65.333 83.092 86.680 87.421 87.688 87.844 87.965 88.068 88.160 88.243 88.320 88.392 88.458 88.521 88.580 88.636 88.688
25.872 26.421 26.678 26.888 27.094 27.303 27.516 27.738 27.969 28.209 28.460 28.722 28.995 29.279 29.575 29.884 30.206 30.542 30.892 31.259 31.647 32.065 32.515 32.994 33.500 34.048 34.651 35.304 36.014 36.817 37.726 38.757 39.995 41.486 43.367 45.907 49.610 56.339 74.478 80.315 82.250 83.246 83.962 84.545 85.041 85.472 85.848 86.182 86.481 86.753 87.003 87.237 87.460 87.674 87.880 88.075 88.226 88.319 88.383 88.433 88.478 88.521 88.563 88.603 88.642 88.681 88.718 88.756 88.798 88.846 88.902 88.965
28.572 29.776 30.311 30.660 30.968 31.269 31.575 31.890 32.216 32.556 32.913 33.290 33.686 34.104 34.546 35.016 35.520 36.066 36.662 37.318 38.048 38.872 39.821 40.944 42.319 44.088 46.562 50.467 58.434 74.703 79.468 81.440 82.701 83.681 84.503 85.213 85.831 86.373 86.812 87.110 87.314 87.467 87.592 87.700 87.795 87.881 87.959 88.031 88.098 88.159 88.216 88.269 88.319 88.364 88.405 88.443 88.478 88.513 88.548 88.586 88.626 88.668 88.714 88.761 88.811 88.863 88.917 88.975 89.036 89.101 89.170 89.244
31.279 33.574 34.790 35.549 36.125 36.628 37.104 37.575 38.058 38.565 39.102 39.676 40.311 41.029 41.859 42.849 44.094 45.775 48.302 52.861 65.327 76.467 79.737 81.585 82.911 83.973 84.859 85.609 86.243 86.732 87.077 87.329 87.524 87.680 87.808 87.912 87.998 88.067 88.121 88.165 88.200 88.230 88.257 88.283 88.307 88.332 88.356 88.381 88.406 88.433 88.460 88.489 88.519 88.551 88.585 88.621 88.662 88.706 88.756 88.811 88.871 88.935 89.005 89.079 89.158 89.242 89.331 89.423 89.519 89.616 89.714 89.814
33.477 36.833 38.942 40.411 41.545 42.495 43.346 44.151 44.964 45.853 46.908 48.308 50.512 54.837 68.659 76.902 80.139 82.052 83.452 84.579 85.501 86.183 86.686 87.073 87.382 87.636 87.846 88.020 88.161 88.270 88.352 88.413 88.459 88.495 88.524 88.548 88.569 88.590 88.611 88.633 88.657 88.684 88.714 88.748 88.785 88.827 88.872 88.921 88.975 89.033 89.095 89.161 89.233 89.308 89.389 89.474 89.563 89.653 89.746 89.839 89.933 90.028 90.123 90.218 90.313 90.407 90.500 90.593 90.685 90.776 90.866 90.955
34.555 38.632 41.470 43.637 45.439 47.029 48.507 49.991 51.733 54.588 63.321 75.545 80.090 82.661 84.344 85.470 86.259 86.840 87.282 87.625 87.891 88.096 88.254 88.375 88.468 88.540 88.596 88.640 88.677 88.707 88.734 88.758 88.779 88.800 88.821 88.842 88.864 88.887 88.911 88.938 88.966 88.998 89.032 89.068 89.108 89.150 89.196 89.244 89.295 89.349 89.406 89.466 89.527 89.592 89.658 89.726 89.797 89.869 89.943 90.019 90.096 90.175 90.256 90.338 90.422 90.507 90.594 90.681 90.770 90.861 90.952 91.044
64.631 76.770 80.152 82.013 83.288 84.269 85.072 85.750 86.331 86.834 87.267 87.621 87.902 88.125 88.301 88.440 88.551 88.640 88.712 88.770 88.818 88.860 88.896 88.929 88.959 88.989 89.017 89.044 89.070 89.096 89.123 89.152 89.183 89.216 89.253 89.293 89.337 89.383 89.433 89.485 89.540 89.598 89.658 89.720 89.783 89.848 89.915 89.982 90.051 90.121 90.192 90.264 90.337 90.411 90.485 90.560 90.637 90.714 90.792 90.871 90.951 91.032 91.114 91.196 91.280 91.365 91.451 91.537 91.625 91.713 91.802 91.891
34.555 38.632 41.470 43.638 45.439 47.029 48.507 49.990 51.733 54.587 63.320 75.546 80.091 82.661 84.344 85.470 86.259 86.840 87.282 87.625 87.891 88.096 88.254 88.375 88.468 88.540 88.596 88.640 88.677 88.707 88.734 88.758 88.780 88.801 88.821 88.842 88.864 88.887 88.911 88.938 88.967 88.998 89.032 89.068 89.108 89.150 89.196 89.244 89.295 89.349 89.406 89.466 89.528 89.592 89.658 89.726 89.797 89.869 89.943 90.019 90.096 90.175 90.256 90.338 90.422 90.507 90.594 90.682 90.771 90.861 90.952 91.044
33.477 36.834 38.943 40.411 41.545 42.495 43.347 44.152 44.965 45.854 46.909 48.310 50.516 54.844 68.686 76.906 80.141 82.053 83.452 84.579 85.501 86.183 86.687 87.073 87.382 87.636 87.846 88.020 88.161 88.270 88.352 88.413 88.459 88.495 88.524 88.548 88.569 88.590 88.611 88.633 88.657 88.684 88.714 88.748 88.785 88.827 88.872 88.921 88.975 89.032 89.095 89.161 89.232 89.308 89.389 89.474 89.562 89.653 89.745 89.839 89.933 90.028 90.123 90.218 90.312 90.407 90.500 90.593 90.685 90.776 90.866 90.955
31.279 33.575 34.790 35.550 36.126 36.628 37.104 37.575 38.058 38.565 39.102 39.677 40.311 41.030 41.859 42.850 44.095 45.776 48.304 52.863 65.337 76.468 79.737 81.585 82.911 83.973 84.859 85.609 86.243 86.732 87.077 87.329 87.524 87.680 87.808 87.912 87.997 88.066 88.121 88.165 88.200 88.230 88.257 88.283 88.307 88.331 88.356 88.381 88.406 88.432 88.460 88.489 88.519 88.551 88.584 88.621 88.661 88.706 88.756 88.810 88.870 88.935 89.004 89.079 89.158 89.242 89.330 89.423 89.518 89.615 89.713 89.813
28.572 29.776 30.311 30.661 30.968 31.270 31.575 31.890 32.216 32.556 32.913 33.290 33.686 34.104 34.547 35.017 35.520 36.066 36.663 37.318 38.048 38.872 39.821 40.944 42.319 44.089 46.562 50.467 58.435 74.703 79.468 81.440 82.700 83.681 84.503 85.212 85.831 86.372 86.812 87.109 87.314 87.467 87.592 87.699 87.795 87.881 87.959 88.031 88.097 88.159 88.216 88.269 88.318 88.363 88.405 88.443 88.478 88.512 88.548 88.585 88.625 88.668 88.713 88.761 88.811 88.863 88.917 88.974 89.035 89.101 89.170 89.243
25.872 26.421 26.679 26.888 27.094 27.303 27.516 27.738 27.969 28.209 28.460 28.722 28.994 29.279 29.575 29.884 30.206 30.542 30.892 31.259 31.647 32.065 32.515 32.994 33.499 34.048 34.650 35.304 36.013 36.817 37.725 38.757 39.994 41.485 43.365 45.904 49.605 56.329 74.469 80.312 82.248 83.244 83.960 84.544 85.040 85.470 85.847 86.181 86.480 86.751 87.002 87.236 87.458 87.672 87.879 88.073 88.225 88.319 88.382 88.433 88.478 88.521 88.562 88.603 88.642 88.680 88.718 88.756 88.797 88.846 88.902 88.964
24.242 24.464 24.598 24.727 24.856 24.985 25.116 25.253 25.395 25.539 25.688 25.842 26.000 26.162 26.332 26.507 26.689 26.880 27.075 27.279 27.497 27.733 27.996 28.287 28.603 28.933 29.258 29.561 29.831 30.070 30.278 30.478 30.679 30.884 31.096 31.300 31.496 31.656 31.748 31.790 32.214 33.763 35.092 35.963 36.698 37.463 38.329 39.341 40.529 41.921 43.572 45.573 48.090 51.435 56.359 65.240 83.028 86.666 87.418 87.687 87.843 87.964 88.067 88.159 88.243 88.319 88.391 88.457 88.520 88.579 88.635 88.687
24.624 24.756 24.873 24.991 25.113 25.240 25.371 25.506 25.649 25.802 25.965 26.136 26.317 26.511 26.723 26.956 27.215 27.509 27.855 28.281 28.877 29.831 31.381 33.683 36.661 39.890 42.630 44.068 43.675 41.461 37.922 33.752 29.541 25.623 22.096 18.910 15.977 13.273 10.848 8.725 6.476 2.560 0.101 0.000 0.000 0.000 0.000 0.000 0.000 0.000 0.000 0.000 0.000 0.000 0.000 0.000 0.000 0.000 0.000 0.000 0.000 0.000 0.000 0.000 0.000 0.000 0.000 0.000 0.000 0.000 0.000 0.000
0.000 0.000 0.000 0.000 0.000 0.000 0.000 0.000 0.000 0.000 0.000 0.000 0.000 0.000 0.000 0.000 0.000 0.000 0.000 0.000 0.000 0.000 0.000 0.000 0.000 0.000 0.000 0.000 0.000 0.000 0.000 0.000 0.000 0.000 0.000 0.000 0.000 0.000 0.000 0.000 0.000 0.000 0.000 0.000 0.000 0.000 0.000 0.000 0.000 0.000 0.000 0.000 0.000 0.000 0.000 0.000 0.000 0.000 0.000 0.000 0.000 0.000 0.000 0.000 0.000 0.000 0.000 0.000 0.000 0.000 0.000 0.000
