Examples/2023_ISeeSnow/data/CoulombOnly/Results/curv77s/s/1HS_03_curv77s_MoT-Voellmy_s_0054.asc
ncols        150
nrows        49
xllcorner    3302.5
yllcorner    -4372.5
cellsize     5.00
NODATA_value -9999
[rows 0 to 31 of 49, columns 72 to 143 of 150]
23.688 26.116 28.389 30.496 32.435 34.201 35.785 37.172 38.342 39.266 39.907 40.215 40.120 39.541 38.381 36.557 34.035 30.882 27.282 23.491 19.749 16.213 12.961 10.013 7.363 4.998 2.899 1.145 0.276 0.063 0.016 0.004 0.000 0.000 0.000 0.000 0.000 0.000 0.000 0.000 0.000 0.000 0.000 0.000 0.000 0.000 0.000 0.000 0.000 0.000 0.000 0.000 0.000 0.000 0.000 0.000 0.000 0.000 0.000 0.000 0.000 0.000 0.000 0.000 0.000 0.000 0.000 0.000 0.000 0.000 0.000 0.000
48.561 49.197 49.660 49.984 50.213 50.372 50.471 50.522 50.531 50.507 50.454 50.378 50.282 50.169 50.042 49.905 49.757 49.602 49.439 49.270 49.096 48.918 48.738 48.557 48.371 48.193 48.008 43.778 26.587 15.416 10.316 6.726 3.863 1.537 0.265 0.020 0.002 0.000 0.000 0.000 0.000 0.000 0.000 0.000 0.000 0.000 0.000 0.000 0.000 0.000 0.000 0.000 0.000 0.000 0.000 0.000 0.000 0.000 0.000 0.000 0.000 0.000 0.000 0.000 0.000 0.000 0.000 0.000 0.000 0.000 0.000 0.000
52.156 52.241 52.279 52.277 52.243 52.182 52.098 51.995 51.876 51.745 51.602 51.449 51.289 51.123 50.952 50.776 50.597 50.415 50.232 50.048 49.863 49.678 49.493 49.309 49.126 48.944 48.763 48.585 48.409 48.237 48.066 47.891 47.733 47.510 27.665 10.886 6.064 3.086 0.873 0.078 0.002 0.000 0.000 0.000 0.000 0.000 0.000 0.000 0.000 0.000 0.000 0.000 0.000 0.000 0.000 0.000 0.000 0.000 0.000 0.000 0.000 0.000 0.000 0.000 0.000 0.000 0.000 0.000 0.000 0.000 0.000 0.000
53.674 53.591 53.489 53.368 53.233 53.085 52.927 52.759 52.584 52.403 52.216 52.025 51.831 51.634 51.435 51.235 51.035 50.835 50.635 50.436 50.238 50.042 49.848 49.656 49.467 49.280 49.095 48.914 48.735 48.560 48.387 48.217 48.050 47.887 47.726 47.568 47.419 47.273 42.152 16.274 5.689 2.602 0.574 0.031 0.000 0.000 0.000 0.000 0.000 0.000 0.000 0.000 0.000 0.000 0.000 0.000 0.000 0.000 0.000 0.000 0.000 0.000 0.000 0.000 0.000 0.000 0.000 0.000 0.000 0.000 0.000 0.000
54.515 54.361 54.195 54.020 53.836 53.644 53.447 53.244 53.036 52.825 52.611 52.395 52.178 51.959 51.740 51.522 51.304 51.087 50.872 50.659 50.448 50.240 50.034 49.832 49.633 49.437 49.245 49.056 48.871 48.690 48.512 48.339 48.169 48.002 47.840 47.680 47.525 47.372 47.224 47.083 46.949 46.809 37.340 10.401 3.307 0.928 0.074 0.000 0.000 0.000 0.000 0.000 0.000 0.000 0.000 0.000 0.000 0.000 0.000 0.000 0.000 0.000 0.000 0.000 0.000 0.000 0.000 0.000 0.000 0.000 0.000 0.000
55.091 54.898 54.697 54.490 54.276 54.058 53.834 53.607 53.377 53.144 52.910 52.674 52.437 52.200 51.964 51.728 51.494 51.262 51.032 50.804 50.580 50.358 50.140 49.926 49.716 49.509 49.307 49.109 48.915 48.725 48.540 48.359 48.183 48.011 47.843 47.679 47.520 47.364 47.213 47.066 46.924 46.787 46.652 46.527 46.421 42.903 14.542 3.004 0.717 0.045 0.000 0.000 0.000 0.000 0.000 0.000 0.000 0.000 0.000 0.000 0.000 0.000 0.000 0.000 0.000 0.000 0.000 0.000 0.000 0.000 0.000 0.000
55.553 55.335 55.110 54.880 54.645 54.406 54.163 53.916 53.667 53.416 53.163 52.909 52.655 52.401 52.148 51.896 51.646 51.398 51.152 50.910 50.671 50.435 50.204 49.977 49.754 49.535 49.321 49.112 48.908 48.709 48.514 48.324 48.139 47.959 47.784 47.613 47.447 47.286 47.129 46.977 46.829 46.686 46.548 46.414 46.287 46.163 46.051 45.938 40.131 10.787 1.860 0.271 0.005 0.000 0.000 0.000 0.000 0.000 0.000 0.000 0.000 0.000 0.000 0.000 0.000 0.000 0.000 0.000 0.000 0.000 0.000 0.000
55.963 55.726 55.482 55.234 54.981 54.724 54.463 54.199 53.933 53.664 53.394 53.124 52.853 52.582 52.312 52.044 51.777 51.513 51.252 50.994 50.740 50.490 50.244 50.002 49.766 49.534 49.308 49.087 48.871 48.660 48.455 48.254 48.060 47.870 47.686 47.507 47.333 47.164 47.000 46.841 46.687 46.538 46.393 46.253 46.118 45.988 45.864 45.746 45.636 45.525 45.456 28.244 3.868 0.597 0.032 0.000 0.000 0.000 0.000 0.000 0.000 0.000 0.000 0.000 0.000 0.000 0.000 0.000 0.000 0.000 0.000 0.000
56.346 56.092 55.832 55.567 55.298 55.025 54.748 54.468 54.186 53.901 53.615 53.328 53.041 52.754 52.468 52.183 51.900 51.620 51.342 51.069 50.799 50.533 50.272 50.015 49.764 49.519 49.278 49.044 48.815 48.592 48.375 48.163 47.958 47.758 47.564 47.375 47.192 47.014 46.842 46.674 46.512 46.356 46.204 46.057 45.915 45.778 45.646 45.519 45.397 45.283 45.176 45.072 44.986 38.327 8.489 0.815 0.059 0.000 0.000 0.000 0.000 0.000 0.000 0.000 0.000 0.000 0.000 0.000 0.000 0.000 0.000 0.000
56.709 56.440 56.166 55.886 55.603 55.315 55.023 54.728 54.431 54.131 53.829 53.527 53.224 52.921 52.620 52.319 52.020 51.724 51.431 51.141 50.855 50.574 50.297 50.025 49.759 49.498 49.243 48.994 48.751 48.515 48.285 48.061 47.843 47.632 47.426 47.227 47.034 46.846 46.664 46.487 46.317 46.151 45.991 45.836 45.686 45.541 45.401 45.267 45.137 45.013 44.895 44.784 44.679 44.581 44.497 41.565 12.184 0.824 0.057 0.000 0.000 0.000 0.000 0.000 0.000 0.000 0.000 0.000 0.000 0.000 0.000 0.000
57.053 56.771 56.483 56.191 55.894 55.593 55.288 54.979 54.668 54.354 54.039 53.722 53.405 53.088 52.771 52.456 52.142 51.831 51.522 51.217 50.916 50.619 50.327 50.039 49.757 49.481 49.211 48.947 48.690 48.439 48.195 47.957 47.726 47.502 47.284 47.073 46.868 46.669 46.476 46.290 46.109 45.933 45.764 45.600 45.441 45.287 45.139 44.996 44.858 44.725 44.598 44.477 44.362 44.254 44.155 44.066 43.988 41.201 11.971 0.596 0.030 0.000 0.000 0.000 0.000 0.000 0.000 0.000 0.000 0.000 0.000 0.000
57.376 57.082 56.783 56.480 56.171 55.858 55.542 55.221 54.898 54.572 54.244 53.915 53.584 53.254 52.924 52.595 52.268 51.943 51.620 51.301 50.985 50.674 50.366 50.064 49.767 49.476 49.191 48.911 48.639 48.373 48.113 47.861 47.616 47.378 47.146 46.922 46.704 46.493 46.289 46.090 45.898 45.712 45.532 45.357 45.188 45.025 44.867 44.714 44.567 44.425 44.289 44.158 44.033 43.914 43.802 43.698 43.602 43.519 43.462 37.784 7.985 0.265 0.006 0.000 0.000 0.000 0.000 0.000 0.000 0.000 0.000 0.000
57.677 57.374 57.065 56.752 56.433 56.111 55.784 55.453 55.119 54.782 54.443 54.103 53.762 53.420 53.078 52.738 52.399 52.061 51.727 51.395 51.066 50.741 50.421 50.105 49.794 49.488 49.188 48.894 48.606 48.324 48.050 47.782 47.522 47.269 47.023 46.784 46.552 46.328 46.110 45.899 45.694 45.496 45.304 45.118 44.937 44.763 44.594 44.430 44.273 44.121 43.974 43.833 43.698 43.569 43.447 43.331 43.223 43.123 43.035 42.966 42.887 29.310 2.720 0.059 0.000 0.000 0.000 0.000 0.000 0.000 0.000 0.000
57.956 57.645 57.328 57.007 56.680 56.349 56.013 55.673 55.330 54.985 54.636 54.287 53.936 53.585 53.234 52.883 52.535 52.188 51.843 51.501 51.162 50.826 50.494 50.166 49.842 49.523 49.210 48.901 48.598 48.302 48.012 47.729 47.453 47.184 46.922 46.668 46.421 46.182 45.950 45.725 45.506 45.294 45.089 44.890 44.697 44.510 44.328 44.153 43.983 43.819 43.661 43.508 43.362 43.222 43.088 42.961 42.841 42.729 42.626 42.533 42.457 42.384 40.820 13.138 0.237 0.002 0.000 0.000 0.000 0.000 0.000 0.000
58.215 57.896 57.573 57.244 56.910 56.571 56.228 55.881 55.530 55.177 54.821 54.464 54.106 53.748 53.390 53.033 52.678 52.324 51.973 51.624 51.277 50.934 50.593 50.256 49.922 49.592 49.266 48.944 48.628 48.316 48.010 47.711 47.418 47.133 46.854 46.584 46.320 46.065 45.816 45.576 45.342 45.115 44.895 44.682 44.474 44.273 44.077 43.888 43.704 43.526 43.354 43.189 43.029 42.876 42.729 42.589 42.456 42.331 42.215 42.108 42.012 41.932 41.865 41.825 23.483 1.031 0.003 0.000 0.000 0.000 0.000 0.000
58.451 58.126 57.795 57.460 57.119 56.774 56.424 56.070 55.714 55.355 54.994 54.633 54.271 53.910 53.549 53.190 52.833 52.478 52.125 51.774 51.426 51.079 50.734 50.391 50.050 49.711 49.375 49.041 48.711 48.384 48.062 47.745 47.434 47.130 46.832 46.542 46.260 45.986 45.719 45.460 45.209 44.965 44.728 44.498 44.275 44.057 43.846 43.640 43.440 43.247 43.059 42.877 42.701 42.532 42.369 42.214 42.066 41.926 41.795 41.673 41.562 41.463 41.380 41.321 41.284 25.813 1.479 0.001 0.000 0.000 0.000 0.000
58.657 58.323 57.985 57.642 57.294 56.942 56.587 56.230 55.870 55.509 55.149 54.788 54.429 54.072 53.717 53.363 53.013 52.664 52.317 51.971 51.627 51.283 50.940 50.597 50.253 49.909 49.565 49.221 48.878 48.536 48.196 47.860 47.528 47.200 46.879 46.565 46.259 45.961 45.671 45.390 45.117 44.852 44.594 44.344 44.101 43.864 43.633 43.409 43.190 42.977 42.769 42.568 42.373 42.184 42.003 41.829 41.662 41.504 41.355 41.216 41.088 40.972 40.872 40.791 40.734 40.706 19.690 0.518 0.000 0.000 0.000 0.000
58.805 58.459 58.110 57.757 57.402 57.046 56.689 56.332 55.976 55.622 55.271 54.922 54.577 54.236 53.897 53.561 53.228 52.896 52.566 52.236 51.905 51.573 51.239 50.902 50.562 50.219 49.872 49.522 49.168 48.813 48.455 48.097 47.740 47.386 47.035 46.690 46.351 46.021 45.699 45.386 45.082 44.788 44.502 44.225 43.955 43.692 43.436 43.187 42.943 42.705 42.473 42.247 42.028 41.815 41.610 41.413 41.224 41.044 40.873 40.714 40.566 40.432 40.314 40.214 40.138 40.084 35.093 7.172 0.015 0.000 0.000 0.000
58.826 58.459 58.095 57.733 57.375 57.021 56.672 56.328 55.990 55.656 55.328 55.005 54.687 54.372 54.061 53.753 53.447 53.142 52.837 52.531 52.223 51.912 51.598 51.278 50.953 50.622 50.284 49.939 49.586 49.226 48.859 48.487 48.110 47.731 47.350 46.970 46.593 46.221 45.856 45.499 45.151 44.812 44.483 44.163 43.852 43.548 43.253 42.964 42.682 42.408 42.140 41.880 41.627 41.383 41.148 40.923 40.708 40.504 40.311 40.131 39.964 39.812 39.677 39.562 39.470 39.410 39.367 17.721 0.400 0.000 0.000 0.000
58.944 58.567 58.198 57.836 57.481 57.133 56.793 56.461 56.136 55.819 55.508 55.202 54.901 54.604 54.310 54.019 53.729 53.440 53.150 52.861 52.569 52.276 51.980 51.679 51.374 51.063 50.744 50.416 50.078 49.727 49.363 48.987 48.599 48.200 47.794 47.382 46.969 46.558 46.151 45.752 45.360 44.976 44.598 44.224 43.853 43.485 43.119 42.757 42.402 42.056 41.721 41.401 41.095 40.805 40.532 40.276 40.037 39.814 39.609 39.420 39.248 39.093 38.956 38.839 38.743 38.674 38.630 27.837 2.766 0.001 0.000 0.000
58.418 58.177 57.939 57.702 57.469 57.237 57.007 56.778 56.549 56.321 56.092 55.862 55.631 55.396 55.159 54.918 54.673 54.424 54.169 53.909 53.643 53.372 53.095 52.813 52.525 52.232 51.934 51.631 51.325 51.014 50.699 50.380 50.056 49.726 49.388 49.040 48.681 48.305 47.911 47.495 47.050 46.569 46.043 45.469 44.848 44.191 43.511 42.833 42.181 41.578 41.046 40.592 40.209 39.872 39.574 39.315 39.090 38.895 38.726 38.578 38.448 38.336 38.240 38.161 38.100 38.058 38.039 36.564 14.547 0.256 0.000 0.000
55.158 57.725 58.154 57.978 57.723 57.481 57.259 57.047 56.840 56.633 56.423 56.206 55.983 55.749 55.505 55.248 54.979 54.695 54.397 54.085 53.758 53.417 53.063 52.696 52.318 51.931 51.536 51.136 50.731 50.325 49.923 49.539 49.191 48.890 48.534 46.192 44.503 43.442 43.028 42.737 41.786 39.882 37.370 34.749 32.345 30.306 28.671 27.467 26.769 26.713 27.519 29.683 35.164 37.706 38.069 38.086 38.035 37.978 37.928 37.886 37.854 37.833 37.826 37.832 37.853 37.893 37.969 38.102 35.277 13.673 0.544 0.164
58.707 58.515 58.327 58.142 57.957 57.772 57.584 57.393 57.195 56.990 56.776 56.551 56.313 56.061 55.795 55.512 55.213 54.897 54.564 54.215 53.851 53.473 53.083 52.683 52.275 51.862 51.445 51.027 50.609 50.195 49.784 49.378 48.980 48.588 48.205 47.831 47.466 47.110 46.761 46.419 46.083 45.752 45.426 45.105 44.788 44.476 44.168 43.864 43.563 43.266 42.974 42.687 42.405 42.129 41.860 41.598 41.344 41.101 40.866 40.639 40.419 40.205 39.998 39.798 39.602 39.413 39.232 39.060 38.901 38.761 38.648 38.566
57.830 57.695 57.525 57.330 57.119 56.900 56.678 56.457 56.239 56.022 55.808 55.594 55.379 55.162 54.941 54.716 54.485 54.246 54.000 53.746 53.482 53.210 52.929 52.640 52.344 52.043 51.740 51.438 51.140 50.852 50.576 50.317 50.075 49.851 49.640 49.435 49.221 48.958 48.560 47.883 46.771 45.205 43.460 42.016 41.186 40.919 40.971 41.131 41.290 41.408 41.480 41.512 41.516 41.508 41.502 41.519 34.970 9.289 2.027 1.074 0.482 0.149 0.018 0.000 0.000 0.000 0.000 0.000 0.000 0.000 0.000 0.000
59.389 59.106 58.822 58.538 58.252 57.965 57.677 57.388 57.098 56.806 56.513 56.218 55.922 55.623 55.323 55.021 54.717 54.411 54.103 53.794 53.483 53.170 52.857 52.541 52.225 51.908 51.591 51.273 50.954 50.636 50.317 49.999 49.681 49.363 49.046 48.730 48.414 48.098 47.783 47.469 47.154 46.840 46.526 46.211 45.896 45.580 45.262 44.942 44.619 44.293 43.964 43.631 43.294 42.953 42.608 42.259 41.906 41.552 41.196 40.839 40.484 40.131 39.782 39.438 39.101 38.773 38.455 38.149 37.858 37.584 37.330 37.102
57.863 57.721 57.545 57.344 57.128 56.906 56.682 56.460 56.241 56.024 55.810 55.596 55.381 55.164 54.943 54.718 54.487 54.248 54.002 53.748 53.484 53.212 52.931 52.642 52.346 52.045 51.742 51.439 51.141 50.852 50.575 50.314 50.071 49.846 49.635 49.428 49.212 48.946 48.544 47.862 46.746 45.179 43.439 42.005 41.186 40.926 40.979 41.137 41.292 41.408 41.477 41.508 41.511 41.503 41.496 41.512 35.006 9.328 2.033 1.078 0.484 0.151 0.019 0.001 0.001 0.000 0.000 0.000 0.000 0.000 0.000 0.000
58.708 58.516 58.328 58.143 57.958 57.773 57.585 57.394 57.196 56.991 56.777 56.551 56.314 56.062 55.796 55.513 55.214 54.898 54.566 54.217 53.854 53.476 53.087 52.687 52.279 51.866 51.449 51.031 50.613 50.198 49.787 49.381 48.982 48.590 48.206 47.832 47.466 47.109 46.760 46.417 46.081 45.750 45.423 45.102 44.786 44.474 44.166 43.861 43.561 43.264 42.972 42.685 42.404 42.128 41.860 41.598 41.344 41.101 40.866 40.639 40.419 40.206 39.999 39.798 39.603 39.414 39.232 39.061 38.902 38.762 38.648 38.567
55.254 57.784 58.167 57.981 57.724 57.482 57.260 57.048 56.841 56.634 56.424 56.208 55.984 55.751 55.507 55.250 54.981 54.697 54.400 54.088 53.761 53.421 53.067 52.700 52.322 51.935 51.540 51.140 50.735 50.328 49.926 49.541 49.192 48.890 48.519 46.127 44.431 43.369 42.980 42.700 41.736 39.808 37.283 34.664 32.273 30.246 28.621 27.425 26.730 26.674 27.473 29.614 35.005 37.690 38.064 38.084 38.034 37.978 37.927 37.885 37.853 37.833 37.825 37.832 37.853 37.894 37.969 38.102 35.269 13.654 0.543 0.164
58.418 58.177 57.938 57.702 57.468 57.237 57.007 56.778 56.549 56.321 56.092 55.862 55.631 55.397 55.160 54.919 54.674 54.424 54.170 53.910 53.644 53.373 53.096 52.814 52.526 52.233 51.935 51.633 51.326 51.016 50.701 50.382 50.058 49.727 49.390 49.042 48.682 48.307 47.913 47.497 47.052 46.570 46.044 45.470 44.849 44.191 43.512 42.833 42.180 41.578 41.044 40.590 40.207 39.871 39.573 39.314 39.089 38.895 38.725 38.577 38.448 38.336 38.240 38.161 38.100 38.058 38.040 36.557 14.528 0.255 0.000 0.000
58.944 58.567 58.199 57.837 57.482 57.134 56.795 56.463 56.138 55.821 55.510 55.204 54.903 54.606 54.312 54.020 53.730 53.441 53.151 52.861 52.570 52.276 51.979 51.679 51.374 51.062 50.743 50.415 50.076 49.725 49.362 48.986 48.597 48.199 47.792 47.380 46.967 46.556 46.150 45.751 45.360 44.976 44.598 44.224 43.853 43.485 43.119 42.757 42.402 42.056 41.721 41.401 41.095 40.805 40.532 40.275 40.036 39.814 39.609 39.420 39.248 39.093 38.956 38.839 38.743 38.674 38.630 27.823 2.760 0.001 0.000 0.000
58.825 58.459 58.094 57.733 57.375 57.021 56.672 56.328 55.990 55.657 55.329 55.006 54.687 54.373 54.062 53.753 53.447 53.142 52.836 52.530 52.222 51.911 51.597 51.277 50.952 50.621 50.283 49.937 49.585 49.225 48.858 48.486 48.109 47.730 47.349 46.969 46.593 46.221 45.856 45.499 45.151 44.813 44.483 44.163 43.852 43.549 43.253 42.964 42.683 42.408 42.140 41.880 41.627 41.383 41.148 40.923 40.708 40.504 40.311 40.131 39.964 39.813 39.678 39.562 39.470 39.410 39.367 17.707 0.399 0.000 0.000 0.000
58.804 58.459 58.109 57.757 57.402 57.045 56.688 56.332 55.976 55.622 55.271 54.922 54.577 54.235 53.897 53.561 53.227 52.896 52.565 52.235 51.904 51.572 51.238 50.901 50.561 50.218 49.871 49.521 49.167 48.812 48.454 48.097 47.740 47.385 47.035 46.690 46.351 46.021 45.699 45.386 45.082 44.788 44.502 44.225 43.955 43.693 43.437 43.187 42.943 42.705 42.473 42.248 42.028 41.816 41.610 41.413 41.224 41.044 40.874 40.714 40.566 40.432 40.314 40.214 40.138 40.084 35.087 7.165 0.015 0.000 0.000 0.000
