Examples/2023_ISeeSnow/data/CoulombOnly/Results/curv77s/s/1HS_03_curv77s_MoT-Voellmy_s_0011.asc
ncols        87
nrows        39
xllcorner    1092.5
yllcorner    -4347.5
cellsize     5.00
NODATA_value -9999
[rows 0 to 31 of 39, columns 0 to 71 of 87]
2.734 3.689 4.669 5.626 6.532 7.376 8.156 8.882 9.568 10.233 10.900 11.594 12.339 13.161 14.074 15.069 16.075 16.937 17.488 16.256 5.927 0.072 0.000 0.000 0.000 0.000 0.000 0.000 0.000 0.000 0.000 0.000 0.000 0.000 0.000 0.000 0.000 0.000 0.000 0.000 0.000 0.000 0.000 0.000 0.000 0.000 0.000 0.000 0.000 0.000 0.000 0.000 0.000 0.000 0.000 0.000 0.000 0.000 0.000 0.000 0.000 0.000 0.000 0.000 0.000 0.000 0.000 0.000 0.000 0.000 0.000 0.000
7.622 8.027 8.507 9.071 9.711 10.433 11.282 12.399 14.386 20.059 22.118 22.821 23.101 23.221 23.269 23.280 23.271 23.248 23.216 23.180 23.152 23.121 23.080 23.033 22.980 22.922 22.858 22.790 22.717 22.638 22.550 22.463 22.420 22.549 21.149 7.232 0.059 0.000 0.000 0.000 0.000 0.000 0.000 0.000 0.000 0.000 0.000 0.000 0.000 0.000 0.000 0.000 0.000 0.000 0.000 0.000 0.000 0.000 0.000 0.000 0.000 0.000 0.000 0.000 0.000 0.000 0.000 0.000 0.000 0.000 0.000 0.000
8.589 9.449 10.245 11.132 12.327 14.608 20.651 22.612 23.257 23.504 23.598 23.629 23.633 23.626 23.614 23.602 23.588 23.571 23.552 23.529 23.501 23.469 23.432 23.391 23.347 23.300 23.250 23.199 23.148 23.095 23.041 22.985 22.927 22.865 22.796 22.739 22.687 22.629 22.567 22.502 22.435 22.369 22.305 22.254 22.248 22.452 23.683 23.070 20.517 13.310 1.273 0.000 0.000 0.000 0.000 0.000 0.000 0.000 0.000 0.000 0.000 0.000 0.000 0.000 0.000 0.000 0.000 0.000 0.000 0.000 0.000 0.000
9.416 10.668 12.032 14.330 20.599 22.695 23.370 23.612 23.698 23.724 23.729 23.730 23.735 23.743 23.755 23.768 23.779 23.787 23.789 23.786 23.775 23.758 23.735 23.706 23.672 23.633 23.591 23.545 23.494 23.441 23.385 23.326 23.266 23.205 23.142 23.080 23.019 22.959 22.901 22.846 22.793 22.742 22.694 22.648 22.606 22.568 22.531 22.479 22.406 22.345 22.327 22.312 22.296 22.277 22.258 22.237 22.216 22.195 22.175 22.155 22.138 22.152 22.941 23.927 21.923 18.191 12.493 2.272 0.005 0.000 0.000 0.000
10.295 12.420 17.181 22.079 23.115 23.462 23.581 23.619 23.633 23.645 23.663 23.689 23.724 23.765 23.807 23.849 23.887 23.918 23.942 23.956 23.962 23.960 23.950 23.933 23.912 23.886 23.857 23.827 23.797 23.768 23.740 23.712 23.684 23.657 23.630 23.601 23.572 23.539 23.502 23.460 23.413 23.359 23.300 23.235 23.167 23.095 23.022 22.948 22.874 22.801 22.731 22.664 22.598 22.533 22.470 22.409 22.349 22.291 22.235 22.181 22.130 22.085 22.057 22.031 21.962 21.825 21.668 21.631 21.627 21.642 21.759 22.556
10.822 13.666 20.440 22.536 23.176 23.388 23.452 23.463 23.466 23.480 23.510 23.556 23.612 23.676 23.743 23.807 23.868 23.920 23.964 23.998 24.022 24.037 24.044 24.043 24.037 24.027 24.014 23.999 23.982 23.963 23.942 23.919 23.892 23.861 23.825 23.785 23.740 23.691 23.636 23.579 23.520 23.461 23.406 23.356 23.311 23.272 23.238 23.208 23.180 23.154 23.128 23.103 23.076 23.049 23.021 22.993 22.965 22.939 22.916 22.898 22.888 22.887 22.899 22.922 22.956 22.998 23.051 23.119 23.200 23.290 23.389 23.490
15.464 21.430 22.375 22.642 22.739 22.790 22.838 22.901 22.982 23.079 23.189 23.303 23.415 23.523 23.623 23.713 23.791 23.857 23.910 23.949 23.975 23.989 23.991 23.983 23.966 23.942 23.912 23.878 23.842 23.808 23.777 23.751 23.732 23.718 23.711 23.710 23.715 23.727 23.744 23.765 23.788 23.808 23.822 23.828 23.822 23.805 23.777 23.741 23.697 23.649 23.599 23.548 23.497 23.448 23.399 23.354 23.311 23.272 23.238 23.213 23.197 23.193 23.204 23.230 23.272 23.329 23.399 23.480 23.568 23.660 23.749 23.830
14.368 21.097 22.361 22.703 22.817 22.860 22.884 22.914 22.959 23.023 23.107 23.207 23.318 23.434 23.550 23.660 23.760 23.849 23.924 23.985 24.033 24.070 24.096 24.114 24.127 24.136 24.142 24.148 24.152 24.153 24.149 24.141 24.128 24.109 24.086 24.059 24.028 23.994 23.959 23.923 23.886 23.851 23.818 23.787 23.759 23.734 23.711 23.691 23.672 23.656 23.640 23.626 23.612 23.598 23.584 23.571 23.559 23.548 23.541 23.539 23.544 23.560 23.587 23.626 23.679 23.743 23.818 23.901 23.987 24.073 24.154 24.223
18.062 21.818 22.469 22.667 22.728 22.754 22.782 22.827 22.892 22.977 23.079 23.192 23.311 23.431 23.549 23.660 23.762 23.853 23.931 23.995 24.046 24.082 24.107 24.120 24.124 24.121 24.112 24.098 24.083 24.067 24.054 24.042 24.033 24.025 24.019 24.013 24.008 24.004 24.001 23.997 23.993 23.988 23.982 23.973 23.962 23.949 23.934 23.918 23.901 23.883 23.865 23.846 23.828 23.811 23.794 23.778 23.763 23.752 23.745 23.744 23.752 23.770 23.802 23.848 23.909 23.984 24.070 24.164 24.263 24.360 24.451 24.527
17.715 21.835 22.502 22.707 22.772 22.799 22.825 22.865 22.925 23.003 23.099 23.209 23.327 23.449 23.571 23.689 23.799 23.899 23.986 24.059 24.119 24.165 24.199 24.222 24.237 24.244 24.245 24.243 24.238 24.230 24.222 24.212 24.201 24.190 24.178 24.164 24.149 24.133 24.116 24.098 24.080 24.062 24.044 24.027 24.012 23.998 23.985 23.973 23.962 23.952 23.942 23.933 23.924 23.915 23.907 23.899 23.893 23.890 23.891 23.899 23.916 23.943 23.984 24.039 24.109 24.193 24.288 24.392 24.500 24.607 24.707 24.793
18.602 21.912 22.541 22.727 22.779 22.797 22.816 22.852 22.909 22.987 23.084 23.196 23.317 23.442 23.567 23.687 23.799 23.900 23.988 24.063 24.123 24.170 24.205 24.228 24.244 24.252 24.254 24.254 24.250 24.245 24.240 24.233 24.227 24.220 24.213 24.205 24.198 24.190 24.183 24.175 24.167 24.158 24.149 24.141 24.132 24.122 24.113 24.104 24.094 24.085 24.075 24.066 24.057 24.048 24.039 24.031 24.025 24.022 24.024 24.033 24.051 24.081 24.125 24.184 24.259 24.350 24.452 24.565 24.683 24.800 24.910 25.005
18.253 21.928 22.574 22.767 22.823 22.843 22.864 22.902 22.961 23.041 23.140 23.253 23.375 23.502 23.629 23.752 23.866 23.970 24.061 24.138 24.201 24.250 24.287 24.313 24.329 24.338 24.342 24.341 24.337 24.332 24.325 24.317 24.309 24.300 24.291 24.282 24.273 24.263 24.254 24.245 24.236 24.227 24.218 24.210 24.202 24.194 24.186 24.178 24.171 24.164 24.157 24.150 24.143 24.137 24.131 24.126 24.123 24.123 24.127 24.139 24.160 24.194 24.243 24.306 24.386 24.481 24.590 24.708 24.832 24.956 25.074 25.177
18.097 21.951 22.606 22.799 22.853 22.870 22.888 22.921 22.975 23.051 23.147 23.257 23.377 23.503 23.629 23.752 23.867 23.972 24.066 24.146 24.212 24.264 24.304 24.333 24.353 24.365 24.371 24.374 24.373 24.371 24.367 24.362 24.357 24.352 24.346 24.341 24.335 24.329 24.323 24.317 24.310 24.304 24.298 24.291 24.285 24.278 24.272 24.265 24.259 24.253 24.246 24.240 24.234 24.228 24.223 24.218 24.216 24.216 24.222 24.234 24.257 24.292 24.342 24.409 24.491 24.589 24.701 24.823 24.951 25.080 25.203 25.311
17.805 21.960 22.632 22.832 22.888 22.906 22.924 22.958 23.013 23.091 23.187 23.299 23.421 23.548 23.676 23.800 23.917 24.023 24.117 24.198 24.264 24.316 24.356 24.385 24.405 24.417 24.424 24.426 24.425 24.423 24.419 24.415 24.410 24.405 24.400 24.395 24.389 24.384 24.379 24.373 24.368 24.362 24.357 24.352 24.346 24.341 24.336 24.331 24.326 24.320 24.315 24.310 24.305 24.301 24.297 24.293 24.292 24.293 24.300 24.314 24.338 24.374 24.426 24.494 24.578 24.678 24.792 24.916 25.046 25.178 25.303 25.415
17.577 21.967 22.653 22.859 22.916 22.934 22.951 22.983 23.037 23.113 23.208 23.318 23.439 23.565 23.692 23.816 23.934 24.041 24.136 24.218 24.286 24.341 24.383 24.414 24.436 24.450 24.458 24.462 24.464 24.463 24.461 24.458 24.455 24.451 24.447 24.443 24.439 24.435 24.431 24.427 24.423 24.418 24.414 24.410 24.405 24.401 24.396 24.392 24.388 24.383 24.379 24.374 24.370 24.366 24.362 24.359 24.358 24.360 24.367 24.381 24.406 24.443 24.495 24.563 24.648 24.749 24.863 24.989 25.120 25.253 25.380 25.494
17.376 21.972 22.671 22.881 22.940 22.958 22.975 23.008 23.062 23.137 23.232 23.343 23.464 23.591 23.719 23.844 23.962 24.069 24.165 24.248 24.316 24.372 24.414 24.446 24.468 24.482 24.491 24.496 24.498 24.497 24.496 24.494 24.491 24.488 24.485 24.482 24.479 24.475 24.472 24.469 24.465 24.462 24.458 24.454 24.451 24.447 24.444 24.440 24.436 24.432 24.429 24.425 24.421 24.418 24.414 24.412 24.411 24.414 24.421 24.435 24.460 24.497 24.549 24.618 24.703 24.804 24.919 25.044 25.176 25.309 25.437 25.552
17.223 21.976 22.685 22.898 22.959 22.977 22.994 23.026 23.079 23.154 23.249 23.359 23.480 23.607 23.735 23.859 23.977 24.086 24.182 24.265 24.335 24.391 24.435 24.467 24.490 24.506 24.515 24.521 24.523 24.524 24.523 24.522 24.520 24.518 24.515 24.513 24.510 24.507 24.505 24.502 24.499 24.496 24.493 24.490 24.487 24.484 24.481 24.477 24.474 24.471 24.467 24.464 24.461 24.457 24.455 24.452 24.452 24.454 24.462 24.476 24.501 24.538 24.590 24.659 24.744 24.845 24.960 25.085 25.217 25.351 25.479 25.594
17.133 21.980 22.695 22.910 22.971 22.989 23.006 23.038 23.090 23.165 23.260 23.370 23.491 23.618 23.746 23.871 23.990 24.099 24.196 24.279 24.349 24.406 24.450 24.483 24.506 24.522 24.532 24.538 24.541 24.542 24.542 24.541 24.539 24.537 24.535 24.533 24.531 24.529 24.527 24.524 24.522 24.519 24.517 24.514 24.512 24.509 24.506 24.503 24.500 24.498 24.494 24.491 24.488 24.485 24.483 24.481 24.480 24.483 24.490 24.505 24.530 24.567 24.620 24.689 24.774 24.876 24.991 25.117 25.249 25.383 25.512 25.628
17.166 21.987 22.701 22.916 22.976 22.994 23.010 23.041 23.094 23.169 23.264 23.374 23.496 23.623 23.752 23.877 23.996 24.105 24.203 24.287 24.357 24.414 24.458 24.491 24.515 24.531 24.542 24.548 24.551 24.553 24.553 24.552 24.551 24.549 24.547 24.546 24.544 24.542 24.540 24.538 24.535 24.533 24.531 24.529 24.526 24.524 24.521 24.519 24.516 24.513 24.510 24.508 24.505 24.502 24.499 24.498 24.497 24.500 24.508 24.522 24.547 24.585 24.637 24.706 24.792 24.894 25.010 25.137 25.271 25.407 25.538 25.656
17.648 22.015 22.704 22.910 22.968 22.986 23.003 23.035 23.089 23.165 23.260 23.372 23.494 23.621 23.751 23.876 23.995 24.105 24.202 24.286 24.357 24.414 24.458 24.491 24.515 24.531 24.542 24.548 24.551 24.553 24.553 24.552 24.551 24.549 24.547 24.546 24.544 24.542 24.540 24.538 24.536 24.533 24.531 24.529 24.526 24.524 24.521 24.519 24.516 24.513 24.511 24.508 24.505 24.502 24.499 24.498 24.497 24.500 24.508 24.523 24.547 24.585 24.638 24.708 24.794 24.897 25.014 25.142 25.278 25.416 25.549 25.671
17.165 21.987 22.701 22.916 22.976 22.994 23.010 23.041 23.094 23.169 23.264 23.374 23.496 23.623 23.752 23.877 23.996 24.105 24.203 24.287 24.357 24.414 24.458 24.491 24.515 24.531 24.542 24.548 24.551 24.553 24.553 24.552 24.551 24.549 24.547 24.546 24.544 24.542 24.540 24.538 24.536 24.533 24.531 24.529 24.526 24.524 24.521 24.519 24.516 24.513 24.511 24.508 24.505 24.502 24.499 24.498 24.497 24.500 24.508 24.522 24.547 24.585 24.637 24.706 24.792 24.894 25.010 25.137 25.271 25.407 25.538 25.656
17.133 21.980 22.695 22.910 22.971 22.989 23.006 23.038 23.090 23.165 23.260 23.370 23.491 23.618 23.746 23.871 23.990 24.099 24.196 24.279 24.349 24.406 24.450 24.483 24.506 24.522 24.532 24.538 24.541 24.542 24.542 24.541 24.539 24.537 24.535 24.533 24.531 24.529 24.527 24.524 24.522 24.519 24.517 24.514 24.512 24.509 24.506 24.503 24.500 24.498 24.495 24.491 24.488 24.485 24.483 24.481 24.480 24.483 24.490 24.505 24.530 24.567 24.620 24.689 24.774 24.876 24.991 25.117 25.250 25.383 25.512 25.628
17.223 21.976 22.685 22.898 22.959 22.977 22.994 23.026 23.079 23.154 23.249 23.359 23.480 23.607 23.735 23.859 23.977 24.086 24.182 24.265 24.335 24.391 24.435 24.467 24.490 24.506 24.515 24.521 24.523 24.524 24.523 24.522 24.520 24.518 24.515 24.513 24.510 24.507 24.505 24.502 24.499 24.496 24.493 24.490 24.487 24.484 24.481 24.477 24.474 24.471 24.468 24.464 24.461 24.457 24.455 24.452 24.452 24.454 24.462 24.476 24.501 24.538 24.590 24.659 24.744 24.845 24.960 25.085 25.217 25.351 25.479 25.594
17.376 21.972 22.671 22.881 22.940 22.958 22.975 23.008 23.062 23.137 23.232 23.343 23.464 23.591 23.719 23.844 23.962 24.070 24.165 24.248 24.316 24.372 24.414 24.446 24.468 24.482 24.491 24.496 24.498 24.497 24.496 24.494 24.491 24.488 24.485 24.482 24.479 24.475 24.472 24.469 24.465 24.462 24.458 24.455 24.451 24.447 24.444 24.440 24.436 24.432 24.429 24.425 24.421 24.418 24.414 24.412 24.411 24.414 24.421 24.435 24.460 24.497 24.549 24.618 24.703 24.804 24.919 25.044 25.176 25.310 25.437 25.552
17.577 21.967 22.653 22.859 22.916 22.934 22.951 22.983 23.037 23.113 23.208 23.318 23.439 23.565 23.692 23.816 23.934 24.041 24.136 24.218 24.286 24.341 24.383 24.414 24.436 24.450 24.458 24.462 24.464 24.463 24.461 24.458 24.455 24.451 24.447 24.443 24.439 24.435 24.431 24.427 24.423 24.419 24.414 24.410 24.405 24.401 24.396 24.392 24.388 24.383 24.379 24.374 24.370 24.366 24.362 24.359 24.358 24.360 24.367 24.381 24.406 24.443 24.495 24.563 24.648 24.749 24.863 24.989 25.120 25.253 25.380 25.494
17.805 21.960 22.632 22.832 22.888 22.906 22.924 22.958 23.013 23.091 23.187 23.299 23.421 23.548 23.676 23.800 23.917 24.023 24.117 24.198 24.264 24.316 24.357 24.385 24.405 24.417 24.424 24.426 24.425 24.423 24.419 24.415 24.410 24.405 24.400 24.395 24.389 24.384 24.379 24.373 24.368 24.363 24.357 24.352 24.347 24.341 24.336 24.331 24.326 24.321 24.315 24.310 24.306 24.301 24.297 24.293 24.292 24.293 24.300 24.314 24.338 24.374 24.426 24.494 24.578 24.678 24.792 24.916 25.046 25.178 25.303 25.415
18.097 21.951 22.606 22.799 22.853 22.870 22.888 22.921 22.975 23.051 23.147 23.257 23.377 23.503 23.629 23.752 23.867 23.972 24.066 24.146 24.212 24.264 24.304 24.333 24.353 24.365 24.371 24.374 24.373 24.371 24.367 24.362 24.357 24.352 24.346 24.341 24.335 24.329 24.323 24.317 24.310 24.304 24.298 24.291 24.285 24.278 24.272 24.265 24.259 24.253 24.246 24.240 24.234 24.228 24.223 24.218 24.216 24.216 24.222 24.234 24.257 24.292 24.343 24.409 24.491 24.589 24.701 24.823 24.951 25.080 25.203 25.311
18.253 21.928 22.574 22.767 22.823 22.843 22.864 22.902 22.961 23.041 23.140 23.253 23.375 23.502 23.629 23.752 23.866 23.970 24.061 24.138 24.201 24.250 24.287 24.313 24.329 24.338 24.342 24.341 24.337 24.332 24.325 24.317 24.309 24.300 24.291 24.282 24.273 24.264 24.254 24.245 24.236 24.227 24.218 24.210 24.202 24.194 24.186 24.179 24.171 24.164 24.157 24.150 24.143 24.137 24.131 24.126 24.123 24.123 24.127 24.139 24.161 24.194 24.243 24.307 24.386 24.482 24.590 24.708 24.832 24.956 25.074 25.177
18.601 21.912 22.541 22.727 22.779 22.797 22.816 22.852 22.909 22.987 23.085 23.196 23.317 23.442 23.567 23.687 23.799 23.900 23.988 24.063 24.123 24.170 24.205 24.229 24.244 24.252 24.254 24.254 24.250 24.245 24.240 24.233 24.227 24.220 24.213 24.205 24.198 24.190 24.183 24.175 24.167 24.158 24.149 24.141 24.132 24.122 24.113 24.104 24.094 24.085 24.075 24.066 24.057 24.048 24.039 24.032 24.026 24.022 24.024 24.033 24.051 24.081 24.125 24.184 24.259 24.349 24.452 24.565 24.682 24.800 24.910 25.005
17.715 21.835 22.502 22.707 22.772 22.799 22.825 22.865 22.925 23.003 23.099 23.209 23.327 23.449 23.571 23.689 23.799 23.899 23.986 24.059 24.119 24.165 24.199 24.222 24.237 24.244 24.245 24.243 24.238 24.230 24.222 24.212 24.202 24.190 24.178 24.164 24.150 24.134 24.117 24.099 24.080 24.062 24.044 24.028 24.012 23.998 23.985 23.973 23.962 23.952 23.942 23.933 23.924 23.915 23.907 23.899 23.893 23.890 23.891 23.899 23.916 23.943 23.984 24.039 24.109 24.193 24.288 24.392 24.500 24.607 24.707 24.792
18.061 21.818 22.469 22.667 22.728 22.754 22.783 22.827 22.892 22.977 23.079 23.192 23.311 23.431 23.549 23.660 23.762 23.853 23.931 23.995 24.046 24.082 24.107 24.120 24.125 24.121 24.112 24.099 24.083 24.067 24.054 24.042 24.033 24.025 24.018 24.013 24.008 24.004 24.001 23.997 23.993 23.988 23.982 23.973 23.962 23.949 23.935 23.918 23.901 23.883 23.865 23.846 23.828 23.811 23.794 23.778 23.763 23.752 23.745 23.744 23.751 23.770 23.802 23.848 23.909 23.983 24.070 24.164 24.263 24.360 24.450 24.527
14.367 21.097 22.361 22.703 22.818 22.860 22.884 22.914 22.959 23.023 23.107 23.207 23.318 23.434 23.550 23.660 23.760 23.849 23.924 23.985 24.033 24.070 24.096 24.114 24.127 24.136 24.142 24.147 24.151 24.152 24.149 24.141 24.128 24.109 24.086 24.059 24.028 23.995 23.959 23.923 23.887 23.851 23.818 23.787 23.759 23.734 23.711 23.691 23.672 23.656 23.640 23.626 23.612 23.598 23.584 23.571 23.558 23.548 23.540 23.538 23.544 23.559 23.586 23.626 23.679 23.743 23.818 23.901 23.987 24.073 24.153 24.222
