Examples/2023_ISeeSnow/data/CoulombOnly/Results/curv77s/s/1HS_03_curv77s_MoT-Voellmy_s_0058.asc
ncols        124
nrows        59
xllcorner    3567.5
yllcorner    -4397.5
cellsize     5.00
NODATA_value -9999
[rows 0 to 31 of 59, columns 0 to 71 of 124]
0.000 0.000 0.000 0.000 0.000 0.000 0.000 0.000 0.000 0.000 0.000 0.000 0.000 0.000 0.000 0.000 0.000 0.000 0.000 0.000 0.000 0.000 0.000 0.000 0.000 0.000 0.000 0.000 0.000 0.000 0.000 0.000 0.000 0.000 0.000 0.000 0.000 0.002 0.006 0.011 0.024 0.063 0.141 0.279 0.504 0.845 1.331 1.990 2.836 3.866 5.067 6.420 7.898 9.473 11.115 12.749 14.260 15.592 16.735 17.672 18.376 18.820 18.975 18.814 18.317 17.474 16.300 14.838 13.154 11.336 9.466 7.619
0.000 0.000 0.000 0.000 0.000 0.000 0.000 0.000 0.000 0.000 0.000 0.000 0.000 0.000 0.000 0.000 0.000 0.000 0.000 0.000 0.000 0.000 0.000 0.000 0.000 0.000 0.000 0.000 0.001 0.003 0.010 0.010 0.020 0.072 0.186 0.396 0.742 1.272 2.030 3.051 4.352 5.926 7.746 9.769 11.941 14.213 16.541 18.890 21.215 23.437 25.531 27.495 29.339 31.073 32.707 33.495 34.138 34.531 34.800 34.997 35.129 35.204 35.234 35.228 35.193 35.134 35.056 34.961 34.852 34.730 34.600 34.461
0.000 0.000 0.000 0.000 0.000 0.000 0.000 0.000 0.000 0.000 0.000 0.000 0.000 0.000 0.000 0.000 0.000 0.000 0.000 0.000 0.001 0.004 0.010 0.010 0.009 0.021 0.125 0.328 0.679 1.224 2.006 3.046 4.343 5.868 7.577 9.415 11.329 13.269 15.200 17.096 18.946 20.779 22.606 24.395 26.074 27.628 29.072 30.429 32.210 33.517 34.465 35.149 35.642 35.997 36.249 36.424 36.538 36.602 36.625 36.615 36.576 36.514 36.433 36.336 36.225 36.104 35.974 35.836 35.692 35.544 35.392 35.238
0.000 0.000 0.000 0.000 0.000 0.000 0.000 0.000 0.000 0.000 0.000 0.000 0.001 0.004 0.009 0.009 0.009 0.009 0.008 0.174 0.485 0.992 1.733 2.723 3.944 5.359 6.916 8.558 10.234 11.891 13.487 14.984 16.356 17.602 18.758 19.870 20.965 22.032 23.056 24.092 25.147 26.431 28.343 31.240 33.217 34.563 35.522 36.221 36.733 37.108 37.378 37.567 37.690 37.761 37.790 37.782 37.746 37.684 37.602 37.502 37.387 37.260 37.123 36.977 36.824 36.665 36.502 36.335 36.166 35.996 35.824 35.652
0.000 0.000 0.000 0.000 0.001 0.003 0.010 0.009 0.008 0.007 0.009 0.009 0.252 0.711 1.409 2.353 3.520 4.867 6.342 7.888 9.453 10.989 12.450 13.798 15.001 16.036 16.906 17.640 18.270 18.821 19.300 19.705 20.041 20.351 20.757 21.438 22.634 24.396 26.714 30.494 33.177 34.936 36.117 36.946 37.545 37.983 38.302 38.530 38.686 38.784 38.835 38.847 38.826 38.777 38.704 38.611 38.501 38.376 38.238 38.089 37.930 37.764 37.591 37.412 37.230 37.044 36.856 36.666 36.476 36.286 36.096 35.908
0.009 0.008 0.011 0.006 0.015 0.432 1.096 2.010 3.149 4.465 5.905 7.415 8.941 10.437 11.859 13.168 14.331 15.319 16.122 16.749 17.228 17.589 17.854 18.031 18.117 18.112 18.036 17.958 17.982 18.201 18.676 19.442 20.518 21.966 23.934 26.416 30.091 33.951 35.933 37.172 38.004 38.588 39.008 39.312 39.529 39.677 39.769 39.817 39.827 39.805 39.756 39.683 39.590 39.478 39.351 39.209 39.056 38.891 38.717 38.535 38.346 38.152 37.952 37.748 37.542 37.333 37.123 36.913 36.703 36.495 36.287 36.082
2.836 4.152 5.592 7.105 8.639 10.143 11.575 12.895 14.069 15.068 15.873 16.484 16.918 17.204 17.372 17.442 17.424 17.318 17.125 16.867 16.596 16.383 16.294 16.366 16.606 17.006 17.549 18.230 19.058 20.065 21.313 22.941 25.146 28.022 33.103 36.076 37.719 38.721 39.385 39.846 40.174 40.407 40.567 40.671 40.729 40.748 40.736 40.696 40.631 40.546 40.441 40.320 40.183 40.033 39.871 39.698 39.514 39.322 39.121 38.914 38.701 38.482 38.260 38.034 37.806 37.577 37.346 37.117 36.887 36.660 36.435 36.212
13.987 15.138 15.980 16.607 17.035 17.290 17.404 17.403 17.309 17.129 16.866 16.530 16.145 15.759 15.430 15.205 15.115 15.162 15.336 15.616 15.982 16.419 16.918 17.477 18.104 18.814 19.636 20.622 21.850 23.483 25.768 28.925 34.551 37.461 38.978 39.884 40.475 40.879 41.161 41.357 41.489 41.570 41.610 41.616 41.593 41.545 41.474 41.383 41.275 41.151 41.012 40.859 40.694 40.517 40.330 40.132 39.926 39.711 39.489 39.260 39.025 38.786 38.542 38.296 38.047 37.797 37.547 37.297 37.048 36.802 36.558 36.317
17.259 17.309 16.995 16.584 16.112 15.614 15.137 14.730 14.430 14.258 14.212 14.281 14.443 14.680 14.972 15.308 15.679 16.080 16.510 16.971 17.466 18.003 18.594 19.258 20.024 20.942 22.093 23.630 25.852 29.036 35.180 38.320 39.893 40.800 41.376 41.763 42.029 42.211 42.332 42.404 42.438 42.440 42.414 42.364 42.294 42.204 42.098 41.975 41.839 41.688 41.525 41.350 41.163 40.966 40.758 40.541 40.315 40.081 39.839 39.591 39.336 39.077 38.813 38.546 38.277 38.007 37.736 37.466 37.197 36.931 36.667 36.408
13.721 13.775 13.587 13.494 13.507 13.606 13.774 13.992 14.248 14.532 14.837 15.159 15.497 15.850 16.220 16.607 17.015 17.447 17.908 18.407 18.953 19.563 20.264 21.097 22.137 23.512 25.528 28.479 35.044 38.714 40.527 41.522 42.134 42.535 42.807 42.992 43.114 43.188 43.224 43.228 43.206 43.160 43.094 43.010 42.909 42.793 42.662 42.517 42.360 42.190 42.008 41.815 41.611 41.396 41.172 40.937 40.694 40.442 40.182 39.915 39.642 39.363 39.080 38.793 38.504 38.213 37.921 37.631 37.341 37.055 36.771 36.492
12.727 13.420 13.696 13.951 14.216 14.491 14.776 15.070 15.373 15.685 16.006 16.340 16.686 17.048 17.428 17.829 18.256 18.715 19.216 19.774 20.407 21.153 22.069 23.261 24.952 27.521 32.239 38.502 40.865 42.061 42.764 43.212 43.510 43.712 43.847 43.930 43.975 43.987 43.972 43.935 43.877 43.800 43.708 43.600 43.477 43.341 43.192 43.030 42.857 42.671 42.474 42.266 42.046 41.816 41.576 41.326 41.066 40.797 40.521 40.236 39.945 39.647 39.345 39.039 38.730 38.419 38.107 37.796 37.486 37.178 36.874 36.575
13.526 14.410 14.741 15.017 15.290 15.568 15.853 16.145 16.447 16.759 17.082 17.419 17.772 18.144 18.539 18.963 19.422 19.929 20.501 21.162 21.959 22.968 24.345 26.442 29.776 37.239 40.767 42.383 43.259 43.794 44.143 44.377 44.533 44.634 44.693 44.717 44.714 44.687 44.640 44.574 44.491 44.393 44.281 44.155 44.016 43.864 43.700 43.525 43.337 43.138 42.927 42.705 42.472 42.228 41.973 41.708 41.433 41.148 40.855 40.554 40.245 39.930 39.609 39.284 38.956 38.625 38.294 37.962 37.632 37.304 36.980 36.660
14.338 15.373 15.735 16.012 16.281 16.555 16.837 17.128 17.429 17.744 18.072 18.418 18.785 19.175 19.596 20.057 20.571 21.157 21.849 22.701 23.813 25.404 27.941 32.887 39.896 42.379 43.580 44.268 44.699 44.984 45.175 45.301 45.379 45.421 45.432 45.418 45.383 45.329 45.258 45.171 45.070 44.955 44.827 44.686 44.533 44.368 44.192 44.003 43.803 43.591 43.368 43.133 42.886 42.629 42.360 42.081 41.792 41.492 41.184 40.866 40.541 40.209 39.871 39.528 39.181 38.832 38.481 38.131 37.781 37.434 37.090 36.751
15.064 16.250 16.649 16.933 17.201 17.473 17.754 18.047 18.354 18.674 19.012 19.373 19.760 20.180 20.642 21.162 21.761 22.481 23.388 24.612 26.452 29.510 37.587 41.756 43.630 44.595 45.164 45.527 45.768 45.930 46.034 46.097 46.126 46.128 46.106 46.065 46.007 45.932 45.842 45.739 45.622 45.493 45.352 45.198 45.033 44.855 44.667 44.466 44.254 44.030 43.794 43.547 43.288 43.018 42.736 42.444 42.140 41.827 41.503 41.171 40.830 40.482 40.128 39.768 39.404 39.037 38.669 38.300 37.932 37.567 37.204 36.846
15.725 17.065 17.513 17.809 18.079 18.353 18.637 18.935 19.248 19.580 19.933 20.315 20.732 21.196 21.721 22.335 23.081 24.037 25.367 27.467 31.214 39.665 43.171 44.690 45.500 45.990 46.306 46.517 46.657 46.746 46.796 46.816 46.811 46.784 46.739 46.676 46.599 46.507 46.401 46.283 46.153 46.011 45.857 45.691 45.513 45.325 45.124 44.912 44.688 44.452 44.205 43.946 43.675 43.392 43.098 42.792 42.476 42.149 41.811 41.465 41.109 40.746 40.376 40.000 39.620 39.237 38.853 38.467 38.083 37.701 37.322 36.947
16.345 17.846 18.354 18.670 18.947 19.224 19.513 19.816 20.138 20.482 20.856 21.270 21.733 22.263 22.885 23.650 24.657 26.097 28.454 33.102 41.479 44.346 45.628 46.338 46.773 47.056 47.245 47.368 47.446 47.487 47.499 47.488 47.456 47.406 47.341 47.260 47.166 47.058 46.939 46.807 46.664 46.509 46.342 46.165 45.975 45.775 45.563 45.339 45.103 44.856 44.597 44.326 44.044 43.749 43.443 43.125 42.796 42.455 42.105 41.744 41.375 40.997 40.613 40.223 39.828 39.430 39.031 38.631 38.231 37.835 37.441 37.052
16.938 18.612 19.193 19.537 19.825 20.107 20.399 20.711 21.047 21.411 21.816 22.273 22.796 23.424 24.208 25.244 26.777 29.371 35.313 42.976 45.356 46.498 47.138 47.534 47.792 47.963 48.074 48.141 48.174 48.180 48.163 48.126 48.072 48.002 47.918 47.821 47.711 47.589 47.456 47.310 47.154 46.987 46.808 46.618 46.417 46.205 45.981 45.746 45.499 45.241 44.971 44.688 44.394 44.088 43.769 43.439 43.097 42.744 42.381 42.007 41.624 41.233 40.835 40.431 40.023 39.612 39.199 38.786 38.375 37.966 37.560 37.159
17.513 19.370 20.042 20.425 20.728 21.017 21.317 21.638 21.990 22.381 22.825 23.343 23.963 24.750 25.807 27.410 30.189 37.801 44.142 46.281 47.325 47.917 48.285 48.524 48.682 48.782 48.841 48.866 48.865 48.842 48.799 48.740 48.665 48.577 48.475 48.362 48.236 48.100 47.952 47.794 47.624 47.444 47.253 47.052 46.839 46.615 46.380 46.134 45.876 45.606 45.324 45.031 44.725 44.407 44.076 43.734 43.379 43.014 42.637 42.250 41.854 41.450 41.039 40.622 40.202 39.779 39.355 38.931 38.510 38.092 37.677 37.268
18.062 20.110 20.888 21.326 21.654 21.957 22.268 22.602 22.975 23.398 23.899 24.504 25.279 26.340 27.958 30.917 39.899 45.103 47.135 48.125 48.687 49.036 49.262 49.409 49.500 49.550 49.568 49.560 49.529 49.480 49.414 49.333 49.238 49.131 49.012 48.882 48.741 48.590 48.428 48.256 48.074 47.882 47.679 47.466 47.242 47.007 46.761 46.503 46.234 45.953 45.660 45.354 45.036 44.706 44.363 44.008 43.640 43.261 42.871 42.471 42.061 41.644 41.221 40.792 40.361 39.928 39.495 39.063 38.635 38.210 37.791 37.377
18.573 20.807 21.703 22.212 22.581 22.907 23.236 23.593 23.993 24.465 25.043 25.781 26.801 28.395 31.363 40.848 45.908 47.926 48.902 49.454 49.794 50.011 50.150 50.234 50.276 50.285 50.268 50.229 50.172 50.097 50.008 49.905 49.790 49.664 49.528 49.381 49.224 49.058 48.883 48.698 48.504 48.300 48.086 47.862 47.627 47.382 47.125 46.857 46.576 46.284 45.979 45.661 45.330 44.987 44.630 44.260 43.878 43.485 43.080 42.666 42.242 41.812 41.377 40.938 40.497 40.056 39.616 39.180 38.747 38.321 37.900 37.485
19.034 21.437 22.454 23.047 23.471 23.834 24.192 24.580 25.023 25.554 26.230 27.170 28.631 31.375 39.798 46.442 48.609 49.635 50.204 50.550 50.768 50.904 50.982 51.018 51.019 50.993 50.945 50.876 50.791 50.691 50.578 50.453 50.318 50.173 50.018 49.855 49.684 49.505 49.317 49.121 48.916 48.702 48.479 48.246 48.002 47.747 47.481 47.202 46.911 46.606 46.288 45.956 45.610 45.251 44.878 44.491 44.093 43.682 43.261 42.831 42.394 41.951 41.504 41.056 40.607 40.161 39.718 39.280 38.847 38.422 38.003 37.592
19.442 21.990 23.119 23.797 24.286 24.702 25.103 25.527 26.015 26.617 27.426 28.641 30.824 36.560 46.180 49.023 50.241 50.890 51.273 51.510 51.653 51.733 51.765 51.761 51.727 51.668 51.588 51.490 51.377 51.252 51.114 50.967 50.812 50.648 50.478 50.301 50.118 49.928 49.732 49.529 49.319 49.100 48.872 48.634 48.384 48.122 47.848 47.559 47.256 46.938 46.604 46.255 45.890 45.510 45.115 44.707 44.286 43.854 43.412 42.964 42.510 42.053 41.595 41.138 40.685 40.235 39.792 39.356 38.928 38.507 38.096 37.692
19.810 22.495 23.735 24.503 25.059 25.523 25.957 26.411 26.933 27.587 28.492 29.948 32.984 43.755 48.568 50.457 51.356 51.856 52.155 52.334 52.434 52.476 52.473 52.435 52.369 52.278 52.168 52.042 51.901 51.750 51.591 51.424 51.252 51.076 50.896 50.713 50.527 50.337 50.143 49.943 49.736 49.520 49.293 49.054 48.800 48.530 48.243 47.939 47.618 47.281 46.928 46.560 46.175 45.775 45.361 44.934 44.494 44.045 43.586 43.122 42.653 42.183 41.713 41.247 40.785 40.330 39.884 39.447 39.019 38.601 38.194 37.795
20.161 23.002 24.373 25.250 25.892 26.413 26.880 27.345 27.847 28.440 29.257 30.592 33.375 43.991 48.996 50.978 51.914 52.431 52.736 52.912 53.002 53.029 53.007 52.946 52.855 52.738 52.602 52.451 52.289 52.121 51.950 51.778 51.608 51.442 51.279 51.120 50.963 50.808 50.653 50.494 50.329 50.154 49.965 49.757 49.525 49.263 48.967 48.628 48.244 47.815 47.348 46.854 46.347 45.833 45.315 44.798 44.286 43.781 43.286 42.804 42.337 41.886 41.454 41.040 40.644 40.264 39.901 39.550 39.211 38.880 38.554 38.230
20.347 23.392 24.923 25.919 26.639 27.202 27.676 28.095 28.500 28.931 29.447 30.184 31.403 34.140 44.333 49.014 50.920 51.893 52.448 52.766 52.938 53.011 53.014 52.963 52.873 52.753 52.614 52.465 52.316 52.174 52.048 51.941 51.851 51.769 51.690 51.614 51.542 51.473 51.409 51.349 51.293 51.241 51.193 51.149 51.109 51.066 50.962 50.512 49.511 48.133 46.767 45.657 44.903 44.416 44.048 43.721 43.403 43.087 42.773 42.463 42.162 41.872 41.599 41.343 41.106 40.886 40.682 40.489 40.306 40.127 39.948 39.765
19.978 22.808 24.144 24.956 25.494 25.875 26.160 26.387 26.580 26.773 26.989 27.252 27.609 28.101 28.846 30.021 32.248 38.330 47.083 49.241 50.182 50.663 50.916 51.017 51.000 50.884 50.691 50.445 50.170 49.883 49.595 49.308 49.023 48.736 48.446 48.152 47.856 47.558 47.262 46.968 46.678 46.394 46.115 45.844 45.580 45.325 45.078 44.841 44.612 44.391 44.176 43.967 43.764 43.566 43.372 43.182 42.995 42.811 42.629 42.449 42.270 42.092 41.914 41.735 41.554 41.371 41.183 40.991 40.793 40.590 40.381 40.166
20.225 21.150 21.174 21.000 20.782 20.585 20.449 20.399 20.443 20.588 20.840 21.212 21.738 22.485 23.559 25.055 26.990 29.292 31.799 34.269 36.417 37.968 38.748 38.746 38.119 37.098 35.872 34.531 33.084 31.499 29.737 27.983 27.433 30.588 39.732 43.751 45.329 46.012 46.323 46.454 46.493 46.482 46.446 46.404 46.369 46.356 46.372 46.388 46.367 46.279 46.110 45.866 45.574 45.257 44.921 44.029 42.626 40.796 38.844 36.881 35.022 33.473 32.726 32.894 33.937 35.948 40.169 40.859 40.711 40.486 40.253 40.013
24.085 31.389 45.270 49.786 51.478 52.347 52.882 53.240 53.487 53.655 53.763 53.823 53.843 53.830 53.789 53.724 53.637 53.531 53.407 53.267 53.114 52.946 52.766 52.573 52.368 52.150 51.919 51.674 51.416 51.146 50.862 50.566 50.259 49.943 49.619 49.289 48.955 48.621 48.287 47.957 47.632 47.313 47.003 46.703 46.413 46.135 45.869 45.614 45.371 45.138 44.915 44.700 44.493 44.292 44.098 43.909 43.725 43.544 43.365 43.186 43.005 42.821 42.631 42.433 42.226 42.009 41.779 41.536 41.279 41.007 40.720 40.419
39.280 41.121 41.941 42.198 42.020 41.373 40.116 38.116 35.405 32.278 29.209 26.622 24.715 23.448 22.662 22.187 21.887 21.669 21.479 21.279 21.045 20.766 20.449 20.129 19.867 19.721 19.722 19.875 20.167 20.585 21.136 21.857 22.877 24.544 26.987 30.179 35.377 42.011 44.206 45.081 45.431 45.535 45.511 45.412 45.265 45.080 44.863 44.613 44.331 44.037 43.936 45.704 46.250 43.565 40.514 38.280 37.220 39.566 41.170 41.810 42.002 41.999 41.909 41.777 41.622 41.452 41.268 41.071 40.861 40.636 40.398 40.146
34.249 53.462 56.957 58.120 58.681 58.971 59.110 59.149 59.114 59.019 58.874 58.687 58.462 58.205 57.919 57.610 57.280 56.934 56.574 56.205 55.828 55.447 55.063 54.679 54.297 53.917 53.542 53.171 52.807 52.448 52.095 51.749 51.409 51.075 50.746 50.423 50.104 49.790 49.480 49.173 48.870 48.569 48.271 47.975 47.681 47.388 47.096 46.806 46.516 46.227 45.939 45.651 45.363 45.075 44.787 44.499 44.211 43.921 43.631 43.340 43.048 42.756 42.462 42.167 41.871 41.574 41.277 40.980 40.682 40.385 40.089 39.793
39.067 40.866 41.652 41.897 41.731 41.123 39.924 37.991 35.341 32.256 29.210 26.630 24.721 23.451 22.663 22.187 21.886 21.668 21.476 21.274 21.038 20.756 20.439 20.123 19.868 19.730 19.739 19.898 20.191 20.609 21.158 21.876 22.899 24.576 27.025 30.222 35.463 42.053 44.226 45.097 45.445 45.548 45.524 45.426 45.279 45.095 44.878 44.627 44.344 44.052 44.034 46.565 46.576 43.566 40.334 37.892 36.662 38.382 40.785 41.636 41.927 41.968 41.897 41.773 41.621 41.452 41.269 41.073 40.863 40.639 40.401 40.149
24.086 31.392 45.270 49.784 51.475 52.344 52.879 53.237 53.484 53.653 53.761 53.821 53.841 53.828 53.787 53.722 53.635 53.529 53.405 53.266 53.112 52.944 52.764 52.571 52.366 52.148 51.916 51.672 51.414 51.143 50.859 50.564 50.257 49.940 49.616 49.286 48.953 48.618 48.285 47.954 47.629 47.311 47.001 46.701 46.411 46.133 45.867 45.613 45.370 45.137 44.914 44.700 44.493 44.292 44.097 43.908 43.724 43.543 43.365 43.186 43.006 42.821 42.632 42.434 42.228 42.011 41.781 41.538 41.281 41.009 40.722 40.421
