Examples/2023_ISeeSnow/data/CoulombOnly/Results/curv77s/s/1HS_03_curv77s_MoT-Voellmy_s_0044.asc
ncols        191
nrows        21
xllcorner    2497.5
yllcorner    -4302.5
cellsize     5.00
NODATA_value -9999
[rows 0 to 20 of 21, columns 73 to 145 of 191]
0.000 0.000 0.001 0.003 0.014 0.041 0.094 0.188 0.338 0.565 0.891 1.336 1.925 2.676 3.610 4.739 6.075 7.621 9.336 11.148 13.006 14.877 16.727 18.527 20.253 21.879 23.381 24.737 25.927 26.933 27.742 28.341 28.723 28.883 28.820 28.535 28.038 27.340 26.456 25.405 24.209 22.892 21.479 19.995 18.464 16.909 15.352 13.812 12.304 10.844 9.442 8.116 6.911 5.809 4.802 3.881 3.035 2.253 1.527 0.853 0.374 0.172 0.095 0.054 0.030 0.016 0.009 0.004 0.002 0.001 0.000 0.000 0.000
5.201 7.708 10.880 14.715 19.175 24.172 29.518 35.023 40.551 45.999 51.288 56.371 61.224 65.841 70.231 74.411 78.401 82.226 84.633 86.578 88.197 89.495 90.501 91.293 91.944 92.497 92.969 93.374 93.722 94.025 94.291 94.525 94.733 94.918 95.084 95.233 95.368 95.489 95.599 95.699 95.789 95.870 95.942 96.005 96.060 96.106 96.144 96.174 96.196 96.210 96.219 96.153 95.697 95.197 94.741 94.350 94.019 93.706 93.354 92.922 70.114 47.350 37.340 30.905 25.661 21.205 17.377 14.073 11.221 8.766 6.661 4.867 3.349
57.169 59.475 61.547 63.570 66.192 71.116 78.162 82.590 85.565 87.694 89.250 90.409 91.291 91.978 92.524 92.966 93.331 93.639 93.904 94.136 94.342 94.528 94.698 94.854 95.000 95.136 95.265 95.387 95.503 95.614 95.721 95.824 95.923 96.018 96.111 96.200 96.287 96.371 96.453 96.533 96.610 96.685 96.758 96.829 96.897 96.963 97.026 97.086 97.144 97.198 97.248 97.220 96.786 96.292 95.799 95.307 94.816 94.326 93.838 93.351 92.868 92.388 91.914 91.446 90.986 90.534 90.090 89.653 89.223 88.798 88.376 87.967 87.573
87.620 89.449 90.684 91.545 92.166 92.628 92.983 93.266 93.497 93.693 93.863 94.014 94.151 94.279 94.398 94.511 94.621 94.726 94.830 94.931 95.031 95.130 95.227 95.325 95.421 95.517 95.612 95.707 95.802 95.896 95.989 96.081 96.173 96.263 96.353 96.442 96.530 96.616 96.702 96.786 96.869 96.951 97.031 97.109 97.186 97.261 97.334 97.405 97.474 97.540 97.601 97.572 97.130 96.637 96.147 95.656 95.166 94.677 94.188 93.700 93.212 92.726 92.241 91.758 91.277 90.797 90.320 89.846 89.375 88.907 88.445 87.987 87.536
93.414 93.544 93.652 93.747 93.834 93.916 93.997 94.077 94.158 94.239 94.322 94.406 94.492 94.578 94.666 94.754 94.844 94.935 95.026 95.118 95.211 95.305 95.399 95.493 95.589 95.684 95.780 95.876 95.972 96.068 96.164 96.259 96.354 96.449 96.544 96.637 96.730 96.822 96.913 97.002 97.091 97.178 97.264 97.349 97.432 97.513 97.592 97.669 97.744 97.817 97.882 97.841 97.379 96.883 96.393 95.902 95.411 94.921 94.430 93.940 93.450 92.960 92.470 91.981 91.491 91.002 90.514 90.025 89.538 89.051 88.565 88.081 87.598
93.570 93.655 93.741 93.827 93.914 94.003 94.093 94.183 94.276 94.369 94.463 94.558 94.654 94.751 94.849 94.947 95.046 95.145 95.244 95.344 95.444 95.545 95.645 95.746 95.847 95.948 96.048 96.149 96.249 96.349 96.449 96.548 96.646 96.744 96.841 96.937 97.033 97.127 97.220 97.313 97.404 97.494 97.582 97.669 97.755 97.839 97.921 98.001 98.079 98.156 98.222 98.165 97.684 97.183 96.691 96.199 95.708 95.217 94.727 94.236 93.745 93.254 92.761 92.268 91.773 91.276 90.778 90.278 89.776 89.272 88.766 88.258 87.748
93.848 93.945 94.044 94.143 94.243 94.344 94.445 94.547 94.649 94.751 94.854 94.956 95.059 95.162 95.265 95.368 95.471 95.573 95.676 95.778 95.880 95.983 96.084 96.186 96.287 96.387 96.488 96.588 96.687 96.785 96.883 96.981 97.077 97.173 97.269 97.363 97.457 97.549 97.641 97.733 97.823 97.912 98.001 98.088 98.174 98.259 98.343 98.425 98.505 98.584 98.648 98.568 98.069 97.578 97.100 96.621 96.142 95.662 95.180 94.695 94.209 93.719 93.227 92.731 92.232 91.729 91.222 90.710 90.194 89.673 89.146 88.613 88.074
94.347 94.457 94.567 94.679 94.791 94.904 95.017 95.130 95.244 95.358 95.471 95.585 95.698 95.812 95.924 96.036 96.147 96.258 96.368 96.477 96.584 96.691 96.797 96.901 97.005 97.107 97.208 97.308 97.406 97.504 97.600 97.695 97.789 97.881 97.973 98.064 98.153 98.242 98.329 98.416 98.501 98.584 98.667 98.747 98.827 98.904 98.980 99.054 99.126 99.196 99.253 99.169 98.664 98.161 97.668 97.174 96.678 96.180 95.680 95.177 94.672 94.165 93.655 93.143 92.629 92.112 91.593 91.071 90.547 90.019 89.487 88.950 88.407
95.173 95.265 95.358 95.451 95.545 95.639 95.734 95.830 95.926 96.022 96.119 96.216 96.313 96.411 96.508 96.606 96.704 96.801 96.898 96.995 97.091 97.187 97.283 97.378 97.472 97.566 97.658 97.750 97.841 97.931 98.019 98.107 98.193 98.278 98.362 98.444 98.525 98.605 98.683 98.760 98.836 98.910 98.983 99.054 99.124 99.193 99.260 99.325 99.389 99.452 99.498 99.389 98.846 98.312 97.785 97.250 96.709 96.161 95.608 95.050 94.488 93.923 93.356 92.789 92.222 91.658 91.099 90.545 89.998 89.458 88.928 88.406 87.892
95.361 95.457 95.553 95.648 95.743 95.839 95.933 96.028 96.122 96.215 96.309 96.401 96.494 96.586 96.677 96.769 96.859 96.950 97.040 97.129 97.219 97.307 97.396 97.484 97.571 97.659 97.745 97.832 97.918 98.003 98.088 98.173 98.257 98.341 98.425 98.508 98.591 98.673 98.755 98.836 98.917 98.998 99.077 99.156 99.234 99.312 99.388 99.463 99.536 99.608 99.671 99.612 99.115 98.593 98.077 97.561 97.047 96.534 96.022 95.512 95.005 94.499 93.996 93.495 92.995 92.498 92.001 91.506 91.010 90.515 90.018 89.518 89.015
96.129 96.219 96.309 96.400 96.491 96.582 96.674 96.766 96.858 96.950 97.042 97.134 97.226 97.318 97.409 97.501 97.591 97.682 97.771 97.861 97.949 98.037 98.125 98.211 98.297 98.382 98.466 98.549 98.632 98.713 98.794 98.874 98.953 99.031 99.108 99.185 99.260 99.335 99.409 99.483 99.556 99.628 99.700 99.771 99.841 99.911 99.981 100.050 100.119 100.187 100.229 100.053 99.442 98.910 98.402 97.893 97.383 96.873 96.361 95.848 95.334 94.818 94.300 93.781 93.260 92.737 92.212 91.685 91.156 90.625 90.091 89.555 89.016
95.362 95.457 95.553 95.648 95.744 95.839 95.933 96.028 96.122 96.216 96.309 96.402 96.494 96.586 96.678 96.769 96.860 96.950 97.040 97.130 97.219 97.308 97.396 97.484 97.571 97.659 97.745 97.832 97.918 98.003 98.088 98.173 98.257 98.341 98.425 98.508 98.591 98.673 98.755 98.836 98.917 98.997 99.077 99.156 99.234 99.311 99.388 99.462 99.536 99.608 99.671 99.612 99.115 98.593 98.077 97.561 97.047 96.534 96.022 95.512 95.005 94.499 93.996 93.495 92.996 92.498 92.002 91.507 91.011 90.516 90.018 89.519 89.016
95.173 95.265 95.358 95.451 95.545 95.639 95.734 95.830 95.926 96.022 96.119 96.216 96.313 96.411 96.508 96.606 96.704 96.801 96.898 96.995 97.092 97.188 97.283 97.378 97.472 97.566 97.658 97.750 97.841 97.931 98.019 98.107 98.193 98.278 98.362 98.444 98.525 98.605 98.683 98.760 98.835 98.910 98.982 99.054 99.124 99.193 99.260 99.325 99.389 99.452 99.498 99.389 98.846 98.312 97.785 97.250 96.709 96.161 95.608 95.050 94.488 93.923 93.356 92.789 92.222 91.659 91.099 90.545 89.998 89.459 88.928 88.406 87.892
94.346 94.456 94.567 94.679 94.791 94.904 95.017 95.130 95.244 95.358 95.471 95.585 95.698 95.811 95.924 96.036 96.147 96.258 96.368 96.477 96.584 96.691 96.797 96.901 97.005 97.107 97.208 97.307 97.406 97.503 97.599 97.695 97.788 97.881 97.973 98.064 98.153 98.242 98.329 98.416 98.501 98.584 98.667 98.747 98.827 98.904 98.980 99.054 99.126 99.196 99.253 99.169 98.665 98.161 97.668 97.174 96.678 96.180 95.680 95.177 94.672 94.165 93.655 93.143 92.629 92.112 91.593 91.071 90.546 90.019 89.487 88.950 88.406
93.847 93.945 94.043 94.142 94.242 94.343 94.444 94.546 94.648 94.750 94.853 94.956 95.058 95.161 95.264 95.367 95.470 95.573 95.675 95.778 95.880 95.982 96.084 96.185 96.286 96.387 96.487 96.587 96.686 96.785 96.883 96.980 97.077 97.173 97.268 97.363 97.456 97.549 97.641 97.732 97.823 97.912 98.000 98.088 98.174 98.259 98.342 98.424 98.505 98.584 98.648 98.567 98.068 97.578 97.100 96.621 96.142 95.662 95.179 94.695 94.209 93.719 93.227 92.731 92.232 91.729 91.222 90.710 90.194 89.672 89.146 88.613 88.074
93.569 93.655 93.740 93.827 93.914 94.002 94.092 94.183 94.275 94.368 94.463 94.558 94.654 94.751 94.848 94.946 95.045 95.144 95.244 95.344 95.444 95.544 95.645 95.746 95.846 95.947 96.048 96.149 96.249 96.349 96.448 96.548 96.646 96.744 96.841 96.937 97.032 97.127 97.220 97.312 97.403 97.493 97.582 97.669 97.754 97.838 97.920 98.001 98.079 98.155 98.221 98.165 97.683 97.183 96.690 96.199 95.708 95.217 94.727 94.236 93.745 93.253 92.761 92.267 91.772 91.276 90.778 90.278 89.776 89.272 88.766 88.258 87.748
93.412 93.542 93.651 93.746 93.833 93.916 93.996 94.076 94.157 94.239 94.322 94.406 94.491 94.578 94.665 94.754 94.844 94.934 95.026 95.118 95.211 95.304 95.398 95.493 95.588 95.684 95.779 95.875 95.971 96.067 96.163 96.259 96.354 96.449 96.543 96.637 96.730 96.821 96.912 97.002 97.091 97.178 97.264 97.348 97.431 97.512 97.591 97.669 97.744 97.816 97.881 97.840 97.379 96.883 96.392 95.901 95.411 94.920 94.430 93.939 93.449 92.960 92.470 91.980 91.491 91.002 90.513 90.025 89.537 89.050 88.565 88.080 87.598
87.598 89.433 90.673 91.537 92.160 92.624 92.980 93.263 93.495 93.691 93.862 94.013 94.151 94.278 94.397 94.511 94.620 94.726 94.829 94.931 95.031 95.129 95.227 95.324 95.421 95.517 95.612 95.707 95.801 95.895 95.988 96.081 96.172 96.263 96.353 96.442 96.529 96.616 96.701 96.786 96.869 96.950 97.030 97.109 97.186 97.261 97.334 97.405 97.473 97.539 97.600 97.572 97.129 96.636 96.146 95.656 95.166 94.676 94.187 93.699 93.212 92.725 92.241 91.757 91.276 90.797 90.320 89.845 89.374 88.907 88.444 87.987 87.536
57.151 59.471 61.552 63.576 66.173 71.015 78.070 82.538 85.531 87.668 89.230 90.393 91.279 91.968 92.516 92.960 93.327 93.636 93.901 94.133 94.340 94.526 94.696 94.853 94.998 95.135 95.263 95.385 95.502 95.613 95.720 95.823 95.922 96.017 96.110 96.199 96.286 96.370 96.452 96.532 96.609 96.684 96.757 96.828 96.896 96.962 97.025 97.085 97.142 97.197 97.247 97.219 96.785 96.291 95.798 95.306 94.815 94.325 93.836 93.350 92.866 92.387 91.913 91.445 90.985 90.533 90.089 89.652 89.222 88.797 88.376 87.966 87.574
5.144 7.633 10.787 14.604 19.048 24.031 29.370 34.872 40.401 45.851 51.147 56.237 61.098 65.723 70.122 74.310 78.308 82.141 84.566 86.542 88.184 89.485 90.486 91.275 91.929 92.484 92.959 93.365 93.715 94.019 94.284 94.519 94.727 94.912 95.079 95.229 95.363 95.485 95.596 95.696 95.786 95.867 95.939 96.002 96.057 96.103 96.141 96.170 96.192 96.206 96.214 96.147 95.691 95.190 94.733 94.341 94.009 93.695 93.345 92.915 69.459 47.039 37.203 30.810 25.587 21.147 17.330 14.035 11.190 8.741 6.641 4.851 3.335
0.000 0.000 0.001 0.003 0.013 0.040 0.092 0.184 0.332 0.557 0.878 1.318 1.901 2.645 3.570 4.690 6.015 7.550 9.254 11.058 12.909 14.771 16.612 18.405 20.125 21.745 23.243 24.594 25.779 26.782 27.589 28.187 28.568 28.728 28.666 28.384 27.890 27.196 26.317 25.272 24.082 22.772 21.367 19.890 18.367 16.820 15.271 13.738 12.237 10.784 9.388 8.069 6.869 5.772 4.769 3.853 3.011 2.232 1.509 0.838 0.367 0.170 0.094 0.053 0.030 0.016 0.008 0.004 0.002 0.001 0.000 0.000 0.000
