Examples/2023_ISeeSnow/data/CoulombOnly/Results/curv77s/s/1HS_03_curv77s_MoT-Voellmy_s_0052.asc
ncols        166
nrows        45
xllcorner    3132.5
yllcorner    -4362.5
cellsize     5.00
NODATA_value -9999
[rows 0 to 31 of 45, columns 0 to 71 of 166]
0.000 0.000 0.000 0.000 0.000 0.000 0.000 0.000 0.000 0.000 0.000 0.000 0.000 0.000 0.000 0.000 0.000 0.000 0.000 0.000 0.000 0.000 0.000 0.000 0.000 0.000 0.000 0.000 0.000 0.000 0.000 0.000 0.000 0.000 0.000 0.000 0.000 0.000 0.000 0.000 0.000 0.000 0.000 0.000 0.000 0.000 0.000 0.000 0.000 0.000 0.000 0.000 0.000 0.000 0.000 0.000 0.000 0.000 0.000 0.000 0.000 0.000 0.000 0.000 0.000 0.000 0.000 0.000 0.000 0.000 0.000 0.000
0.000 0.000 0.000 0.000 0.000 0.000 0.000 0.000 0.000 0.000 0.000 0.000 0.000 0.000 0.000 0.000 0.000 0.000 0.000 0.000 0.000 0.000 0.000 0.000 0.000 0.000 0.000 0.000 0.000 0.000 0.000 0.000 0.000 0.000 0.000 0.000 0.000 0.000 0.000 0.000 0.000 0.000 0.000 0.000 0.000 0.000 0.000 0.000 0.000 0.000 0.000 0.000 0.000 0.000 0.000 0.000 0.000 0.000 0.000 0.000 0.000 0.000 0.001 0.003 0.010 0.021 0.052 0.122 0.258 0.497 0.883 1.470
0.000 0.000 0.000 0.000 0.000 0.000 0.000 0.000 0.000 0.000 0.000 0.000 0.000 0.000 0.000 0.000 0.000 0.000 0.000 0.000 0.000 0.000 0.000 0.000 0.000 0.000 0.000 0.000 0.000 0.000 0.000 0.000 0.000 0.000 0.000 0.000 0.000 0.000 0.000 0.000 0.000 0.000 0.000 0.000 0.000 0.000 0.000 0.000 0.000 0.000 0.000 0.000 0.000 0.000 0.002 0.006 0.012 0.031 0.086 0.206 0.438 0.839 1.480 2.437 3.785 5.576 7.829 10.523 13.601 16.984 20.583 24.313
0.000 0.000 0.000 0.000 0.000 0.000 0.000 0.000 0.000 0.000 0.000 0.000 0.000 0.000 0.000 0.000 0.000 0.000 0.000 0.000 0.000 0.000 0.000 0.000 0.000 0.000 0.000 0.000 0.000 0.000 0.000 0.000 0.000 0.000 0.000 0.000 0.000 0.000 0.000 0.000 0.000 0.000 0.000 0.000 0.000 0.000 0.001 0.006 0.010 0.021 0.072 0.193 0.436 0.869 1.573 2.631 4.113 6.050 8.430 11.195 14.260 17.527 20.901 24.290 27.616 30.842 34.010 37.140 40.070 42.751 45.189 47.406
0.000 0.000 0.000 0.000 0.000 0.000 0.000 0.000 0.000 0.000 0.000 0.000 0.000 0.000 0.000 0.000 0.000 0.000 0.000 0.000 0.000 0.000 0.000 0.000 0.000 0.000 0.000 0.000 0.000 0.000 0.000 0.000 0.000 0.000 0.000 0.000 0.000 0.000 0.001 0.004 0.010 0.010 0.034 0.122 0.320 0.695 1.336 2.333 3.754 5.627 7.926 10.581 13.494 16.550 19.630 22.626 25.445 28.042 30.451 32.735 34.926 37.002 38.968 40.757 42.387 43.946 45.908 49.929 53.359 55.824 57.627 58.935
0.000 0.000 0.000 0.000 0.000 0.000 0.000 0.000 0.000 0.000 0.000 0.000 0.000 0.000 0.000 0.000 0.000 0.000 0.000 0.000 0.000 0.000 0.000 0.000 0.000 0.000 0.000 0.000 0.000 0.000 0.001 0.005 0.010 0.011 0.045 0.130 0.308 0.639 1.200 2.079 3.347 5.042 7.168 9.707 12.529 15.498 18.476 21.330 23.940 26.231 28.197 29.876 31.319 32.574 33.677 34.642 35.473 36.218 37.114 38.422 40.444 43.461 48.470 53.262 56.319 58.452 59.958 61.038 61.819 62.386 62.792 63.078
0.000 0.000 0.000 0.000 0.000 0.000 0.000 0.000 0.000 0.000 0.000 0.000 0.000 0.000 0.000 0.000 0.000 0.000 0.000 0.000 0.000 0.000 0.003 0.010 0.015 0.043 0.109 0.243 0.489 0.906 1.566 2.542 3.888 5.629 7.749 10.195 12.877 15.682 18.476 21.121 23.484 25.481 27.146 28.589 29.722 30.557 31.119 31.435 31.537 31.478 31.366 31.377 31.717 32.580 34.207 36.634 39.850 43.940 50.540 55.228 58.285 60.311 61.705 62.690 63.393 63.897 64.255 64.502 64.664 64.760 64.803 64.803
0.000 0.000 0.000 0.000 0.000 0.000 0.000 0.000 0.000 0.000 0.000 0.000 0.001 0.004 0.013 0.036 0.083 0.175 0.339 0.615 1.053 1.715 2.662 3.945 5.593 7.606 9.953 12.570 15.363 18.216 20.998 23.576 25.841 27.725 29.202 30.271 30.949 31.261 31.238 30.911 30.314 29.498 28.619 27.908 27.411 27.243 27.479 28.151 29.259 30.803 32.867 35.611 39.030 43.194 49.460 55.881 59.359 61.562 63.020 64.022 64.724 65.221 65.570 65.809 65.965 66.056 66.095 66.093 66.057 65.993 65.906 65.798
0.001 0.003 0.007 0.017 0.040 0.084 0.163 0.293 0.498 0.811 1.271 1.923 2.817 3.996 5.493 7.324 9.483 11.936 14.623 17.457 20.330 23.121 25.709 28.004 29.942 31.488 32.625 33.350 33.677 33.626 33.229 32.521 31.545 30.363 29.072 27.797 26.668 25.795 25.237 25.012 25.102 25.476 26.160 27.221 28.550 30.143 32.051 34.468 37.561 41.364 46.209 54.405 59.324 62.144 63.893 65.045 65.831 66.378 66.758 67.019 67.190 67.292 67.341 67.348 67.319 67.262 67.180 67.079 66.960 66.826 66.679 66.520
3.151 4.132 5.333 6.776 8.477 10.435 12.637 15.053 17.631 20.304 22.984 25.587 28.036 30.261 32.198 33.799 35.031 35.873 36.317 36.371 36.051 35.386 34.412 33.179 31.758 30.247 28.761 27.410 26.279 25.419 24.842 24.533 24.461 24.586 24.875 25.295 25.827 26.459 27.188 28.023 28.988 30.121 31.542 33.446 35.942 39.146 43.140 48.824 57.445 61.766 64.183 65.686 66.673 67.343 67.805 68.121 68.332 68.465 68.537 68.561 68.548 68.504 68.434 68.343 68.234 68.108 67.969 67.818 67.656 67.483 67.302 67.113
30.766 32.605 34.167 35.512 36.613 37.435 37.962 38.181 38.087 37.684 36.985 36.011 34.798 33.402 31.902 30.390 28.960 27.689 26.629 25.803 25.211 24.834 24.646 24.614 24.710 24.907 25.183 25.522 25.912 26.344 26.813 27.318 27.859 28.441 29.069 29.756 30.521 31.392 32.412 33.642 35.197 37.349 40.330 44.403 51.139 59.604 63.524 65.759 67.148 68.058 68.671 69.089 69.371 69.555 69.665 69.720 69.731 69.707 69.654 69.578 69.481 69.368 69.239 69.098 68.945 68.781 68.608 68.426 68.237 68.040 67.836 67.625
33.981 32.512 30.960 29.538 28.302 27.275 26.458 25.841 25.406 25.131 24.991 24.960 25.019 25.148 25.333 25.562 25.825 26.116 26.429 26.761 27.108 27.469 27.843 28.229 28.627 29.038 29.462 29.903 30.361 30.842 31.350 31.895 32.488 33.147 33.902 34.793 35.882 37.283 39.266 42.020 45.740 52.720 60.925 64.816 67.046 68.413 69.298 69.887 70.284 70.548 70.717 70.815 70.860 70.863 70.833 70.775 70.695 70.596 70.480 70.350 70.208 70.054 69.890 69.717 69.536 69.346 69.149 68.946 68.736 68.520 68.298 68.071
26.280 26.812 26.933 27.039 27.169 27.328 27.515 27.729 27.968 28.223 28.490 28.769 29.056 29.350 29.652 29.959 30.272 30.591 30.917 31.248 31.587 31.933 32.287 32.651 33.027 33.416 33.824 34.253 34.714 35.216 35.777 36.424 37.197 38.157 39.420 41.248 43.849 47.434 54.240 63.046 66.707 68.528 69.587 70.462 71.045 71.433 71.689 71.850 71.941 71.979 71.976 71.941 71.879 71.795 71.693 71.575 71.443 71.299 71.144 70.980 70.807 70.625 70.436 70.240 70.037 69.828 69.613 69.392 69.166 68.935 68.699 68.459
28.974 30.398 30.759 30.975 31.189 31.419 31.663 31.915 32.167 32.424 32.685 32.950 33.220 33.493 33.771 34.052 34.338 34.629 34.926 35.231 35.543 35.865 36.200 36.549 36.918 37.315 37.748 38.235 38.801 39.484 40.346 41.502 43.218 45.706 49.190 56.017 65.418 69.223 71.073 71.990 72.404 72.519 72.586 72.829 72.985 73.070 73.102 73.093 73.051 72.983 72.893 72.785 72.662 72.526 72.379 72.221 72.054 71.879 71.697 71.507 71.310 71.108 70.899 70.685 70.465 70.240 70.010 69.776 69.537 69.295 69.048 68.798
31.413 33.724 34.374 34.678 34.913 35.127 35.335 35.546 35.765 35.992 36.226 36.466 36.711 36.961 37.216 37.476 37.743 38.017 38.300 38.595 38.904 39.232 39.585 39.974 40.414 40.929 41.557 42.358 43.452 45.101 47.523 50.963 58.065 67.941 71.804 73.654 74.560 74.963 75.068 74.982 74.767 74.463 74.235 74.254 74.236 74.185 74.107 74.007 73.890 73.758 73.613 73.457 73.293 73.120 72.940 72.753 72.560 72.361 72.157 71.948 71.735 71.516 71.292 71.065 70.833 70.596 70.356 70.112 69.864 69.613 69.358 69.101
33.435 36.568 37.507 37.849 38.048 38.218 38.389 38.569 38.759 38.958 39.166 39.381 39.604 39.835 40.075 40.325 40.589 40.868 41.168 41.495 41.859 42.275 42.767 43.371 44.149 45.224 46.859 49.267 52.738 60.316 70.596 74.445 76.279 77.164 77.551 77.644 77.550 77.327 77.014 76.632 76.199 75.728 75.369 75.275 75.161 75.028 74.880 74.720 74.550 74.372 74.187 73.997 73.801 73.601 73.397 73.189 72.977 72.762 72.544 72.322 72.096 71.867 71.634 71.397 71.157 70.913 70.666 70.415 70.161 69.904 69.644 69.382
34.837 38.611 39.867 40.319 40.541 40.698 40.846 41.002 41.170 41.352 41.547 41.755 41.979 42.220 42.482 42.768 43.086 43.445 43.863 44.365 44.986 45.786 46.899 48.590 51.049 54.610 63.064 73.424 77.189 78.973 79.825 80.191 80.270 80.165 79.934 79.613 79.224 78.782 78.298 77.780 77.233 76.669 76.230 76.060 75.877 75.683 75.482 75.276 75.066 74.853 74.638 74.421 74.203 73.985 73.765 73.544 73.322 73.098 72.872 72.644 72.413 72.180 71.943 71.703 71.460 71.213 70.963 70.709 70.452 70.192 69.928 69.661
35.756 39.994 41.543 42.148 42.443 42.636 42.805 42.980 43.171 43.382 43.617 43.880 44.175 44.510 44.897 45.351 45.899 46.579 47.463 48.705 50.554 53.152 56.955 67.800 76.617 80.161 81.811 82.594 82.922 82.979 82.863 82.626 82.301 81.909 81.463 80.973 80.446 79.886 79.298 78.686 78.054 77.412 76.903 76.664 76.417 76.168 75.919 75.671 75.426 75.184 74.946 74.711 74.478 74.249 74.021 73.795 73.570 73.345 73.120 72.894 72.668 72.439 72.210 71.978 71.744 71.508 71.269 71.027 70.782 70.533 70.280 70.022
36.529 41.228 43.131 43.979 44.440 44.752 45.019 45.286 45.577 45.907 46.286 46.725 47.238 47.856 48.625 49.634 51.078 53.116 55.883 60.266 73.651 80.589 83.540 84.893 85.525 85.771 85.788 85.655 85.419 85.106 84.734 84.312 83.849 83.347 82.809 82.233 81.620 80.968 80.276 79.546 78.782 77.998 77.347 76.982 76.623 76.275 75.941 75.622 75.315 75.019 74.734 74.457 74.186 73.921 73.660 73.402 73.145 72.888 72.631 72.373 72.112 71.850 71.586 71.320 71.052 70.782 70.512 70.240 69.968 69.695 69.421 69.147
37.362 42.717 45.206 46.532 47.381 48.007 48.540 49.054 49.611 50.278 51.140 52.266 53.654 55.300 57.277 59.999 66.257 80.336 85.256 87.231 88.143 88.543 88.662 88.612 88.453 88.221 87.941 87.627 87.287 86.923 86.535 86.128 85.701 85.256 84.790 84.298 83.770 83.190 82.529 81.744 80.796 79.730 78.779 78.179 77.685 77.277 76.936 76.643 76.382 76.143 75.916 75.698 75.486 75.275 75.066 74.856 74.641 74.419 74.185 73.932 73.654 73.343 72.995 72.613 72.203 71.777 71.350 70.933 70.535 70.159 69.805 69.471
37.861 44.363 47.936 50.235 51.955 53.353 54.593 55.807 57.216 59.583 66.915 81.550 86.634 88.904 90.081 90.701 90.994 91.070 90.992 90.798 90.513 90.154 89.732 89.256 88.733 88.171 87.573 86.944 86.287 85.612 84.928 84.239 83.548 82.857 82.170 81.487 80.813 80.148 79.495 78.852 78.219 77.623 77.232 77.102 76.909 76.705 76.491 76.266 76.029 75.777 75.512 75.234 74.942 74.638 74.323 74.001 73.673 73.341 73.008 72.674 72.343 72.015 71.690 71.369 71.053 70.742 70.435 70.133 69.837 69.546 69.261 68.982
38.389 42.972 44.819 45.609 45.976 46.147 46.227 46.274 46.315 46.364 46.430 46.524 46.660 46.845 47.080 47.368 47.731 48.200 48.772 49.493 50.385 51.507 52.916 54.767 57.214 60.773 66.746 81.876 87.028 87.300 86.673 85.853 85.023 84.242 83.524 82.868 82.264 81.703 81.166 80.627 80.043 79.408 78.866 78.589 78.342 78.120 77.922 77.745 77.583 77.431 77.286 77.143 76.998 76.848 76.688 76.512 76.312 76.080 75.806 75.485 75.114 74.701 74.262 73.815 73.381 72.971 72.594 72.251 71.939 71.655 71.393 71.148
57.551 91.864 98.433 100.218 100.762 100.822 100.648 100.344 99.960 99.523 99.047 98.542 98.012 97.461 96.892 96.306 95.706 95.093 94.467 93.831 93.184 92.527 91.862 91.189 90.509 89.823 89.130 88.432 87.729 87.021 86.310 85.594 84.876 84.154 83.430 82.703 81.974 81.243 80.509 79.774 79.037 78.341 77.874 77.664 77.376 77.086 76.799 76.514 76.231 75.951 75.672 75.395 75.121 74.848 74.576 74.306 74.037 73.770 73.503 73.237 72.972 72.707 72.443 72.179 71.915 71.650 71.386 71.121 70.856 70.591 70.325 70.058
38.388 42.971 44.817 45.607 45.974 46.144 46.224 46.271 46.312 46.361 46.426 46.520 46.656 46.841 47.076 47.364 47.727 48.196 48.768 49.489 50.382 51.504 52.911 54.762 57.208 60.762 66.728 81.838 87.023 87.297 86.670 85.851 85.021 84.240 83.523 82.867 82.263 81.702 81.166 80.626 80.043 79.409 78.867 78.590 78.343 78.122 77.924 77.747 77.585 77.434 77.290 77.148 77.004 76.854 76.695 76.519 76.319 76.087 75.812 75.488 75.113 74.697 74.253 73.803 73.366 72.954 72.576 72.232 71.920 71.635 71.372 71.127
37.860 44.363 47.935 50.235 51.955 53.352 54.593 55.807 57.215 59.582 66.913 81.548 86.633 88.903 90.080 90.701 90.994 91.070 90.992 90.798 90.513 90.153 89.731 89.255 88.733 88.170 87.573 86.944 86.287 85.612 84.928 84.238 83.547 82.857 82.169 81.487 80.812 80.148 79.494 78.852 78.218 77.622 77.232 77.101 76.908 76.704 76.491 76.266 76.028 75.777 75.512 75.233 74.941 74.637 74.323 74.001 73.672 73.340 73.007 72.673 72.342 72.013 71.689 71.368 71.052 70.740 70.433 70.132 69.835 69.545 69.260 68.981
37.362 42.717 45.205 46.532 47.380 48.006 48.540 49.054 49.610 50.277 51.140 52.265 53.653 55.299 57.277 59.998 66.257 80.336 85.256 87.231 88.143 88.543 88.662 88.612 88.452 88.221 87.941 87.626 87.286 86.922 86.535 86.128 85.701 85.256 84.790 84.298 83.771 83.191 82.529 81.744 80.796 79.730 78.779 78.179 77.684 77.277 76.936 76.643 76.382 76.142 75.915 75.698 75.485 75.275 75.065 74.855 74.640 74.418 74.184 73.931 73.652 73.342 72.994 72.612 72.201 71.776 71.349 70.932 70.534 70.158 69.804 69.471
36.528 41.227 43.130 43.978 44.438 44.751 45.017 45.284 45.576 45.906 46.285 46.724 47.237 47.854 48.624 49.633 51.077 53.115 55.882 60.264 73.648 80.587 83.539 84.892 85.524 85.771 85.788 85.655 85.418 85.106 84.733 84.312 83.849 83.347 82.808 82.233 81.620 80.968 80.276 79.546 78.782 77.998 77.346 76.982 76.623 76.275 75.941 75.621 75.314 75.019 74.733 74.456 74.186 73.921 73.660 73.401 73.144 72.887 72.630 72.372 72.111 71.849 71.585 71.319 71.051 70.781 70.511 70.239 69.967 69.693 69.420 69.146
35.756 39.993 41.542 42.146 42.441 42.634 42.803 42.978 43.169 43.380 43.615 43.878 44.173 44.509 44.895 45.350 45.897 46.577 47.461 48.704 50.553 53.150 56.952 67.788 76.614 80.159 81.810 82.594 82.921 82.979 82.862 82.625 82.300 81.908 81.463 80.973 80.446 79.886 79.298 78.686 78.053 77.412 76.902 76.664 76.417 76.168 75.918 75.671 75.426 75.184 74.946 74.710 74.478 74.248 74.021 73.795 73.569 73.345 73.120 72.894 72.668 72.439 72.210 71.978 71.744 71.508 71.269 71.027 70.782 70.533 70.280 70.022
34.835 38.609 39.865 40.317 40.538 40.696 40.844 41.000 41.168 41.350 41.545 41.753 41.976 42.218 42.480 42.767 43.084 43.443 43.861 44.363 44.984 45.784 46.897 48.588 51.046 54.606 63.049 73.420 77.187 78.971 79.824 80.190 80.269 80.164 79.934 79.612 79.223 78.781 78.297 77.779 77.233 76.668 76.229 76.060 75.876 75.683 75.482 75.276 75.065 74.852 74.637 74.421 74.203 73.984 73.765 73.544 73.322 73.098 72.872 72.644 72.413 72.180 71.943 71.703 71.460 71.213 70.963 70.709 70.452 70.192 69.928 69.661
33.433 36.566 37.504 37.846 38.045 38.215 38.386 38.566 38.756 38.956 39.163 39.379 39.602 39.833 40.073 40.323 40.586 40.866 41.166 41.493 41.857 42.273 42.765 43.369 44.147 45.221 46.856 49.264 52.734 60.305 70.590 74.442 76.276 77.163 77.550 77.643 77.549 77.327 77.013 76.632 76.198 75.728 75.369 75.275 75.160 75.027 74.879 74.720 74.550 74.372 74.187 73.996 73.801 73.600 73.396 73.188 72.977 72.762 72.543 72.321 72.096 71.867 71.634 71.397 71.157 70.913 70.666 70.415 70.162 69.904 69.644 69.382
31.410 33.721 34.370 34.674 34.909 35.123 35.331 35.542 35.761 35.988 36.222 36.462 36.707 36.957 37.212 37.473 37.739 38.014 38.297 38.592 38.901 39.229 39.582 39.972 40.411 40.927 41.555 42.356 43.449 45.098 47.519 50.958 58.053 67.934 71.800 73.652 74.559 74.961 75.067 74.981 74.766 74.463 74.234 74.253 74.235 74.184 74.106 74.007 73.889 73.757 73.612 73.457 73.292 73.119 72.939 72.752 72.559 72.361 72.157 71.948 71.734 71.515 71.292 71.064 70.832 70.596 70.356 70.112 69.864 69.613 69.358 69.100
28.970 30.393 30.754 30.970 31.183 31.413 31.657 31.909 32.162 32.419 32.680 32.945 33.215 33.488 33.766 34.048 34.334 34.625 34.922 35.226 35.539 35.861 36.196 36.545 36.915 37.311 37.745 38.232 38.797 39.481 40.343 41.499 43.214 45.702 49.185 56.003 65.410 69.219 71.070 71.988 72.402 72.518 72.585 72.828 72.984 73.069 73.101 73.092 73.050 72.982 72.892 72.784 72.662 72.526 72.378 72.220 72.054 71.879 71.696 71.506 71.310 71.107 70.899 70.684 70.465 70.240 70.010 69.776 69.537 69.294 69.048 68.797
