Examples/2023_ISeeSnow/data/CoulombOnly/Results/curv77s/s/1HS_03_curv77s_MoT-Voellmy_s_0038.asc
ncols        172
nrows        17
xllcorner    2097.5
yllcorner    -4292.5
cellsize     5.00
NODATA_value -9999
0.000 0.000 0.000 0.000 0.000 0.000 0.000 0.000 0.000 0.000 0.000 0.000 0.000 0.000 0.000 0.000 0.000 0.000 0.000 0.000 0.000 0.000 0.000 0.000 0.000 0.000 0.000 0.000 0.000 0.000 0.000 0.000 0.000 0.000 0.000 0.000 0.000 0.000 0.000 0.000 0.000 0.000 0.000 0.000 0.000 0.000 0.000 0.000 0.000 0.000 0.000 0.000 0.000 0.000 0.000 0.000 0.000 0.000 0.000 0.000 0.000 0.000 0.000 0.000 0.000 0.000 0.000 0.000 0.000 0.000 0.000 0.000 0.000 0.000 0.000 0.000 0.000 0.000 0.000 0.000 0.000 0.000 0.000 0.000 0.000 0.000 0.000 0.000 0.000 0.000 0.000 0.000 0.000 0.000 0.000 0.000 0.000 0.000 0.000 0.000 0.000 0.000 0.000 0.000 0.000 0.000 0.000 0.000 0.000 0.000 0.000 0.000 0.000 0.000 0.000 0.000 0.000 0.000 0.000 0.000 0.000 0.000 0.000 0.000 0.000 0.000 0.000 0.000 0.000 0.000 0.000 0.000 0.000 0.000 0.000 0.000 0.000 0.000 0.000 0.000 0.000 0.000 0.000 0.000 0.000 0.000 0.000 0.000 0.000 0.000 0.000 0.000 0.000 0.000 0.000 0.000 0.000 0.000 0.000 0.000 0.000 0.000 0.000 0.000 0.000 0.000 0.000 0.000 0.000 0.000 0.000 0.000
20.293 20.618 20.845 21.057 21.261 21.457 21.646 21.831 22.009 22.182 22.355 22.527 22.698 22.866 23.030 23.194 23.364 23.533 23.705 23.881 24.060 24.240 24.420 24.606 24.803 25.010 25.220 25.440 25.667 25.906 26.154 26.414 26.685 26.970 27.265 27.580 27.912 28.259 28.631 29.028 29.443 29.876 30.348 30.862 31.414 32.004 32.639 33.325 34.072 34.887 35.800 36.826 37.966 39.232 40.713 42.426 44.456 46.927 50.061 54.192 60.290 71.408 79.936 80.578 80.665 80.684 80.691 80.696 80.702 80.709 80.718 80.753 82.107 86.019 89.513 89.788 85.870 78.911 70.838 62.997 55.863 49.155 37.177 8.143 0.030 0.000 0.000 0.000 0.000 0.000 0.000 0.000 0.000 0.000 0.000 0.000 0.000 0.000 0.000 0.000 0.000 0.000 0.000 0.000 0.000 0.000 0.000 0.000 0.000 0.000 0.000 0.000 0.000 0.000 0.000 0.000 0.000 0.000 0.000 0.000 0.000 0.000 0.000 0.000 0.000 0.000 0.000 0.000 0.000 0.000 0.000 0.000 0.000 0.000 0.000 0.000 0.000 0.000 0.000 0.000 0.000 0.000 0.000 0.000 0.000 0.000 0.000 0.000 0.000 0.000 0.000 0.000 0.000 0.000 0.000 0.000 0.000 0.000 0.000 0.000 0.000 0.000 0.000 0.000 0.000 0.000 0.000 0.000 0.000 0.000 0.000 0.000
21.078 21.698 22.026 22.329 22.628 22.925 23.220 23.511 23.802 24.095 24.391 24.689 24.990 25.297 25.609 25.930 26.261 26.600 26.952 27.319 27.706 28.112 28.547 29.009 29.510 30.061 30.662 31.330 32.094 32.971 33.991 35.220 36.793 38.900 42.008 47.555 64.228 73.277 75.786 76.916 77.576 78.024 78.354 78.609 78.811 78.974 79.109 79.223 79.322 79.409 79.488 79.561 79.629 79.695 79.759 79.821 79.882 79.941 80.000 80.058 80.114 80.165 80.209 80.248 80.288 80.329 80.371 80.415 80.460 80.506 80.553 80.601 80.654 80.714 80.780 80.848 80.910 80.961 80.997 81.015 81.014 81.000 80.997 81.040 81.091 81.140 81.186 81.230 81.270 81.308 81.343 81.375 81.405 81.432 81.458 81.481 81.503 81.526 81.550 81.585 81.649 81.796 82.197 83.415 87.645 90.637 85.427 77.840 64.296 17.515 0.080 0.000 0.000 0.000 0.000 0.000 0.000 0.000 0.000 0.000 0.000 0.000 0.000 0.000 0.000 0.000 0.000 0.000 0.000 0.000 0.000 0.000 0.000 0.000 0.000 0.000 0.000 0.000 0.000 0.000 0.000 0.000 0.000 0.000 0.000 0.000 0.000 0.000 0.000 0.000 0.000 0.000 0.000 0.000 0.000 0.000 0.000 0.000 0.000 0.000 0.000 0.000 0.000 0.000 0.000 0.000 0.000 0.000 0.000 0.000 0.000 0.000
23.003 24.147 24.655 25.085 25.507 25.933 26.363 26.798 27.240 27.689 28.147 28.617 29.104 29.609 30.134 30.679 31.254 31.867 32.527 33.242 34.050 34.974 36.073 37.464 39.331 42.258 47.930 65.212 71.873 74.565 76.027 76.986 77.673 78.190 78.590 78.906 79.154 79.321 79.430 79.503 79.555 79.596 79.632 79.666 79.700 79.736 79.774 79.816 79.860 79.907 79.957 80.009 80.063 80.119 80.175 80.232 80.290 80.347 80.405 80.461 80.518 80.573 80.628 80.682 80.736 80.788 80.840 80.892 80.942 80.992 81.040 81.088 81.136 81.183 81.229 81.276 81.322 81.368 81.413 81.457 81.499 81.540 81.581 81.621 81.663 81.706 81.749 81.794 81.839 81.886 81.933 81.981 82.029 82.078 82.127 82.175 82.222 82.268 82.314 82.360 82.406 82.455 82.511 82.578 82.656 82.709 82.696 82.605 82.476 82.448 82.466 82.485 82.503 82.526 82.564 82.647 82.859 83.446 85.164 90.305 90.200 83.764 76.254 50.409 4.344 0.000 0.000 0.000 0.000 0.000 0.000 0.000 0.000 0.000 0.000 0.000 0.000 0.000 0.000 0.000 0.000 0.000 0.000 0.000 0.000 0.000 0.000 0.000 0.000 0.000 0.000 0.000 0.000 0.000 0.000 0.000 0.000 0.000 0.000 0.000 0.000 0.000 0.000 0.000 0.000 0.000 0.000 0.000 0.000 0.000 0.000 0.000
25.297 27.207 28.027 28.637 29.206 29.777 30.360 30.958 31.572 32.204 32.860 33.543 34.262 35.027 35.854 36.772 37.844 39.173 40.991 43.942 50.559 66.744 72.475 75.015 76.514 77.525 78.254 78.782 79.137 79.375 79.540 79.658 79.746 79.815 79.871 79.920 79.964 80.006 80.047 80.089 80.132 80.178 80.226 80.276 80.329 80.383 80.439 80.495 80.552 80.609 80.665 80.721 80.776 80.830 80.882 80.934 80.984 81.032 81.079 81.125 81.170 81.213 81.256 81.297 81.338 81.378 81.418 81.456 81.495 81.533 81.570 81.608 81.645 81.682 81.719 81.756 81.794 81.831 81.869 81.907 81.945 81.984 82.022 82.062 82.101 82.142 82.184 82.226 82.269 82.314 82.360 82.407 82.457 82.509 82.564 82.622 82.683 82.746 82.812 82.880 82.950 83.022 83.095 83.170 83.244 83.317 83.389 83.458 83.527 83.596 83.665 83.735 83.806 83.877 83.949 84.022 84.097 84.173 84.251 84.325 84.375 84.392 84.380 84.371 84.398 84.433 84.471 84.518 84.581 84.670 84.794 84.958 85.149 85.294 85.272 84.410 14.944 0.007 0.000 0.000 0.000 0.000 0.000 0.000 0.000 0.000 0.000 0.000 0.000 0.000 0.000 0.000 0.000 0.000 0.000 0.000 0.000 0.000 0.000 0.000 0.000 0.000 0.000 0.000 0.000 0.000 0.000 0.000 0.000 0.000 0.000 0.000
27.469 30.286 31.591 32.486 33.246 33.975 34.712 35.477 36.280 37.136 38.067 39.119 40.381 42.069 44.778 50.946 66.660 72.556 75.201 76.750 77.786 78.499 78.977 79.303 79.531 79.694 79.813 79.901 79.966 80.016 80.054 80.084 80.110 80.133 80.154 80.174 80.194 80.214 80.236 80.260 80.287 80.316 80.348 80.383 80.421 80.463 80.506 80.553 80.601 80.652 80.704 80.758 80.812 80.868 80.924 80.980 81.037 81.094 81.150 81.207 81.264 81.320 81.377 81.433 81.490 81.546 81.602 81.659 81.716 81.772 81.829 81.887 81.944 82.002 82.061 82.119 82.179 82.238 82.299 82.360 82.421 82.484 82.547 82.611 82.676 82.743 82.810 82.878 82.947 83.018 83.089 83.160 83.233 83.307 83.381 83.454 83.528 83.601 83.672 83.743 83.812 83.881 83.947 84.013 84.077 84.141 84.203 84.264 84.324 84.383 84.442 84.499 84.555 84.609 84.661 84.711 84.758 84.801 84.841 84.876 84.907 84.934 84.957 84.979 85.004 85.033 85.068 85.106 85.146 85.187 85.225 85.256 85.276 85.278 85.263 85.235 85.229 85.231 85.232 85.237 85.256 85.310 85.442 85.720 86.213 86.813 79.458 18.547 0.032 0.000 0.000 0.000 0.000 0.000 0.000 0.000 0.000 0.000 0.000 0.000 0.000 0.000 0.000 0.000 0.000 0.000 0.000 0.000 0.000 0.000 0.000 0.000
28.948 32.797 34.911 36.470 37.796 39.045 40.300 41.624 43.132 45.151 48.970 62.725 70.183 73.780 75.857 77.229 78.172 78.817 79.267 79.588 79.822 79.994 80.121 80.215 80.286 80.339 80.379 80.410 80.434 80.455 80.474 80.491 80.509 80.528 80.550 80.574 80.601 80.632 80.666 80.704 80.746 80.791 80.839 80.890 80.944 81.000 81.058 81.117 81.178 81.239 81.302 81.366 81.430 81.495 81.560 81.626 81.693 81.760 81.827 81.895 81.963 82.031 82.099 82.167 82.235 82.304 82.372 82.440 82.507 82.575 82.642 82.710 82.777 82.844 82.912 82.980 83.049 83.118 83.188 83.258 83.330 83.402 83.476 83.550 83.626 83.702 83.779 83.857 83.936 84.015 84.094 84.174 84.254 84.332 84.410 84.487 84.564 84.641 84.718 84.795 84.873 84.952 85.032 85.112 85.193 85.274 85.355 85.435 85.515 85.593 85.670 85.745 85.817 85.887 85.954 86.018 86.080 86.139 86.195 86.249 86.301 86.352 86.401 86.447 86.492 86.532 86.568 86.599 86.625 86.645 86.659 86.667 86.669 86.663 86.652 86.633 86.609 86.578 86.542 86.500 86.453 86.402 86.345 86.281 86.208 86.123 86.025 85.947 85.882 85.824 85.778 85.752 85.758 85.818 85.943 86.136 77.915 10.929 0.003 0.000 0.000 0.000 0.000 0.000 0.000 0.000 0.000 0.000 0.000 0.000 0.000 0.000
31.485 35.977 38.488 40.196 41.429 42.367 43.114 43.756 44.382 45.123 46.220 48.025 50.649 54.251 61.193 71.090 75.203 77.272 78.424 79.117 79.560 79.856 80.060 80.202 80.301 80.369 80.414 80.444 80.463 80.476 80.485 80.494 80.503 80.514 80.528 80.546 80.569 80.596 80.628 80.665 80.706 80.752 80.802 80.855 80.912 80.972 81.035 81.099 81.166 81.235 81.305 81.376 81.448 81.520 81.594 81.667 81.741 81.814 81.888 81.961 82.034 82.107 82.180 82.252 82.323 82.395 82.466 82.538 82.609 82.681 82.753 82.825 82.897 82.971 83.045 83.120 83.195 83.272 83.349 83.428 83.507 83.587 83.668 83.749 83.831 83.914 83.997 84.080 84.164 84.248 84.332 84.417 84.501 84.585 84.670 84.754 84.838 84.922 85.006 85.089 85.173 85.255 85.338 85.420 85.501 85.582 85.662 85.741 85.820 85.899 85.976 86.053 86.128 86.203 86.277 86.348 86.418 86.486 86.552 86.614 86.673 86.728 86.777 86.822 86.860 86.891 86.916 86.934 86.945 86.950 86.949 86.941 86.927 86.907 86.882 86.851 86.815 86.775 86.730 86.681 86.628 86.572 86.512 86.449 86.384 86.315 86.244 86.170 86.094 86.016 85.934 85.849 85.758 85.662 85.557 85.443 85.323 85.264 85.241 85.245 85.285 85.373 85.545 63.931 4.671 0.001 0.001 0.000 0.000 0.000 0.000 0.000
49.633 70.040 73.693 75.212 76.168 76.894 77.500 78.025 78.480 78.873 79.206 79.486 79.716 79.904 80.053 80.170 80.261 80.331 80.383 80.423 80.453 80.476 80.496 80.513 80.531 80.549 80.570 80.594 80.622 80.653 80.687 80.725 80.767 80.812 80.860 80.910 80.962 81.016 81.072 81.128 81.186 81.244 81.303 81.362 81.422 81.482 81.543 81.605 81.667 81.730 81.794 81.859 81.925 81.993 82.062 82.133 82.205 82.279 82.355 82.432 82.511 82.592 82.674 82.757 82.842 82.928 83.015 83.103 83.192 83.281 83.371 83.461 83.551 83.641 83.732 83.822 83.911 84.001 84.089 84.177 84.264 84.351 84.436 84.521 84.604 84.687 84.768 84.849 84.928 85.006 85.084 85.160 85.236 85.311 85.385 85.458 85.530 85.602 85.674 85.745 85.816 85.887 85.959 86.030 86.101 86.173 86.245 86.318 86.391 86.466 86.540 86.616 86.692 86.768 86.845 86.923 87.000 87.077 87.154 87.231 87.306 87.380 87.452 87.522 87.589 87.653 87.713 87.770 87.821 87.868 87.908 87.943 87.971 87.991 88.003 88.008 88.004 87.990 87.968 87.936 87.895 87.844 87.783 87.714 87.635 87.548 87.452 87.349 87.239 87.122 87.000 86.872 86.741 86.605 86.466 86.325 86.181 86.036 85.889 85.739 85.586 85.426 85.256 85.087 84.963 84.851 84.733 84.590 84.534 84.186 85.256 42.922
31.485 35.979 38.491 40.200 41.435 42.375 43.124 43.767 44.393 45.134 46.231 48.035 50.658 54.260 61.229 71.113 75.214 77.277 78.427 79.119 79.561 79.857 80.060 80.202 80.301 80.369 80.414 80.444 80.463 80.476 80.486 80.494 80.503 80.514 80.528 80.546 80.569 80.596 80.628 80.665 80.707 80.752 80.802 80.855 80.912 80.972 81.035 81.100 81.166 81.235 81.305 81.376 81.448 81.521 81.594 81.667 81.741 81.815 81.888 81.962 82.035 82.107 82.180 82.252 82.324 82.395 82.467 82.538 82.610 82.681 82.753 82.825 82.898 82.971 83.045 83.120 83.196 83.272 83.350 83.428 83.507 83.587 83.668 83.749 83.831 83.914 83.997 84.080 84.164 84.248 84.332 84.417 84.501 84.585 84.670 84.754 84.838 84.922 85.006 85.089 85.172 85.255 85.337 85.419 85.501 85.582 85.662 85.741 85.820 85.898 85.976 86.053 86.128 86.203 86.276 86.348 86.418 86.486 86.552 86.614 86.673 86.728 86.777 86.822 86.860 86.891 86.916 86.934 86.945 86.950 86.948 86.941 86.927 86.907 86.881 86.851 86.815 86.774 86.729 86.680 86.628 86.571 86.512 86.449 86.383 86.314 86.243 86.170 86.094 86.015 85.934 85.848 85.758 85.661 85.557 85.442 85.323 85.264 85.240 85.245 85.285 85.373 85.542 63.850 4.640 0.000 0.000 0.000 0.000 0.000 0.000 0.000
28.948 32.796 34.909 36.467 37.793 39.042 40.297 41.622 43.130 45.150 48.972 62.730 70.186 73.782 75.859 77.230 78.173 78.817 79.267 79.589 79.822 79.994 80.121 80.215 80.286 80.339 80.379 80.410 80.435 80.455 80.474 80.491 80.509 80.528 80.550 80.574 80.601 80.632 80.666 80.704 80.746 80.791 80.839 80.891 80.944 81.000 81.058 81.117 81.178 81.239 81.302 81.366 81.430 81.495 81.560 81.626 81.693 81.760 81.827 81.895 81.963 82.031 82.099 82.167 82.236 82.304 82.372 82.440 82.507 82.575 82.642 82.710 82.777 82.844 82.912 82.980 83.049 83.118 83.187 83.258 83.329 83.402 83.475 83.550 83.625 83.702 83.779 83.857 83.935 84.015 84.094 84.174 84.253 84.332 84.409 84.487 84.564 84.640 84.718 84.795 84.873 84.952 85.032 85.112 85.193 85.274 85.355 85.435 85.515 85.593 85.670 85.745 85.817 85.887 85.954 86.018 86.080 86.139 86.195 86.249 86.301 86.352 86.400 86.447 86.491 86.532 86.568 86.599 86.625 86.645 86.659 86.667 86.668 86.663 86.651 86.633 86.608 86.578 86.541 86.500 86.453 86.401 86.344 86.280 86.208 86.123 86.025 85.946 85.881 85.824 85.778 85.751 85.758 85.817 85.943 86.135 77.870 10.896 0.003 0.000 0.000 0.000 0.000 0.000 0.000 0.000 0.000 0.000 0.000 0.000 0.000 0.000
27.470 30.286 31.592 32.486 33.247 33.975 34.712 35.477 36.281 37.137 38.068 39.120 40.383 42.071 44.781 50.953 66.666 72.558 75.202 76.751 77.787 78.500 78.977 79.303 79.531 79.694 79.813 79.901 79.966 80.016 80.054 80.085 80.110 80.133 80.154 80.174 80.194 80.214 80.236 80.260 80.287 80.316 80.348 80.383 80.421 80.463 80.506 80.553 80.601 80.652 80.704 80.758 80.812 80.868 80.924 80.980 81.037 81.093 81.150 81.207 81.264 81.320 81.377 81.433 81.489 81.546 81.602 81.659 81.715 81.772 81.829 81.886 81.944 82.002 82.060 82.119 82.178 82.238 82.298 82.359 82.421 82.483 82.547 82.611 82.676 82.742 82.809 82.878 82.947 83.017 83.088 83.160 83.233 83.306 83.380 83.454 83.527 83.600 83.672 83.742 83.812 83.880 83.947 84.012 84.077 84.140 84.202 84.263 84.324 84.383 84.441 84.498 84.554 84.608 84.661 84.710 84.757 84.801 84.840 84.876 84.907 84.933 84.956 84.978 85.003 85.033 85.067 85.105 85.145 85.186 85.224 85.256 85.275 85.277 85.262 85.234 85.228 85.230 85.231 85.236 85.255 85.310 85.442 85.720 86.214 86.815 79.410 18.478 0.031 0.000 0.000 0.000 0.000 0.000 0.000 0.000 0.000 0.000 0.000 0.000 0.000 0.000 0.000 0.000 0.000 0.000 0.000 0.000 0.000 0.000 0.000 0.000
25.297 27.207 28.027 28.637 29.207 29.778 30.361 30.959 31.572 32.205 32.860 33.544 34.263 35.028 35.854 36.773 37.845 39.174 40.993 43.945 50.568 66.749 72.477 75.016 76.515 77.526 78.255 78.782 79.137 79.375 79.540 79.658 79.746 79.815 79.871 79.920 79.964 80.006 80.047 80.089 80.132 80.178 80.226 80.276 80.329 80.383 80.439 80.495 80.552 80.609 80.665 80.721 80.776 80.830 80.882 80.933 80.983 81.032 81.079 81.125 81.169 81.213 81.255 81.297 81.338 81.378 81.417 81.456 81.494 81.532 81.570 81.607 81.644 81.681 81.719 81.756 81.793 81.831 81.868 81.906 81.945 81.983 82.022 82.061 82.101 82.142 82.183 82.226 82.269 82.314 82.360 82.407 82.456 82.508 82.563 82.621 82.682 82.746 82.812 82.880 82.950 83.021 83.094 83.169 83.243 83.316 83.388 83.457 83.526 83.595 83.664 83.734 83.805 83.876 83.948 84.021 84.096 84.173 84.251 84.324 84.375 84.391 84.378 84.370 84.398 84.432 84.470 84.518 84.581 84.669 84.794 84.958 85.150 85.294 85.272 84.173 14.710 0.007 0.000 0.000 0.000 0.000 0.000 0.000 0.000 0.000 0.000 0.000 0.000 0.000 0.000 0.000 0.000 0.000 0.000 0.000 0.000 0.000 0.000 0.000 0.000 0.000 0.000 0.000 0.000 0.000 0.000 0.000 0.000 0.000 0.000 0.000
23.003 24.148 24.655 25.085 25.508 25.933 26.363 26.799 27.240 27.690 28.148 28.618 29.104 29.610 30.135 30.680 31.255 31.868 32.528 33.243 34.050 34.975 36.074 37.465 39.333 42.261 47.938 65.219 71.876 74.567 76.028 76.986 77.674 78.190 78.590 78.906 79.154 79.321 79.430 79.503 79.555 79.596 79.632 79.665 79.700 79.736 79.774 79.816 79.860 79.907 79.957 80.009 80.063 80.119 80.175 80.232 80.290 80.347 80.404 80.461 80.517 80.573 80.627 80.681 80.735 80.788 80.840 80.891 80.941 80.991 81.040 81.088 81.135 81.182 81.229 81.275 81.322 81.367 81.412 81.456 81.499 81.539 81.580 81.621 81.662 81.705 81.748 81.793 81.838 81.885 81.932 81.980 82.028 82.077 82.125 82.173 82.221 82.267 82.313 82.359 82.405 82.454 82.510 82.578 82.655 82.708 82.694 82.603 82.474 82.446 82.465 82.484 82.502 82.525 82.563 82.646 82.860 83.451 85.181 90.358 90.186 83.715 76.199 50.164 4.253 0.000 0.000 0.000 0.000 0.000 0.000 0.000 0.000 0.000 0.000 0.000 0.000 0.000 0.000 0.000 0.000 0.000 0.000 0.000 0.000 0.000 0.000 0.000 0.000 0.000 0.000 0.000 0.000 0.000 0.000 0.000 0.000 0.000 0.000 0.000 0.000 0.000 0.000 0.000 0.000 0.000 0.000 0.000 0.000 0.000 0.000 0.000
21.078 21.698 22.026 22.329 22.628 22.925 23.220 23.512 23.802 24.095 24.391 24.689 24.990 25.297 25.609 25.930 26.261 26.601 26.952 27.320 27.706 28.113 28.548 29.009 29.511 30.062 30.663 31.331 32.095 32.972 33.992 35.223 36.796 38.904 42.014 47.567 64.278 73.282 75.787 76.917 77.576 78.024 78.354 78.609 78.811 78.974 79.109 79.223 79.322 79.409 79.488 79.561 79.629 79.695 79.758 79.821 79.881 79.941 80.000 80.058 80.114 80.165 80.208 80.248 80.288 80.328 80.371 80.414 80.459 80.505 80.552 80.600 80.653 80.713 80.780 80.848 80.910 80.961 80.996 81.014 81.013 80.999 80.996 81.039 81.090 81.139 81.185 81.229 81.269 81.307 81.342 81.374 81.404 81.432 81.457 81.480 81.503 81.525 81.550 81.585 81.648 81.797 82.201 83.432 87.708 90.634 85.385 77.775 64.124 17.252 0.076 0.000 0.000 0.000 0.000 0.000 0.000 0.000 0.000 0.000 0.000 0.000 0.000 0.000 0.000 0.000 0.000 0.000 0.000 0.000 0.000 0.000 0.000 0.000 0.000 0.000 0.000 0.000 0.000 0.000 0.000 0.000 0.000 0.000 0.000 0.000 0.000 0.000 0.000 0.000 0.000 0.000 0.000 0.000 0.000 0.000 0.000 0.000 0.000 0.000 0.000 0.000 0.000 0.000 0.000 0.000 0.000 0.000 0.000 0.000 0.000 0.000
20.293 20.618 20.845 21.057 21.261 21.457 21.646 21.831 22.009 22.182 22.355 22.528 22.699 22.866 23.029 23.194 23.363 23.532 23.705 23.881 24.060 24.241 24.422 24.607 24.804 25.011 25.221 25.440 25.668 25.906 26.155 26.415 26.686 26.971 27.266 27.581 27.913 28.260 28.632 29.029 29.443 29.878 30.350 30.865 31.417 32.007 32.642 33.329 34.076 34.892 35.803 36.830 37.972 39.240 40.721 42.437 44.468 46.944 50.082 54.220 60.346 71.542 79.944 80.579 80.665 80.683 80.690 80.696 80.701 80.708 80.718 80.752 82.102 86.013 89.512 89.796 85.886 78.929 70.853 63.008 55.870 49.160 37.199 8.170 0.030 0.000 0.000 0.000 0.000 0.000 0.000 0.000 0.000 0.000 0.000 0.000 0.000 0.000 0.000 0.000 0.000 0.000 0.000 0.000 0.000 0.000 0.000 0.000 0.000 0.000 0.000 0.000 0.000 0.000 0.000 0.000 0.000 0.000 0.000 0.000 0.000 0.000 0.000 0.000 0.000 0.000 0.000 0.000 0.000 0.000 0.000 0.000 0.000 0.000 0.000 0.000 0.000 0.000 0.000 0.000 0.000 0.000 0.000 0.000 0.000 0.000 0.000 0.000 0.000 0.000 0.000 0.000 0.000 0.000 0.000 0.000 0.000 0.000 0.000 0.000 0.000 0.000 0.000 0.000 0.000 0.000 0.000 0.000 0.000 0.000 0.000 0.000
0.000 0.000 0.000 0.000 0.000 0.000 0.000 0.000 0.000 0.000 0.000 0.000 0.000 0.000 0.000 0.000 0.000 0.000 0.000 0.000 0.000 0.000 0.000 0.000 0.000 0.000 0.000 0.000 0.000 0.000 0.000 0.000 0.000 0.000 0.000 0.000 0.000 0.000 0.000 0.000 0.000 0.000 0.000 0.000 0.000 0.000 0.000 0.000 0.000 0.000 0.000 0.000 0.000 0.000 0.000 0.000 0.000 0.000 0.000 0.000 0.000 0.000 0.000 0.000 0.000 0.000 0.000 0.000 0.000 0.000 0.000 0.000 0.000 0.000 0.000 0.000 0.000 0.000 0.000 0.000 0.000 0.000 0.000 0.000 0.000 0.000 0.000 0.000 0.000 0.000 0.000 0.000 0.000 0.000 0.000 0.000 0.000 0.000 0.000 0.000 0.000 0.000 0.000 0.000 0.000 0.000 0.000 0.000 0.000 0.000 0.000 0.000 0.000 0.000 0.000 0.000 0.000 0.000 0.000 0.000 0.000 0.000 0.000 0.000 0.000 0.000 0.000 0.000 0.000 0.000 0.000 0.000 0.000 0.000 0.000 0.000 0.000 0.000 0.000 0.000 0.000 0.000 0.000 0.000 0.000 0.000 0.000 0.000 0.000 0.000 0.000 0.000 0.000 0.000 0.000 0.000 0.000 0.000 0.000 0.000 0.000 0.000 0.000 0.000 0.000 0.000 0.000 0.000 0.000 0.000 0.000 0.000
