Examples/2023_ISeeSnow/data/CoulombOnly/Results/curv77s/s/1HS_03_curv77s_MoT-Voellmy_s_0069.asc
ncols        80
nrows        53
xllcorner    3887.5
yllcorner    -4382.5
cellsize     5.00
NODATA_value -9999
[rows 0 to 33 of 53, columns 0 to 76 of 80]
0.000 0.000 0.000 0.000 0.000 0.000 0.000 0.000 0.000 0.002 0.001 0.000 0.001 0.001 0.001 0.000 0.000 0.000 0.001 0.001 0.001 0.001 0.000 0.000 0.000 0.000 0.001 0.000 0.000 0.000 0.001 0.000 0.000 0.000 0.000 0.001 0.000 0.000 0.001 0.000 0.000 0.001 0.000 0.000 0.000 0.000 0.000 0.001 0.000 0.000 0.001 0.000 0.000 0.000 0.000 0.000 0.000 0.000 0.000 0.000 0.000 0.000 0.000 0.002 0.001 0.002 0.000 0.000 0.000 0.000 0.000 0.000 0.000 0.000 0.000 0.000 0.000
0.000 0.000 0.000 0.000 0.000 0.000 0.000 0.000 0.000 0.001 0.000 0.001 0.000 0.001 0.000 0.000 0.000 0.000 0.001 0.001 0.001 0.000 0.000 0.000 0.000 0.000 0.001 0.000 0.000 0.001 0.000 0.000 0.000 0.000 0.001 0.000 0.001 0.003 0.001 0.002 0.001 0.000 0.000 0.000 0.000 0.000 0.000 0.000 0.000 0.000 0.000 0.001 0.000 0.000 0.000 0.001 0.000 0.000 0.000 0.000 0.000 0.000 0.000 0.321 0.000 0.004 0.004 0.000 0.000 0.000 0.000 0.000 0.000 0.000 0.000 0.000 0.000
0.000 0.000 0.000 0.000 0.000 0.000 0.000 0.000 0.000 0.000 0.000 0.000 0.000 0.001 0.000 0.000 0.000 0.000 0.000 0.000 0.000 0.000 0.000 0.000 0.000 0.001 0.000 0.004 0.000 0.000 0.000 0.001 0.000 0.001 0.000 0.001 0.000 0.001 0.000 0.001 0.000 0.000 0.001 0.002 0.000 0.001 0.001 0.000 0.000 0.000 0.000 0.000 0.000 0.001 0.000 0.000 0.000 0.006 0.000 0.000 0.000 0.007 0.269 0.000 0.000 0.262 0.004 0.007 0.000 0.000 0.000 0.000 0.000 0.000 0.000 0.000 0.000
0.000 0.000 0.000 0.005 0.000 0.000 0.000 0.000 0.000 0.001 0.000 0.000 0.000 0.000 0.000 0.000 0.000 0.000 0.000 0.000 0.000 0.000 0.000 0.000 0.000 0.000 0.000 0.000 0.004 0.004 0.000 0.000 0.000 0.000 0.000 0.000 0.002 0.000 0.001 0.000 0.000 0.001 0.000 0.000 0.000 0.001 0.001 0.000 0.000 0.000 0.000 0.000 0.000 0.000 0.000 0.000 0.001 0.000 0.000 0.000 0.000 0.000 0.001 0.003 0.292 0.005 0.001 0.079 0.008 0.000 0.000 0.000 0.000 0.000 0.000 0.000 0.000
0.000 0.000 0.000 0.000 0.000 0.000 0.000 0.000 0.001 0.000 0.000 0.000 0.000 0.000 0.000 0.000 0.000 0.000 0.000 0.000 0.000 0.000 0.000 0.000 0.001 0.000 0.000 0.000 0.000 0.000 0.004 0.000 0.001 0.000 0.001 0.000 0.000 0.001 0.000 0.000 0.001 0.000 0.000 0.001 0.001 0.002 0.000 0.001 0.002 0.002 0.001 0.001 0.001 0.001 0.001 0.007 0.000 0.000 0.000 0.000 0.000 0.000 0.001 0.126 0.008 0.006 0.272 0.251 0.102 0.002 0.000 0.000 0.000 0.000 0.000 0.000 0.000
0.000 0.000 0.000 0.000 0.000 0.000 0.000 0.000 0.001 0.000 0.000 0.000 0.000 0.034 0.160 0.252 0.315 0.350 0.360 0.347 0.310 0.252 0.171 0.068 0.000 0.000 0.000 0.001 0.000 0.000 0.000 0.000 0.000 0.002 0.000 0.001 0.000 0.000 0.001 0.000 0.000 0.000 0.001 0.001 0.000 0.000 0.000 0.000 0.002 0.001 0.001 0.001 0.000 0.000 0.000 0.000 0.000 0.000 0.000 0.008 0.000 0.008 0.239 0.012 0.002 0.163 0.201 0.322 0.003 0.003 0.000 0.000 0.000 0.000 0.000 0.000 0.000
0.000 0.000 0.000 0.000 0.000 0.000 0.000 0.000 0.000 0.000 0.000 0.139 0.359 0.528 0.657 0.751 0.815 0.851 0.863 0.850 0.815 0.756 0.675 0.571 0.444 0.293 0.116 0.000 0.000 0.002 0.000 0.002 0.000 0.001 0.000 0.000 0.001 0.002 0.000 0.002 0.001 0.001 0.000 0.000 0.002 0.001 0.001 0.003 0.002 0.001 0.001 0.000 0.002 0.001 0.001 0.000 0.000 0.000 0.000 0.001 0.000 0.355 0.009 0.001 0.009 0.272 0.232 0.006 0.002 0.005 0.004 0.000 0.000 0.000 0.000 0.000 0.000
0.000 0.001 0.000 0.000 0.000 0.000 0.000 0.000 0.000 0.000 0.305 0.605 0.834 1.010 1.144 1.242 1.309 1.349 1.363 1.353 1.320 1.263 1.184 1.081 0.954 0.801 0.622 0.416 0.181 0.000 0.000 0.001 0.000 0.000 0.001 0.000 0.000 0.000 0.001 0.002 0.000 0.000 0.002 0.000 0.000 0.000 0.000 0.003 0.002 0.001 0.000 0.002 0.001 0.000 0.002 0.001 0.001 0.000 0.000 0.001 0.009 0.000 0.010 0.251 0.205 0.242 0.008 0.000 0.201 0.230 0.061 0.001 0.000 0.000 0.000 0.000 0.000
0.000 0.000 0.000 0.000 0.000 0.000 0.000 0.000 0.000 0.293 0.730 1.050 1.293 1.479 1.620 1.725 1.798 1.842 1.860 1.854 1.824 1.771 1.694 1.593 1.468 1.316 1.137 0.928 0.688 0.416 0.110 0.000 0.002 0.000 0.000 0.006 0.003 0.000 0.000 0.000 0.001 0.001 0.001 0.001 0.001 0.001 0.000 0.003 0.002 0.001 0.002 0.001 0.003 0.001 0.000 0.002 0.001 0.000 0.000 0.077 0.005 0.003 0.190 0.327 0.283 0.009 0.000 0.299 0.261 0.251 0.175 0.008 0.000 0.000 0.000 0.000 0.000
0.000 0.000 0.000 0.000 0.000 0.000 0.000 0.000 0.000 0.633 1.123 1.473 1.735 1.934 2.086 2.200 2.280 2.330 2.354 2.353 2.327 2.278 2.205 2.108 1.985 1.836 1.657 1.448 1.206 0.928 0.613 0.261 0.000 0.004 0.000 0.000 0.001 0.002 0.002 0.003 0.003 0.003 0.003 0.002 0.002 0.001 0.001 0.003 0.001 0.000 0.002 0.004 0.001 0.003 0.001 0.006 0.001 0.000 0.063 0.006 0.000 0.397 0.120 0.171 0.003 0.000 0.216 0.249 0.295 0.165 0.148 0.071 0.000 0.000 0.000 0.000 0.000
0.000 0.000 0.000 0.000 0.000 0.000 0.000 0.000 0.182 0.906 1.476 1.868 2.156 2.375 2.541 2.665 2.755 2.813 2.844 2.848 2.828 2.784 2.716 2.623 2.504 2.358 2.182 1.975 1.732 1.452 1.131 0.767 0.360 0.000 0.005 0.000 0.000 0.000 0.000 0.000 0.000 0.000 0.000 0.000 0.003 0.002 0.001 0.003 0.001 0.002 0.001 0.002 0.004 0.001 0.000 0.001 0.000 0.017 0.012 0.006 0.349 0.190 0.000 0.000 0.005 0.296 0.163 0.184 0.326 0.282 0.366 0.100 0.003 0.000 0.000 0.000 0.000
0.000 0.000 0.000 0.000 0.000 0.000 0.000 0.010 0.371 1.056 1.774 2.228 2.554 2.797 2.981 3.120 3.221 3.289 3.327 3.339 3.326 3.287 3.224 3.136 3.022 2.881 2.709 2.505 2.265 1.984 1.660 1.289 0.871 0.409 0.000 0.005 0.005 0.005 0.005 0.005 0.004 0.003 0.002 0.001 0.000 0.002 0.001 0.003 0.001 0.002 0.004 0.001 0.002 0.003 0.006 0.000 0.000 0.005 0.002 0.008 0.421 0.000 0.001 0.002 0.201 0.313 0.278 0.218 0.246 0.273 0.243 0.000 0.006 0.000 0.000 0.000 0.000
0.000 0.000 0.000 0.000 0.000 0.000 0.000 0.224 0.541 1.080 1.978 2.538 2.918 3.195 3.403 3.560 3.675 3.755 3.803 3.824 3.817 3.786 3.729 3.647 3.539 3.403 3.236 3.037 2.801 2.522 2.197 1.819 1.383 0.886 0.328 0.000 0.002 0.001 0.001 0.001 0.007 0.005 0.003 0.002 0.002 0.000 0.002 0.001 0.002 0.003 0.004 0.005 0.001 0.001 0.005 0.008 0.003 0.001 0.008 0.455 0.000 0.000 0.164 0.321 0.159 0.358 0.318 0.191 0.221 0.289 0.008 0.001 0.004 0.000 0.000 0.000 0.000
0.000 0.000 0.000 0.000 0.000 0.039 0.209 0.419 0.698 1.121 2.034 2.770 3.232 3.558 3.798 3.979 4.112 4.206 4.267 4.298 4.301 4.277 4.228 4.153 4.051 3.922 3.762 3.569 3.338 3.066 2.746 2.376 1.955 1.488 0.986 0.461 0.000 0.005 0.004 0.003 0.002 0.000 0.004 0.008 0.002 0.004 0.006 0.002 0.003 0.004 0.000 0.002 0.002 0.000 0.003 0.004 0.004 0.392 0.004 0.002 0.003 0.440 0.116 0.388 0.136 0.194 0.290 0.170 0.000 0.000 0.000 0.078 0.010 0.000 0.000 0.000 0.000
0.005 0.000 0.000 0.000 0.116 0.250 0.412 0.604 0.845 1.186 1.779 2.850 3.466 3.866 4.153 4.366 4.523 4.636 4.712 4.756 4.770 4.756 4.716 4.649 4.556 4.434 4.282 4.096 3.873 3.604 3.282 2.895 2.425 1.859 1.193 0.446 0.000 0.002 0.010 0.007 0.004 0.003 0.001 0.000 0.000 0.003 0.001 0.003 0.006 0.007 0.006 0.000 0.005 0.008 0.005 0.003 0.001 0.000 0.002 0.001 0.458 0.148 0.013 0.399 0.359 0.217 0.285 0.005 0.000 0.000 0.259 0.132 0.010 0.000 0.000 0.000 0.000
0.000 0.016 0.106 0.210 0.322 0.452 0.597 0.771 0.979 1.256 1.677 2.541 3.556 4.087 4.445 4.703 4.893 5.031 5.128 5.188 5.216 5.215 5.186 5.130 5.046 4.934 4.792 4.617 4.406 4.155 3.860 3.523 3.145 2.728 2.271 1.768 1.215 0.614 0.000 0.005 0.002 0.008 0.000 0.000 0.000 0.000 0.008 0.006 0.004 0.000 0.000 0.003 0.005 0.126 0.195 0.008 0.002 0.002 0.002 0.005 0.079 0.048 0.364 0.187 0.272 0.000 0.000 0.001 0.007 0.224 0.311 0.090 0.005 0.000 0.000 0.000 0.000
0.165 0.223 0.311 0.405 0.511 0.632 0.765 0.918 1.102 1.329 1.643 2.153 3.362 4.150 4.632 4.961 5.199 5.372 5.495 5.578 5.625 5.640 5.626 5.584 5.513 5.414 5.285 5.120 4.915 4.660 4.339 3.932 3.416 2.776 2.009 1.141 0.229 0.013 0.007 0.003 0.000 0.006 0.004 0.002 0.001 0.005 0.002 0.005 0.002 0.003 0.004 0.002 0.524 0.010 0.000 0.005 0.005 0.004 0.003 0.007 0.006 0.382 0.409 0.000 0.000 0.000 0.006 0.213 0.303 0.210 0.189 0.077 0.000 0.000 0.000 0.000 0.000
0.348 0.406 0.487 0.574 0.669 0.779 0.903 1.042 1.198 1.388 1.634 1.975 2.569 3.884 4.637 5.092 5.403 5.627 5.789 5.902 5.974 6.012 6.018 5.995 5.943 5.863 5.754 5.615 5.444 5.240 5.000 4.719 4.390 4.001 3.538 2.997 2.382 1.711 0.978 0.186 0.011 0.004 0.009 0.000 0.004 0.000 0.002 0.000 0.001 0.008 0.005 0.008 0.000 0.003 0.007 0.270 0.335 0.351 0.472 0.501 0.469 0.000 0.001 0.000 0.005 0.354 0.491 0.272 0.217 0.311 0.212 0.008 0.000 0.000 0.000 0.000 0.000
0.475 0.536 0.615 0.700 0.792 0.891 1.000 1.121 1.258 1.417 1.613 1.871 2.237 2.895 4.273 5.008 5.449 5.751 5.968 6.124 6.233 6.302 6.337 6.339 6.311 6.251 6.158 6.026 5.848 5.614 5.308 4.910 4.390 3.715 2.869 1.871 0.798 0.000 0.002 0.007 0.003 0.001 0.006 0.002 0.008 0.003 0.000 0.004 0.002 0.003 0.008 0.005 0.005 0.021 0.119 0.008 0.050 0.138 0.009 0.003 0.002 0.004 0.007 0.173 0.129 0.303 0.234 0.244 0.348 0.167 0.008 0.000 0.000 0.000 0.000 0.000 0.000
0.530 0.587 0.660 0.737 0.820 0.910 1.009 1.119 1.242 1.383 1.549 1.751 2.019 2.418 3.159 4.552 5.243 5.666 5.963 6.180 6.341 6.458 6.538 6.588 6.612 6.612 6.588 6.534 6.443 6.302 6.101 5.828 5.475 5.035 4.513 3.917 3.268 2.589 1.905 1.214 0.511 0.000 0.003 0.000 0.005 0.001 0.004 0.000 0.002 0.009 0.043 0.234 0.006 0.413 0.578 0.007 0.014 0.012 0.001 0.003 0.002 0.122 0.313 0.348 0.378 0.217 0.117 0.296 0.196 0.006 0.000 0.000 0.000 0.000 0.000 0.000 0.000
0.351 0.392 0.455 0.523 0.596 0.676 0.764 0.863 0.976 1.106 1.260 1.455 1.701 2.036 2.576 3.757 4.540 5.056 5.438 5.736 5.969 6.147 6.271 6.343 6.364 6.339 6.280 6.198 6.094 5.957 5.753 5.437 4.953 4.253 3.333 2.264 1.179 0.206 0.018 0.000 0.580 0.007 0.000 0.000 0.006 0.003 0.005 0.008 0.247 0.251 0.342 0.245 0.009 0.000 0.009 0.009 0.001 0.007 0.003 0.006 0.134 0.013 0.266 0.176 0.158 0.163 0.177 0.130 0.011 0.000 0.000 0.000 0.000 0.000 0.000 0.000 0.000
0.000 0.000 0.158 0.331 0.512 0.704 0.914 1.148 1.403 1.673 1.947 2.221 2.485 2.730 2.951 3.152 3.341 3.549 3.789 3.998 4.144 4.209 4.224 4.239 4.287 4.254 4.270 4.526 4.869 5.399 5.656 5.715 5.538 5.122 4.482 3.673 2.829 2.005 1.332 0.728 0.244 0.181 0.000 0.001 0.000 0.091 0.015 0.000 0.004 0.007 0.005 0.008 0.004 0.000 0.000 0.572 0.254 0.376 0.164 0.329 0.362 0.316 0.658 0.197 0.092 0.005 0.018 0.002 0.010 0.001 0.000 0.000 0.000 0.000 0.000 0.000 0.000
0.000 0.000 0.014 0.000 0.017 0.000 0.014 0.000 0.106 0.344 0.510 0.601 0.613 0.541 0.380 0.133 0.000 0.003 0.001 0.002 0.001 0.002 0.001 0.002 0.001 0.001 0.001 0.004 0.001 0.001 0.004 0.005 0.007 0.010 0.519 0.518 0.017 0.003 0.052 0.048 0.045 0.155 0.056 0.044 0.029 0.025 0.016 0.008 0.012 0.014 0.013 0.016 0.485 0.507 0.383 0.369 0.350 0.350 0.416 0.010 0.498 0.404 0.293 0.108 0.039 0.361 0.272 0.578 0.505 0.421 0.067 0.135 0.258 0.018 0.000 0.000 0.000
4.295 4.445 4.544 4.609 4.657 4.676 4.635 4.522 4.347 4.147 3.973 3.876 3.893 4.042 4.308 4.644 4.985 5.279 5.530 5.692 5.701 5.482 4.937 4.002 2.907 2.132 1.802 1.810 1.990 2.224 2.657 3.249 3.290 3.359 3.329 3.267 1.678 3.244 2.283 2.328 2.428 3.453 2.314 2.471 2.571 2.601 2.598 2.569 2.490 2.383 2.237 4.425 3.654 3.767 3.515 3.343 3.128 2.828 2.577 2.463 2.233 2.045 1.826 2.264 2.285 1.794 0.973 0.327 0.065 0.014 0.009 0.009 0.002 0.001 0.000 0.000 0.000
2.192 3.853 4.632 5.087 5.383 5.568 5.659 5.653 5.543 5.310 4.930 4.380 3.649 2.759 1.786 0.844 0.044 0.556 0.000 0.002 0.000 0.004 0.000 0.000 0.000 0.006 0.002 0.437 0.416 0.401 0.000 0.002 0.002 0.003 0.003 0.004 0.004 0.005 0.005 0.005 0.005 0.011 0.061 0.075 0.126 0.177 0.232 0.292 0.358 0.429 0.486 0.479 0.360 0.307 0.273 0.225 0.179 0.132 0.080 0.025 0.031 0.086 0.138 0.014 0.203 0.217 0.187 0.118 0.019 0.281 0.168 0.429 0.492 0.275 0.377 0.154 0.064
1.990 2.041 2.093 2.183 2.317 2.486 2.675 2.875 3.084 3.308 3.563 3.928 4.497 5.230 5.906 6.292 6.316 6.001 5.346 4.433 3.565 3.057 2.942 3.122 3.263 2.728 1.756 1.267 1.514 2.041 2.131 3.334 3.604 3.625 3.444 3.016 2.682 2.280 2.016 1.762 1.566 1.369 1.231 1.105 0.995 0.941 0.857 0.750 0.707 0.690 0.711 0.799 0.955 1.116 1.330 1.539 1.699 1.822 1.933 1.990 1.937 1.875 1.850 1.540 1.444 1.056 0.323 0.475 0.103 0.001 0.010 0.010 0.003 0.000 0.000 0.000 0.000
2.367 2.662 2.941 3.217 3.546 4.047 5.295 7.307 8.001 8.241 8.184 7.859 7.265 6.404 5.309 4.066 2.804 1.653 0.693 0.063 0.650 0.093 0.452 0.277 0.028 0.165 0.341 0.551 0.007 0.350 0.301 0.217 0.284 0.234 0.000 0.006 0.002 0.438 0.005 0.461 0.407 0.327 0.244 0.159 0.117 0.037 0.163 0.241 0.287 0.376 0.463 0.003 0.008 0.261 0.221 0.143 0.066 0.006 0.075 0.008 0.197 0.252 0.305 0.352 0.393 0.426 0.452 0.469 0.475 0.467 0.441 0.387 0.313 0.185 0.005 0.057 0.567
1.982 2.033 2.085 2.176 2.311 2.481 2.671 2.872 3.082 3.307 3.562 3.929 4.501 5.233 5.904 6.282 6.302 5.989 5.340 4.433 3.568 3.060 2.946 3.126 3.277 2.743 1.765 1.271 1.515 2.041 2.126 3.332 3.602 3.618 3.438 3.012 2.679 2.266 2.010 1.760 1.565 1.368 1.230 1.105 0.994 0.939 0.857 0.751 0.708 0.690 0.712 0.801 0.957 1.118 1.332 1.540 1.701 1.823 1.933 1.988 1.933 1.872 1.847 1.538 1.446 1.059 0.321 0.472 0.103 0.001 0.009 0.010 0.003 0.001 0.000 0.000 0.000
2.193 3.855 4.633 5.087 5.382 5.568 5.658 5.652 5.540 5.306 4.926 4.375 3.642 2.752 1.778 0.837 0.039 0.560 0.000 0.002 0.000 0.004 0.000 0.000 0.000 0.006 0.003 0.436 0.416 0.401 0.000 0.002 0.002 0.003 0.003 0.004 0.004 0.004 0.005 0.005 0.005 0.011 0.062 0.076 0.126 0.177 0.232 0.293 0.359 0.429 0.486 0.478 0.360 0.307 0.272 0.224 0.178 0.130 0.079 0.024 0.033 0.088 0.134 0.182 0.206 0.220 0.191 0.123 0.013 0.269 0.660 0.056 0.132 0.242 0.391 0.156 0.062
4.293 4.444 4.544 4.611 4.662 4.682 4.644 4.532 4.357 4.157 3.982 3.883 3.899 4.047 4.312 4.646 4.986 5.278 5.526 5.684 5.692 5.477 4.938 4.006 2.911 2.135 1.802 1.807 1.987 2.223 2.659 3.248 3.291 3.359 3.327 3.265 1.678 3.243 2.282 2.327 2.428 3.451 2.318 2.473 2.572 2.601 2.598 2.569 2.490 2.384 2.238 4.430 3.668 3.771 3.520 3.336 3.121 2.825 2.546 2.465 2.233 2.041 1.857 2.262 2.290 1.798 0.977 0.328 0.065 0.017 0.008 0.009 0.002 0.001 0.000 0.000 0.000
0.000 0.000 0.014 0.000 0.017 0.000 0.014 0.000 0.107 0.344 0.509 0.600 0.612 0.538 0.376 0.129 0.000 0.003 0.001 0.002 0.001 0.002 0.001 0.002 0.001 0.001 0.001 0.004 0.001 0.001 0.004 0.005 0.007 0.010 0.519 0.518 0.017 0.003 0.052 0.048 0.045 0.155 0.056 0.044 0.029 0.025 0.016 0.008 0.012 0.013 0.013 0.016 0.487 0.504 0.381 0.368 0.349 0.349 0.415 0.460 0.494 0.402 0.297 0.100 0.037 0.360 0.274 0.581 0.511 0.412 0.005 0.096 0.294 0.001 0.000 0.000 0.000
0.000 0.001 0.162 0.336 0.517 0.709 0.920 1.154 1.408 1.677 1.950 2.223 2.488 2.733 2.954 3.153 3.343 3.552 3.793 4.003 4.149 4.214 4.230 4.244 4.290 4.254 4.272 4.530 4.875 5.404 5.658 5.715 5.537 5.121 4.481 3.672 2.828 2.004 1.332 0.728 0.244 0.181 0.000 0.001 0.000 0.092 0.017 0.000 0.004 0.004 0.005 0.009 0.003 0.000 0.000 0.639 0.100 0.383 0.153 0.198 0.289 0.179 0.192 0.341 0.356 0.003 0.012 0.002 0.010 0.001 0.000 0.000 0.000 0.000 0.000 0.000 0.000
0.351 0.392 0.455 0.523 0.596 0.676 0.764 0.863 0.976 1.106 1.260 1.455 1.700 2.036 2.577 3.757 4.539 5.056 5.437 5.735 5.969 6.146 6.270 6.342 6.364 6.340 6.281 6.198 6.095 5.957 5.752 5.435 4.951 4.251 3.330 2.262 1.177 0.205 0.018 0.000 0.580 0.007 0.000 0.000 0.006 0.003 0.005 0.008 0.243 0.275 0.343 0.254 0.009 0.000 0.006 0.000 0.005 0.008 0.006 0.146 0.068 0.100 0.270 0.178 0.156 0.163 0.178 0.130 0.011 0.000 0.000 0.000 0.000 0.000 0.000 0.000 0.000
0.530 0.587 0.660 0.737 0.819 0.910 1.009 1.119 1.242 1.383 1.549 1.751 2.020 2.418 3.161 4.552 5.243 5.666 5.963 6.180 6.341 6.458 6.538 6.588 6.611 6.612 6.587 6.534 6.442 6.302 6.100 5.828 5.474 5.035 4.512 3.916 3.266 2.587 1.903 1.213 0.511 0.000 0.003 0.000 0.005 0.002 0.004 0.000 0.002 0.009 0.047 0.232 0.008 0.416 0.511 0.008 0.005 0.006 0.001 0.005 0.002 0.127 0.313 0.348 0.378 0.218 0.103 0.295 0.197 0.006 0.000 0.000 0.000 0.000 0.000 0.000 0.000
