Examples/2023_ISeeSnow/data/CoulombOnly/Results/curv77s/s/1HS_03_curv77s_MoT-Voellmy_s_0064.asc
ncols        94
nrows        69
xllcorner    3812.5
yllcorner    -4422.5
cellsize     5.00
NODATA_value -9999
[rows 0 to 31 of 69, columns 0 to 72 of 94]
0.000 0.000 0.000 0.000 0.000 0.000 0.000 0.000 0.000 0.000 0.000 0.000 0.000 0.000 0.000 0.000 0.000 0.000 0.000 0.000 0.000 0.000 0.000 0.000 0.001 0.003 0.009 0.010 0.028 0.078 0.170 0.318 0.534 0.821 1.172 1.578 2.024 2.492 2.962 3.396 3.725 3.932 4.010 3.955 3.770 3.468 3.069 2.599 2.088 1.562 1.045 0.559 0.224 0.074 0.023 0.006 0.001 0.000 0.000 0.000 0.000 0.000 0.000 0.000 0.000 0.000 0.000 0.000 0.000 0.000 0.000 0.000 0.000
0.000 0.000 0.000 0.000 0.000 0.000 0.000 0.000 0.000 0.000 0.000 0.000 0.000 0.000 0.000 0.000 0.000 0.002 0.009 0.010 0.006 0.008 0.011 0.062 0.293 0.672 1.218 1.929 2.784 3.749 4.790 5.877 6.960 7.988 8.946 9.835 10.661 11.431 12.150 12.446 12.600 12.679 12.726 12.742 12.732 12.701 12.652 12.587 12.510 12.424 12.325 11.899 9.189 6.277 4.246 2.822 1.734 0.873 0.245 0.031 0.003 0.000 0.000 0.000 0.000 0.000 0.000 0.000 0.000 0.000 0.000 0.000 0.000
0.000 0.000 0.000 0.000 0.000 0.000 0.000 0.000 0.000 0.001 0.004 0.009 0.005 0.004 0.010 0.009 0.005 0.000 0.438 1.068 1.863 2.771 3.743 4.733 5.709 6.644 7.540 8.414 9.221 9.945 10.596 11.188 11.789 12.273 12.657 12.957 13.183 13.348 13.462 13.534 13.572 13.583 13.569 13.536 13.485 13.421 13.345 13.259 13.165 13.063 12.955 12.841 12.724 12.603 12.478 12.349 12.216 12.075 10.133 4.852 2.254 1.101 0.313 0.029 0.001 0.000 0.000 0.000 0.000 0.000 0.000 0.000 0.000
0.000 0.000 0.002 0.009 0.008 0.006 0.009 0.003 0.000 0.000 0.011 0.204 0.919 1.759 2.665 3.586 4.478 5.305 6.039 6.665 7.204 7.691 8.136 8.532 8.901 9.240 9.651 10.515 11.560 12.295 12.853 13.276 13.596 13.836 14.013 14.139 14.223 14.272 14.290 14.284 14.257 14.211 14.150 14.076 13.990 13.895 13.792 13.682 13.566 13.445 13.319 13.191 13.060 12.927 12.793 12.659 12.524 12.389 12.254 12.118 11.980 11.836 10.713 4.604 1.487 0.489 0.053 0.001 0.000 0.000 0.000 0.000 0.000
0.004 0.010 0.000 0.000 0.154 0.979 1.876 2.801 3.709 4.564 5.334 5.992 6.516 6.908 7.189 7.386 7.510 7.561 7.536 7.453 7.410 7.572 8.095 8.966 10.331 11.781 12.675 13.310 13.780 14.134 14.402 14.603 14.749 14.850 14.913 14.944 14.949 14.930 14.891 14.834 14.763 14.679 14.584 14.479 14.366 14.246 14.119 13.987 13.851 13.712 13.569 13.425 13.278 13.131 12.984 12.837 12.690 12.545 12.402 12.261 12.123 11.987 11.853 11.719 11.583 11.436 5.790 1.308 0.299 0.020 0.000 0.000 0.000
3.177 4.087 4.927 5.670 6.294 6.777 7.113 7.316 7.412 7.421 7.352 7.202 6.963 6.652 6.342 6.132 6.102 6.280 6.669 7.270 8.135 9.283 11.139 12.669 13.543 14.132 14.557 14.874 15.113 15.292 15.420 15.508 15.561 15.584 15.581 15.555 15.509 15.446 15.368 15.277 15.174 15.061 14.939 14.809 14.672 14.530 14.383 14.231 14.077 13.919 13.759 13.598 13.436 13.274 13.112 12.950 12.791 12.633 12.477 12.325 12.176 12.031 11.891 11.754 11.622 11.493 11.365 11.232 10.246 3.542 0.568 0.057 0.001
7.658 7.748 7.692 7.551 7.335 7.036 6.655 6.219 5.792 5.451 5.249 5.203 5.300 5.515 5.826 6.224 6.717 7.334 8.143 9.262 10.925 13.093 14.136 14.767 15.200 15.515 15.749 15.922 16.048 16.133 16.185 16.207 16.203 16.177 16.130 16.065 15.985 15.890 15.783 15.664 15.535 15.397 15.252 15.100 14.942 14.779 14.612 14.441 14.268 14.092 13.915 13.737 13.558 13.380 13.202 13.026 12.851 12.680 12.511 12.345 12.184 12.028 11.876 11.730 11.589 11.453 11.324 11.199 11.077 10.952 10.815 5.742 0.750
6.278 5.853 5.377 4.984 4.722 4.600 4.602 4.701 4.872 5.096 5.359 5.658 5.994 6.375 6.816 7.346 8.018 8.942 10.289 12.918 14.391 15.201 15.709 16.060 16.314 16.500 16.635 16.729 16.788 16.817 16.819 16.798 16.757 16.696 16.618 16.525 16.418 16.298 16.166 16.024 15.873 15.713 15.546 15.373 15.194 15.011 14.824 14.633 14.440 14.246 14.050 13.854 13.658 13.463 13.268 13.076 12.886 12.699 12.516 12.336 12.162 11.992 11.828 11.670 11.518 11.373 11.234 11.102 10.977 10.857 10.741 10.624 10.495
4.101 4.207 4.327 4.483 4.669 4.875 5.098 5.339 5.596 5.873 6.174 6.507 6.884 7.323 7.860 8.558 9.564 11.164 14.003 15.337 16.044 16.489 16.797 17.017 17.177 17.290 17.365 17.409 17.424 17.415 17.384 17.333 17.264 17.178 17.077 16.961 16.832 16.691 16.538 16.375 16.203 16.023 15.835 15.641 15.442 15.237 15.029 14.818 14.605 14.390 14.175 13.959 13.744 13.531 13.319 13.109 12.902 12.699 12.500 12.306 12.117 11.933 11.756 11.585 11.422 11.265 11.116 10.974 10.840 10.713 10.594 10.480 10.370
4.522 4.758 4.955 5.154 5.363 5.581 5.813 6.060 6.325 6.614 6.934 7.298 7.726 8.255 8.955 9.995 11.780 14.786 16.075 16.745 17.166 17.454 17.659 17.805 17.907 17.973 18.009 18.018 18.003 17.967 17.912 17.839 17.749 17.643 17.523 17.388 17.241 17.081 16.910 16.728 16.536 16.336 16.127 15.912 15.691 15.466 15.236 15.003 14.769 14.533 14.296 14.060 13.825 13.591 13.360 13.131 12.906 12.686 12.470 12.260 12.055 11.857 11.665 11.481 11.304 11.136 10.975 10.823 10.679 10.543 10.415 10.296 10.183
5.133 5.395 5.595 5.793 6.000 6.219 6.453 6.705 6.981 7.287 7.636 8.046 8.553 9.228 10.240 12.040 15.287 16.654 17.344 17.767 18.053 18.255 18.398 18.497 18.560 18.594 18.602 18.587 18.551 18.495 18.422 18.331 18.225 18.103 17.967 17.816 17.652 17.476 17.287 17.086 16.876 16.655 16.427 16.191 15.948 15.700 15.448 15.193 14.936 14.678 14.419 14.161 13.904 13.649 13.397 13.149 12.904 12.665 12.430 12.202 11.981 11.767 11.560 11.361 11.171 10.989 10.816 10.653 10.498 10.352 10.216 10.088 9.968
5.666 5.958 6.163 6.361 6.569 6.791 7.030 7.291 7.582 7.913 8.301 8.779 9.407 10.336 11.991 15.510 17.088 17.853 18.305 18.605 18.815 18.963 19.065 19.131 19.168 19.179 19.166 19.133 19.081 19.010 18.923 18.819 18.699 18.563 18.413 18.249 18.070 17.877 17.672 17.454 17.224 16.985 16.735 16.478 16.213 15.943 15.668 15.390 15.110 14.828 14.546 14.265 13.986 13.709 13.435 13.165 12.900 12.640 12.386 12.139 11.900 11.668 11.444 11.230 11.025 10.829 10.643 10.467 10.301 10.144 9.998 9.861 9.733
6.133 6.460 6.673 6.874 7.086 7.313 7.562 7.836 8.146 8.508 8.949 9.521 10.341 11.745 15.455 17.358 18.270 18.784 19.114 19.342 19.502 19.613 19.687 19.730 19.747 19.741 19.713 19.666 19.601 19.519 19.420 19.305 19.173 19.026 18.864 18.686 18.494 18.286 18.065 17.830 17.583 17.323 17.054 16.775 16.488 16.195 15.897 15.595 15.291 14.985 14.680 14.375 14.072 13.772 13.476 13.184 12.897 12.616 12.341 12.074 11.815 11.564 11.323 11.091 10.870 10.659 10.459 10.269 10.090 9.922 9.765 9.618 9.482
6.549 6.913 7.140 7.347 7.565 7.799 8.057 8.349 8.685 9.088 9.600 10.306 11.435 13.853 17.352 18.573 19.194 19.578 19.836 20.016 20.142 20.228 20.281 20.307 20.309 20.289 20.250 20.192 20.117 20.025 19.916 19.791 19.650 19.493 19.319 19.130 18.924 18.703 18.466 18.215 17.949 17.671 17.381 17.080 16.771 16.454 16.132 15.806 15.478 15.148 14.819 14.490 14.164 13.840 13.521 13.206 12.897 12.594 12.297 12.009 11.729 11.459 11.198 10.949 10.710 10.482 10.266 10.062 9.870 9.689 9.520 9.362 9.216
6.928 7.331 7.573 7.789 8.013 8.257 8.529 8.839 9.206 9.659 10.260 11.156 12.833 16.900 18.691 19.518 19.988 20.292 20.502 20.650 20.752 20.818 20.856 20.868 20.858 20.828 20.779 20.713 20.629 20.529 20.412 20.278 20.128 19.961 19.778 19.577 19.359 19.125 18.873 18.606 18.323 18.025 17.714 17.392 17.060 16.720 16.374 16.024 15.671 15.316 14.962 14.609 14.259 13.912 13.570 13.232 12.901 12.575 12.257 11.948 11.647 11.355 11.075 10.805 10.547 10.302 10.069 9.849 9.641 9.447 9.265 9.096 8.939
7.275 7.720 7.981 8.206 8.439 8.694 8.979 9.313 9.714 10.225 10.944 12.118 14.841 18.487 19.709 20.326 20.704 20.957 21.134 21.257 21.341 21.392 21.417 21.419 21.400 21.361 21.304 21.230 21.139 21.031 20.907 20.766 20.607 20.432 20.239 20.027 19.798 19.551 19.285 19.001 18.701 18.384 18.054 17.710 17.355 16.991 16.620 16.245 15.867 15.487 15.109 14.732 14.358 13.987 13.622 13.262 12.908 12.561 12.222 11.890 11.568 11.256 10.954 10.664 10.386 10.122 9.870 9.633 9.409 9.199 9.003 8.821 8.652
7.598 8.086 8.368 8.604 8.846 9.112 9.416 9.773 10.213 10.793 11.654 13.250 17.641 19.650 20.555 21.054 21.371 21.589 21.741 21.846 21.915 21.955 21.970 21.963 21.935 21.889 21.825 21.744 21.646 21.532 21.401 21.252 21.086 20.902 20.700 20.479 20.239 19.978 19.699 19.400 19.082 18.747 18.396 18.030 17.652 17.264 16.869 16.468 16.064 15.660 15.256 14.855 14.457 14.064 13.676 13.294 12.919 12.551 12.190 11.838 11.495 11.162 10.839 10.528 10.230 9.945 9.674 9.417 9.176 8.949 8.738 8.541 8.358
7.899 8.429 8.733 8.984 9.238 9.516 9.835 10.217 10.699 11.360 12.405 14.631 19.014 20.588 21.309 21.730 22.007 22.198 22.331 22.422 22.480 22.510 22.516 22.501 22.466 22.413 22.343 22.256 22.152 22.031 21.893 21.737 21.564 21.372 21.161 20.930 20.679 20.407 20.114 19.799 19.465 19.111 18.739 18.352 17.951 17.538 17.118 16.692 16.262 15.833 15.404 14.978 14.557 14.141 13.731 13.327 12.932 12.543 12.163 11.791 11.428 11.075 10.732 10.400 10.081 9.775 9.483 9.206 8.945 8.700 8.471 8.258 8.061
8.186 8.758 9.087 9.354 9.621 9.913 10.248 10.654 11.178 11.924 13.190 16.403 20.199 21.392 22.002 22.373 22.620 22.791 22.910 22.989 23.037 23.059 23.057 23.035 22.994 22.935 22.858 22.765 22.654 22.527 22.383 22.221 22.040 21.840 21.621 21.380 21.119 20.834 20.528 20.199 19.848 19.475 19.083 18.674 18.249 17.812 17.366 16.914 16.459 16.004 15.550 15.100 14.655 14.217 13.785 13.361 12.946 12.538 12.140 11.750 11.368 10.996 10.634 10.282 9.942 9.615 9.301 9.003 8.721 8.456 8.207 7.977 7.763
8.456 9.072 9.428 9.709 9.987 10.292 10.644 11.074 11.644 12.483 14.003 18.798 21.102 22.117 22.656 22.992 23.217 23.373 23.481 23.550 23.590 23.604 23.595 23.567 23.519 23.454 23.371 23.271 23.155 23.021 22.870 22.701 22.514 22.306 22.078 21.829 21.556 21.260 20.941 20.597 20.229 19.838 19.426 18.994 18.546 18.084 17.613 17.135 16.654 16.173 15.695 15.220 14.752 14.291 13.839 13.395 12.961 12.536 12.120 11.713 11.315 10.926 10.546 10.176 9.816 9.468 9.133 8.812 8.508 8.220 7.951 7.700 7.468
8.713 9.371 9.753 10.052 10.343 10.656 11.024 11.478 12.083 13.008 14.793 19.782 21.883 22.788 23.282 23.593 23.803 23.948 24.045 24.107 24.139 24.146 24.131 24.096 24.042 23.970 23.881 23.775 23.653 23.513 23.355 23.180 22.985 22.770 22.533 22.274 21.992 21.684 21.352 20.993 20.608 20.199 19.766 19.312 18.840 18.354 17.857 17.353 16.846 16.340 15.837 15.339 14.848 14.366 13.893 13.431 12.979 12.537 12.105 11.683 11.271 10.867 10.471 10.084 9.706 9.338 8.981 8.638 8.310 7.999 7.707 7.433 7.180
8.957 9.656 10.064 10.380 10.682 11.007 11.384 11.854 12.490 13.479 15.490 20.607 22.571 23.415 23.882 24.178 24.378 24.514 24.604 24.659 24.685 24.685 24.664 24.622 24.562 24.484 24.389 24.277 24.148 24.002 23.838 23.655 23.453 23.231 22.986 22.718 22.425 22.106 21.761 21.387 20.986 20.558 20.105 19.629 19.134 18.623 18.102 17.572 17.040 16.508 15.980 15.457 14.943 14.439 13.946 13.465 12.996 12.539 12.094 11.659 11.234 10.817 10.408 10.007 9.613 9.227 8.850 8.485 8.133 7.797 7.479 7.181 6.904
9.188 9.925 10.357 10.688 11.000 11.332 11.718 12.192 12.844 13.864 15.981 21.234 23.170 23.996 24.455 24.745 24.940 25.070 25.155 25.205 25.224 25.219 25.192 25.144 25.078 24.994 24.892 24.774 24.639 24.487 24.317 24.128 23.919 23.690 23.437 23.160 22.857 22.527 22.168 21.779 21.360 20.912 20.435 19.934 19.412 18.873 18.323 17.767 17.209 16.655 16.108 15.569 15.040 14.522 14.016 13.522 13.040 12.569 12.110 11.662 11.223 10.793 10.370 9.953 9.543 9.140 8.743 8.356 7.980 7.618 7.273 6.947 6.643
9.403 10.174 10.628 10.972 11.293 11.629 12.011 12.484 13.130 14.130 16.166 21.597 23.654 24.518 24.990 25.285 25.480 25.610 25.692 25.738 25.754 25.743 25.711 25.658 25.586 25.496 25.389 25.266 25.125 24.968 24.792 24.598 24.383 24.147 23.887 23.602 23.289 22.948 22.577 22.176 21.744 21.283 20.796 20.284 19.752 19.203 18.640 18.066 17.485 16.898 16.309 15.724 15.147 14.582 14.033 13.502 12.992 12.503 12.034 11.582 11.143 10.715 10.295 9.879 9.466 9.056 8.648 8.244 7.848 7.461 7.089 6.735 6.401
9.598 10.395 10.869 11.225 11.550 11.884 12.258 12.712 13.317 14.242 16.038 21.581 23.959 24.948 25.465 25.780 25.985 26.119 26.203 26.248 26.261 26.248 26.212 26.155 26.079 25.985 25.875 25.747 25.603 25.442 25.263 25.065 24.846 24.605 24.339 24.046 23.723 23.367 22.975 22.546 22.078 21.572 21.032 20.462 19.870 19.265 18.657 18.053 17.459 16.879 16.315 15.768 15.235 14.715 14.207 13.710 13.221 12.739 12.264 11.794 11.330 10.872 10.418 9.968 9.522 9.078 8.637 8.200 7.770 7.349 6.942 6.552 6.183
9.770 10.591 11.077 11.436 11.755 12.078 12.434 12.858 13.409 14.207 15.614 19.640 23.960 25.212 25.832 26.193 26.422 26.571 26.663 26.712 26.728 26.716 26.680 26.622 26.545 26.451 26.339 26.211 26.067 25.905 25.725 25.526 25.305 25.060 24.791 24.495 24.170 23.817 23.436 23.028 22.596 22.142 21.663 21.159 20.627 20.069 19.486 18.877 18.246 17.595 16.929 16.255 15.579 14.909 14.251 13.610 12.993 12.405 11.850 11.327 10.836 10.372 9.932 9.512 9.106 8.710 8.319 7.928 7.534 7.136 6.735 6.339 5.952
9.909 10.748 11.244 11.603 11.915 12.220 12.548 12.927 13.401 14.053 15.087 17.279 23.010 25.122 25.991 26.456 26.738 26.918 27.030 27.094 27.120 27.117 27.087 27.036 26.966 26.879 26.775 26.654 26.518 26.364 26.191 25.997 25.779 25.533 25.256 24.941 24.584 24.180 23.723 23.210 22.642 22.029 21.385 20.726 20.064 19.405 18.759 18.129 17.519 16.930 16.363 15.818 15.293 14.788 14.300 13.826 13.366 12.915 12.471 12.031 11.592 11.152 10.706 10.252 9.787 9.310 8.820 8.319 7.810 7.302 6.801 6.313 5.844
10.007 10.857 11.356 11.710 12.006 12.285 12.573 12.898 13.291 13.799 14.524 15.763 18.883 24.150 25.726 26.429 26.824 27.069 27.224 27.321 27.374 27.394 27.387 27.357 27.307 27.238 27.153 27.052 26.933 26.798 26.644 26.469 26.267 26.037 25.777 25.485 25.160 24.802 24.412 23.993 23.548 23.077 22.577 22.045 21.483 20.896 20.289 19.668 19.037 18.399 17.758 17.114 16.469 15.822 15.176 14.530 13.883 13.233 12.576 11.908 11.223 10.521 9.811 9.114 8.461 7.877 7.374 6.941 6.556 6.193 5.842 5.495 5.148
10.037 10.904 11.411 11.761 12.045 12.305 12.563 12.836 13.147 13.529 14.040 14.801 16.163 20.055 24.509 25.804 26.450 26.833 27.084 27.256 27.377 27.460 27.514 27.546 27.558 27.549 27.515 27.449 27.344 27.199 27.019 26.810 26.583 26.334 26.051 25.716 25.313 24.828 24.259 23.613 22.904 22.154 21.385 20.620 19.875 19.160 18.484 17.848 17.255 16.705 16.196 15.728 15.300 14.908 14.550 14.221 13.917 13.629 13.349 13.068 12.777 12.463 12.120 11.736 11.304 10.814 10.260 9.639 8.953 8.216 7.450 6.682 5.938
9.732 10.646 11.203 11.602 11.931 12.223 12.498 12.771 13.070 13.445 13.970 14.671 15.576 16.895 19.842 23.768 25.049 25.798 26.312 26.698 27.004 27.257 27.472 27.658 27.819 27.941 27.946 27.627 26.962 26.098 25.220 24.486 24.094 24.157 24.489 24.693 24.611 24.329 23.926 23.442 22.897 22.302 21.667 21.002 20.322 19.645 18.986 18.359 17.774 17.236 16.746 16.302 15.903 15.543 15.219 14.924 14.652 14.395 14.141 13.879 13.596 13.278 12.913 12.488 11.983 11.373 10.622 9.691 8.560 7.265 5.934 4.743 3.785
8.323 9.048 9.485 9.828 10.152 10.488 10.859 11.299 11.907 13.015 16.642 18.797 19.985 20.748 21.281 21.656 21.907 22.054 22.109 22.087 21.996 21.850 21.659 21.436 21.195 20.945 20.696 20.453 20.218 19.992 19.780 19.584 19.409 19.254 19.122 19.009 18.911 18.824 18.743 18.669 18.599 18.533 18.470 18.410 18.351 18.293 18.236 18.180 18.123 18.064 18.005 17.943 17.879 17.812 17.741 17.666 17.585 17.498 17.403 17.299 17.186 17.063 16.928 16.783 16.625 16.453 16.266 16.059 15.829 15.570 15.275 14.942 14.566
11.547 11.866 11.943 11.928 11.869 11.784 11.678 11.557 11.427 11.292 11.157 11.030 10.917 10.832 10.791 10.824 10.989 11.413 12.221 13.283 14.420 15.462 16.296 16.859 17.252 17.581 17.752 18.270 19.967 21.764 22.042 22.145 21.848 21.304 19.451 19.283 20.031 19.733 19.527 19.420 19.365 19.330 19.298 19.258 19.206 19.138 19.056 18.964 18.864 18.761 18.654 18.544 18.431 18.316 18.199 18.078 17.955 17.827 17.694 17.557 17.416 17.272 17.125 16.976 16.825 16.674 16.525 16.389 16.283 16.250 16.279 11.587 8.273
