Examples/2023_ISeeSnow/data/CoulombOnly/Results/curv77s/s/1HS_03_curv77s_MoT-Voellmy_s_0049.asc
ncols        185
nrows        35
xllcorner    2872.5
yllcorner    -4337.5
cellsize     5.00
NODATA_value -9999
[rows 0 to 31 of 35, columns 0 to 70 of 185]
0.000 0.000 0.000 0.000 0.000 0.000 0.000 0.000 0.000 0.000 0.000 0.000 0.000 0.000 0.000 0.000 0.000 0.000 0.000 0.000 0.000 0.000 0.000 0.000 0.000 0.000 0.000 0.000 0.000 0.000 0.000 0.000 0.000 0.000 0.000 0.000 0.000 0.000 0.000 0.000 0.000 0.000 0.000 0.000 0.000 0.000 0.000 0.000 0.000 0.000 0.000 0.000 0.000 0.000 0.000 0.000 0.000 0.000 0.000 0.000 0.000 0.000 0.000 0.000 0.000 0.000 0.000 0.000 0.000 0.000 0.000
0.000 0.000 0.000 0.000 0.000 0.000 0.000 0.000 0.000 0.000 0.000 0.000 0.000 0.000 0.000 0.000 0.000 0.000 0.000 0.000 0.000 0.000 0.000 0.000 0.000 0.000 0.000 0.000 0.000 0.000 0.000 0.000 0.000 0.000 0.000 0.000 0.000 0.000 0.000 0.000 0.000 0.000 0.000 0.000 0.000 0.000 0.000 0.000 0.000 0.000 0.000 0.000 0.000 0.000 0.000 0.000 0.000 0.000 0.000 0.000 0.000 0.000 0.000 0.000 0.000 0.000 0.000 0.000 0.000 0.000 0.000
0.000 0.000 0.000 0.000 0.000 0.000 0.000 0.000 0.000 0.000 0.000 0.000 0.000 0.000 0.000 0.000 0.000 0.000 0.000 0.000 0.000 0.000 0.000 0.000 0.000 0.000 0.000 0.000 0.000 0.000 0.000 0.000 0.000 0.000 0.000 0.000 0.000 0.000 0.000 0.000 0.000 0.000 0.000 0.000 0.000 0.000 0.000 0.000 0.000 0.000 0.000 0.000 0.000 0.000 0.000 0.000 0.000 0.000 0.000 0.000 0.000 0.000 0.000 0.000 0.000 0.002 0.005 0.015 0.036 0.083 0.175
0.000 0.000 0.000 0.000 0.000 0.000 0.000 0.000 0.000 0.000 0.000 0.000 0.000 0.000 0.000 0.000 0.000 0.000 0.000 0.000 0.000 0.000 0.000 0.000 0.000 0.000 0.000 0.000 0.000 0.000 0.000 0.000 0.000 0.000 0.000 0.000 0.000 0.000 0.000 0.000 0.000 0.000 0.000 0.000 0.000 0.000 0.000 0.000 0.000 0.000 0.000 0.000 0.000 0.001 0.004 0.009 0.022 0.046 0.093 0.177 0.321 0.557 0.928 1.491 2.311 3.466 5.028 7.064 9.613 12.681 16.231
0.000 0.000 0.000 0.000 0.000 0.000 0.000 0.000 0.000 0.000 0.000 0.000 0.000 0.000 0.000 0.000 0.000 0.000 0.000 0.000 0.000 0.000 0.000 0.000 0.000 0.000 0.000 0.000 0.000 0.000 0.000 0.000 0.000 0.000 0.000 0.000 0.000 0.000 0.000 0.001 0.003 0.008 0.019 0.041 0.082 0.148 0.253 0.409 0.636 0.952 1.384 1.960 2.723 3.717 4.985 6.570 8.503 10.800 13.460 16.455 19.734 23.219 26.816 30.439 34.020 37.501 40.825 43.933 46.769 49.315 51.541
0.000 0.000 0.000 0.000 0.000 0.000 0.000 0.000 0.000 0.000 0.000 0.000 0.000 0.000 0.000 0.000 0.000 0.000 0.000 0.000 0.000 0.000 0.000 0.000 0.000 0.001 0.002 0.006 0.016 0.038 0.080 0.158 0.289 0.492 0.785 1.191 1.739 2.456 3.368 4.499 5.867 7.482 9.346 11.447 13.766 16.272 18.928 21.689 24.504 27.307 29.929 32.461 34.907 37.233 39.401 41.377 43.129 44.637 45.890 46.885 47.633 48.155 48.505 48.813 49.237 50.010 51.423 53.766 57.312 62.788 69.408
0.000 0.000 0.000 0.000 0.000 0.000 0.000 0.000 0.000 0.000 0.000 0.000 0.001 0.004 0.010 0.028 0.066 0.143 0.278 0.498 0.833 1.312 1.963 2.815 3.895 5.227 6.822 8.683 10.799 13.145 15.684 18.367 21.141 23.950 26.741 29.462 32.061 34.492 36.713 38.692 40.401 41.824 42.952 43.785 44.335 44.625 44.684 44.543 44.236 43.762 42.967 42.147 41.472 41.072 41.051 41.475 42.395 43.898 45.999 48.689 51.984 55.953 60.785 68.638 74.674 78.761 81.432 83.176 84.302 85.003 85.403
0.002 0.008 0.025 0.070 0.167 0.351 0.658 1.131 1.812 2.738 3.945 5.462 7.305 9.471 11.937 14.656 17.568 20.603 23.686 26.736 29.677 32.435 34.946 37.155 39.019 40.509 41.611 42.324 42.659 42.632 42.269 41.600 40.663 39.519 38.254 36.975 35.797 34.819 34.111 33.706 33.612 33.811 34.274 34.969 35.866 36.943 38.186 39.587 41.148 42.842 44.488 46.374 48.701 51.528 54.903 58.905 63.714 70.870 78.900 83.364 86.128 87.837 88.878 89.480 89.781 89.871 89.810 89.638 89.384 89.068 88.704
10.542 13.789 17.369 21.153 24.991 28.732 32.233 35.377 38.072 40.258 41.904 43.007 43.584 43.667 43.298 42.523 41.394 39.973 38.348 36.621 34.906 33.303 31.893 30.726 29.826 29.197 28.830 28.701 28.785 29.051 29.476 30.036 30.719 31.513 32.399 33.361 34.382 35.458 36.595 37.800 39.084 40.461 41.950 43.579 45.388 47.462 49.972 53.004 56.585 60.702 65.201 70.936 81.068 87.127 90.440 92.299 93.335 93.872 94.091 94.100 93.964 93.726 93.415 93.050 92.645 92.210 91.752 91.276 90.785 90.284 89.773
47.533 46.274 44.607 42.682 40.632 38.568 36.573 34.704 33.004 31.494 30.182 29.068 28.149 27.424 26.890 26.543 26.371 26.363 26.499 26.761 27.131 27.593 28.135 28.746 29.420 30.153 30.942 31.792 32.707 33.693 34.742 35.845 36.991 38.164 39.369 40.624 41.956 43.396 44.977 46.755 48.844 51.436 54.615 58.413 62.895 68.310 77.604 88.523 93.614 96.496 97.705 98.225 98.391 98.335 98.134 97.834 97.466 97.050 96.599 96.123 95.628 95.120 94.602 94.077 93.546 93.011 92.473 91.932 91.390 90.845 90.298
32.382 30.724 29.290 28.070 27.056 26.244 25.630 25.214 24.991 24.950 25.070 25.327 25.698 26.161 26.698 27.293 27.939 28.627 29.354 30.118 30.918 31.757 32.636 33.561 34.542 35.581 36.672 37.806 38.967 40.140 41.338 42.584 43.910 45.363 47.003 48.932 51.347 54.389 58.104 62.573 68.240 81.268 90.373 95.081 97.708 99.318 100.381 101.123 101.662 101.963 101.622 101.149 100.645 100.119 99.578 99.028 98.471 97.911 97.349 96.786 96.224 95.662 95.100 94.540 93.981 93.422 92.864 92.307 91.750 91.193 90.636
25.411 25.613 25.727 25.913 26.170 26.489 26.861 27.282 27.746 28.251 28.795 29.377 29.995 30.648 31.336 32.057 32.813 33.605 34.434 35.306 36.228 37.209 38.242 39.318 40.416 41.525 42.662 43.854 45.138 46.572 48.241 50.285 52.907 56.201 60.239 65.355 74.718 88.971 94.752 97.696 99.409 100.495 101.228 101.748 102.131 102.423 102.652 102.835 102.984 102.999 102.465 101.856 101.251 100.649 100.050 99.455 98.864 98.277 97.693 97.113 96.537 95.964 95.394 94.826 94.261 93.698 93.136 92.575 92.015 91.455 90.895
27.713 28.794 29.226 29.620 30.040 30.491 30.974 31.486 32.028 32.601 33.204 33.837 34.501 35.196 35.925 36.692 37.501 38.360 39.282 40.264 41.292 42.345 43.437 44.601 45.880 47.352 49.120 51.363 54.180 57.647 61.938 68.109 84.059 92.688 96.755 98.917 100.208 101.044 101.617 102.028 102.334 102.569 102.755 102.905 103.030 103.137 103.230 103.312 103.383 103.331 102.757 102.128 101.510 100.898 100.292 99.691 99.097 98.508 97.924 97.345 96.771 96.201 95.636 95.073 94.514 93.958 93.403 92.850 92.298 91.747 91.196
30.558 32.571 33.282 33.791 34.282 34.785 35.306 35.848 36.412 37.000 37.617 38.265 38.951 39.684 40.475 41.337 42.289 43.332 44.461 45.699 47.112 48.821 50.948 53.552 56.711 60.571 65.785 78.768 91.201 96.040 98.523 99.955 100.859 101.467 101.898 102.215 102.456 102.645 102.798 102.924 103.031 103.124 103.207 103.283 103.353 103.419 103.483 103.544 103.599 103.529 102.946 102.313 101.689 101.069 100.452 99.839 99.230 98.626 98.026 97.429 96.837 96.249 95.664 95.082 94.504 93.928 93.354 92.782 92.212 91.642 91.074
33.366 36.735 38.020 38.774 39.396 39.987 40.576 41.174 41.786 42.418 43.080 43.784 44.553 45.428 46.482 47.806 49.471 51.559 54.177 57.459 61.759 69.200 86.897 94.395 97.700 99.462 100.522 101.212 101.689 102.034 102.292 102.492 102.650 102.779 102.887 102.978 103.059 103.131 103.197 103.259 103.318 103.377 103.434 103.492 103.550 103.609 103.668 103.729 103.786 103.728 103.168 102.557 101.955 101.360 100.770 100.187 99.609 99.037 98.470 97.907 97.349 96.795 96.245 95.698 95.155 94.616 94.081 93.549 93.021 92.496 91.975
36.167 41.287 43.757 45.289 46.458 47.480 48.460 49.462 50.533 51.729 53.141 54.944 57.570 62.414 78.218 91.283 95.888 98.173 99.499 100.363 100.972 101.427 101.780 102.061 102.291 102.482 102.640 102.774 102.886 102.981 103.061 103.129 103.186 103.235 103.278 103.315 103.349 103.381 103.411 103.442 103.473 103.506 103.541 103.579 103.620 103.665 103.713 103.764 103.802 103.661 103.037 102.439 101.864 101.295 100.728 100.163 99.598 99.032 98.462 97.890 97.314 96.734 96.151 95.564 94.973 94.379 93.782 93.182 92.580 91.977 91.372
37.983 44.150 47.473 49.643 51.255 52.527 53.595 54.554 55.488 56.539 57.942 60.159 64.474 76.926 92.575 96.708 98.600 99.666 100.373 100.896 101.312 101.659 101.957 102.218 102.450 102.658 102.845 103.015 103.169 103.310 103.437 103.554 103.661 103.758 103.846 103.926 103.998 104.063 104.121 104.172 104.217 104.258 104.294 104.326 104.356 104.383 104.410 104.436 104.459 104.371 103.773 103.125 102.495 101.880 101.278 100.691 100.116 99.553 99.001 98.458 97.924 97.395 96.871 96.351 95.833 95.316 94.798 94.279 93.757 93.232 92.703
58.386 88.311 93.928 95.984 97.165 98.015 98.710 99.316 99.860 100.352 100.799 101.203 101.566 101.890 102.179 102.435 102.659 102.857 103.029 103.179 103.310 103.423 103.521 103.606 103.680 103.744 103.800 103.849 103.892 103.931 103.965 103.997 104.027 104.055 104.082 104.109 104.136 104.164 104.193 104.223 104.255 104.288 104.324 104.361 104.401 104.444 104.489 104.536 104.564 104.376 103.688 103.051 102.440 101.833 101.232 100.634 100.041 99.450 98.863 98.278 97.696 97.116 96.537 95.960 95.383 94.808 94.233 93.658 93.083 92.508 91.932
37.982 44.149 47.472 49.641 51.253 52.525 53.593 54.552 55.485 56.536 57.939 60.155 64.469 76.914 92.570 96.707 98.599 99.666 100.373 100.896 101.312 101.659 101.957 102.218 102.450 102.658 102.845 103.015 103.169 103.309 103.437 103.554 103.661 103.758 103.846 103.926 103.998 104.063 104.120 104.172 104.217 104.258 104.294 104.326 104.356 104.383 104.410 104.436 104.459 104.371 103.773 103.125 102.495 101.880 101.278 100.691 100.116 99.553 99.001 98.458 97.923 97.395 96.871 96.351 95.833 95.315 94.797 94.278 93.756 93.231 92.702
36.167 41.286 43.756 45.288 46.457 47.478 48.459 49.461 50.532 51.728 53.139 54.942 57.567 62.410 78.196 91.279 95.886 98.172 99.498 100.363 100.972 101.427 101.779 102.061 102.291 102.481 102.640 102.774 102.886 102.981 103.061 103.128 103.186 103.235 103.278 103.315 103.349 103.381 103.411 103.442 103.473 103.506 103.541 103.579 103.620 103.665 103.713 103.764 103.802 103.661 103.037 102.439 101.864 101.294 100.728 100.163 99.598 99.031 98.462 97.890 97.314 96.734 96.151 95.563 94.973 94.378 93.781 93.182 92.580 91.976 91.372
33.365 36.733 38.018 38.772 39.394 39.985 40.574 41.172 41.784 42.416 43.078 43.782 44.551 45.426 46.479 47.803 49.468 51.555 54.173 57.454 61.754 69.190 86.888 94.390 97.698 99.461 100.521 101.211 101.689 102.034 102.292 102.492 102.650 102.779 102.886 102.978 103.058 103.130 103.197 103.259 103.318 103.376 103.434 103.491 103.550 103.608 103.668 103.729 103.786 103.727 103.168 102.556 101.955 101.360 100.770 100.187 99.609 99.037 98.470 97.907 97.349 96.795 96.245 95.698 95.155 94.616 94.081 93.549 93.021 92.497 91.976
30.557 32.569 33.280 33.788 34.279 34.782 35.303 35.845 36.409 36.997 37.614 38.262 38.948 39.681 40.472 41.334 42.286 43.328 44.458 45.695 47.108 48.817 50.944 53.547 56.706 60.565 65.774 78.721 91.191 96.034 98.520 99.953 100.857 101.466 101.897 102.214 102.455 102.645 102.797 102.923 103.031 103.124 103.207 103.283 103.353 103.419 103.482 103.544 103.598 103.529 102.946 102.313 101.689 101.068 100.452 99.839 99.230 98.626 98.025 97.429 96.837 96.249 95.664 95.082 94.503 93.927 93.354 92.782 92.211 91.642 91.074
27.712 28.791 29.223 29.617 30.037 30.489 30.970 31.483 32.025 32.598 33.200 33.834 34.497 35.193 35.922 36.688 37.497 38.357 39.278 40.260 41.288 42.341 43.433 44.597 45.876 47.347 49.115 51.357 54.173 57.638 61.927 68.091 84.036 92.675 96.749 98.913 100.206 101.042 101.616 102.027 102.333 102.568 102.754 102.905 103.030 103.136 103.229 103.312 103.383 103.331 102.757 102.128 101.509 100.897 100.291 99.691 99.096 98.507 97.924 97.345 96.771 96.201 95.635 95.073 94.514 93.957 93.403 92.850 92.298 91.747 91.196
25.411 25.612 25.725 25.911 26.167 26.486 26.858 27.278 27.743 28.248 28.792 29.373 29.991 30.644 31.331 32.053 32.809 33.600 34.429 35.301 36.223 37.204 38.238 39.313 40.412 41.521 42.658 43.849 45.132 46.567 48.235 50.278 52.898 56.192 60.227 65.340 74.673 88.948 94.742 97.690 99.405 100.492 101.227 101.747 102.131 102.422 102.651 102.835 102.983 102.999 102.464 101.855 101.251 100.648 100.050 99.455 98.863 98.276 97.693 97.113 96.537 95.964 95.393 94.826 94.261 93.697 93.135 92.574 92.014 91.454 90.894
32.407 30.746 29.308 28.085 27.068 26.253 25.636 25.218 24.994 24.950 25.069 25.325 25.696 26.158 26.693 27.289 27.934 28.622 29.349 30.113 30.913 31.751 32.630 33.555 34.536 35.575 36.666 37.799 38.961 40.134 41.332 42.578 43.904 45.356 46.996 48.924 51.338 54.378 58.091 62.559 68.220 81.189 90.355 95.071 97.701 99.314 100.379 101.121 101.660 101.962 101.621 101.148 100.644 100.118 99.577 99.027 98.470 97.910 97.348 96.786 96.223 95.661 95.100 94.539 93.980 93.422 92.864 92.307 91.749 91.192 90.635
47.569 46.321 44.662 42.740 40.690 38.623 36.623 34.749 33.042 31.527 30.209 29.090 28.168 27.438 26.901 26.550 26.376 26.364 26.498 26.759 27.127 27.589 28.130 28.741 29.414 30.146 30.936 31.785 32.700 33.686 34.734 35.837 36.984 38.156 39.361 40.616 41.948 43.388 44.968 46.747 48.834 51.424 54.602 58.398 62.877 68.288 77.551 88.494 93.600 96.487 97.699 98.220 98.387 98.332 98.131 97.832 97.465 97.048 96.597 96.121 95.627 95.119 94.601 94.076 93.545 93.010 92.472 91.932 91.389 90.844 90.297
10.465 13.702 17.275 21.055 24.894 28.638 32.147 35.302 38.009 40.210 41.871 42.989 43.579 43.675 43.318 42.554 41.433 40.020 38.398 36.673 34.955 33.348 31.932 30.758 29.851 29.216 28.842 28.709 28.788 29.052 29.473 30.032 30.713 31.506 32.391 33.352 34.373 35.449 36.585 37.790 39.073 40.450 41.940 43.567 45.376 47.449 49.958 52.988 56.567 60.682 65.177 70.904 81.031 87.103 90.424 92.289 93.328 93.866 94.087 94.096 93.961 93.724 93.413 93.048 92.644 92.209 91.751 91.274 90.784 90.283 89.772
0.002 0.007 0.024 0.068 0.164 0.344 0.648 1.116 1.791 2.711 3.910 5.419 7.253 9.411 11.869 14.583 17.491 20.524 23.606 26.658 29.603 32.368 34.886 37.104 38.978 40.478 41.591 42.315 42.660 42.643 42.289 41.627 40.698 39.559 38.296 37.016 35.836 34.853 34.137 33.726 33.624 33.817 34.275 34.966 35.860 36.935 38.176 39.575 41.135 42.828 44.472 46.357 48.682 51.507 54.879 58.878 63.682 70.807 78.861 83.340 86.111 87.824 88.869 89.472 89.775 89.866 89.806 89.635 89.381 89.066 88.702
0.000 0.000 0.000 0.000 0.000 0.000 0.000 0.000 0.000 0.000 0.000 0.000 0.001 0.003 0.010 0.027 0.065 0.140 0.274 0.492 0.823 1.298 1.944 2.790 3.865 5.190 6.779 8.634 10.743 13.084 15.619 18.300 21.073 23.882 26.675 29.398 32.001 34.438 36.665 38.651 40.368 41.799 42.935 43.776 44.333 44.631 44.696 44.561 44.259 43.788 42.995 42.174 41.495 41.090 41.062 41.478 42.391 43.887 45.982 48.667 51.957 55.921 60.747 68.595 74.638 78.734 81.413 83.161 84.291 84.995 85.396
0.000 0.000 0.000 0.000 0.000 0.000 0.000 0.000 0.000 0.000 0.000 0.000 0.000 0.000 0.000 0.000 0.000 0.000 0.000 0.000 0.000 0.000 0.000 0.000 0.000 0.001 0.002 0.006 0.016 0.037 0.079 0.156 0.286 0.486 0.776 1.180 1.724 2.437 3.344 4.469 5.832 7.442 9.300 11.397 13.711 16.214 18.868 21.627 24.442 27.246 29.871 32.406 34.856 37.188 39.362 41.344 43.103 44.618 45.877 46.879 47.633 48.161 48.514 48.825 49.247 50.015 51.419 53.750 57.282 62.728 69.363
0.000 0.000 0.000 0.000 0.000 0.000 0.000 0.000 0.000 0.000 0.000 0.000 0.000 0.000 0.000 0.000 0.000 0.000 0.000 0.000 0.000 0.000 0.000 0.000 0.000 0.000 0.000 0.000 0.000 0.000 0.000 0.000 0.000 0.000 0.000 0.000 0.000 0.000 0.000 0.001 0.003 0.008 0.019 0.040 0.080 0.147 0.250 0.405 0.630 0.944 1.373 1.946 2.705 3.694 4.957 6.536 8.463 10.756 13.411 16.402 19.678 23.163 26.760 30.386 33.971 37.455 40.784 43.898 46.740 49.292 51.524
0.000 0.000 0.000 0.000 0.000 0.000 0.000 0.000 0.000 0.000 0.000 0.000 0.000 0.000 0.000 0.000 0.000 0.000 0.000 0.000 0.000 0.000 0.000 0.000 0.000 0.000 0.000 0.000 0.000 0.000 0.000 0.000 0.000 0.000 0.000 0.000 0.000 0.000 0.000 0.000 0.000 0.000 0.000 0.000 0.000 0.000 0.000 0.000 0.000 0.000 0.000 0.000 0.000 0.001 0.004 0.009 0.021 0.045 0.092 0.175 0.318 0.552 0.921 1.480 2.297 3.447 5.004 7.033 9.576 12.638 16.185
