Examples/2023_ISeeSnow/data/CoulombOnly/Results/curv77s/s/1HS_03_curv77s_MoT-Voellmy_s_0043.asc
ncols        189
nrows        19
xllcorner    2427.5
yllcorner    -4297.5
cellsize     5.00
NODATA_value -9999
[rows 0 to 18 of 19, columns 73 to 145 of 189]
0.000 0.000 0.000 0.000 0.000 0.000 0.001 0.011 0.058 0.170 0.383 0.743 1.298 2.095 3.176 4.579 6.329 8.393 10.680 13.117 15.654 18.237 20.815 23.341 25.773 28.076 30.217 32.167 33.901 35.396 36.632 37.595 38.270 38.649 38.727 38.503 37.984 37.181 36.113 34.803 33.281 31.583 29.746 27.807 25.803 23.770 21.738 19.735 17.782 15.898 14.096 12.388 10.781 9.279 7.884 6.597 5.415 4.336 3.356 2.469 1.669 0.949 0.348 0.078 0.024 0.011 0.005 0.002 0.001 0.000 0.000 0.000 0.000
0.011 0.318 1.282 3.312 6.740 11.698 18.023 25.314 32.982 40.543 47.687 54.257 60.217 65.605 70.496 74.975 79.122 82.516 84.920 86.701 88.074 89.147 89.979 90.624 91.134 91.550 91.899 92.196 92.452 92.672 92.864 93.031 93.179 93.310 93.428 93.534 93.631 93.720 93.802 93.879 93.951 94.019 94.081 94.138 94.190 94.236 94.275 94.307 94.332 94.350 94.361 94.365 94.363 94.355 94.341 94.323 94.303 94.284 94.264 94.251 94.207 94.243 83.696 44.353 26.773 20.718 16.454 13.006 10.136 7.735 5.734 4.073 2.703
46.180 55.818 57.586 56.267 57.270 59.994 64.753 76.299 82.412 85.909 87.992 89.288 90.142 90.742 91.186 91.529 91.805 92.034 92.231 92.405 92.562 92.706 92.840 92.966 93.085 93.199 93.309 93.415 93.517 93.617 93.714 93.808 93.900 93.989 94.076 94.162 94.246 94.328 94.410 94.490 94.568 94.645 94.720 94.794 94.865 94.934 95.000 95.063 95.124 95.181 95.235 95.286 95.333 95.378 95.419 95.457 95.492 95.525 95.556 95.585 95.612 95.639 95.664 95.690 95.714 95.673 95.268 94.815 94.372 93.945 93.542 93.183 92.894
91.092 91.226 91.338 91.437 91.528 91.614 91.698 91.780 91.863 91.945 92.028 92.112 92.196 92.282 92.368 92.456 92.544 92.634 92.724 92.816 92.908 93.002 93.096 93.191 93.287 93.383 93.480 93.577 93.674 93.771 93.868 93.964 94.060 94.155 94.249 94.343 94.435 94.526 94.616 94.705 94.792 94.878 94.962 95.045 95.125 95.204 95.280 95.354 95.426 95.495 95.561 95.624 95.684 95.742 95.796 95.846 95.894 95.939 95.981 96.020 96.056 96.091 96.123 96.153 96.180 96.133 95.707 95.234 94.767 94.305 93.849 93.400 92.957
91.292 91.368 91.445 91.525 91.606 91.690 91.775 91.862 91.951 92.042 92.133 92.226 92.320 92.415 92.511 92.608 92.705 92.803 92.901 93.000 93.099 93.198 93.298 93.398 93.498 93.599 93.699 93.799 93.900 94.000 94.099 94.198 94.297 94.395 94.492 94.589 94.684 94.779 94.873 94.966 95.058 95.148 95.237 95.325 95.411 95.494 95.576 95.656 95.733 95.808 95.879 95.948 96.014 96.077 96.137 96.193 96.247 96.297 96.344 96.388 96.429 96.467 96.502 96.535 96.563 96.505 96.058 95.569 95.086 94.606 94.128 93.653 93.182
91.569 91.663 91.759 91.856 91.954 92.054 92.154 92.254 92.355 92.457 92.558 92.660 92.762 92.864 92.967 93.069 93.171 93.273 93.374 93.476 93.578 93.679 93.780 93.881 93.981 94.081 94.181 94.281 94.380 94.478 94.576 94.674 94.771 94.867 94.963 95.058 95.152 95.245 95.338 95.430 95.521 95.611 95.699 95.787 95.873 95.957 96.040 96.120 96.199 96.275 96.349 96.420 96.489 96.554 96.617 96.677 96.734 96.787 96.837 96.884 96.928 96.968 97.005 97.038 97.064 96.995 96.532 96.031 95.531 95.028 94.522 94.015 93.505
92.068 92.170 92.275 92.380 92.487 92.594 92.703 92.812 92.923 93.034 93.145 93.257 93.370 93.483 93.597 93.710 93.824 93.938 94.052 94.165 94.278 94.391 94.503 94.614 94.724 94.833 94.941 95.048 95.153 95.257 95.360 95.461 95.560 95.658 95.755 95.850 95.943 96.034 96.124 96.212 96.298 96.383 96.465 96.546 96.624 96.701 96.775 96.847 96.918 96.986 97.051 97.115 97.176 97.235 97.292 97.347 97.399 97.448 97.495 97.540 97.582 97.620 97.656 97.687 97.711 97.639 97.166 96.649 96.129 95.602 95.065 94.519 93.963
93.104 93.192 93.280 93.369 93.458 93.548 93.639 93.730 93.821 93.913 94.005 94.099 94.192 94.286 94.380 94.475 94.570 94.665 94.760 94.856 94.951 95.047 95.142 95.237 95.332 95.426 95.519 95.611 95.702 95.792 95.881 95.969 96.054 96.139 96.222 96.303 96.382 96.460 96.536 96.611 96.684 96.756 96.826 96.895 96.962 97.028 97.092 97.154 97.215 97.273 97.330 97.385 97.438 97.488 97.538 97.585 97.631 97.675 97.718 97.759 97.800 97.839 97.878 97.915 97.938 97.811 97.248 96.695 96.162 95.637 95.119 94.606 94.099
93.259 93.356 93.452 93.549 93.646 93.742 93.838 93.934 94.029 94.123 94.218 94.311 94.404 94.497 94.589 94.680 94.771 94.861 94.951 95.040 95.128 95.216 95.304 95.390 95.477 95.563 95.648 95.734 95.819 95.903 95.988 96.072 96.156 96.240 96.324 96.407 96.490 96.573 96.656 96.738 96.819 96.899 96.979 97.058 97.136 97.212 97.287 97.361 97.433 97.503 97.571 97.637 97.701 97.762 97.820 97.875 97.926 97.974 98.018 98.057 98.093 98.123 98.149 98.170 98.181 98.090 97.605 97.090 96.580 96.070 95.557 95.041 94.521
94.067 94.157 94.248 94.340 94.431 94.523 94.615 94.707 94.799 94.892 94.984 95.075 95.167 95.258 95.349 95.439 95.529 95.618 95.706 95.794 95.881 95.967 96.052 96.137 96.221 96.303 96.385 96.466 96.546 96.625 96.704 96.781 96.858 96.934 97.009 97.083 97.157 97.230 97.303 97.375 97.446 97.517 97.588 97.658 97.728 97.797 97.866 97.935 98.004 98.072 98.140 98.208 98.276 98.343 98.409 98.475 98.540 98.604 98.667 98.729 98.789 98.847 98.904 98.958 98.991 98.847 98.279 97.747 97.230 96.712 96.191 95.668 95.142
93.259 93.356 93.453 93.549 93.646 93.742 93.838 93.934 94.029 94.124 94.218 94.311 94.404 94.497 94.589 94.680 94.771 94.861 94.951 95.040 95.128 95.216 95.303 95.390 95.477 95.563 95.648 95.734 95.819 95.903 95.988 96.072 96.156 96.240 96.324 96.407 96.490 96.573 96.656 96.738 96.819 96.899 96.979 97.058 97.136 97.213 97.288 97.361 97.433 97.504 97.572 97.638 97.701 97.762 97.820 97.875 97.926 97.974 98.018 98.058 98.093 98.124 98.150 98.170 98.181 98.091 97.605 97.090 96.581 96.070 95.558 95.042 94.521
93.104 93.192 93.280 93.369 93.458 93.548 93.639 93.729 93.821 93.913 94.005 94.098 94.192 94.286 94.380 94.475 94.570 94.665 94.761 94.856 94.952 95.047 95.142 95.237 95.332 95.426 95.519 95.611 95.702 95.793 95.881 95.969 96.054 96.139 96.221 96.302 96.382 96.460 96.536 96.611 96.684 96.756 96.826 96.895 96.962 97.028 97.092 97.154 97.215 97.273 97.330 97.385 97.438 97.489 97.538 97.585 97.631 97.675 97.718 97.759 97.800 97.839 97.878 97.915 97.938 97.811 97.247 96.695 96.162 95.637 95.119 94.607 94.099
92.067 92.170 92.274 92.380 92.486 92.594 92.702 92.812 92.922 93.033 93.145 93.257 93.370 93.483 93.597 93.710 93.824 93.938 94.052 94.165 94.278 94.391 94.503 94.614 94.724 94.833 94.941 95.048 95.153 95.257 95.360 95.461 95.560 95.658 95.755 95.850 95.943 96.034 96.124 96.212 96.298 96.383 96.465 96.546 96.624 96.701 96.775 96.847 96.917 96.985 97.051 97.115 97.176 97.235 97.292 97.347 97.399 97.448 97.495 97.540 97.581 97.620 97.655 97.687 97.711 97.639 97.165 96.649 96.129 95.601 95.065 94.519 93.963
91.568 91.662 91.758 91.855 91.954 92.053 92.153 92.253 92.355 92.456 92.558 92.660 92.762 92.864 92.966 93.068 93.170 93.272 93.374 93.475 93.577 93.678 93.779 93.880 93.981 94.081 94.181 94.280 94.379 94.478 94.576 94.673 94.770 94.866 94.962 95.057 95.152 95.245 95.338 95.430 95.521 95.610 95.699 95.786 95.872 95.957 96.039 96.120 96.198 96.275 96.348 96.420 96.488 96.554 96.617 96.677 96.733 96.787 96.837 96.884 96.927 96.967 97.004 97.038 97.063 96.994 96.531 96.030 95.530 95.027 94.522 94.014 93.505
91.292 91.367 91.445 91.524 91.606 91.689 91.775 91.862 91.951 92.041 92.133 92.226 92.320 92.415 92.511 92.607 92.704 92.802 92.900 92.999 93.098 93.198 93.298 93.398 93.498 93.598 93.699 93.799 93.899 93.999 94.099 94.198 94.296 94.394 94.492 94.588 94.684 94.779 94.873 94.965 95.057 95.148 95.237 95.324 95.410 95.494 95.576 95.655 95.732 95.807 95.879 95.948 96.014 96.076 96.136 96.193 96.246 96.296 96.343 96.387 96.428 96.466 96.502 96.534 96.562 96.504 96.057 95.569 95.085 94.605 94.128 93.653 93.182
91.091 91.225 91.337 91.436 91.527 91.614 91.697 91.780 91.862 91.945 92.027 92.111 92.196 92.281 92.368 92.455 92.544 92.633 92.724 92.816 92.908 93.001 93.096 93.191 93.286 93.383 93.479 93.576 93.673 93.771 93.867 93.964 94.060 94.155 94.249 94.342 94.435 94.526 94.616 94.704 94.792 94.877 94.962 95.044 95.125 95.203 95.280 95.354 95.425 95.494 95.560 95.623 95.684 95.741 95.795 95.846 95.893 95.938 95.980 96.019 96.056 96.090 96.122 96.152 96.179 96.132 95.707 95.233 94.766 94.304 93.849 93.399 92.957
45.891 55.727 57.617 56.337 57.323 60.008 64.704 76.257 82.371 85.876 87.969 89.273 90.133 90.736 91.182 91.527 91.803 92.033 92.230 92.404 92.561 92.705 92.838 92.964 93.083 93.198 93.307 93.413 93.516 93.616 93.713 93.807 93.899 93.988 94.076 94.161 94.245 94.328 94.409 94.489 94.567 94.644 94.719 94.793 94.864 94.933 94.999 95.062 95.123 95.180 95.234 95.285 95.332 95.377 95.418 95.456 95.491 95.524 95.555 95.584 95.611 95.638 95.663 95.689 95.713 95.672 95.267 94.814 94.372 93.945 93.543 93.185 92.897
0.009 0.306 1.251 3.253 6.648 11.569 17.865 25.137 32.800 40.366 47.522 54.107 60.084 65.489 70.395 74.887 79.046 82.450 84.869 86.669 88.057 89.137 89.970 90.614 91.123 91.540 91.891 92.189 92.446 92.667 92.859 93.027 93.175 93.307 93.424 93.530 93.627 93.716 93.799 93.876 93.948 94.015 94.078 94.135 94.187 94.233 94.272 94.304 94.328 94.346 94.357 94.361 94.359 94.350 94.337 94.320 94.300 94.281 94.260 94.246 94.195 94.241 83.196 43.872 26.676 20.668 16.416 12.976 10.112 7.716 5.719 4.061 2.693
0.000 0.000 0.000 0.000 0.000 0.000 0.001 0.011 0.056 0.165 0.375 0.730 1.278 2.065 3.135 4.525 6.259 8.309 10.582 13.008 15.532 18.104 20.671 23.186 25.608 27.903 30.036 31.980 33.708 35.199 36.432 37.391 38.065 38.443 38.522 38.301 37.786 36.988 35.927 34.625 33.113 31.425 29.599 27.672 25.680 23.658 21.637 19.644 17.701 15.826 14.033 12.333 10.733 9.237 7.848 6.566 5.389 4.314 3.337 2.453 1.655 0.938 0.341 0.076 0.024 0.011 0.005 0.002 0.001 0.000 0.000 0.000 0.000
