Examples/2023_ISeeSnow/data/CoulombOnly/Results/curv77s/s/1HS_03_curv77s_MoT-Voellmy_s_0020.asc
ncols        109
nrows        37
xllcorner    1307.5
yllcorner    -4342.5
cellsize     5.00
NODATA_value -9999
[rows 0 to 31 of 37, columns 0 to 72 of 109]
13.878 14.407 14.593 14.730 14.866 15.012 15.176 15.356 15.553 15.766 15.998 16.254 16.537 16.857 17.284 18.062 19.352 20.979 22.431 23.117 22.717 21.350 19.414 17.289 15.153 12.922 9.532 2.663 0.030 0.000 0.000 0.000 0.000 0.000 0.000 0.000 0.000 0.000 0.000 0.000 0.000 0.000 0.000 0.000 0.000 0.000 0.000 0.000 0.000 0.000 0.000 0.000 0.000 0.000 0.000 0.000 0.000 0.000 0.000 0.000 0.000 0.000 0.000 0.000 0.000 0.000 0.000 0.000 0.000 0.000 0.000 0.000 0.000
14.950 16.206 16.767 17.132 17.432 17.727 18.042 18.397 18.820 19.320 19.932 20.687 21.673 23.002 24.942 28.231 36.388 39.022 39.748 40.116 40.356 40.503 40.559 40.511 40.341 40.033 39.738 39.897 40.142 40.351 40.539 40.992 44.102 46.109 44.488 39.053 31.977 25.256 17.793 4.372 0.028 0.000 0.000 0.000 0.000 0.000 0.000 0.000 0.000 0.000 0.000 0.000 0.000 0.000 0.000 0.000 0.000 0.000 0.000 0.000 0.000 0.000 0.000 0.000 0.000 0.000 0.000 0.000 0.000 0.000 0.000 0.000 0.000
15.739 17.553 18.541 19.264 19.888 20.521 21.251 22.197 23.607 26.179 33.693 38.258 39.693 40.485 41.036 41.456 41.752 41.912 41.998 42.049 42.083 42.103 42.114 42.112 42.097 42.064 42.019 41.978 41.947 41.926 41.914 41.939 42.067 42.258 42.392 42.311 41.890 41.102 40.282 40.284 42.563 49.303 50.439 43.945 33.833 24.852 15.910 2.947 0.009 0.000 0.000 0.000 0.000 0.000 0.000 0.000 0.000 0.000 0.000 0.000 0.000 0.000 0.000 0.000 0.000 0.000 0.000 0.000 0.000 0.000 0.000 0.000 0.000
16.296 18.455 19.786 20.897 22.019 23.440 25.812 32.837 38.582 40.379 41.342 41.865 42.160 42.336 42.442 42.505 42.536 42.546 42.544 42.535 42.522 42.508 42.494 42.478 42.462 42.445 42.425 42.404 42.383 42.362 42.344 42.331 42.331 42.345 42.367 42.382 42.366 42.302 42.206 42.141 42.273 42.649 43.037 43.087 42.500 41.230 40.150 46.390 51.285 49.676 40.042 28.047 18.494 7.625 0.303 0.000 0.000 0.000 0.000 0.000 0.000 0.000 0.000 0.000 0.000 0.000 0.000 0.000 0.000 0.000 0.000 0.000 0.000
16.752 19.204 20.916 22.657 25.098 31.177 38.655 40.782 41.745 42.238 42.509 42.660 42.742 42.782 42.797 42.796 42.785 42.770 42.752 42.733 42.715 42.699 42.684 42.670 42.657 42.646 42.634 42.623 42.612 42.600 42.589 42.579 42.571 42.566 42.565 42.566 42.566 42.561 42.550 42.539 42.544 42.581 42.644 42.704 42.715 42.635 42.538 42.755 43.226 43.617 43.424 42.265 40.533 44.987 48.896 46.510 36.452 24.793 15.439 4.292 0.052 0.000 0.000 0.000 0.000 0.000 0.000 0.000 0.000 0.000 0.000 0.000 0.000
17.469 20.514 23.324 28.284 37.629 40.502 41.659 42.231 42.538 42.707 42.800 42.848 42.869 42.874 42.869 42.860 42.848 42.837 42.827 42.819 42.812 42.808 42.805 42.804 42.804 42.804 42.805 42.805 42.805 42.803 42.801 42.798 42.794 42.790 42.786 42.782 42.779 42.775 42.770 42.766 42.763 42.766 42.777 42.793 42.809 42.818 42.823 42.849 42.912 42.997 43.056 43.018 42.886 43.006 43.357 43.563 43.065 41.542 41.411 46.621 46.882 38.330 26.358 16.642 5.421 0.106 0.000 0.000 0.000 0.000 0.000 0.000 0.000
18.314 22.260 27.808 37.873 40.746 41.815 42.320 42.583 42.726 42.803 42.842 42.860 42.865 42.863 42.860 42.856 42.854 42.855 42.858 42.863 42.871 42.881 42.893 42.905 42.918 42.931 42.943 42.954 42.964 42.972 42.978 42.982 42.984 42.984 42.983 42.980 42.976 42.972 42.967 42.961 42.956 42.952 42.949 42.950 42.953 42.957 42.963 42.973 42.989 43.013 43.041 43.063 43.076 43.098 43.146 43.204 43.211 43.099 43.071 43.317 43.518 43.096 41.663 41.420 46.250 45.555 36.143 24.593 14.805 3.093 0.016 0.000 0.000
19.330 24.770 36.339 40.270 41.651 42.249 42.546 42.701 42.782 42.822 42.839 42.845 42.845 42.843 42.842 42.844 42.849 42.858 42.871 42.887 42.906 42.928 42.951 42.976 43.000 43.025 43.048 43.070 43.090 43.107 43.122 43.134 43.143 43.149 43.153 43.154 43.153 43.149 43.145 43.139 43.132 43.126 43.119 43.113 43.109 43.106 43.104 43.105 43.109 43.115 43.125 43.138 43.151 43.167 43.186 43.210 43.232 43.244 43.254 43.283 43.324 43.325 43.214 43.185 43.418 43.533 42.916 41.335 44.267 46.958 42.120 31.093 20.778
20.757 29.620 39.163 41.293 42.105 42.483 42.672 42.768 42.814 42.833 42.839 42.838 42.836 42.836 42.840 42.848 42.861 42.880 42.903 42.930 42.960 42.994 43.028 43.064 43.100 43.135 43.169 43.200 43.229 43.256 43.278 43.297 43.313 43.325 43.333 43.337 43.339 43.337 43.333 43.327 43.319 43.310 43.300 43.290 43.279 43.270 43.262 43.254 43.249 43.245 43.244 43.245 43.248 43.254 43.262 43.273 43.286 43.301 43.316 43.335 43.358 43.380 43.393 43.406 43.437 43.474 43.456 43.328 43.389 43.614 43.481 42.417 41.096
22.215 36.139 40.345 41.763 42.346 42.623 42.761 42.828 42.858 42.868 42.869 42.867 42.866 42.868 42.874 42.886 42.904 42.927 42.955 42.987 43.022 43.061 43.100 43.141 43.183 43.223 43.262 43.299 43.334 43.366 43.394 43.419 43.440 43.457 43.471 43.481 43.487 43.490 43.490 43.487 43.482 43.475 43.467 43.458 43.447 43.436 43.425 43.415 43.404 43.395 43.386 43.379 43.374 43.370 43.369 43.369 43.373 43.379 43.388 43.400 43.415 43.433 43.454 43.477 43.503 43.534 43.562 43.581 43.607 43.651 43.678 43.612 43.529
23.688 37.530 40.942 42.048 42.512 42.733 42.841 42.890 42.909 42.911 42.907 42.902 42.900 42.901 42.909 42.922 42.942 42.969 43.001 43.038 43.079 43.124 43.171 43.219 43.269 43.317 43.365 43.411 43.454 43.493 43.529 43.561 43.588 43.611 43.628 43.642 43.651 43.656 43.657 43.655 43.650 43.643 43.634 43.623 43.611 43.599 43.585 43.572 43.559 43.545 43.533 43.521 43.510 43.500 43.492 43.486 43.483 43.482 43.484 43.489 43.497 43.510 43.526 43.546 43.570 43.598 43.629 43.662 43.698 43.737 43.777 43.810 43.839
24.933 38.470 41.319 42.239 42.637 42.826 42.915 42.954 42.966 42.965 42.959 42.954 42.953 42.956 42.967 42.984 43.008 43.038 43.074 43.115 43.161 43.209 43.260 43.311 43.363 43.414 43.464 43.512 43.557 43.598 43.637 43.671 43.701 43.727 43.748 43.766 43.779 43.788 43.794 43.797 43.796 43.793 43.787 43.778 43.768 43.756 43.743 43.729 43.714 43.699 43.683 43.668 43.653 43.640 43.627 43.617 43.609 43.603 43.600 43.601 43.605 43.613 43.625 43.642 43.662 43.687 43.716 43.748 43.784 43.823 43.865 43.907 43.951
25.770 38.901 41.513 42.363 42.732 42.906 42.987 43.020 43.028 43.023 43.015 43.008 43.004 43.006 43.015 43.031 43.054 43.084 43.120 43.162 43.208 43.259 43.312 43.366 43.422 43.478 43.532 43.586 43.636 43.684 43.728 43.768 43.803 43.834 43.860 43.882 43.898 43.910 43.918 43.922 43.923 43.920 43.915 43.907 43.897 43.885 43.872 43.858 43.843 43.827 43.811 43.796 43.781 43.766 43.753 43.741 43.732 43.725 43.721 43.721 43.724 43.731 43.743 43.758 43.779 43.803 43.831 43.864 43.899 43.938 43.979 44.023 44.068
26.344 39.216 41.659 42.464 42.815 42.979 43.053 43.081 43.085 43.077 43.066 43.057 43.052 43.053 43.061 43.078 43.102 43.134 43.172 43.216 43.266 43.319 43.375 43.433 43.492 43.550 43.608 43.663 43.717 43.767 43.814 43.857 43.895 43.930 43.959 43.985 44.005 44.022 44.034 44.041 44.045 44.045 44.042 44.036 44.027 44.015 44.002 43.987 43.971 43.954 43.937 43.920 43.903 43.888 43.874 43.861 43.852 43.845 43.841 43.841 43.846 43.854 43.868 43.886 43.908 43.936 43.967 44.003 44.042 44.084 44.128 44.174 44.221
26.379 39.266 41.718 42.527 42.879 43.043 43.117 43.143 43.146 43.137 43.125 43.114 43.108 43.107 43.115 43.130 43.153 43.184 43.222 43.265 43.314 43.367 43.423 43.482 43.541 43.601 43.660 43.718 43.774 43.826 43.876 43.921 43.962 43.998 44.030 44.056 44.078 44.095 44.108 44.116 44.120 44.121 44.118 44.113 44.105 44.094 44.083 44.069 44.055 44.040 44.024 44.009 43.994 43.981 43.968 43.958 43.951 43.946 43.946 43.949 43.957 43.970 43.988 44.012 44.041 44.075 44.113 44.156 44.203 44.253 44.306 44.360 44.414
26.465 39.343 41.778 42.583 42.934 43.096 43.167 43.191 43.191 43.179 43.163 43.149 43.139 43.136 43.141 43.154 43.175 43.204 43.241 43.284 43.333 43.386 43.443 43.503 43.565 43.627 43.688 43.749 43.808 43.864 43.917 43.966 44.011 44.052 44.088 44.120 44.146 44.168 44.185 44.197 44.205 44.208 44.208 44.204 44.197 44.187 44.176 44.162 44.147 44.132 44.116 44.100 44.085 44.071 44.060 44.051 44.045 44.043 44.045 44.052 44.065 44.084 44.108 44.139 44.175 44.218 44.267 44.320 44.379 44.441 44.507 44.575 44.645
26.376 39.322 41.799 42.616 42.972 43.136 43.209 43.233 43.233 43.221 43.206 43.192 43.182 43.179 43.184 43.197 43.219 43.249 43.286 43.330 43.379 43.433 43.490 43.550 43.611 43.673 43.734 43.794 43.852 43.907 43.959 44.006 44.050 44.089 44.123 44.152 44.177 44.197 44.212 44.224 44.231 44.235 44.236 44.234 44.230 44.224 44.215 44.206 44.196 44.185 44.174 44.164 44.154 44.146 44.140 44.136 44.136 44.140 44.148 44.161 44.180 44.205 44.236 44.274 44.318 44.369 44.425 44.488 44.556 44.629 44.707 44.788 44.873
26.748 39.523 41.873 42.659 43.003 43.160 43.228 43.249 43.245 43.229 43.210 43.192 43.179 43.172 43.174 43.184 43.203 43.230 43.265 43.307 43.355 43.408 43.466 43.527 43.590 43.654 43.719 43.782 43.845 43.905 43.963 44.017 44.068 44.114 44.155 44.192 44.224 44.250 44.272 44.289 44.302 44.310 44.314 44.315 44.312 44.307 44.300 44.291 44.280 44.269 44.258 44.247 44.237 44.228 44.223 44.220 44.220 44.225 44.235 44.251 44.272 44.300 44.335 44.377 44.426 44.481 44.544 44.613 44.689 44.770 44.857 44.947 45.042
29.462 40.341 42.090 42.741 43.033 43.168 43.225 43.241 43.236 43.222 43.205 43.190 43.181 43.179 43.185 43.200 43.223 43.255 43.295 43.341 43.393 43.450 43.510 43.572 43.636 43.700 43.763 43.825 43.885 43.941 43.994 44.042 44.087 44.127 44.162 44.192 44.218 44.239 44.257 44.270 44.279 44.285 44.289 44.289 44.287 44.284 44.279 44.273 44.265 44.258 44.251 44.244 44.238 44.233 44.231 44.232 44.236 44.245 44.258 44.277 44.302 44.334 44.373 44.419 44.473 44.533 44.602 44.677 44.760 44.849 44.944 45.045 45.151
26.747 39.522 41.873 42.659 43.003 43.160 43.228 43.249 43.245 43.229 43.210 43.192 43.179 43.173 43.174 43.184 43.203 43.230 43.265 43.307 43.355 43.408 43.466 43.527 43.590 43.654 43.719 43.782 43.845 43.905 43.963 44.017 44.068 44.114 44.155 44.192 44.224 44.251 44.272 44.290 44.302 44.310 44.314 44.315 44.313 44.307 44.300 44.291 44.280 44.269 44.258 44.247 44.237 44.229 44.223 44.220 44.220 44.225 44.235 44.251 44.272 44.300 44.335 44.377 44.426 44.482 44.544 44.614 44.689 44.770 44.857 44.947 45.042
26.375 39.322 41.799 42.616 42.972 43.136 43.209 43.233 43.233 43.221 43.206 43.192 43.182 43.179 43.184 43.198 43.219 43.249 43.286 43.330 43.379 43.433 43.490 43.550 43.612 43.673 43.735 43.794 43.852 43.907 43.959 44.006 44.050 44.089 44.123 44.152 44.177 44.197 44.213 44.224 44.232 44.236 44.236 44.234 44.230 44.224 44.216 44.206 44.196 44.185 44.174 44.164 44.154 44.146 44.140 44.136 44.136 44.140 44.148 44.162 44.180 44.205 44.237 44.274 44.318 44.369 44.425 44.488 44.556 44.629 44.707 44.788 44.873
26.465 39.343 41.778 42.583 42.934 43.096 43.167 43.191 43.191 43.179 43.163 43.149 43.139 43.136 43.141 43.154 43.175 43.204 43.241 43.284 43.333 43.386 43.444 43.503 43.565 43.627 43.689 43.749 43.808 43.864 43.917 43.966 44.011 44.052 44.088 44.120 44.146 44.168 44.185 44.197 44.205 44.208 44.208 44.204 44.197 44.188 44.176 44.162 44.148 44.132 44.116 44.100 44.085 44.072 44.060 44.051 44.045 44.043 44.045 44.053 44.065 44.084 44.108 44.139 44.176 44.218 44.267 44.320 44.379 44.441 44.507 44.575 44.645
26.378 39.266 41.718 42.527 42.879 43.043 43.117 43.143 43.146 43.137 43.125 43.114 43.108 43.108 43.115 43.130 43.153 43.184 43.222 43.265 43.314 43.367 43.423 43.482 43.541 43.601 43.661 43.718 43.774 43.826 43.876 43.921 43.962 43.998 44.030 44.057 44.078 44.095 44.108 44.116 44.121 44.121 44.119 44.113 44.105 44.095 44.083 44.069 44.055 44.040 44.025 44.009 43.995 43.981 43.969 43.958 43.951 43.946 43.946 43.949 43.957 43.970 43.989 44.012 44.041 44.075 44.113 44.156 44.203 44.253 44.305 44.359 44.414
26.343 39.215 41.658 42.464 42.815 42.979 43.053 43.081 43.085 43.077 43.066 43.057 43.052 43.053 43.061 43.078 43.102 43.134 43.172 43.216 43.266 43.319 43.375 43.433 43.492 43.550 43.608 43.664 43.717 43.767 43.814 43.857 43.895 43.930 43.960 43.985 44.006 44.022 44.034 44.042 44.045 44.046 44.042 44.036 44.027 44.015 44.002 43.987 43.971 43.954 43.937 43.920 43.904 43.888 43.874 43.862 43.852 43.845 43.841 43.841 43.846 43.854 43.868 43.886 43.908 43.935 43.967 44.002 44.041 44.083 44.127 44.173 44.220
25.768 38.901 41.513 42.363 42.732 42.906 42.987 43.020 43.028 43.023 43.015 43.008 43.004 43.006 43.015 43.031 43.054 43.084 43.121 43.162 43.209 43.259 43.312 43.366 43.422 43.478 43.533 43.586 43.636 43.684 43.728 43.768 43.804 43.835 43.861 43.882 43.899 43.911 43.919 43.923 43.923 43.920 43.915 43.907 43.897 43.885 43.872 43.858 43.843 43.827 43.812 43.796 43.781 43.766 43.753 43.741 43.732 43.725 43.721 43.721 43.724 43.731 43.742 43.758 43.778 43.802 43.831 43.863 43.898 43.937 43.978 44.022 44.066
24.931 38.469 41.319 42.239 42.637 42.826 42.915 42.954 42.966 42.965 42.959 42.954 42.953 42.957 42.967 42.984 43.008 43.038 43.074 43.116 43.161 43.209 43.260 43.311 43.363 43.414 43.464 43.512 43.557 43.599 43.637 43.671 43.701 43.727 43.748 43.766 43.779 43.789 43.794 43.797 43.796 43.793 43.787 43.778 43.768 43.756 43.743 43.729 43.714 43.699 43.683 43.668 43.653 43.639 43.627 43.617 43.608 43.602 43.599 43.600 43.604 43.612 43.624 43.641 43.661 43.686 43.715 43.747 43.783 43.822 43.863 43.906 43.950
23.686 37.529 40.942 42.047 42.512 42.734 42.841 42.890 42.909 42.911 42.907 42.902 42.900 42.901 42.909 42.922 42.943 42.969 43.001 43.038 43.079 43.124 43.171 43.220 43.269 43.318 43.365 43.411 43.454 43.494 43.529 43.561 43.588 43.611 43.629 43.642 43.651 43.656 43.657 43.655 43.650 43.643 43.633 43.623 43.611 43.598 43.585 43.572 43.558 43.545 43.532 43.520 43.509 43.500 43.492 43.486 43.482 43.481 43.483 43.488 43.496 43.509 43.525 43.545 43.569 43.596 43.627 43.660 43.696 43.736 43.776 43.808 43.837
22.214 36.137 40.345 41.762 42.346 42.623 42.761 42.828 42.858 42.868 42.869 42.867 42.866 42.868 42.874 42.887 42.904 42.927 42.955 42.987 43.022 43.061 43.101 43.142 43.183 43.223 43.262 43.299 43.334 43.366 43.394 43.419 43.440 43.457 43.471 43.480 43.487 43.490 43.490 43.487 43.482 43.475 43.467 43.457 43.447 43.436 43.425 43.414 43.404 43.394 43.386 43.378 43.373 43.369 43.368 43.368 43.372 43.378 43.387 43.398 43.414 43.432 43.452 43.475 43.502 43.532 43.560 43.580 43.605 43.649 43.676 43.611 43.527
20.756 29.616 39.162 41.293 42.105 42.483 42.672 42.768 42.814 42.833 42.839 42.838 42.836 42.836 42.840 42.848 42.861 42.880 42.903 42.930 42.961 42.994 43.029 43.064 43.100 43.135 43.169 43.200 43.230 43.256 43.278 43.297 43.313 43.325 43.333 43.337 43.339 43.337 43.333 43.327 43.319 43.309 43.299 43.289 43.279 43.269 43.261 43.254 43.248 43.244 43.243 43.244 43.247 43.253 43.261 43.271 43.285 43.299 43.315 43.334 43.356 43.379 43.392 43.404 43.435 43.472 43.455 43.328 43.387 43.612 43.485 42.430 41.094
19.330 24.768 36.337 40.269 41.650 42.249 42.546 42.701 42.782 42.822 42.840 42.845 42.845 42.843 42.842 42.844 42.849 42.858 42.871 42.887 42.906 42.928 42.951 42.976 43.000 43.025 43.048 43.070 43.090 43.107 43.122 43.134 43.143 43.149 43.153 43.153 43.152 43.149 43.144 43.139 43.132 43.125 43.118 43.113 43.108 43.105 43.103 43.104 43.108 43.114 43.124 43.136 43.150 43.165 43.185 43.208 43.231 43.242 43.252 43.281 43.322 43.324 43.215 43.180 43.411 43.534 42.928 41.353 44.253 46.976 42.224 31.213 20.873
18.314 22.260 27.807 37.872 40.746 41.815 42.320 42.584 42.726 42.803 42.842 42.860 42.865 42.863 42.860 42.856 42.854 42.855 42.857 42.863 42.871 42.881 42.892 42.905 42.918 42.931 42.943 42.954 42.964 42.971 42.977 42.981 42.983 42.983 42.982 42.979 42.976 42.971 42.966 42.960 42.955 42.951 42.948 42.949 42.952 42.956 42.962 42.972 42.988 43.012 43.040 43.062 43.074 43.096 43.144 43.202 43.210 43.099 43.066 43.311 43.517 43.107 41.685 41.339 46.161 45.589 36.285 24.719 14.929 3.188 0.017 0.000 0.000
17.469 20.515 23.325 28.285 37.629 40.502 41.660 42.231 42.538 42.707 42.800 42.848 42.869 42.874 42.869 42.859 42.848 42.837 42.827 42.819 42.812 42.808 42.805 42.804 42.804 42.804 42.805 42.805 42.804 42.803 42.801 42.797 42.794 42.789 42.785 42.782 42.778 42.774 42.769 42.765 42.762 42.765 42.775 42.791 42.807 42.817 42.822 42.847 42.909 42.994 43.054 43.018 42.886 43.002 43.350 43.561 43.076 41.567 41.308 46.509 46.909 38.488 26.507 16.763 5.561 0.115 0.000 0.000 0.000 0.000 0.000 0.000 0.000
