Examples/2023_ISeeSnow/data/CoulombOnly/Results/curv77s/s/1HS_03_curv77s_MoT-Voellmy_s_0030.asc
ncols        141
nrows        17
xllcorner    1687.5
yllcorner    -4292.5
cellsize     5.00
NODATA_value -9999
18.687 19.058 19.251 19.435 19.627 19.828 20.038 20.262 20.499 20.744 20.994 21.248 21.508 21.774 22.049 22.343 22.670 23.036 23.447 23.927 24.556 25.420 26.470 27.432 28.035 28.890 31.637 35.495 35.734 29.235 19.769 12.536 8.419 5.534 1.710 0.038 0.000 0.000 0.000 0.000 0.000 0.000 0.000 0.000 0.000 0.000 0.000 0.000 0.000 0.000 0.000 0.000 0.000 0.000 0.000 0.000 0.000 0.000 0.000 0.000 0.000 0.000 0.000 0.000 0.000 0.000 0.000 0.000 0.000 0.000 0.000 0.000 0.000 0.000 0.000 0.000 0.000 0.000 0.000 0.000 0.000 0.000 0.000 0.000 0.000 0.000 0.000 0.000 0.000 0.000 0.000 0.000 0.000 0.000 0.000 0.000 0.000 0.000 0.000 0.000 0.000 0.000 0.000 0.000 0.000 0.000 0.000 0.000 0.000 0.000 0.000 0.000 0.000 0.000 0.000 0.000 0.000 0.000 0.000 0.000 0.000 0.000 0.000 0.000 0.000 0.000 0.000 0.000 0.000 0.000 0.000 0.000 0.000 0.000 0.000 0.000 0.000 0.000 0.000 0.000 0.000
19.960 20.840 21.141 21.326 21.483 21.637 21.793 21.956 22.130 22.311 22.502 22.703 22.911 23.127 23.352 23.586 23.832 24.092 24.367 24.660 24.979 25.338 25.741 26.173 26.603 27.060 27.678 28.522 29.413 30.008 29.954 29.109 28.375 30.699 37.146 40.339 35.667 25.611 16.480 10.882 7.213 2.523 0.078 0.356 1.629 5.593 15.901 26.774 33.787 36.902 38.005 38.515 39.256 40.806 43.823 51.417 55.925 58.649 60.313 61.357 62.041 62.512 62.850 63.104 63.299 63.455 63.583 63.691 63.784 63.866 63.940 64.007 64.068 64.123 64.172 64.213 64.242 64.254 64.247 64.225 64.193 64.153 64.119 64.119 64.227 64.610 65.604 58.708 14.183 0.032 0.000 0.000 0.000 0.000 0.000 0.000 0.000 0.000 0.000 0.000 0.000 0.000 0.000 0.000 0.000 0.000 0.000 0.000 0.000 0.000 0.000 0.000 0.000 0.000 0.000 0.000 0.000 0.000 0.000 0.000 0.000 0.000 0.000 0.000 0.000 0.000 0.000 0.000 0.000 0.000 0.000 0.000 0.000 0.000 0.000 0.000 0.000 0.000 0.000 0.000 0.000
21.314 22.942 23.608 23.989 24.255 24.475 24.675 24.873 25.078 25.292 25.525 25.780 26.053 26.345 26.655 26.990 27.348 27.724 28.116 28.525 28.953 29.397 29.850 30.310 30.769 31.219 31.667 32.118 32.560 32.965 33.289 33.494 33.633 34.032 34.847 35.691 36.138 35.911 34.936 33.626 33.935 38.017 43.124 46.374 44.176 36.565 29.482 27.374 33.960 44.079 56.130 60.221 61.817 62.560 62.969 63.223 63.393 63.514 63.607 63.681 63.745 63.802 63.854 63.904 63.953 64.001 64.049 64.098 64.148 64.198 64.250 64.303 64.358 64.414 64.473 64.534 64.597 64.663 64.732 64.803 64.876 64.951 65.028 65.106 65.183 65.259 65.331 65.395 65.468 65.541 65.605 65.661 65.708 65.745 65.775 65.802 65.829 65.864 65.921 66.020 66.234 66.729 67.882 67.696 38.345 1.490 0.000 0.000 0.000 0.000 0.000 0.000 0.000 0.000 0.000 0.000 0.000 0.000 0.000 0.000 0.000 0.000 0.000 0.000 0.000 0.000 0.000 0.000 0.000 0.000 0.000 0.000 0.000 0.000 0.000 0.000 0.000 0.000 0.000 0.000 0.000
22.351 24.686 25.844 26.593 27.135 27.569 27.948 28.307 28.674 29.067 29.503 29.995 30.558 31.238 32.039 33.018 34.209 35.716 37.670 40.301 44.082 50.178 54.702 55.426 55.946 56.379 56.737 57.028 57.261 57.440 57.569 57.648 57.678 57.683 57.700 57.736 57.778 57.794 57.750 57.627 57.522 57.643 57.974 55.762 55.333 61.152 62.519 63.028 63.263 63.392 63.475 63.536 63.586 63.631 63.674 63.718 63.762 63.809 63.857 63.906 63.958 64.011 64.066 64.122 64.180 64.239 64.299 64.360 64.422 64.485 64.549 64.614 64.680 64.748 64.816 64.885 64.954 65.024 65.092 65.159 65.224 65.287 65.347 65.403 65.456 65.503 65.549 65.596 65.645 65.697 65.753 65.812 65.874 65.938 66.002 66.065 66.126 66.185 66.243 66.292 66.337 66.374 66.399 66.394 66.389 66.428 66.470 66.514 66.567 66.647 66.790 67.080 67.700 68.971 59.263 10.683 0.008 0.000 0.000 0.000 0.000 0.000 0.000 0.000 0.000 0.000 0.000 0.000 0.000 0.000 0.000 0.000 0.000 0.000 0.000 0.000 0.000 0.000 0.000 0.000 0.000
23.101 25.973 27.592 28.752 29.669 30.451 31.168 31.888 32.675 33.616 34.876 36.731 39.898 47.191 55.080 57.099 58.424 59.489 60.382 61.126 61.730 62.180 62.465 62.676 62.845 62.981 63.090 63.176 63.243 63.295 63.333 63.361 63.380 63.391 63.396 63.398 63.399 63.396 63.389 63.357 63.330 63.343 63.373 63.402 63.431 63.463 63.497 63.534 63.576 63.624 63.677 63.736 63.800 63.868 63.940 64.014 64.091 64.168 64.247 64.325 64.403 64.480 64.556 64.630 64.704 64.777 64.848 64.919 64.989 65.058 65.126 65.194 65.261 65.328 65.394 65.460 65.526 65.592 65.658 65.725 65.792 65.861 65.933 66.008 66.087 66.173 66.265 66.362 66.464 66.568 66.672 66.775 66.874 66.969 67.056 67.135 67.205 67.270 67.329 67.379 67.424 67.463 67.497 67.525 67.547 67.563 67.572 67.573 67.567 67.553 67.532 67.503 67.464 67.405 67.313 67.276 67.275 67.302 67.389 67.608 68.085 68.990 41.245 1.399 0.000 0.000 0.000 0.000 0.000 0.000 0.000 0.000 0.000 0.000 0.000 0.000 0.000 0.000 0.000 0.000 0.000
23.661 26.917 28.922 30.491 31.848 33.150 34.574 36.451 39.725 49.298 56.105 58.678 60.349 61.571 62.353 62.879 63.262 63.552 63.772 63.934 64.052 64.133 64.188 64.221 64.238 64.239 64.227 64.203 64.169 64.126 64.075 64.015 63.935 63.835 63.738 63.657 63.593 63.543 63.509 63.494 63.500 63.527 63.571 63.632 63.706 63.789 63.878 63.971 64.065 64.158 64.251 64.341 64.428 64.513 64.594 64.673 64.748 64.821 64.892 64.960 65.027 65.092 65.156 65.219 65.281 65.343 65.405 65.468 65.533 65.598 65.666 65.737 65.810 65.886 65.966 66.048 66.133 66.220 66.309 66.399 66.491 66.583 66.675 66.766 66.856 66.942 67.023 67.095 67.160 67.218 67.266 67.307 67.340 67.367 67.389 67.407 67.423 67.439 67.456 67.474 67.494 67.516 67.540 67.564 67.588 67.610 67.630 67.647 67.659 67.667 67.669 67.666 67.657 67.641 67.620 67.595 67.565 67.533 67.496 67.452 67.395 67.299 67.216 67.296 67.488 67.851 68.484 41.746 1.461 0.000 0.000 0.000 0.000 0.000 0.000 0.000 0.000 0.000 0.000 0.000 0.000
24.173 27.770 30.181 32.318 34.564 37.725 45.320 55.764 59.250 61.200 62.345 63.064 63.545 63.872 64.093 64.241 64.336 64.390 64.413 64.410 64.387 64.347 64.293 64.223 64.136 64.041 63.947 63.861 63.784 63.718 63.662 63.620 63.598 63.597 63.616 63.653 63.704 63.769 63.844 63.925 64.006 64.088 64.169 64.249 64.330 64.410 64.491 64.572 64.652 64.732 64.811 64.889 64.966 65.041 65.115 65.187 65.259 65.329 65.400 65.469 65.539 65.608 65.678 65.748 65.818 65.889 65.960 66.031 66.103 66.175 66.247 66.319 66.391 66.463 66.534 66.606 66.677 66.748 66.819 66.890 66.962 67.034 67.107 67.181 67.256 67.333 67.410 67.488 67.567 67.648 67.732 67.820 67.913 68.011 68.113 68.219 68.326 68.433 68.537 68.635 68.727 68.811 68.886 68.951 69.004 69.047 69.078 69.098 69.107 69.104 69.089 69.061 69.021 68.969 68.907 68.836 68.758 68.674 68.584 68.490 68.393 68.293 68.192 68.089 67.985 67.874 67.746 67.632 67.609 67.646 67.779 68.086 68.671 26.062 0.192 0.000 0.000 0.000 0.000 0.000 0.000
25.017 29.294 32.823 37.569 51.122 57.544 60.559 62.158 63.083 63.651 64.008 64.231 64.363 64.432 64.453 64.440 64.401 64.343 64.272 64.193 64.110 64.027 63.950 63.884 63.834 63.800 63.781 63.777 63.787 63.811 63.847 63.894 63.948 64.006 64.067 64.130 64.196 64.266 64.340 64.419 64.502 64.587 64.674 64.759 64.842 64.921 64.997 65.071 65.142 65.212 65.282 65.352 65.421 65.491 65.560 65.629 65.697 65.763 65.828 65.890 65.951 66.009 66.065 66.120 66.174 66.227 66.280 66.334 66.389 66.448 66.509 66.575 66.646 66.722 66.803 66.891 66.984 67.082 67.184 67.290 67.399 67.508 67.618 67.727 67.834 67.939 68.039 68.135 68.226 68.312 68.392 68.465 68.529 68.584 68.632 68.672 68.708 68.741 68.771 68.801 68.831 68.860 68.887 68.913 68.935 68.953 68.965 68.971 68.968 68.958 68.938 68.908 68.869 68.819 68.759 68.690 68.611 68.524 68.430 68.330 68.224 68.115 68.004 67.891 67.778 67.665 67.551 67.440 67.328 67.212 67.083 66.919 66.677 66.578 61.526 10.032 0.004 0.000 0.000 0.000 0.000
41.498 55.472 58.757 60.714 62.041 62.914 63.489 63.868 64.114 64.268 64.356 64.397 64.405 64.389 64.358 64.317 64.274 64.231 64.193 64.163 64.143 64.135 64.138 64.150 64.166 64.185 64.207 64.231 64.258 64.287 64.320 64.356 64.394 64.436 64.480 64.526 64.575 64.624 64.674 64.724 64.774 64.825 64.878 64.935 64.996 65.061 65.130 65.200 65.272 65.343 65.414 65.482 65.549 65.613 65.676 65.737 65.797 65.856 65.916 65.976 66.038 66.101 66.165 66.231 66.299 66.368 66.438 66.510 66.581 66.652 66.723 66.792 66.860 66.925 66.989 67.050 67.109 67.168 67.225 67.282 67.340 67.401 67.463 67.530 67.601 67.677 67.758 67.845 67.937 68.035 68.137 68.243 68.353 68.464 68.577 68.690 68.802 68.912 69.018 69.120 69.216 69.306 69.387 69.461 69.526 69.581 69.627 69.663 69.688 69.703 69.707 69.701 69.684 69.657 69.619 69.570 69.510 69.440 69.359 69.268 69.166 69.055 68.934 68.804 68.664 68.517 68.364 68.204 68.041 67.874 67.705 67.532 67.354 67.170 66.975 66.821 66.693 66.601 66.540 66.409 36.619
25.017 29.295 32.824 37.569 51.120 57.542 60.558 62.157 63.083 63.651 64.008 64.231 64.363 64.432 64.453 64.440 64.401 64.344 64.273 64.193 64.110 64.028 63.950 63.884 63.834 63.800 63.781 63.777 63.788 63.811 63.847 63.894 63.949 64.006 64.067 64.130 64.196 64.266 64.340 64.419 64.502 64.588 64.674 64.759 64.842 64.921 64.998 65.071 65.143 65.213 65.282 65.352 65.421 65.491 65.560 65.629 65.697 65.763 65.828 65.890 65.951 66.009 66.066 66.120 66.174 66.227 66.280 66.334 66.390 66.448 66.509 66.575 66.646 66.722 66.803 66.891 66.984 67.082 67.184 67.290 67.399 67.509 67.618 67.727 67.834 67.938 68.039 68.135 68.226 68.312 68.392 68.465 68.529 68.584 68.631 68.672 68.708 68.740 68.771 68.801 68.831 68.860 68.887 68.913 68.935 68.953 68.965 68.970 68.968 68.958 68.938 68.908 68.869 68.819 68.759 68.689 68.611 68.524 68.430 68.329 68.224 68.115 68.004 67.891 67.778 67.664 67.551 67.439 67.328 67.212 67.082 66.919 66.677 66.578 61.627 10.129 0.005 0.000 0.000 0.000 0.000
24.172 27.770 30.180 32.317 34.563 37.722 45.310 55.760 59.248 61.199 62.345 63.064 63.545 63.872 64.093 64.241 64.336 64.390 64.413 64.410 64.387 64.347 64.293 64.223 64.136 64.041 63.947 63.861 63.784 63.718 63.662 63.620 63.598 63.597 63.616 63.653 63.704 63.769 63.844 63.925 64.006 64.088 64.169 64.249 64.330 64.410 64.491 64.572 64.652 64.732 64.811 64.889 64.966 65.041 65.115 65.187 65.259 65.329 65.399 65.469 65.539 65.608 65.678 65.748 65.818 65.889 65.960 66.031 66.103 66.175 66.247 66.319 66.391 66.463 66.534 66.606 66.677 66.748 66.819 66.890 66.962 67.034 67.107 67.181 67.256 67.333 67.410 67.488 67.567 67.648 67.732 67.820 67.913 68.011 68.114 68.219 68.326 68.432 68.536 68.635 68.727 68.811 68.886 68.950 69.004 69.047 69.078 69.098 69.107 69.104 69.089 69.061 69.020 68.968 68.906 68.836 68.758 68.673 68.584 68.490 68.392 68.292 68.191 68.089 67.984 67.873 67.746 67.632 67.609 67.646 67.778 68.085 68.670 26.091 0.193 0.000 0.000 0.000 0.000 0.000 0.000
23.661 26.916 28.922 30.491 31.848 33.150 34.573 36.450 39.724 49.292 56.104 58.677 60.349 61.572 62.354 62.879 63.263 63.552 63.772 63.934 64.052 64.133 64.188 64.221 64.238 64.239 64.227 64.203 64.169 64.126 64.075 64.015 63.935 63.835 63.738 63.657 63.592 63.543 63.508 63.493 63.500 63.526 63.571 63.632 63.705 63.789 63.878 63.970 64.064 64.158 64.250 64.340 64.428 64.512 64.594 64.672 64.748 64.821 64.892 64.960 65.027 65.092 65.156 65.218 65.281 65.343 65.405 65.468 65.532 65.598 65.666 65.737 65.810 65.886 65.965 66.047 66.132 66.219 66.308 66.399 66.490 66.582 66.674 66.766 66.855 66.942 67.022 67.095 67.160 67.217 67.266 67.306 67.339 67.366 67.388 67.406 67.422 67.438 67.456 67.473 67.493 67.515 67.539 67.563 67.587 67.610 67.630 67.646 67.659 67.666 67.669 67.665 67.656 67.640 67.619 67.594 67.565 67.532 67.495 67.452 67.394 67.298 67.216 67.295 67.488 67.851 68.484 41.803 1.470 0.000 0.000 0.000 0.000 0.000 0.000 0.000 0.000 0.000 0.000 0.000 0.000
23.101 25.973 27.592 28.752 29.669 30.451 31.169 31.888 32.675 33.617 34.877 36.732 39.900 47.201 55.083 57.101 58.426 59.491 60.384 61.128 61.732 62.181 62.466 62.677 62.846 62.982 63.091 63.177 63.244 63.295 63.334 63.362 63.380 63.391 63.396 63.398 63.398 63.396 63.389 63.356 63.329 63.342 63.372 63.401 63.430 63.462 63.496 63.534 63.576 63.623 63.676 63.735 63.799 63.867 63.939 64.013 64.090 64.168 64.246 64.324 64.402 64.479 64.555 64.630 64.704 64.776 64.848 64.918 64.988 65.057 65.126 65.193 65.261 65.327 65.394 65.460 65.526 65.592 65.658 65.724 65.792 65.861 65.933 66.007 66.087 66.172 66.264 66.362 66.463 66.567 66.671 66.774 66.874 66.968 67.055 67.134 67.205 67.269 67.328 67.378 67.423 67.462 67.496 67.524 67.546 67.562 67.571 67.573 67.567 67.553 67.531 67.502 67.463 67.404 67.312 67.276 67.275 67.301 67.389 67.607 68.085 68.990 41.294 1.407 0.000 0.000 0.000 0.000 0.000 0.000 0.000 0.000 0.000 0.000 0.000 0.000 0.000 0.000 0.000 0.000 0.000
22.351 24.686 25.844 26.593 27.136 27.569 27.948 28.308 28.674 29.067 29.503 29.996 30.559 31.239 32.041 33.021 34.213 35.721 37.678 40.314 44.106 50.231 54.708 55.432 55.952 56.384 56.742 57.034 57.266 57.446 57.575 57.654 57.684 57.689 57.705 57.741 57.782 57.799 57.755 57.632 57.525 57.644 57.973 55.790 55.389 61.155 62.517 63.026 63.261 63.391 63.474 63.535 63.585 63.630 63.673 63.717 63.761 63.808 63.856 63.905 63.957 64.010 64.065 64.121 64.179 64.238 64.298 64.359 64.421 64.484 64.548 64.613 64.679 64.747 64.815 64.884 64.953 65.023 65.091 65.158 65.223 65.286 65.346 65.402 65.455 65.502 65.548 65.595 65.644 65.696 65.752 65.811 65.873 65.937 66.001 66.064 66.125 66.184 66.242 66.291 66.336 66.373 66.398 66.394 66.389 66.427 66.469 66.513 66.566 66.646 66.789 67.079 67.698 68.967 59.314 10.743 0.008 0.000 0.000 0.000 0.000 0.000 0.000 0.000 0.000 0.000 0.000 0.000 0.000 0.000 0.000 0.000 0.000 0.000 0.000 0.000 0.000 0.000 0.000 0.000 0.000
21.314 22.943 23.609 23.989 24.255 24.475 24.675 24.873 25.078 25.293 25.526 25.781 26.054 26.346 26.656 26.992 27.350 27.726 28.118 28.528 28.955 29.400 29.854 30.314 30.773 31.223 31.672 32.123 32.565 32.970 33.295 33.501 33.639 34.032 34.844 35.689 36.142 35.923 34.956 33.643 33.917 37.967 43.077 46.355 44.207 36.617 29.513 27.378 33.942 44.064 56.124 60.218 61.815 62.559 62.968 63.222 63.392 63.513 63.606 63.680 63.744 63.801 63.853 63.903 63.952 64.000 64.048 64.097 64.146 64.197 64.249 64.302 64.357 64.413 64.472 64.533 64.596 64.662 64.730 64.801 64.875 64.950 65.027 65.105 65.182 65.258 65.330 65.394 65.467 65.540 65.604 65.660 65.706 65.744 65.774 65.801 65.828 65.863 65.920 66.019 66.233 66.726 67.878 67.716 38.487 1.514 0.000 0.000 0.000 0.000 0.000 0.000 0.000 0.000 0.000 0.000 0.000 0.000 0.000 0.000 0.000 0.000 0.000 0.000 0.000 0.000 0.000 0.000 0.000 0.000 0.000 0.000 0.000 0.000 0.000 0.000 0.000 0.000 0.000 0.000 0.000
19.960 20.841 21.142 21.327 21.484 21.638 21.794 21.956 22.130 22.312 22.503 22.704 22.912 23.128 23.352 23.587 23.833 24.092 24.367 24.660 24.979 25.337 25.740 26.171 26.602 27.058 27.673 28.514 29.407 30.007 29.962 29.124 28.376 30.646 37.078 40.345 35.760 25.728 16.563 10.929 7.255 2.575 0.082 0.354 1.620 5.569 15.878 26.768 33.791 36.909 38.010 38.517 39.257 40.807 43.825 51.420 55.927 58.651 60.314 61.357 62.041 62.511 62.850 63.103 63.299 63.455 63.583 63.690 63.783 63.865 63.939 64.006 64.067 64.122 64.171 64.212 64.241 64.253 64.246 64.225 64.192 64.153 64.118 64.118 64.225 64.606 65.599 58.856 14.441 0.034 0.000 0.000 0.000 0.000 0.000 0.000 0.000 0.000 0.000 0.000 0.000 0.000 0.000 0.000 0.000 0.000 0.000 0.000 0.000 0.000 0.000 0.000 0.000 0.000 0.000 0.000 0.000 0.000 0.000 0.000 0.000 0.000 0.000 0.000 0.000 0.000 0.000 0.000 0.000 0.000 0.000 0.000 0.000 0.000 0.000 0.000 0.000 0.000 0.000 0.000 0.000
18.687 19.059 19.252 19.436 19.628 19.828 20.039 20.263 20.500 20.745 20.995 21.250 21.510 21.775 22.050 22.344 22.669 23.035 23.445 23.923 24.550 25.410 26.458 27.423 28.032 28.875 31.595 35.461 35.771 29.341 19.873 12.601 8.455 5.571 1.751 0.041 0.000 0.000 0.000 0.000 0.000 0.000 0.000 0.000 0.000 0.000 0.000 0.000 0.000 0.000 0.000 0.000 0.000 0.000 0.000 0.000 0.000 0.000 0.000 0.000 0.000 0.000 0.000 0.000 0.000 0.000 0.000 0.000 0.000 0.000 0.000 0.000 0.000 0.000 0.000 0.000 0.000 0.000 0.000 0.000 0.000 0.000 0.000 0.000 0.000 0.000 0.000 0.000 0.000 0.000 0.000 0.000 0.000 0.000 0.000 0.000 0.000 0.000 0.000 0.000 0.000 0.000 0.000 0.000 0.000 0.000 0.000 0.000 0.000 0.000 0.000 0.000 0.000 0.000 0.000 0.000 0.000 0.000 0.000 0.000 0.000 0.000 0.000 0.000 0.000 0.000 0.000 0.000 0.000 0.000 0.000 0.000 0.000 0.000 0.000 0.000 0.000 0.000 0.000 0.000 0.000
