Examples/2023_ISeeSnow/data/CoulombOnly/Results/curv77s/s/1HS_03_curv77s_MoT-Voellmy_s_0005.asc
ncols        73
nrows        37
xllcorner    1037.5
yllcorner    -4342.5
cellsize     5.00
NODATA_value -9999
0.000 0.000 0.010 0.134 0.607 1.437 2.381 3.190 3.734 3.997 4.040 3.947 3.787 3.600 3.404 3.207 3.011 2.815 2.621 2.430 2.243 2.060 1.881 1.706 1.537 1.374 1.216 1.066 0.923 0.787 0.660 0.541 0.431 0.331 0.241 0.162 0.094 0.037 0.006 0.001 0.000 0.000 0.000 0.000 0.000 0.000 0.000 0.000 0.000 0.000 0.000 0.000 0.000 0.000 0.000 0.000 0.000 0.000 0.000 0.000 0.000 0.000 0.000 0.000 0.000 0.000 0.000 0.000 0.000 0.000 0.000 0.000 0.000
0.000 0.593 2.711 5.730 8.165 9.744 10.176 10.330 10.386 10.402 10.401 10.391 10.377 10.361 10.345 10.328 10.312 10.296 10.278 10.259 10.240 10.222 10.204 10.184 10.163 10.143 10.123 10.101 10.080 10.060 10.037 10.016 9.992 9.972 9.948 9.929 9.909 9.882 9.863 9.859 9.859 9.622 7.935 6.420 5.079 3.885 2.818 1.862 1.013 0.450 0.172 0.055 0.013 0.002 0.000 0.000 0.000 0.000 0.000 0.000 0.000 0.000 0.000 0.000 0.000 0.000 0.000 0.000 0.000 0.000 0.000 0.000 0.000
0.000 5.108 8.708 9.882 10.220 10.426 10.569 10.667 10.728 10.761 10.772 10.769 10.759 10.745 10.729 10.712 10.695 10.678 10.659 10.641 10.622 10.602 10.582 10.561 10.540 10.519 10.497 10.475 10.452 10.428 10.404 10.380 10.355 10.330 10.305 10.279 10.253 10.226 10.199 10.171 10.143 10.114 10.085 10.056 10.026 9.997 9.968 9.938 9.909 9.880 9.851 9.822 9.793 9.765 9.737 9.710 9.683 9.656 9.631 9.607 9.589 9.591 9.600 9.588 2.385 0.008 0.000 0.000 0.000 0.000 0.000 0.000 0.000
0.000 9.670 9.787 9.996 10.253 10.507 10.728 10.898 11.018 11.091 11.128 11.139 11.136 11.126 11.113 11.097 11.082 11.065 11.048 11.031 11.012 10.994 10.975 10.955 10.935 10.914 10.893 10.871 10.848 10.825 10.801 10.777 10.752 10.727 10.701 10.675 10.648 10.621 10.593 10.565 10.537 10.507 10.478 10.448 10.417 10.386 10.355 10.323 10.290 10.257 10.222 10.187 10.151 10.114 10.077 10.038 9.997 9.955 9.912 9.868 9.830 9.804 9.789 9.773 9.755 9.720 9.676 9.697 4.050 0.035 0.000 0.000 0.000
0.000 9.379 9.541 9.817 10.159 10.506 10.810 11.049 11.219 11.327 11.388 11.415 11.421 11.418 11.409 11.399 11.387 11.375 11.362 11.349 11.335 11.320 11.305 11.288 11.271 11.253 11.234 11.214 11.193 11.171 11.147 11.122 11.097 11.070 11.042 11.014 10.985 10.956 10.927 10.897 10.867 10.837 10.807 10.776 10.746 10.715 10.683 10.652 10.620 10.589 10.557 10.525 10.494 10.462 10.430 10.398 10.366 10.335 10.305 10.285 10.304 10.408 10.615 10.901 11.208 11.455 11.571 11.527 11.342 11.062 10.740 10.491 1.910
0.000 8.583 8.817 9.173 9.578 9.969 10.311 10.586 10.791 10.929 11.011 11.053 11.069 11.071 11.067 11.061 11.054 11.047 11.039 11.032 11.025 11.018 11.011 11.004 10.997 10.991 10.985 10.979 10.974 10.968 10.964 10.959 10.955 10.950 10.946 10.943 10.939 10.936 10.933 10.930 10.928 10.926 10.925 10.924 10.924 10.924 10.925 10.926 10.928 10.931 10.935 10.940 10.945 10.952 10.959 10.968 10.978 10.989 11.000 11.014 11.047 11.126 11.267 11.467 11.692 11.872 11.934 11.845 11.622 11.306 10.944 10.622 3.024
0.000 8.635 8.867 9.217 9.613 9.994 10.328 10.600 10.805 10.946 11.032 11.078 11.098 11.104 11.104 11.100 11.096 11.091 11.086 11.081 11.076 11.070 11.064 11.058 11.052 11.046 11.039 11.032 11.025 11.017 11.009 11.001 10.993 10.985 10.977 10.968 10.960 10.952 10.944 10.936 10.928 10.920 10.913 10.905 10.898 10.890 10.884 10.877 10.870 10.864 10.858 10.853 10.847 10.843 10.838 10.834 10.831 10.828 10.826 10.832 10.873 10.984 11.182 11.448 11.738 11.979 12.092 12.036 11.822 11.495 11.108 10.714 5.318
0.000 8.611 8.840 9.188 9.584 9.967 10.304 10.581 10.791 10.936 11.026 11.074 11.095 11.102 11.102 11.099 11.095 11.091 11.087 11.083 11.078 11.074 11.070 11.065 11.061 11.057 11.053 11.048 11.044 11.040 11.036 11.031 11.027 11.023 11.019 11.015 11.011 11.007 11.003 10.999 10.996 10.992 10.988 10.985 10.982 10.978 10.975 10.972 10.969 10.967 10.964 10.962 10.960 10.958 10.957 10.955 10.954 10.954 10.954 10.961 11.001 11.107 11.297 11.558 11.846 12.087 12.199 12.139 11.915 11.576 11.175 10.781 6.383
0.000 8.635 8.862 9.210 9.605 9.989 10.327 10.604 10.815 10.961 11.051 11.099 11.121 11.129 11.129 11.127 11.123 11.120 11.116 11.112 11.108 11.104 11.100 11.096 11.092 11.088 11.084 11.080 11.075 11.071 11.067 11.063 11.058 11.054 11.050 11.046 11.042 11.038 11.033 11.029 11.025 11.022 11.018 11.014 11.011 11.007 11.004 11.001 10.998 10.995 10.992 10.990 10.988 10.986 10.984 10.983 10.981 10.981 10.981 10.989 11.030 11.141 11.337 11.604 11.898 12.144 12.260 12.200 11.974 11.630 11.223 10.816 7.012
0.000 8.655 8.880 9.224 9.618 10.001 10.338 10.616 10.827 10.974 11.066 11.115 11.138 11.146 11.147 11.146 11.143 11.140 11.137 11.134 11.131 11.128 11.125 11.122 11.119 11.116 11.113 11.109 11.106 11.103 11.100 11.096 11.093 11.090 11.087 11.083 11.080 11.077 11.074 11.071 11.068 11.065 11.062 11.059 11.056 11.054 11.051 11.049 11.047 11.044 11.042 11.040 11.039 11.037 11.036 11.035 11.034 11.033 11.034 11.041 11.082 11.191 11.385 11.650 11.942 12.187 12.303 12.243 12.016 11.670 11.260 10.844 7.427
0.000 8.676 8.898 9.241 9.634 10.016 10.353 10.631 10.843 10.991 11.083 11.133 11.156 11.165 11.167 11.166 11.164 11.161 11.159 11.157 11.154 11.152 11.149 11.146 11.144 11.141 11.139 11.136 11.133 11.131 11.128 11.125 11.123 11.120 11.117 11.115 11.112 11.109 11.107 11.104 11.102 11.099 11.097 11.094 11.092 11.090 11.088 11.086 11.084 11.082 11.080 11.079 11.077 11.076 11.075 11.074 11.073 11.072 11.072 11.080 11.120 11.228 11.420 11.683 11.974 12.219 12.336 12.277 12.050 11.703 11.293 10.869 7.752
0.000 8.693 8.914 9.255 9.647 10.029 10.366 10.644 10.857 11.005 11.098 11.149 11.172 11.182 11.184 11.183 11.182 11.180 11.178 11.176 11.174 11.172 11.170 11.168 11.166 11.164 11.162 11.160 11.158 11.156 11.154 11.152 11.150 11.148 11.145 11.143 11.141 11.139 11.137 11.135 11.133 11.131 11.129 11.127 11.125 11.124 11.122 11.120 11.119 11.117 11.116 11.114 11.113 11.112 11.111 11.110 11.109 11.109 11.109 11.116 11.155 11.261 11.452 11.713 12.002 12.246 12.364 12.306 12.079 11.732 11.321 10.891 8.031
0.000 8.709 8.928 9.268 9.659 10.040 10.378 10.656 10.869 11.018 11.111 11.162 11.187 11.196 11.199 11.199 11.198 11.196 11.195 11.194 11.192 11.191 11.189 11.187 11.186 11.184 11.183 11.181 11.180 11.178 11.176 11.175 11.173 11.171 11.170 11.168 11.167 11.165 11.163 11.162 11.160 11.159 11.157 11.156 11.154 11.153 11.151 11.150 11.149 11.147 11.146 11.145 11.144 11.143 11.142 11.141 11.140 11.140 11.140 11.147 11.185 11.290 11.479 11.738 12.026 12.270 12.388 12.331 12.105 11.758 11.346 10.910 8.276
0.000 8.722 8.939 9.278 9.669 10.050 10.388 10.666 10.880 11.029 11.122 11.174 11.198 11.208 11.212 11.212 11.211 11.210 11.209 11.208 11.207 11.206 11.205 11.204 11.202 11.201 11.200 11.199 11.198 11.197 11.195 11.194 11.193 11.192 11.190 11.189 11.188 11.187 11.186 11.184 11.183 11.182 11.181 11.180 11.178 11.177 11.176 11.175 11.174 11.173 11.172 11.171 11.170 11.169 11.169 11.168 11.167 11.167 11.167 11.174 11.211 11.315 11.502 11.760 12.047 12.290 12.408 12.352 12.127 11.780 11.368 10.925 8.487
0.000 8.732 8.949 9.287 9.677 10.058 10.395 10.674 10.888 11.037 11.131 11.183 11.208 11.218 11.222 11.222 11.222 11.221 11.221 11.220 11.219 11.218 11.218 11.217 11.216 11.215 11.214 11.213 11.213 11.212 11.211 11.210 11.209 11.208 11.207 11.206 11.205 11.205 11.204 11.203 11.202 11.201 11.200 11.199 11.198 11.197 11.197 11.196 11.195 11.194 11.193 11.193 11.192 11.191 11.190 11.190 11.189 11.189 11.189 11.195 11.233 11.336 11.521 11.778 12.064 12.307 12.425 12.370 12.145 11.798 11.385 10.943 8.645
0.000 8.741 8.956 9.293 9.683 10.064 10.402 10.681 10.895 11.044 11.138 11.190 11.216 11.226 11.230 11.231 11.231 11.230 11.230 11.229 11.229 11.228 11.228 11.227 11.226 11.226 11.225 11.225 11.224 11.224 11.223 11.222 11.222 11.221 11.220 11.220 11.219 11.218 11.218 11.217 11.216 11.216 11.215 11.214 11.214 11.213 11.212 11.212 11.211 11.210 11.210 11.209 11.209 11.208 11.207 11.207 11.206 11.206 11.206 11.212 11.249 11.351 11.536 11.792 12.077 12.320 12.439 12.384 12.160 11.812 11.399 10.957 8.767
0.000 8.747 8.962 9.298 9.687 10.068 10.406 10.685 10.899 11.049 11.143 11.195 11.221 11.232 11.235 11.237 11.237 11.236 11.236 11.236 11.235 11.235 11.235 11.234 11.234 11.233 11.233 11.233 11.232 11.232 11.231 11.231 11.230 11.230 11.230 11.229 11.229 11.228 11.228 11.227 11.227 11.226 11.226 11.225 11.225 11.224 11.223 11.223 11.222 11.222 11.221 11.221 11.220 11.220 11.219 11.218 11.218 11.217 11.217 11.224 11.261 11.362 11.546 11.801 12.086 12.329 12.448 12.394 12.170 11.823 11.409 10.967 8.856
0.000 8.750 8.964 9.301 9.689 10.070 10.408 10.687 10.901 11.051 11.145 11.198 11.224 11.234 11.238 11.239 11.239 11.239 11.239 11.239 11.239 11.238 11.238 11.238 11.237 11.237 11.237 11.236 11.236 11.236 11.235 11.235 11.235 11.234 11.234 11.233 11.233 11.233 11.232 11.232 11.231 11.231 11.230 11.230 11.229 11.229 11.228 11.228 11.227 11.227 11.226 11.226 11.225 11.224 11.224 11.223 11.223 11.222 11.222 11.228 11.265 11.367 11.551 11.806 12.091 12.334 12.454 12.400 12.176 11.829 11.415 10.974 8.934
0.000 8.746 8.960 9.297 9.686 10.068 10.406 10.686 10.900 11.050 11.145 11.197 11.223 11.233 11.237 11.238 11.238 11.238 11.238 11.238 11.237 11.237 11.237 11.236 11.236 11.236 11.235 11.235 11.234 11.234 11.234 11.233 11.233 11.232 11.232 11.231 11.231 11.230 11.230 11.229 11.229 11.228 11.227 11.227 11.226 11.226 11.225 11.224 11.224 11.223 11.222 11.222 11.221 11.220 11.219 11.219 11.218 11.217 11.217 11.224 11.261 11.363 11.549 11.807 12.094 12.341 12.464 12.411 12.186 11.836 11.419 10.976 9.401
0.000 8.750 8.964 9.301 9.689 10.070 10.408 10.687 10.901 11.051 11.145 11.198 11.224 11.234 11.238 11.239 11.239 11.239 11.239 11.239 11.239 11.238 11.238 11.238 11.237 11.237 11.237 11.236 11.236 11.236 11.235 11.235 11.235 11.234 11.234 11.233 11.233 11.233 11.232 11.232 11.231 11.231 11.230 11.230 11.229 11.229 11.228 11.228 11.227 11.227 11.226 11.226 11.225 11.224 11.224 11.223 11.223 11.222 11.222 11.228 11.265 11.367 11.551 11.806 12.091 12.334 12.454 12.400 12.176 11.829 11.415 10.974 8.933
0.000 8.747 8.962 9.298 9.687 10.068 10.406 10.685 10.899 11.049 11.143 11.196 11.221 11.232 11.235 11.237 11.237 11.236 11.236 11.236 11.235 11.235 11.235 11.234 11.234 11.233 11.233 11.233 11.232 11.232 11.231 11.231 11.230 11.230 11.230 11.229 11.229 11.228 11.228 11.227 11.227 11.226 11.226 11.225 11.225 11.224 11.223 11.223 11.222 11.222 11.221 11.221 11.220 11.220 11.219 11.219 11.218 11.217 11.218 11.224 11.261 11.362 11.547 11.801 12.086 12.329 12.448 12.394 12.170 11.823 11.409 10.967 8.856
0.000 8.741 8.956 9.293 9.683 10.064 10.402 10.681 10.895 11.044 11.138 11.190 11.216 11.226 11.230 11.231 11.231 11.230 11.230 11.229 11.229 11.228 11.228 11.227 11.226 11.226 11.225 11.225 11.224 11.224 11.223 11.222 11.222 11.221 11.220 11.220 11.219 11.218 11.218 11.217 11.216 11.216 11.215 11.214 11.214 11.213 11.212 11.212 11.211 11.210 11.210 11.209 11.209 11.208 11.207 11.207 11.206 11.206 11.206 11.212 11.249 11.352 11.536 11.792 12.077 12.320 12.439 12.384 12.160 11.812 11.399 10.957 8.767
0.000 8.732 8.949 9.287 9.677 10.058 10.395 10.674 10.888 11.037 11.131 11.183 11.208 11.218 11.222 11.222 11.222 11.221 11.221 11.220 11.219 11.218 11.218 11.217 11.216 11.215 11.214 11.213 11.213 11.212 11.211 11.210 11.209 11.208 11.207 11.206 11.205 11.205 11.204 11.203 11.202 11.201 11.200 11.199 11.198 11.197 11.197 11.196 11.195 11.194 11.193 11.193 11.192 11.191 11.190 11.190 11.189 11.189 11.189 11.195 11.233 11.336 11.521 11.778 12.064 12.307 12.425 12.370 12.145 11.798 11.385 10.943 8.645
0.000 8.722 8.939 9.278 9.669 10.050 10.388 10.666 10.880 11.029 11.122 11.174 11.198 11.208 11.212 11.212 11.211 11.210 11.209 11.208 11.207 11.206 11.205 11.204 11.202 11.201 11.200 11.199 11.198 11.197 11.195 11.194 11.193 11.192 11.190 11.189 11.188 11.187 11.186 11.184 11.183 11.182 11.181 11.180 11.178 11.177 11.176 11.175 11.174 11.173 11.172 11.171 11.170 11.169 11.169 11.168 11.167 11.167 11.167 11.174 11.211 11.315 11.502 11.760 12.047 12.290 12.408 12.352 12.127 11.780 11.368 10.925 8.487
0.000 8.709 8.928 9.268 9.659 10.040 10.378 10.656 10.869 11.018 11.111 11.162 11.187 11.196 11.199 11.199 11.198 11.196 11.195 11.194 11.192 11.191 11.189 11.187 11.186 11.184 11.183 11.181 11.180 11.178 11.176 11.175 11.173 11.171 11.170 11.168 11.167 11.165 11.163 11.162 11.160 11.159 11.157 11.156 11.154 11.153 11.151 11.150 11.149 11.147 11.146 11.145 11.144 11.143 11.142 11.141 11.141 11.140 11.140 11.147 11.186 11.290 11.479 11.738 12.026 12.270 12.388 12.331 12.105 11.758 11.346 10.910 8.276
0.000 8.693 8.914 9.255 9.647 10.029 10.366 10.645 10.857 11.005 11.098 11.149 11.172 11.182 11.184 11.183 11.182 11.180 11.178 11.176 11.174 11.172 11.170 11.168 11.166 11.164 11.162 11.160 11.158 11.156 11.154 11.152 11.150 11.148 11.145 11.143 11.141 11.139 11.137 11.135 11.133 11.131 11.129 11.127 11.125 11.124 11.122 11.120 11.119 11.117 11.116 11.114 11.113 11.112 11.111 11.110 11.109 11.109 11.109 11.116 11.155 11.262 11.452 11.713 12.002 12.246 12.364 12.306 12.079 11.732 11.321 10.891 8.032
0.000 8.676 8.898 9.241 9.634 10.016 10.353 10.631 10.843 10.991 11.083 11.133 11.156 11.165 11.167 11.166 11.164 11.161 11.159 11.157 11.154 11.152 11.149 11.146 11.144 11.141 11.139 11.136 11.133 11.131 11.128 11.125 11.123 11.120 11.117 11.115 11.112 11.109 11.107 11.104 11.102 11.099 11.097 11.094 11.092 11.090 11.088 11.086 11.084 11.082 11.080 11.079 11.077 11.076 11.075 11.074 11.073 11.072 11.073 11.080 11.120 11.228 11.420 11.684 11.974 12.219 12.336 12.277 12.050 11.703 11.293 10.869 7.753
0.000 8.655 8.880 9.224 9.618 10.001 10.338 10.616 10.827 10.974 11.066 11.115 11.138 11.146 11.147 11.146 11.143 11.140 11.137 11.134 11.131 11.128 11.125 11.122 11.119 11.116 11.113 11.109 11.106 11.103 11.100 11.096 11.093 11.090 11.087 11.083 11.080 11.077 11.074 11.071 11.068 11.065 11.062 11.059 11.057 11.054 11.051 11.049 11.047 11.044 11.042 11.040 11.039 11.037 11.036 11.035 11.034 11.033 11.034 11.041 11.082 11.191 11.385 11.650 11.942 12.187 12.303 12.243 12.016 11.670 11.261 10.844 7.427
0.000 8.635 8.862 9.210 9.605 9.989 10.327 10.604 10.815 10.961 11.051 11.099 11.121 11.129 11.129 11.127 11.124 11.120 11.116 11.112 11.108 11.104 11.100 11.096 11.092 11.088 11.084 11.080 11.076 11.071 11.067 11.063 11.058 11.054 11.050 11.046 11.042 11.038 11.033 11.029 11.026 11.022 11.018 11.014 11.011 11.007 11.004 11.001 10.998 10.995 10.992 10.990 10.988 10.986 10.984 10.983 10.981 10.981 10.981 10.989 11.030 11.141 11.337 11.604 11.898 12.144 12.260 12.200 11.974 11.630 11.223 10.816 7.012
0.000 8.611 8.840 9.188 9.584 9.967 10.304 10.581 10.791 10.936 11.026 11.074 11.095 11.102 11.102 11.099 11.095 11.091 11.087 11.083 11.078 11.074 11.070 11.065 11.061 11.057 11.053 11.048 11.044 11.040 11.036 11.031 11.027 11.023 11.019 11.015 11.011 11.007 11.003 10.999 10.996 10.992 10.988 10.985 10.982 10.978 10.975 10.972 10.969 10.967 10.964 10.962 10.960 10.958 10.957 10.955 10.954 10.954 10.954 10.961 11.001 11.107 11.297 11.558 11.846 12.087 12.199 12.139 11.915 11.576 11.175 10.781 6.383
0.000 8.635 8.867 9.217 9.613 9.994 10.328 10.600 10.805 10.946 11.032 11.078 11.098 11.104 11.104 11.100 11.096 11.091 11.086 11.081 11.076 11.070 11.064 11.058 11.052 11.046 11.039 11.032 11.025 11.017 11.009 11.001 10.993 10.985 10.977 10.968 10.960 10.952 10.944 10.936 10.928 10.920 10.913 10.905 10.898 10.891 10.884 10.877 10.870 10.864 10.858 10.853 10.847 10.843 10.838 10.834 10.831 10.828 10.826 10.832 10.873 10.984 11.182 11.448 11.738 11.978 12.092 12.036 11.822 11.495 11.108 10.714 5.318
0.000 8.583 8.817 9.173 9.578 9.969 10.311 10.586 10.791 10.929 11.011 11.053 11.069 11.071 11.067 11.061 11.054 11.047 11.039 11.032 11.025 11.018 11.011 11.004 10.997 10.991 10.985 10.979 10.974 10.968 10.963 10.959 10.954 10.950 10.946 10.943 10.939 10.936 10.933 10.930 10.928 10.926 10.925 10.924 10.924 10.924 10.925 10.926 10.928 10.931 10.935 10.939 10.945 10.951 10.959 10.968 10.978 10.989 11.000 11.014 11.047 11.126 11.267 11.467 11.692 11.872 11.934 11.845 11.622 11.306 10.944 10.622 3.023
0.000 9.379 9.541 9.817 10.160 10.507 10.811 11.049 11.219 11.328 11.388 11.415 11.422 11.418 11.410 11.399 11.388 11.375 11.363 11.349 11.335 11.320 11.305 11.289 11.272 11.254 11.235 11.215 11.193 11.171 11.148 11.123 11.097 11.070 11.042 11.014 10.985 10.957 10.927 10.898 10.868 10.838 10.807 10.777 10.746 10.715 10.684 10.652 10.621 10.589 10.558 10.526 10.494 10.462 10.430 10.399 10.367 10.335 10.306 10.285 10.304 10.408 10.614 10.901 11.208 11.455 11.570 11.526 11.342 11.061 10.740 10.490 1.910
0.000 9.670 9.787 9.996 10.253 10.508 10.728 10.899 11.018 11.091 11.128 11.140 11.137 11.126 11.113 11.098 11.082 11.065 11.048 11.031 11.013 10.994 10.975 10.955 10.935 10.914 10.893 10.871 10.848 10.825 10.802 10.777 10.753 10.727 10.702 10.675 10.649 10.621 10.594 10.566 10.537 10.508 10.478 10.448 10.418 10.387 10.355 10.323 10.291 10.257 10.223 10.188 10.152 10.115 10.077 10.038 9.998 9.956 9.912 9.869 9.831 9.805 9.791 9.775 9.757 9.721 9.676 9.694 4.116 0.037 0.000 0.000 0.000
0.000 5.108 8.712 9.882 10.220 10.426 10.569 10.667 10.729 10.761 10.772 10.769 10.759 10.745 10.729 10.713 10.695 10.678 10.660 10.641 10.622 10.602 10.582 10.562 10.541 10.519 10.497 10.475 10.452 10.429 10.405 10.381 10.356 10.331 10.305 10.280 10.253 10.227 10.199 10.172 10.143 10.114 10.085 10.056 10.027 9.998 9.968 9.939 9.909 9.880 9.851 9.822 9.794 9.765 9.737 9.710 9.683 9.656 9.631 9.607 9.589 9.591 9.599 9.684 2.523 0.009 0.000 0.000 0.000 0.000 0.000 0.000 0.000
0.000 0.594 2.714 5.733 8.167 9.746 10.177 10.330 10.386 10.402 10.401 10.391 10.377 10.361 10.345 10.328 10.313 10.296 10.279 10.260 10.240 10.222 10.204 10.184 10.163 10.143 10.124 10.101 10.080 10.060 10.037 10.016 9.992 9.973 9.948 9.929 9.909 9.881 9.865 9.860 9.859 9.676 8.004 6.480 5.131 3.931 2.858 1.897 1.041 0.466 0.179 0.058 0.014 0.002 0.000 0.000 0.000 0.000 0.000 0.000 0.000 0.000 0.000 0.000 0.000 0.000 0.000 0.000 0.000 0.000 0.000 0.000 0.000
0.000 0.000 0.010 0.135 0.608 1.440 2.385 3.195 3.740 4.004 4.048 3.955 3.795 3.608 3.412 3.215 3.018 2.822 2.628 2.437 2.250 2.067 1.887 1.712 1.543 1.380 1.222 1.071 0.928 0.792 0.664 0.545 0.435 0.334 0.244 0.164 0.096 0.039 0.007 0.001 0.000 0.000 0.000 0.000 0.000 0.000 0.000 0.000 0.000 0.000 0.000 0.000 0.000 0.000 0.000 0.000 0.000 0.000 0.000 0.000 0.000 0.000 0.000 0.000 0.000 0.000 0.000 0.000 0.000 0.000 0.000 0.000 0.000
