Examples/2023_ISeeSnow/data/CoulombOnly/Results/curv77s/s/1HS_03_curv77s_MoT-Voellmy_s_0055.asc
ncols        143
nrows        53
xllcorner    3377.5
yllcorner    -4382.5
cellsize     5.00
NODATA_value -9999
[rows 0 to 31 of 53, columns 0 to 71 of 143]
0.000 0.000 0.000 0.000 0.000 0.000 0.000 0.000 0.000 0.000 0.000 0.000 0.000 0.000 0.000 0.000 0.000 0.000 0.000 0.000 0.000 0.000 0.000 0.000 0.000 0.000 0.000 0.000 0.000 0.000 0.000 0.000 0.000 0.000 0.000 0.000 0.000 0.000 0.000 0.000 0.000 0.000 0.000 0.000 0.000 0.000 0.000 0.000 0.000 0.000 0.000 0.000 0.000 0.001 0.003 0.009 0.020 0.044 0.090 0.169 0.295 0.484 0.752 1.114 1.574 2.126 2.760 3.462 4.213 4.991 5.768 6.516
0.000 0.000 0.000 0.000 0.000 0.000 0.000 0.000 0.000 0.000 0.000 0.000 0.000 0.000 0.000 0.000 0.000 0.000 0.000 0.000 0.000 0.000 0.000 0.000 0.000 0.000 0.000 0.000 0.000 0.000 0.000 0.000 0.000 0.000 0.000 0.000 0.000 0.000 0.000 0.000 0.000 0.000 0.000 0.000 0.002 0.005 0.011 0.025 0.064 0.148 0.306 0.571 0.988 1.602 2.460 3.603 5.057 6.821 8.875 11.183 13.706 16.397 19.213 22.062 24.832 27.481 29.989 32.347 34.560 36.638 38.589 40.420
0.000 0.000 0.000 0.000 0.000 0.000 0.000 0.000 0.000 0.000 0.000 0.000 0.000 0.000 0.000 0.000 0.000 0.000 0.000 0.000 0.000 0.000 0.000 0.000 0.000 0.000 0.000 0.000 0.000 0.000 0.000 0.000 0.000 0.000 0.000 0.001 0.003 0.010 0.010 0.028 0.086 0.209 0.438 0.818 1.406 2.256 3.415 4.910 6.739 8.874 11.264 13.852 16.577 19.376 22.199 25.004 27.830 30.568 33.137 35.527 37.751 39.826 41.770 43.251 44.409 45.299 45.946 46.405 46.735 46.975 47.143 47.251
0.000 0.000 0.000 0.000 0.000 0.000 0.000 0.000 0.000 0.000 0.000 0.000 0.000 0.000 0.000 0.000 0.000 0.000 0.000 0.000 0.000 0.000 0.000 0.000 0.000 0.000 0.000 0.001 0.004 0.010 0.010 0.010 0.064 0.190 0.434 0.844 1.480 2.391 3.608 5.133 6.940 8.980 11.192 13.510 15.871 18.215 20.498 22.693 24.808 26.888 28.952 30.994 32.936 34.736 36.403 37.955 40.154 42.758 44.457 45.702 46.639 47.338 47.854 48.228 48.495 48.677 48.793 48.856 48.876 48.861 48.815 48.745
0.000 0.000 0.000 0.000 0.000 0.000 0.000 0.000 0.000 0.000 0.000 0.000 0.000 0.000 0.000 0.000 0.000 0.000 0.000 0.001 0.004 0.010 0.009 0.010 0.010 0.116 0.338 0.733 1.360 2.265 3.470 4.962 6.701 8.631 10.685 12.796 14.899 16.934 18.848 20.600 22.171 23.582 24.883 26.122 27.326 28.489 29.589 30.661 31.807 33.213 35.211 38.351 42.114 44.492 46.151 47.345 48.216 48.857 49.327 49.667 49.908 50.071 50.170 50.219 50.226 50.199 50.142 50.061 49.960 49.841 49.707 49.561
0.000 0.000 0.000 0.000 0.000 0.000 0.000 0.000 0.000 0.000 0.000 0.001 0.003 0.010 0.009 0.010 0.010 0.015 0.194 0.545 1.133 2.006 3.182 4.642 6.342 8.221 10.210 12.239 14.241 16.153 17.920 19.493 20.842 21.968 22.900 23.680 24.343 24.906 25.373 25.749 26.053 26.373 26.860 27.699 29.127 31.220 33.952 37.551 42.376 45.288 47.160 48.449 49.366 50.030 50.515 50.866 51.115 51.285 51.390 51.444 51.455 51.432 51.379 51.300 51.200 51.082 50.948 50.800 50.639 50.468 50.288 50.100
0.000 0.000 0.000 0.000 0.001 0.007 0.010 0.009 0.010 0.011 0.035 0.319 0.842 1.661 2.796 4.230 5.917 7.793 9.788 11.826 13.834 15.745 17.496 19.036 20.326 21.358 22.150 22.740 23.165 23.454 23.622 23.672 23.610 23.461 23.298 23.227 23.362 23.782 24.536 25.644 27.126 29.104 31.683 34.850 39.320 44.512 47.253 48.961 50.101 50.893 51.458 51.864 52.154 52.355 52.486 52.562 52.593 52.586 52.548 52.483 52.395 52.287 52.162 52.022 51.868 51.703 51.526 51.340 51.145 50.942 50.733 50.517
0.009 0.010 0.010 0.094 0.523 1.258 2.331 3.732 5.417 7.323 9.375 11.492 13.591 15.592 17.425 19.026 20.351 21.383 22.136 22.644 22.947 23.081 23.071 22.932 22.672 22.309 21.884 21.469 21.150 20.998 21.055 21.328 21.807 22.475 23.320 24.349 25.591 27.097 28.983 31.490 34.648 38.959 45.164 48.343 50.159 51.314 52.090 52.629 53.009 53.276 53.458 53.575 53.640 53.663 53.650 53.608 53.541 53.453 53.345 53.221 53.081 52.929 52.764 52.588 52.402 52.206 52.002 51.790 51.571 51.346 51.114 50.878
4.834 6.780 8.922 11.171 13.432 15.609 17.612 19.364 20.807 21.915 22.698 23.187 23.426 23.454 23.305 23.005 22.570 22.021 21.397 20.757 20.174 19.717 19.434 19.341 19.432 19.685 20.072 20.571 21.163 21.838 22.597 23.450 24.416 25.537 26.871 28.509 30.678 33.569 37.328 44.361 48.543 50.817 52.159 53.018 53.596 53.995 54.271 54.458 54.578 54.647 54.673 54.664 54.627 54.565 54.482 54.380 54.262 54.128 53.982 53.822 53.652 53.471 53.280 53.080 52.871 52.655 52.430 52.199 51.961 51.716 51.466 51.211
21.494 22.784 23.678 24.222 24.459 24.431 24.177 23.730 23.120 22.376 21.542 20.680 19.863 19.158 18.618 18.266 18.102 18.108 18.258 18.521 18.874 19.295 19.771 20.292 20.854 21.456 22.104 22.805 23.572 24.424 25.391 26.524 27.895 29.632 32.036 35.233 39.950 47.375 50.801 52.598 53.675 54.368 54.832 55.149 55.364 55.505 55.589 55.629 55.633 55.607 55.556 55.484 55.392 55.284 55.160 55.023 54.873 54.712 54.539 54.357 54.165 53.963 53.753 53.535 53.308 53.074 52.833 52.584 52.329 52.069 51.802 51.531
23.896 23.046 22.027 20.960 19.932 19.015 18.262 17.703 17.339 17.156 17.129 17.229 17.428 17.703 18.034 18.409 18.818 19.253 19.711 20.191 20.694 21.220 21.773 22.360 22.986 23.663 24.404 25.233 26.182 27.305 28.689 30.488 33.037 36.503 42.759 49.596 52.433 53.982 54.911 55.507 55.905 56.174 56.353 56.467 56.530 56.554 56.546 56.511 56.453 56.376 56.281 56.170 56.045 55.908 55.758 55.597 55.425 55.244 55.052 54.852 54.643 54.425 54.199 53.965 53.723 53.474 53.217 52.954 52.684 52.408 52.126 51.839
16.681 16.456 16.328 16.325 16.427 16.608 16.850 17.136 17.456 17.801 18.167 18.548 18.943 19.351 19.771 20.204 20.650 21.112 21.591 22.091 22.616 23.173 23.769 24.415 25.125 25.922 26.841 27.939 29.309 31.125 33.740 37.403 45.429 51.079 53.703 55.122 55.969 56.512 56.872 57.114 57.273 57.371 57.424 57.440 57.426 57.387 57.327 57.248 57.152 57.042 56.919 56.782 56.635 56.476 56.306 56.127 55.938 55.740 55.533 55.318 55.094 54.862 54.621 54.373 54.118 53.855 53.585 53.308 53.024 52.734 52.439 52.138
16.254 16.704 17.048 17.390 17.739 18.095 18.457 18.825 19.198 19.577 19.962 20.354 20.754 21.163 21.583 22.016 22.464 22.933 23.426 23.948 24.509 25.118 25.791 26.550 27.430 28.486 29.816 31.601 34.209 37.950 46.957 52.177 54.738 56.102 56.913 57.429 57.770 57.997 58.146 58.237 58.285 58.297 58.281 58.241 58.181 58.103 58.009 57.901 57.779 57.646 57.501 57.345 57.179 57.002 56.817 56.622 56.418 56.206 55.985 55.756 55.518 55.273 55.020 54.759 54.491 54.216 53.933 53.644 53.348 53.046 52.738 52.424
17.845 18.489 18.892 19.260 19.621 19.982 20.342 20.705 21.070 21.439 21.813 22.193 22.582 22.982 23.395 23.826 24.279 24.761 25.279 25.844 26.469 27.178 28.006 29.007 30.274 31.986 34.519 38.226 47.351 53.005 55.610 56.977 57.780 58.289 58.623 58.845 58.990 59.078 59.124 59.136 59.120 59.080 59.021 58.945 58.853 58.747 58.628 58.497 58.355 58.202 58.039 57.866 57.684 57.492 57.292 57.083 56.865 56.640 56.406 56.164 55.914 55.657 55.392 55.120 54.841 54.554 54.261 53.960 53.653 53.340 53.021 52.696
19.629 20.484 20.932 21.295 21.642 21.984 22.325 22.666 23.010 23.357 23.710 24.071 24.443 24.831 25.238 25.672 26.139 26.650 27.219 27.868 28.629 29.554 30.736 32.346 34.748 38.330 46.790 53.632 56.369 57.783 58.602 59.115 59.451 59.674 59.819 59.907 59.953 59.965 59.949 59.911 59.853 59.777 59.687 59.582 59.465 59.336 59.197 59.046 58.886 58.716 58.537 58.348 58.151 57.946 57.732 57.509 57.279 57.041 56.795 56.541 56.281 56.012 55.737 55.455 55.165 54.869 54.565 54.255 53.939 53.616 53.287 52.952
21.346 22.483 23.015 23.386 23.716 24.034 24.349 24.664 24.981 25.303 25.634 25.975 26.332 26.710 27.121 27.572 28.075 28.653 29.335 30.174 31.251 32.729 34.949 38.338 45.663 54.095 57.051 58.547 59.401 59.930 60.274 60.500 60.648 60.738 60.784 60.796 60.781 60.742 60.684 60.608 60.517 60.413 60.296 60.168 60.029 59.880 59.721 59.553 59.376 59.190 58.995 58.793 58.582 58.363 58.136 57.901 57.659 57.410 57.153 56.889 56.618 56.340 56.055 55.763 55.465 55.159 54.847 54.529 54.204 53.872 53.534 53.190
22.885 24.360 25.041 25.455 25.783 26.082 26.371 26.659 26.950 27.248 27.557 27.883 28.234 28.618 29.051 29.549 30.143 30.881 31.839 33.163 35.169 38.291 44.648 54.271 57.679 59.293 60.197 60.751 61.108 61.342 61.493 61.585 61.632 61.643 61.626 61.585 61.524 61.446 61.353 61.246 61.127 60.997 60.856 60.706 60.547 60.378 60.202 60.017 59.824 59.624 59.415 59.199 58.976 58.745 58.507 58.261 58.008 57.749 57.482 57.209 56.928 56.641 56.348 56.047 55.740 55.427 55.106 54.779 54.446 54.105 53.759 53.407
24.137 25.948 26.828 27.338 27.703 28.007 28.285 28.556 28.829 29.112 29.411 29.735 30.098 30.520 31.027 31.660 32.489 33.642 35.390 38.209 43.604 54.186 58.224 60.026 61.005 61.595 61.971 62.216 62.373 62.467 62.513 62.522 62.502 62.456 62.390 62.305 62.206 62.092 61.967 61.831 61.685 61.531 61.368 61.197 61.018 60.833 60.640 60.440 60.234 60.020 59.800 59.572 59.338 59.097 58.849 58.594 58.332 58.063 57.787 57.505 57.216 56.920 56.617 56.308 55.992 55.669 55.339 55.003 54.660 54.311 53.956 53.595
25.097 27.188 28.270 28.911 29.352 29.697 29.994 30.272 30.548 30.837 31.150 31.505 31.926 32.452 33.144 34.113 35.580 38.009 42.461 53.682 58.595 60.715 61.817 62.466 62.873 63.135 63.302 63.399 63.446 63.452 63.426 63.373 63.297 63.202 63.092 62.967 62.830 62.683 62.526 62.362 62.190 62.012 61.828 61.638 61.443 61.242 61.036 60.824 60.607 60.384 60.155 59.919 59.677 59.428 59.172 58.909 58.639 58.362 58.077 57.785 57.485 57.179 56.865 56.543 56.215 55.880 55.538 55.190 54.835 54.475 54.109 53.739
25.824 28.117 29.368 30.138 30.677 31.093 31.442 31.760 32.070 32.395 32.761 33.202 33.764 34.531 35.667 37.538 40.975 51.417 58.525 61.244 62.583 63.340 63.805 64.101 64.287 64.396 64.447 64.451 64.419 64.356 64.268 64.158 64.030 63.886 63.730 63.564 63.389 63.207 63.019 62.827 62.631 62.432 62.230 62.025 61.817 61.607 61.394 61.176 60.955 60.729 60.498 60.260 60.015 59.763 59.502 59.232 58.953 58.665 58.367 58.060 57.743 57.418 57.084 56.743 56.394 56.039 55.678 55.311 54.940 54.565 54.187 53.808
26.397 28.827 30.203 31.084 31.721 32.224 32.652 33.043 33.428 33.839 34.310 34.904 35.710 36.947 39.133 43.978 56.359 61.113 63.075 64.096 64.696 65.071 65.307 65.447 65.517 65.532 65.500 65.430 65.327 65.197 65.044 64.872 64.685 64.487 64.280 64.067 63.850 63.632 63.413 63.196 62.979 62.765 62.554 62.344 62.137 61.932 61.729 61.526 61.321 61.114 60.902 60.682 60.453 60.213 59.958 59.688 59.401 59.095 58.770 58.426 58.066 57.691 57.305 56.911 56.512 56.111 55.709 55.309 54.910 54.515 54.125 53.739
26.890 29.417 30.889 31.864 32.595 33.197 33.725 34.221 34.718 35.245 35.862 36.645 37.755 39.666 44.037 56.947 62.074 64.142 65.197 65.817 66.207 66.454 66.600 66.667 66.668 66.612 66.506 66.357 66.172 65.958 65.722 65.467 65.200 64.927 64.653 64.382 64.116 63.859 63.612 63.375 63.150 62.937 62.735 62.546 62.368 62.204 62.053 61.914 61.786 61.659 61.531 61.398 61.260 61.114 60.957 60.784 60.588 60.358 60.081 59.744 59.336 58.866 58.359 57.843 57.340 56.857 56.390 55.935 55.488 55.046 54.603 54.158
27.386 29.962 31.491 32.534 33.347 34.043 34.682 35.305 35.941 36.617 37.366 38.244 39.378 41.119 44.732 56.661 62.048 64.315 65.520 66.287 66.821 67.201 67.457 67.596 67.618 67.524 67.329 67.060 66.751 66.427 66.089 65.715 65.310 64.891 64.471 64.061 63.666 63.286 62.920 62.567 62.223 61.888 61.559 61.237 60.919 60.605 60.297 59.993 59.694 59.401 59.112 58.827 58.545 58.266 57.992 57.721 57.455 57.195 56.941 56.689 56.435 56.178 55.923 55.673 55.428 55.188 54.952 54.719 54.489 54.261 54.035 53.812
28.730 31.405 33.060 34.279 35.353 36.405 37.451 38.463 39.407 40.248 40.941 41.441 41.696 41.671 41.465 41.346 41.446 41.820 42.490 43.611 45.402 47.552 49.484 50.814 51.480 51.614 51.380 50.921 50.655 51.636 58.232 63.320 64.698 65.027 64.998 64.852 64.676 64.502 64.341 64.195 64.059 63.920 63.776 63.624 63.462 63.286 63.091 62.854 62.487 61.843 61.094 60.427 59.888 59.459 59.113 58.846 58.794 59.829 66.740 72.999 69.317 61.100 53.431 49.273 49.293 50.890 52.303 53.173 53.623 53.808 53.836 53.769
28.299 31.734 34.430 37.431 42.999 56.157 60.985 63.092 64.322 65.160 65.774 66.237 66.584 66.837 67.013 67.122 67.173 67.177 67.139 67.067 66.967 66.846 66.707 66.557 66.400 66.237 66.071 65.900 65.722 65.536 65.340 65.134 64.919 64.696 64.464 64.225 63.977 63.719 63.451 63.170 62.878 62.574 62.259 61.935 61.604 61.267 60.927 60.586 60.246 59.908 59.573 59.243 58.919 58.602 58.292 57.990 57.697 57.413 57.137 56.871 56.614 56.367 56.130 55.902 55.684 55.474 55.272 55.076 54.886 54.700 54.517 54.334
22.868 23.450 23.707 23.940 24.210 24.531 24.908 25.345 25.848 26.426 27.093 27.868 28.787 29.910 31.358 33.249 35.530 38.309 41.768 45.993 50.936 56.476 62.458 68.682 74.844 80.427 84.587 86.163 84.257 79.575 73.316 66.436 59.683 53.561 48.225 43.669 40.135 37.854 36.427 35.408 35.316 36.115 37.254 38.656 40.628 43.655 47.746 50.103 51.560 52.539 53.221 53.700 54.032 54.252 54.385 54.452 54.469 54.451 54.410 54.354 54.292 54.240 54.197 54.157 54.112 54.055 53.979 53.878 53.752 53.601 53.428 53.240
58.559 67.869 70.304 71.407 72.018 72.384 72.601 72.711 72.739 72.700 72.605 72.463 72.282 72.068 71.826 71.561 71.277 70.977 70.665 70.344 70.014 69.680 69.341 69.000 68.657 68.313 67.970 67.629 67.288 66.951 66.615 66.283 65.954 65.629 65.306 64.988 64.673 64.362 64.053 63.749 63.447 63.148 62.852 62.559 62.268 61.978 61.691 61.405 61.121 60.838 60.555 60.274 59.993 59.712 59.432 59.152 58.871 58.591 58.310 58.029 57.748 57.466 57.184 56.901 56.618 56.334 56.050 55.764 55.478 55.191 54.903 54.614
22.868 23.450 23.708 23.941 24.211 24.532 24.909 25.346 25.850 26.428 27.095 27.871 28.790 29.914 31.362 33.255 35.543 38.339 41.823 46.074 51.041 56.601 62.597 68.829 74.985 80.538 84.630 86.088 84.031 79.204 72.833 65.883 59.095 52.957 47.610 43.055 39.575 37.420 36.161 35.315 35.374 36.255 37.421 38.809 40.743 43.725 47.802 50.159 51.611 52.583 53.258 53.730 54.056 54.272 54.403 54.470 54.489 54.476 54.441 54.393 54.339 54.294 54.258 54.222 54.179 54.121 54.042 53.935 53.801 53.641 53.460 53.264
28.299 31.734 34.430 37.431 42.999 56.158 60.986 63.092 64.322 65.160 65.774 66.236 66.584 66.837 67.013 67.121 67.173 67.176 67.139 67.067 66.967 66.845 66.707 66.557 66.400 66.237 66.071 65.900 65.722 65.535 65.339 65.133 64.917 64.694 64.462 64.223 63.975 63.717 63.449 63.169 62.876 62.572 62.257 61.933 61.602 61.265 60.925 60.584 60.244 59.906 59.571 59.241 58.918 58.600 58.291 57.989 57.696 57.411 57.136 56.870 56.614 56.367 56.130 55.903 55.684 55.474 55.272 55.077 54.887 54.701 54.518 54.335
28.730 31.405 33.060 34.279 35.352 36.405 37.450 38.462 39.405 40.246 40.938 41.438 41.691 41.666 41.460 41.340 41.442 41.816 42.487 43.608 45.399 47.547 49.476 50.803 51.466 51.598 51.363 50.905 50.650 51.653 58.380 63.342 64.706 65.029 64.999 64.853 64.677 64.503 64.342 64.197 64.061 63.922 63.778 63.626 63.464 63.289 63.093 62.856 62.490 61.846 61.097 60.430 59.891 59.462 59.117 58.852 58.816 59.967 67.617 72.998 68.955 60.633 52.876 48.853 49.072 50.793 52.263 53.158 53.619 53.808 53.837 53.771
27.386 29.962 31.491 32.534 33.347 34.043 34.682 35.305 35.941 36.617 37.366 38.244 39.378 41.119 44.731 56.659 62.047 64.314 65.520 66.287 66.820 67.200 67.456 67.596 67.617 67.523 67.328 67.060 66.751 66.427 66.089 65.715 65.310 64.890 64.470 64.060 63.665 63.285 62.919 62.565 62.222 61.887 61.558 61.235 60.917 60.604 60.295 59.991 59.693 59.399 59.110 58.825 58.543 58.264 57.990 57.719 57.454 57.194 56.940 56.688 56.433 56.177 55.922 55.672 55.427 55.188 54.952 54.719 54.489 54.261 54.035 53.811
26.890 29.417 30.889 31.863 32.595 33.197 33.725 34.220 34.717 35.244 35.862 36.645 37.755 39.666 44.036 56.946 62.074 64.142 65.196 65.817 66.207 66.454 66.599 66.667 66.668 66.612 66.506 66.357 66.172 65.958 65.721 65.467 65.200 64.927 64.653 64.381 64.116 63.859 63.611 63.375 63.150 62.936 62.735 62.545 62.368 62.204 62.052 61.914 61.785 61.659 61.530 61.398 61.260 61.114 60.956 60.783 60.586 60.355 60.077 59.737 59.328 58.857 58.350 57.836 57.336 56.855 56.390 55.936 55.490 55.049 54.605 54.160
