Examples/2023_ISeeSnow/data/CoulombOnly/Results/curv77s/s/1HS_03_curv77s_MoT-Voellmy_s_0033.asc
ncols        154
nrows        17
xllcorner    1817.5
yllcorner    -4292.5
cellsize     5.00
NODATA_value -9999
30.256 34.091 34.911 29.233 20.035 12.478 8.001 5.560 4.043 2.311 0.352 0.002 0.000 0.000 0.000 0.000 0.000 0.000 0.000 0.000 0.000 0.000 0.000 0.000 0.000 0.000 0.000 0.000 0.000 0.000 0.000 0.000 0.000 0.040 0.122 0.166 0.118 0.021 0.000 0.000 0.000 0.000 0.000 0.000 0.000 0.000 0.000 0.000 0.000 0.000 0.000 0.000 0.000 0.000 0.000 0.000 0.000 0.000 0.000 0.000 0.000 0.000 0.000 0.000 0.000 0.000 0.000 0.000 0.000 0.000 0.000 0.000 0.000 0.000 0.000 0.000 0.000 0.000 0.000 0.000 0.000 0.000 0.000 0.000 0.000 0.000 0.000 0.000 0.000 0.000 0.000 0.000 0.000 0.000 0.000 0.000 0.000 0.000 0.000 0.000 0.000 0.000 0.000 0.000 0.000 0.000 0.000 0.000 0.000 0.000 0.000 0.000 0.000 0.000 0.000 0.000 0.000 0.000 0.000 0.000 0.000 0.000 0.000 0.000 0.000 0.000 0.000 0.000 0.000 0.000 0.000 0.000 0.000 0.000 0.000 0.000 0.000 0.000 0.000 0.000 0.000 0.000 0.000 0.000 0.000 0.000 0.000 0.000 0.000 0.000 0.000 0.000 0.000 0.000
23.091 24.098 25.106 25.879 26.086 25.409 23.946 23.203 25.873 32.389 34.734 28.454 19.126 11.913 7.753 5.469 3.744 1.625 1.741 5.571 15.757 26.583 33.618 36.709 37.290 36.664 35.695 34.748 33.789 32.689 31.385 29.936 28.526 27.409 26.825 26.948 27.924 29.782 32.515 36.155 40.823 47.393 57.257 61.886 64.362 65.868 66.851 67.528 68.012 68.371 68.645 68.860 69.032 69.173 69.291 69.392 69.480 69.557 69.628 69.692 69.751 69.807 69.859 69.909 69.956 70.001 70.044 70.085 70.124 70.161 70.196 70.234 70.276 70.308 70.340 70.370 70.400 70.429 70.457 70.484 70.512 70.538 70.565 70.595 70.632 70.699 70.865 71.390 73.356 78.132 74.443 68.109 57.154 18.053 0.135 0.000 0.000 0.000 0.000 0.000 0.000 0.000 0.000 0.000 0.000 0.000 0.000 0.000 0.000 0.000 0.000 0.000 0.000 0.000 0.000 0.000 0.000 0.000 0.000 0.000 0.000 0.000 0.000 0.000 0.000 0.000 0.000 0.000 0.000 0.000 0.000 0.000 0.000 0.000 0.000 0.000 0.000 0.000 0.000 0.000 0.000 0.000 0.000 0.000 0.000 0.000 0.000 0.000 0.000 0.000 0.000 0.000 0.000 0.000
20.590 21.332 21.785 22.180 22.537 22.804 22.948 23.155 23.981 25.484 26.728 27.160 26.713 25.458 23.773 23.307 26.932 34.440 39.230 37.957 32.193 26.946 25.325 29.346 33.161 33.821 32.334 30.170 28.400 27.712 28.393 30.425 33.809 38.671 46.071 57.354 62.400 64.947 66.406 67.307 67.898 68.305 68.594 68.804 68.961 69.082 69.180 69.261 69.330 69.392 69.448 69.500 69.549 69.597 69.643 69.689 69.734 69.779 69.824 69.869 69.913 69.958 70.002 70.047 70.090 70.134 70.176 70.219 70.261 70.304 70.349 70.397 70.449 70.494 70.540 70.587 70.634 70.682 70.729 70.777 70.824 70.872 70.920 70.969 71.020 71.073 71.130 71.192 71.260 71.327 71.375 71.396 71.405 71.452 71.520 71.587 71.652 71.714 71.773 71.828 71.880 71.931 71.983 72.047 72.150 72.379 73.023 75.143 78.134 73.291 63.015 21.949 0.206 0.000 0.000 0.000 0.000 0.000 0.000 0.000 0.000 0.000 0.000 0.000 0.000 0.000 0.000 0.000 0.000 0.000 0.000 0.000 0.000 0.000 0.000 0.000 0.000 0.000 0.000 0.000 0.000 0.000 0.000 0.000 0.000 0.000 0.000 0.000 0.000 0.000 0.000 0.000 0.000 0.000
20.059 21.191 21.612 21.822 21.991 22.146 22.283 22.418 22.628 22.966 23.371 23.746 24.017 24.135 24.115 24.217 24.939 26.149 27.201 27.410 26.412 26.155 27.724 28.535 28.063 27.837 29.113 32.179 37.149 45.047 58.080 63.493 65.960 67.256 67.993 68.433 68.706 68.882 69.001 69.086 69.151 69.204 69.251 69.295 69.338 69.382 69.428 69.475 69.525 69.577 69.631 69.686 69.744 69.803 69.863 69.924 69.986 70.049 70.113 70.176 70.240 70.303 70.366 70.428 70.489 70.549 70.607 70.662 70.715 70.765 70.809 70.851 70.891 70.923 70.956 70.989 71.023 71.058 71.095 71.134 71.176 71.220 71.268 71.318 71.370 71.424 71.479 71.534 71.589 71.644 71.699 71.752 71.804 71.857 71.910 71.963 72.016 72.069 72.121 72.173 72.224 72.274 72.322 72.370 72.417 72.466 72.517 72.572 72.604 72.575 72.485 72.460 72.491 72.528 72.571 72.631 72.736 72.957 73.493 74.897 78.524 74.338 60.013 12.076 0.017 0.000 0.000 0.000 0.000 0.000 0.000 0.000 0.000 0.000 0.000 0.000 0.000 0.000 0.000 0.000 0.000 0.000 0.000 0.000 0.000 0.000 0.000 0.000 0.000 0.000 0.000 0.000 0.000 0.000
20.339 22.210 22.968 23.263 23.412 23.516 23.602 23.681 23.765 23.869 23.997 24.136 24.273 24.390 24.477 24.556 24.678 24.732 24.558 24.440 24.741 25.721 27.496 31.024 37.113 49.602 61.617 65.449 67.179 68.046 68.517 68.790 68.957 69.064 69.137 69.190 69.231 69.267 69.301 69.335 69.372 69.412 69.457 69.506 69.560 69.618 69.681 69.746 69.815 69.887 69.961 70.036 70.113 70.190 70.268 70.346 70.424 70.502 70.580 70.657 70.734 70.810 70.886 70.961 71.035 71.109 71.182 71.255 71.327 71.399 71.472 71.548 71.627 71.705 71.786 71.868 71.951 72.033 72.114 72.194 72.271 72.346 72.417 72.484 72.547 72.606 72.661 72.713 72.762 72.808 72.851 72.893 72.933 72.973 73.013 73.054 73.095 73.137 73.181 73.225 73.269 73.314 73.360 73.406 73.452 73.498 73.544 73.588 73.630 73.668 73.704 73.738 73.772 73.804 73.835 73.863 73.891 73.919 73.949 73.976 73.969 73.869 73.690 73.658 73.695 73.757 73.891 74.224 75.127 77.598 76.541 66.074 19.327 0.090 0.000 0.000 0.000 0.000 0.000 0.000 0.000 0.000 0.000 0.000 0.000 0.000 0.000 0.000 0.000 0.000 0.000 0.000 0.000 0.000
20.790 23.503 24.880 25.547 25.908 26.132 26.293 26.422 26.537 26.645 26.753 26.866 26.981 27.089 27.154 27.142 27.169 27.511 28.475 30.476 35.128 54.832 63.486 66.597 67.898 68.529 68.863 69.051 69.162 69.232 69.280 69.316 69.347 69.377 69.409 69.444 69.482 69.524 69.570 69.622 69.677 69.737 69.802 69.871 69.944 70.020 70.100 70.183 70.268 70.355 70.442 70.530 70.618 70.705 70.792 70.877 70.962 71.045 71.126 71.207 71.286 71.364 71.440 71.515 71.588 71.661 71.732 71.801 71.869 71.935 71.999 72.061 72.118 72.167 72.211 72.251 72.288 72.323 72.359 72.396 72.435 72.476 72.521 72.570 72.623 72.679 72.739 72.803 72.869 72.938 73.010 73.084 73.160 73.236 73.313 73.388 73.461 73.531 73.598 73.662 73.721 73.776 73.827 73.874 73.916 73.955 73.990 74.021 74.050 74.075 74.099 74.120 74.138 74.155 74.169 74.181 74.190 74.196 74.198 74.195 74.186 74.171 74.152 74.131 74.110 74.091 74.075 74.064 74.058 74.033 73.908 73.649 73.563 73.664 73.902 74.405 75.398 76.022 47.142 2.449 0.000 0.000 0.000 0.000 0.000 0.000 0.000 0.000 0.000 0.000 0.000 0.000 0.000 0.000
21.146 24.589 26.670 27.915 28.733 29.322 29.780 30.162 30.501 30.817 31.134 31.489 31.949 32.658 33.888 36.540 46.565 60.799 65.474 67.499 68.474 68.979 69.253 69.405 69.487 69.531 69.554 69.568 69.579 69.593 69.613 69.639 69.674 69.716 69.766 69.822 69.883 69.948 70.016 70.087 70.159 70.233 70.308 70.384 70.462 70.540 70.620 70.700 70.782 70.865 70.949 71.033 71.118 71.202 71.287 71.371 71.454 71.537 71.618 71.697 71.775 71.852 71.926 71.999 72.070 72.140 72.210 72.279 72.347 72.416 72.485 72.556 72.628 72.700 72.775 72.853 72.933 73.016 73.101 73.189 73.278 73.369 73.461 73.553 73.645 73.736 73.826 73.914 74.000 74.084 74.166 74.243 74.316 74.385 74.450 74.512 74.572 74.630 74.687 74.743 74.800 74.857 74.914 74.972 75.029 75.087 75.144 75.200 75.253 75.303 75.350 75.392 75.428 75.458 75.482 75.498 75.507 75.509 75.503 75.489 75.469 75.441 75.407 75.367 75.322 75.272 75.217 75.159 75.097 75.030 74.960 74.888 74.819 74.754 74.691 74.624 74.532 74.361 74.200 74.293 74.551 75.066 76.044 75.764 43.741 1.722 0.000 0.000 0.000 0.000 0.000 0.000 0.000 0.000
21.373 25.506 28.378 30.428 32.055 33.476 34.825 36.242 38.001 41.031 51.530 58.022 61.682 64.186 66.035 67.385 68.326 68.933 69.321 69.572 69.738 69.847 69.918 69.965 69.996 70.016 70.029 70.037 70.043 70.048 70.052 70.057 70.065 70.077 70.095 70.119 70.150 70.190 70.240 70.298 70.365 70.441 70.524 70.613 70.708 70.806 70.907 71.009 71.111 71.213 71.314 71.412 71.508 71.601 71.692 71.780 71.866 71.949 72.030 72.108 72.185 72.261 72.334 72.406 72.476 72.544 72.608 72.670 72.728 72.785 72.839 72.892 72.944 72.994 73.045 73.095 73.146 73.198 73.252 73.307 73.365 73.426 73.489 73.555 73.623 73.694 73.766 73.840 73.914 73.990 74.065 74.141 74.217 74.292 74.367 74.442 74.516 74.591 74.665 74.739 74.813 74.886 74.959 75.030 75.101 75.169 75.236 75.299 75.359 75.415 75.467 75.515 75.557 75.593 75.623 75.647 75.664 75.674 75.677 75.672 75.659 75.639 75.612 75.577 75.535 75.487 75.432 75.371 75.304 75.232 75.154 75.070 74.983 74.891 74.796 74.698 74.597 74.494 74.393 74.295 74.199 74.094 73.949 73.689 73.453 73.526 73.787 63.407 8.448 0.002 0.000 0.000 0.000 0.000
29.200 48.802 55.139 58.421 60.755 62.664 64.285 65.654 66.788 67.700 68.405 68.922 69.295 69.563 69.755 69.892 69.989 70.056 70.101 70.131 70.155 70.176 70.196 70.218 70.243 70.270 70.300 70.332 70.367 70.403 70.440 70.478 70.517 70.556 70.596 70.636 70.676 70.717 70.759 70.802 70.845 70.890 70.935 70.983 71.032 71.084 71.137 71.194 71.253 71.315 71.380 71.448 71.518 71.591 71.667 71.743 71.822 71.901 71.980 72.060 72.140 72.219 72.298 72.377 72.455 72.532 72.610 72.687 72.764 72.841 72.918 72.994 73.071 73.147 73.223 73.299 73.374 73.448 73.521 73.593 73.664 73.734 73.803 73.870 73.937 74.002 74.067 74.132 74.197 74.262 74.328 74.395 74.464 74.534 74.607 74.683 74.762 74.843 74.927 75.014 75.103 75.195 75.289 75.384 75.479 75.576 75.671 75.766 75.859 75.949 76.037 76.120 76.199 76.273 76.341 76.402 76.457 76.504 76.543 76.573 76.594 76.606 76.607 76.597 76.576 76.543 76.498 76.439 76.368 76.283 76.186 76.078 75.963 75.841 75.713 75.581 75.445 75.306 75.164 75.018 74.870 74.718 74.562 74.400 74.232 74.055 73.858 73.641 73.520 73.433 73.339 73.198 72.918 61.017
21.373 25.509 28.384 30.436 32.065 33.488 34.840 36.260 38.024 41.067 51.677 58.046 61.693 64.192 66.038 67.386 68.326 68.934 69.321 69.572 69.738 69.847 69.918 69.965 69.996 70.016 70.029 70.038 70.043 70.048 70.052 70.058 70.066 70.078 70.095 70.119 70.151 70.191 70.240 70.298 70.366 70.441 70.524 70.613 70.708 70.806 70.907 71.009 71.112 71.214 71.314 71.412 71.508 71.602 71.692 71.780 71.866 71.949 72.030 72.109 72.186 72.261 72.334 72.406 72.476 72.544 72.608 72.670 72.729 72.785 72.839 72.892 72.944 72.995 73.045 73.095 73.146 73.198 73.252 73.308 73.366 73.426 73.489 73.555 73.623 73.694 73.766 73.840 73.914 73.990 74.065 74.141 74.217 74.292 74.367 74.442 74.516 74.591 74.665 74.739 74.813 74.886 74.959 75.031 75.101 75.169 75.236 75.299 75.359 75.415 75.467 75.515 75.557 75.593 75.623 75.647 75.664 75.674 75.676 75.671 75.659 75.639 75.611 75.577 75.535 75.486 75.432 75.371 75.304 75.232 75.153 75.070 74.982 74.890 74.795 74.697 74.596 74.494 74.392 74.295 74.199 74.093 73.948 73.689 73.452 73.525 73.786 63.472 8.498 0.002 0.000 0.000 0.000 0.000
21.146 24.589 26.670 27.915 28.733 29.321 29.779 30.162 30.500 30.816 31.133 31.488 31.948 32.658 33.888 36.541 46.573 60.802 65.475 67.499 68.474 68.979 69.253 69.405 69.487 69.531 69.555 69.568 69.579 69.593 69.613 69.639 69.674 69.716 69.766 69.822 69.883 69.948 70.016 70.087 70.159 70.233 70.308 70.384 70.462 70.540 70.620 70.701 70.782 70.865 70.949 71.033 71.118 71.202 71.287 71.371 71.454 71.537 71.618 71.698 71.776 71.852 71.926 71.999 72.070 72.140 72.210 72.279 72.348 72.416 72.486 72.556 72.628 72.700 72.775 72.853 72.933 73.016 73.101 73.189 73.278 73.369 73.461 73.553 73.645 73.736 73.826 73.914 74.000 74.084 74.165 74.243 74.316 74.385 74.450 74.512 74.572 74.630 74.687 74.743 74.800 74.857 74.914 74.972 75.030 75.087 75.144 75.200 75.253 75.303 75.350 75.391 75.428 75.458 75.481 75.498 75.507 75.508 75.502 75.489 75.468 75.441 75.407 75.367 75.322 75.272 75.217 75.159 75.096 75.030 74.960 74.888 74.819 74.754 74.691 74.624 74.532 74.361 74.200 74.293 74.550 75.065 76.042 75.769 43.784 1.729 0.000 0.000 0.000 0.000 0.000 0.000 0.000 0.000
20.790 23.503 24.880 25.547 25.908 26.132 26.293 26.422 26.537 26.646 26.753 26.866 26.981 27.089 27.154 27.142 27.169 27.511 28.475 30.477 35.133 54.838 63.488 66.597 67.898 68.529 68.863 69.051 69.162 69.232 69.280 69.316 69.347 69.377 69.409 69.443 69.482 69.524 69.570 69.621 69.677 69.737 69.802 69.871 69.944 70.020 70.100 70.183 70.268 70.354 70.442 70.530 70.618 70.705 70.792 70.877 70.961 71.044 71.126 71.206 71.286 71.363 71.440 71.515 71.588 71.660 71.731 71.801 71.869 71.935 71.999 72.061 72.118 72.167 72.211 72.251 72.288 72.324 72.359 72.396 72.435 72.477 72.522 72.570 72.623 72.679 72.739 72.802 72.869 72.938 73.009 73.083 73.159 73.236 73.312 73.387 73.460 73.530 73.597 73.661 73.720 73.775 73.826 73.873 73.915 73.954 73.989 74.020 74.049 74.075 74.098 74.119 74.138 74.154 74.168 74.180 74.189 74.195 74.197 74.194 74.186 74.171 74.151 74.130 74.110 74.090 74.074 74.063 74.057 74.033 73.908 73.648 73.563 73.663 73.901 74.405 75.397 76.024 47.163 2.454 0.000 0.000 0.000 0.000 0.000 0.000 0.000 0.000 0.000 0.000 0.000 0.000 0.000 0.000
20.338 22.210 22.968 23.262 23.412 23.515 23.602 23.681 23.765 23.869 23.996 24.136 24.273 24.390 24.477 24.556 24.677 24.731 24.557 24.440 24.742 25.721 27.497 31.026 37.117 49.614 61.619 65.449 67.179 68.046 68.517 68.789 68.956 69.064 69.137 69.190 69.231 69.267 69.300 69.335 69.372 69.412 69.457 69.506 69.560 69.618 69.680 69.746 69.815 69.887 69.960 70.036 70.112 70.190 70.267 70.346 70.424 70.502 70.579 70.657 70.733 70.810 70.885 70.960 71.035 71.109 71.182 71.255 71.327 71.398 71.471 71.547 71.626 71.704 71.785 71.867 71.950 72.032 72.114 72.193 72.271 72.346 72.417 72.484 72.547 72.606 72.661 72.713 72.762 72.808 72.851 72.893 72.933 72.973 73.013 73.054 73.095 73.137 73.180 73.224 73.269 73.314 73.360 73.406 73.452 73.498 73.543 73.588 73.629 73.668 73.703 73.738 73.771 73.803 73.834 73.863 73.891 73.919 73.948 73.975 73.969 73.868 73.689 73.657 73.694 73.756 73.890 74.224 75.127 77.599 76.540 66.071 19.324 0.090 0.000 0.000 0.000 0.000 0.000 0.000 0.000 0.000 0.000 0.000 0.000 0.000 0.000 0.000 0.000 0.000 0.000 0.000 0.000 0.000
20.058 21.190 21.611 21.821 21.990 22.145 22.282 22.417 22.625 22.962 23.367 23.743 24.015 24.135 24.116 24.214 24.928 26.135 27.191 27.407 26.415 26.154 27.722 28.535 28.065 27.839 29.114 32.180 37.151 45.049 58.081 63.494 65.960 67.255 67.993 68.433 68.706 68.882 69.001 69.086 69.151 69.204 69.251 69.295 69.338 69.382 69.428 69.475 69.525 69.576 69.630 69.686 69.743 69.802 69.862 69.924 69.986 70.049 70.112 70.176 70.239 70.303 70.366 70.428 70.489 70.548 70.606 70.662 70.715 70.764 70.808 70.850 70.890 70.923 70.955 70.988 71.022 71.057 71.094 71.133 71.175 71.219 71.267 71.317 71.369 71.423 71.477 71.533 71.588 71.643 71.697 71.751 71.803 71.856 71.908 71.962 72.015 72.068 72.120 72.172 72.223 72.273 72.321 72.369 72.416 72.465 72.517 72.571 72.603 72.574 72.484 72.459 72.490 72.527 72.570 72.631 72.735 72.956 73.492 74.896 78.525 74.337 60.020 12.088 0.017 0.000 0.000 0.000 0.000 0.000 0.000 0.000 0.000 0.000 0.000 0.000 0.000 0.000 0.000 0.000 0.000 0.000 0.000 0.000 0.000 0.000 0.000 0.000 0.000 0.000 0.000 0.000 0.000 0.000
20.587 21.328 21.781 22.176 22.534 22.802 22.947 23.150 23.967 25.467 26.718 27.160 26.723 25.476 23.791 23.296 26.863 34.359 39.195 37.976 32.233 26.972 25.330 29.336 33.157 33.823 32.339 30.175 28.404 27.715 28.395 30.427 33.811 38.674 46.075 57.357 62.401 64.947 66.406 67.307 67.898 68.305 68.594 68.804 68.961 69.082 69.180 69.260 69.330 69.391 69.447 69.499 69.548 69.596 69.642 69.688 69.733 69.778 69.823 69.868 69.913 69.957 70.002 70.046 70.089 70.133 70.176 70.218 70.261 70.304 70.348 70.396 70.448 70.493 70.540 70.587 70.634 70.681 70.729 70.776 70.823 70.871 70.919 70.968 71.019 71.072 71.129 71.191 71.259 71.326 71.374 71.396 71.404 71.451 71.518 71.586 71.650 71.713 71.771 71.827 71.879 71.930 71.982 72.046 72.149 72.378 73.023 75.147 78.132 73.286 63.007 21.943 0.206 0.000 0.000 0.000 0.000 0.000 0.000 0.000 0.000 0.000 0.000 0.000 0.000 0.000 0.000 0.000 0.000 0.000 0.000 0.000 0.000 0.000 0.000 0.000 0.000 0.000 0.000 0.000 0.000 0.000 0.000 0.000 0.000 0.000 0.000 0.000 0.000 0.000 0.000 0.000 0.000 0.000
23.083 24.088 25.096 25.873 26.089 25.423 23.963 23.198 25.816 32.314 34.761 28.554 19.225 11.976 7.786 5.489 3.766 1.647 1.735 5.547 15.734 26.577 33.622 36.717 37.296 36.669 35.698 34.751 33.792 32.691 31.387 29.938 28.527 27.410 26.826 26.949 27.926 29.786 32.520 36.162 40.832 47.408 57.269 61.891 64.365 65.870 66.852 67.528 68.012 68.371 68.645 68.859 69.031 69.172 69.290 69.391 69.479 69.557 69.627 69.691 69.750 69.806 69.858 69.908 69.955 70.000 70.043 70.084 70.123 70.160 70.195 70.233 70.275 70.307 70.339 70.369 70.399 70.428 70.456 70.484 70.511 70.537 70.564 70.594 70.631 70.698 70.863 71.386 73.340 78.145 74.466 68.137 57.245 18.241 0.140 0.000 0.000 0.000 0.000 0.000 0.000 0.000 0.000 0.000 0.000 0.000 0.000 0.000 0.000 0.000 0.000 0.000 0.000 0.000 0.000 0.000 0.000 0.000 0.000 0.000 0.000 0.000 0.000 0.000 0.000 0.000 0.000 0.000 0.000 0.000 0.000 0.000 0.000 0.000 0.000 0.000 0.000 0.000 0.000 0.000 0.000 0.000 0.000 0.000 0.000 0.000 0.000 0.000 0.000 0.000 0.000 0.000 0.000 0.000
30.217 34.054 34.938 29.331 20.140 12.548 8.039 5.581 4.059 2.336 0.364 0.002 0.000 0.000 0.000 0.000 0.000 0.000 0.000 0.000 0.000 0.000 0.000 0.000 0.000 0.000 0.000 0.000 0.000 0.000 0.000 0.000 0.000 0.049 0.137 0.184 0.135 0.025 0.000 0.000 0.000 0.000 0.000 0.000 0.000 0.000 0.000 0.000 0.000 0.000 0.000 0.000 0.000 0.000 0.000 0.000 0.000 0.000 0.000 0.000 0.000 0.000 0.000 0.000 0.000 0.000 0.000 0.000 0.000 0.000 0.000 0.000 0.000 0.000 0.000 0.000 0.000 0.000 0.000 0.000 0.000 0.000 0.000 0.000 0.000 0.000 0.000 0.000 0.000 0.000 0.000 0.000 0.000 0.000 0.000 0.000 0.000 0.000 0.000 0.000 0.000 0.000 0.000 0.000 0.000 0.000 0.000 0.000 0.000 0.000 0.000 0.000 0.000 0.000 0.000 0.000 0.000 0.000 0.000 0.000 0.000 0.000 0.000 0.000 0.000 0.000 0.000 0.000 0.000 0.000 0.000 0.000 0.000 0.000 0.000 0.000 0.000 0.000 0.000 0.000 0.000 0.000 0.000 0.000 0.000 0.000 0.000 0.000 0.000 0.000 0.000 0.000 0.000 0.000
