Examples/2023_ISeeSnow/data/CoulombOnly/Results/curv77s/s/1HS_03_curv77s_MoT-Voellmy_s_0047.asc
ncols        192
nrows        29
xllcorner    2712.5
yllcorner    -4322.5
cellsize     5.00
NODATA_value -9999
[rows 0 to 28 of 29, columns 0 to 71 of 192]
0.000 0.000 0.000 0.000 0.000 0.000 0.000 0.000 0.000 0.000 0.000 0.000 0.000 0.000 0.000 0.000 0.000 0.000 0.000 0.000 0.000 0.000 0.000 0.000 0.000 0.000 0.000 0.000 0.000 0.000 0.000 0.000 0.000 0.000 0.000 0.000 0.000 0.000 0.000 0.000 0.000 0.000 0.000 0.000 0.000 0.000 0.000 0.000 0.000 0.000 0.000 0.000 0.000 0.000 0.000 0.000 0.000 0.000 0.000 0.000 0.000 0.000 0.000 0.000 0.000 0.000 0.000 0.000 0.000 0.000 0.000 0.000
0.000 0.000 0.000 0.000 0.000 0.000 0.000 0.000 0.000 0.000 0.000 0.000 0.000 0.000 0.000 0.000 0.000 0.000 0.000 0.000 0.000 0.000 0.000 0.000 0.000 0.000 0.000 0.000 0.000 0.000 0.000 0.000 0.000 0.000 0.000 0.000 0.000 0.000 0.000 0.000 0.000 0.000 0.000 0.000 0.000 0.000 0.000 0.000 0.000 0.000 0.000 0.000 0.000 0.000 0.000 0.000 0.000 0.000 0.000 0.000 0.000 0.000 0.000 0.000 0.000 0.000 0.000 0.000 0.000 0.000 0.000 0.001
0.000 0.000 0.000 0.000 0.000 0.000 0.000 0.000 0.000 0.000 0.000 0.000 0.000 0.000 0.000 0.000 0.000 0.000 0.000 0.000 0.000 0.000 0.000 0.000 0.000 0.000 0.000 0.000 0.000 0.000 0.000 0.000 0.000 0.000 0.000 0.000 0.000 0.000 0.000 0.000 0.000 0.000 0.000 0.000 0.000 0.000 0.000 0.000 0.000 0.000 0.000 0.000 0.000 0.000 0.000 0.000 0.000 0.000 0.001 0.004 0.011 0.028 0.061 0.119 0.215 0.363 0.583 0.896 1.330 1.913 2.678 3.658
0.000 0.000 0.000 0.000 0.000 0.000 0.000 0.000 0.000 0.000 0.000 0.000 0.000 0.000 0.000 0.000 0.000 0.000 0.000 0.000 0.000 0.000 0.000 0.000 0.000 0.000 0.000 0.000 0.000 0.000 0.000 0.000 0.000 0.000 0.000 0.000 0.000 0.000 0.000 0.000 0.000 0.000 0.000 0.000 0.001 0.002 0.008 0.021 0.054 0.120 0.240 0.441 0.748 1.192 1.808 2.636 3.715 5.082 6.764 8.779 11.129 13.803 16.771 19.993 23.421 27.013 30.726 34.511 38.320 42.101 45.809 49.419
0.000 0.000 0.000 0.000 0.000 0.000 0.000 0.000 0.000 0.000 0.000 0.000 0.000 0.000 0.000 0.000 0.000 0.000 0.000 0.000 0.000 0.000 0.000 0.000 0.000 0.000 0.000 0.000 0.000 0.000 0.000 0.000 0.001 0.006 0.021 0.059 0.146 0.315 0.605 1.061 1.731 2.658 3.888 5.457 7.385 9.672 12.296 15.211 18.354 21.655 25.035 28.413 31.708 34.846 37.769 40.431 42.804 44.879 46.662 48.171 49.435 50.490 51.403 52.267 53.137 54.092 55.290 56.971 59.400 62.828 67.513 74.918
0.000 0.000 0.000 0.000 0.000 0.000 0.000 0.000 0.000 0.000 0.000 0.000 0.000 0.000 0.000 0.000 0.000 0.000 0.000 0.000 0.000 0.000 0.002 0.017 0.082 0.255 0.610 1.223 2.177 3.552 5.413 7.792 10.674 13.998 17.664 21.537 25.463 29.288 32.871 36.093 38.864 41.122 42.841 44.022 44.693 44.905 44.721 44.217 43.476 42.600 41.714 40.963 40.498 40.445 40.903 41.964 43.666 45.981 48.886 52.389 56.533 61.420 67.330 76.192 82.593 86.919 89.934 92.117 93.747 94.994 95.969 96.744
0.000 0.000 0.000 0.000 0.000 0.000 0.000 0.000 0.000 0.000 0.000 0.000 0.000 0.000 0.000 0.000 0.014 0.361 1.372 3.358 6.554 11.013 16.524 22.660 28.881 34.660 39.592 43.446 46.162 47.803 48.499 48.402 47.652 46.377 44.715 42.815 40.824 38.878 37.094 35.577 34.415 33.665 33.346 33.448 33.946 34.817 36.044 37.631 39.620 42.088 45.042 48.494 52.491 57.121 62.542 69.494 79.451 85.453 89.234 91.788 93.591 94.908 95.899 96.663 97.265 97.748 98.144 98.473 98.752 98.992 99.201 99.386
0.000 0.000 0.000 0.000 0.000 0.000 0.000 0.000 0.001 0.034 0.208 0.629 1.370 2.542 5.579 25.094 45.574 55.451 57.347 55.379 53.373 54.575 55.174 54.296 52.394 49.896 47.095 44.215 41.421 38.818 36.470 34.434 32.778 31.564 30.828 30.567 30.751 31.345 32.302 33.588 35.188 37.105 39.386 42.149 45.441 49.300 53.802 59.075 65.543 77.325 85.022 89.496 92.237 94.040 95.290 96.193 96.867 97.384 97.792 98.120 98.389 98.616 98.810 98.979 99.129 99.265 99.389 99.505 99.613 99.717 99.816 99.912
27.753 27.922 28.033 28.142 28.255 28.370 28.488 28.609 28.733 28.860 28.989 29.116 29.241 29.349 29.359 29.177 28.929 29.156 31.043 34.183 36.863 37.950 37.429 35.885 33.979 32.203 30.830 29.962 29.593 29.671 30.123 30.889 31.926 33.219 34.755 36.535 38.590 40.989 43.873 47.339 51.479 56.440 62.632 74.835 85.176 90.214 93.056 94.789 95.920 96.698 97.255 97.669 97.986 98.236 98.438 98.607 98.750 98.876 98.987 99.089 99.184 99.273 99.358 99.441 99.521 99.601 99.681 99.760 99.840 99.920 100.001 100.082
27.051 27.400 27.513 27.609 27.707 27.804 27.902 27.999 28.097 28.190 28.254 28.258 28.203 28.125 28.063 28.046 28.110 28.313 28.711 29.265 29.876 30.457 30.975 31.442 31.901 32.402 32.991 33.715 34.618 35.750 37.176 38.940 41.117 43.811 47.111 51.138 56.103 62.707 78.079 87.173 91.722 94.170 95.622 96.548 97.172 97.610 97.931 98.173 98.362 98.515 98.641 98.749 98.844 98.929 99.007 99.081 99.152 99.220 99.288 99.355 99.423 99.491 99.560 99.630 99.702 99.775 99.850 99.926 100.004 100.083 100.164 100.247
28.075 28.877 29.086 29.225 29.352 29.473 29.582 29.671 29.735 29.776 29.804 29.843 29.927 30.096 30.376 30.780 31.300 31.918 32.610 33.351 34.127 34.930 35.757 36.614 37.522 38.537 39.790 41.499 43.846 46.974 50.980 56.078 63.336 79.959 88.566 92.615 94.756 96.014 96.810 97.343 97.717 97.991 98.199 98.362 98.495 98.607 98.703 98.788 98.866 98.938 99.006 99.072 99.137 99.201 99.265 99.328 99.393 99.458 99.524 99.592 99.660 99.730 99.802 99.874 99.949 100.025 100.102 100.181 100.261 100.343 100.426 100.510
30.068 31.803 32.340 32.650 32.912 33.171 33.440 33.722 34.024 34.355 34.730 35.165 35.676 36.273 36.959 37.727 38.565 39.457 40.391 41.362 42.397 43.555 44.978 47.019 50.569 56.331 68.189 85.351 91.243 93.996 95.513 96.433 97.036 97.452 97.753 97.980 98.157 98.299 98.418 98.520 98.611 98.693 98.770 98.843 98.914 98.984 99.054 99.124 99.195 99.267 99.340 99.415 99.491 99.568 99.646 99.726 99.806 99.887 99.969 100.052 100.134 100.218 100.301 100.385 100.469 100.553 100.638 100.723 100.809 100.895 100.982 101.069
32.643 36.102 37.695 38.742 39.589 40.378 41.171 41.994 42.861 43.779 44.759 45.806 46.941 48.230 49.852 52.353 56.719 68.605 84.616 90.085 92.854 94.516 95.620 96.399 96.972 97.406 97.741 98.004 98.212 98.378 98.512 98.619 98.707 98.779 98.838 98.889 98.932 98.969 99.004 99.037 99.069 99.101 99.135 99.171 99.209 99.251 99.296 99.345 99.398 99.455 99.515 99.580 99.647 99.718 99.792 99.868 99.946 100.026 100.107 100.189 100.272 100.356 100.441 100.526 100.611 100.697 100.783 100.869 100.956 101.044 101.131 101.220
35.591 40.788 43.787 45.987 47.756 49.282 50.666 51.983 53.312 54.806 56.866 60.875 75.419 85.469 89.624 91.914 93.420 94.526 95.381 96.061 96.615 97.073 97.456 97.780 98.055 98.290 98.492 98.666 98.817 98.950 99.066 99.168 99.260 99.341 99.414 99.479 99.538 99.591 99.639 99.683 99.723 99.760 99.794 99.825 99.855 99.884 99.913 99.942 99.971 100.002 100.034 100.069 100.106 100.146 100.190 100.237 100.287 100.340 100.398 100.458 100.523 100.590 100.660 100.733 100.809 100.887 100.967 101.049 101.132 101.217 101.304 101.391
60.932 81.715 85.757 87.883 89.418 90.693 91.816 92.828 93.742 94.565 95.301 95.953 96.524 97.017 97.441 97.802 98.108 98.368 98.588 98.775 98.933 99.067 99.181 99.278 99.360 99.430 99.491 99.543 99.588 99.629 99.665 99.697 99.728 99.757 99.785 99.813 99.842 99.871 99.901 99.933 99.968 100.004 100.042 100.083 100.127 100.173 100.222 100.274 100.328 100.385 100.444 100.505 100.569 100.634 100.702 100.771 100.842 100.914 100.988 101.064 101.140 101.218 101.297 101.377 101.458 101.539 101.622 101.705 101.789 101.874 101.959 102.045
35.590 40.786 43.785 45.984 47.753 49.279 50.663 51.979 53.308 54.802 56.860 60.866 75.383 85.463 89.621 91.912 93.419 94.526 95.380 96.061 96.615 97.073 97.456 97.780 98.055 98.290 98.492 98.666 98.817 98.949 99.066 99.168 99.259 99.341 99.413 99.479 99.538 99.591 99.639 99.683 99.723 99.760 99.793 99.825 99.855 99.884 99.913 99.942 99.971 100.002 100.034 100.069 100.106 100.146 100.190 100.236 100.287 100.340 100.398 100.458 100.522 100.590 100.660 100.733 100.809 100.887 100.967 101.049 101.132 101.217 101.304 101.391
32.643 36.102 37.694 38.741 39.588 40.377 41.169 41.993 42.859 43.777 44.757 45.804 46.939 48.228 49.849 52.349 56.712 68.584 84.607 90.081 92.852 94.515 95.619 96.398 96.971 97.405 97.741 98.004 98.212 98.378 98.512 98.619 98.707 98.779 98.838 98.888 98.931 98.969 99.004 99.036 99.068 99.101 99.135 99.170 99.209 99.251 99.296 99.345 99.398 99.455 99.515 99.580 99.647 99.718 99.792 99.868 99.946 100.026 100.107 100.189 100.272 100.356 100.441 100.526 100.611 100.697 100.783 100.869 100.956 101.044 101.131 101.220
30.068 31.803 32.340 32.649 32.911 33.170 33.439 33.721 34.023 34.354 34.728 35.163 35.673 36.270 36.956 37.725 38.562 39.454 40.388 41.359 42.393 43.551 44.974 47.014 50.560 56.317 68.150 85.336 91.238 93.993 95.511 96.432 97.035 97.451 97.753 97.980 98.156 98.299 98.418 98.520 98.611 98.693 98.770 98.843 98.914 98.984 99.054 99.124 99.195 99.267 99.340 99.415 99.490 99.568 99.646 99.726 99.806 99.887 99.969 100.051 100.134 100.217 100.301 100.385 100.469 100.553 100.638 100.723 100.809 100.895 100.982 101.069
28.075 28.876 29.085 29.225 29.352 29.473 29.582 29.671 29.735 29.776 29.804 29.843 29.926 30.094 30.374 30.778 31.297 31.915 32.606 33.347 34.123 34.925 35.752 36.609 37.517 38.532 39.784 41.492 43.837 46.962 50.966 56.062 63.307 79.928 88.550 92.607 94.752 96.012 96.808 97.342 97.716 97.990 98.198 98.362 98.495 98.606 98.702 98.788 98.865 98.938 99.006 99.072 99.137 99.201 99.264 99.328 99.392 99.458 99.524 99.591 99.660 99.730 99.801 99.874 99.948 100.024 100.102 100.180 100.261 100.342 100.426 100.510
27.051 27.400 27.513 27.609 27.707 27.805 27.902 28.000 28.097 28.190 28.254 28.259 28.205 28.127 28.065 28.047 28.110 28.313 28.709 29.263 29.873 30.455 30.972 31.440 31.899 32.399 32.988 33.711 34.613 35.744 37.169 38.931 41.107 43.800 47.098 51.122 56.084 62.678 78.044 87.152 91.711 94.164 95.618 96.546 97.170 97.609 97.930 98.172 98.362 98.514 98.641 98.748 98.843 98.928 99.007 99.081 99.151 99.220 99.287 99.355 99.422 99.490 99.559 99.630 99.701 99.775 99.849 99.926 100.003 100.083 100.164 100.246
27.755 27.924 28.035 28.145 28.257 28.373 28.491 28.612 28.736 28.863 28.992 29.121 29.247 29.356 29.367 29.186 28.937 29.158 31.038 34.179 36.867 37.962 37.447 35.903 33.995 32.215 30.838 29.966 29.594 29.669 30.120 30.884 31.920 33.211 34.746 36.525 38.580 40.977 43.860 47.323 51.461 56.418 62.604 74.734 85.151 90.199 93.047 94.783 95.916 96.695 97.253 97.667 97.984 98.235 98.437 98.606 98.750 98.875 98.987 99.089 99.183 99.272 99.357 99.440 99.521 99.601 99.680 99.760 99.839 99.919 100.000 100.081
0.000 0.000 0.000 0.000 0.000 0.000 0.000 0.000 0.001 0.034 0.206 0.628 1.367 2.536 5.409 24.661 45.282 55.356 57.379 55.473 53.477 54.657 55.246 54.362 52.455 49.952 47.147 44.262 41.464 38.856 36.503 34.462 32.799 31.580 30.838 30.572 30.753 31.343 32.297 33.580 35.178 37.093 39.373 42.134 45.423 49.280 53.778 59.049 65.506 77.284 84.994 89.478 92.226 94.032 95.284 96.188 96.863 97.381 97.789 98.118 98.388 98.615 98.809 98.978 99.128 99.264 99.388 99.504 99.613 99.716 99.815 99.911
0.000 0.000 0.000 0.000 0.000 0.000 0.000 0.000 0.000 0.000 0.000 0.000 0.000 0.000 0.000 0.000 0.012 0.348 1.341 3.302 6.470 10.900 16.389 22.516 28.740 34.535 39.490 43.372 46.117 47.784 48.502 48.423 47.689 46.425 44.770 42.872 40.881 38.931 37.141 35.616 34.446 33.687 33.361 33.456 33.949 34.814 36.037 37.621 39.607 42.071 45.022 48.470 52.464 57.090 62.505 69.438 79.400 85.420 89.212 91.772 93.579 94.899 95.892 96.657 97.260 97.745 98.141 98.471 98.750 98.990 99.199 99.384
0.000 0.000 0.000 0.000 0.000 0.000 0.000 0.000 0.000 0.000 0.000 0.000 0.000 0.000 0.000 0.000 0.000 0.000 0.000 0.000 0.000 0.000 0.002 0.017 0.079 0.248 0.598 1.204 2.148 3.512 5.361 7.726 10.596 13.910 17.569 21.438 25.364 29.194 32.785 36.018 38.802 41.075 42.809 44.005 44.690 44.914 44.741 44.247 43.513 42.641 41.755 41.002 40.530 40.468 40.916 41.966 43.659 45.965 48.863 52.359 56.496 61.375 67.272 76.129 82.544 86.884 89.908 92.098 93.733 94.983 95.960 96.737
0.000 0.000 0.000 0.000 0.000 0.000 0.000 0.000 0.000 0.000 0.000 0.000 0.000 0.000 0.000 0.000 0.000 0.000 0.000 0.000 0.000 0.000 0.000 0.000 0.000 0.000 0.000 0.000 0.000 0.000 0.000 0.000 0.001 0.006 0.020 0.058 0.143 0.309 0.595 1.047 1.710 2.630 3.852 5.412 7.330 9.608 12.225 15.133 18.272 21.570 24.950 28.330 31.629 34.774 37.705 40.375 42.758 44.844 46.637 48.156 49.428 50.491 51.410 52.279 53.151 54.106 55.299 56.968 59.381 62.790 67.453 74.851
0.000 0.000 0.000 0.000 0.000 0.000 0.000 0.000 0.000 0.000 0.000 0.000 0.000 0.000 0.000 0.000 0.000 0.000 0.000 0.000 0.000 0.000 0.000 0.000 0.000 0.000 0.000 0.000 0.000 0.000 0.000 0.000 0.000 0.000 0.000 0.000 0.000 0.000 0.000 0.000 0.000 0.000 0.000 0.000 0.001 0.002 0.007 0.021 0.053 0.117 0.236 0.435 0.739 1.178 1.790 2.612 3.685 5.044 6.718 8.724 11.066 13.733 16.695 19.912 23.336 26.927 30.639 34.425 38.237 42.022 45.735 49.351
0.000 0.000 0.000 0.000 0.000 0.000 0.000 0.000 0.000 0.000 0.000 0.000 0.000 0.000 0.000 0.000 0.000 0.000 0.000 0.000 0.000 0.000 0.000 0.000 0.000 0.000 0.000 0.000 0.000 0.000 0.000 0.000 0.000 0.000 0.000 0.000 0.000 0.000 0.000 0.000 0.000 0.000 0.000 0.000 0.000 0.000 0.000 0.000 0.000 0.000 0.000 0.000 0.000 0.000 0.000 0.000 0.000 0.000 0.001 0.004 0.011 0.027 0.060 0.118 0.212 0.359 0.576 0.887 1.317 1.896 2.656 3.630
0.000 0.000 0.000 0.000 0.000 0.000 0.000 0.000 0.000 0.000 0.000 0.000 0.000 0.000 0.000 0.000 0.000 0.000 0.000 0.000 0.000 0.000 0.000 0.000 0.000 0.000 0.000 0.000 0.000 0.000 0.000 0.000 0.000 0.000 0.000 0.000 0.000 0.000 0.000 0.000 0.000 0.000 0.000 0.000 0.000 0.000 0.000 0.000 0.000 0.000 0.000 0.000 0.000 0.000 0.000 0.000 0.000 0.000 0.000 0.000 0.000 0.000 0.000 0.000 0.000 0.000 0.000 0.000 0.000 0.000 0.000 0.001
0.000 0.000 0.000 0.000 0.000 0.000 0.000 0.000 0.000 0.000 0.000 0.000 0.000 0.000 0.000 0.000 0.000 0.000 0.000 0.000 0.000 0.000 0.000 0.000 0.000 0.000 0.000 0.000 0.000 0.000 0.000 0.000 0.000 0.000 0.000 0.000 0.000 0.000 0.000 0.000 0.000 0.000 0.000 0.000 0.000 0.000 0.000 0.000 0.000 0.000 0.000 0.000 0.000 0.000 0.000 0.000 0.000 0.000 0.000 0.000 0.000 0.000 0.000 0.000 0.000 0.000 0.000 0.000 0.000 0.000 0.000 0.000
