Examples/2023_ISeeSnow/data/CoulombOnly/Results/curv77s/s/1HS_03_curv77s_MoT-Voellmy_s_0063.asc
ncols        99
nrows        67
xllcorner    3782.5
yllcorner    -4417.5
cellsize     5.00
NODATA_value -9999
[rows 0 to 31 of 67, columns 0 to 71 of 99]
0.000 0.000 0.000 0.000 0.000 0.000 0.000 0.000 0.000 0.000 0.000 0.000 0.000 0.000 0.000 0.000 0.000 0.000 0.000 0.000 0.000 0.000 0.000 0.002 0.007 0.010 0.009 0.020 0.093 0.233 0.468 0.825 1.324 1.969 2.750 3.650 4.649 5.723 6.816 7.849 8.787 9.620 10.343 10.944 11.404 11.700 11.802 11.674 11.280 10.595 9.628 8.432 7.107 5.761 4.476 3.297 2.244 1.317 0.536 0.126 0.024 0.005 0.001 0.000 0.000 0.000 0.000 0.000 0.000 0.000 0.000 0.000
0.000 0.000 0.000 0.000 0.000 0.000 0.000 0.000 0.000 0.000 0.000 0.000 0.000 0.000 0.000 0.001 0.004 0.010 0.008 0.006 0.009 0.003 0.147 0.462 0.957 1.652 2.536 3.581 4.744 5.981 7.253 8.528 9.805 11.018 12.145 13.185 14.148 15.044 15.576 16.015 16.313 16.516 16.660 16.757 16.812 16.834 16.827 16.798 16.749 16.686 16.609 16.522 16.426 16.322 16.210 16.092 15.971 15.850 14.853 9.427 5.167 3.105 1.725 0.669 0.108 0.007 0.000 0.000 0.000 0.000 0.000 0.000
0.000 0.000 0.000 0.000 0.000 0.000 0.000 0.000 0.002 0.009 0.010 0.007 0.011 0.000 0.000 0.012 0.274 0.841 1.605 2.526 3.553 4.632 5.717 6.770 7.764 8.688 9.572 10.431 11.264 12.040 12.742 13.385 14.343 15.287 15.952 16.459 16.842 17.128 17.338 17.487 17.586 17.645 17.671 17.668 17.643 17.598 17.537 17.462 17.375 17.279 17.174 17.063 16.946 16.825 16.700 16.572 16.442 16.311 16.179 16.046 15.912 15.778 15.645 15.498 9.166 3.424 1.581 0.491 0.049 0.001 0.000 0.000
0.001 0.005 0.009 0.008 0.004 0.002 0.002 0.003 0.005 0.118 0.795 1.639 2.595 3.606 4.624 5.607 6.518 7.328 8.016 8.588 9.070 9.491 9.859 10.177 10.452 10.725 11.175 11.957 13.278 14.879 15.895 16.616 17.147 17.542 17.837 18.054 18.210 18.317 18.382 18.412 18.414 18.392 18.349 18.289 18.214 18.125 18.026 17.917 17.801 17.678 17.549 17.416 17.279 17.140 16.998 16.855 16.711 16.568 16.424 16.281 16.140 16.001 15.863 15.727 15.593 15.460 15.330 14.557 6.537 1.836 0.555 0.054
0.010 0.014 0.131 0.948 1.880 2.879 3.894 4.887 5.819 6.663 7.390 7.979 8.426 8.748 8.971 9.114 9.183 9.172 9.081 8.947 8.876 8.993 9.385 10.110 11.205 12.657 14.862 16.221 17.082 17.678 18.112 18.435 18.676 18.853 18.977 19.058 19.103 19.118 19.106 19.071 19.016 18.945 18.859 18.759 18.649 18.529 18.401 18.266 18.125 17.980 17.830 17.676 17.521 17.364 17.205 17.046 16.887 16.729 16.572 16.417 16.264 16.113 15.966 15.821 15.681 15.544 15.411 15.282 15.156 15.030 14.745 6.617
5.352 6.286 7.085 7.757 8.284 8.660 8.897 9.020 9.052 9.007 8.885 8.681 8.399 8.084 7.813 7.663 7.677 7.860 8.202 8.695 9.355 10.231 11.440 13.061 15.668 17.111 17.953 18.511 18.907 19.199 19.415 19.572 19.681 19.751 19.786 19.793 19.775 19.734 19.674 19.597 19.504 19.398 19.280 19.152 19.015 18.869 18.717 18.559 18.396 18.229 18.059 17.887 17.713 17.538 17.362 17.187 17.012 16.839 16.668 16.498 16.332 16.169 16.009 15.854 15.703 15.556 15.414 15.278 15.146 15.020 14.898 14.779
9.106 9.268 9.161 8.963 8.686 8.334 7.926 7.515 7.164 6.926 6.823 6.852 6.992 7.222 7.524 7.889 8.319 8.827 9.447 10.237 11.322 12.851 15.825 17.584 18.559 19.161 19.570 19.864 20.077 20.232 20.340 20.409 20.445 20.452 20.434 20.394 20.335 20.257 20.164 20.055 19.934 19.802 19.658 19.506 19.345 19.177 19.003 18.823 18.639 18.452 18.262 18.070 17.877 17.683 17.490 17.297 17.106 16.917 16.730 16.546 16.365 16.188 16.015 15.847 15.684 15.527 15.374 15.228 15.087 14.953 14.824 14.701
7.184 7.011 6.665 6.406 6.267 6.242 6.311 6.451 6.643 6.873 7.135 7.425 7.744 8.095 8.489 8.938 9.468 10.126 10.999 12.278 14.278 17.446 18.866 19.625 20.105 20.435 20.670 20.839 20.958 21.036 21.080 21.095 21.085 21.052 20.998 20.926 20.837 20.732 20.614 20.481 20.337 20.182 20.017 19.843 19.660 19.471 19.275 19.075 18.870 18.661 18.451 18.238 18.025 17.812 17.600 17.389 17.180 16.973 16.769 16.569 16.373 16.182 15.995 15.814 15.638 15.468 15.304 15.146 14.995 14.851 14.714 14.583
5.607 5.934 6.100 6.276 6.470 6.682 6.907 7.147 7.401 7.672 7.961 8.275 8.621 9.008 9.453 9.989 10.667 11.600 13.037 15.769 18.670 19.831 20.482 20.898 21.184 21.386 21.529 21.627 21.688 21.718 21.721 21.701 21.659 21.598 21.519 21.423 21.311 21.186 21.046 20.894 20.730 20.555 20.370 20.175 19.972 19.762 19.546 19.324 19.097 18.867 18.635 18.402 18.167 17.934 17.701 17.470 17.241 17.016 16.794 16.577 16.365 16.157 15.955 15.759 15.570 15.387 15.210 15.041 14.879 14.725 14.577 14.438
6.096 6.544 6.769 6.976 7.188 7.409 7.641 7.885 8.144 8.422 8.725 9.058 9.434 9.871 10.399 11.080 12.040 13.580 17.049 19.527 20.602 21.208 21.594 21.858 22.044 22.173 22.260 22.312 22.335 22.333 22.308 22.262 22.197 22.115 22.017 21.903 21.773 21.630 21.474 21.304 21.122 20.929 20.725 20.511 20.288 20.058 19.820 19.576 19.328 19.076 18.822 18.566 18.309 18.053 17.799 17.547 17.298 17.052 16.811 16.575 16.345 16.120 15.902 15.690 15.486 15.289 15.099 14.917 14.743 14.577 14.420 14.270
6.669 7.187 7.426 7.635 7.846 8.067 8.299 8.547 8.814 9.103 9.423 9.785 10.206 10.719 11.382 12.327 13.891 17.585 20.150 21.238 21.841 22.221 22.479 22.659 22.784 22.867 22.917 22.938 22.934 22.908 22.863 22.798 22.717 22.619 22.505 22.376 22.232 22.074 21.902 21.717 21.518 21.308 21.086 20.853 20.611 20.360 20.101 19.836 19.565 19.290 19.013 18.734 18.455 18.176 17.899 17.624 17.353 17.087 16.825 16.569 16.319 16.076 15.840 15.611 15.391 15.178 14.974 14.779 14.592 14.414 14.245 14.085
7.163 7.752 8.009 8.223 8.436 8.659 8.895 9.149 9.425 9.731 10.078 10.482 10.971 11.599 12.488 13.956 17.252 20.581 21.761 22.399 22.793 23.058 23.242 23.369 23.454 23.506 23.529 23.527 23.504 23.461 23.400 23.321 23.226 23.115 22.989 22.847 22.690 22.519 22.333 22.134 21.920 21.693 21.454 21.203 20.941 20.670 20.390 20.103 19.809 19.512 19.211 18.909 18.606 18.303 18.003 17.705 17.412 17.123 16.839 16.562 16.291 16.028 15.773 15.527 15.289 15.060 14.840 14.630 14.429 14.238 14.057 13.885
7.595 8.255 8.535 8.757 8.973 9.200 9.442 9.706 9.998 10.327 10.709 11.167 11.751 12.563 13.862 16.563 20.707 22.168 22.886 23.317 23.601 23.796 23.932 24.024 24.081 24.109 24.113 24.094 24.056 24.000 23.926 23.836 23.730 23.608 23.471 23.318 23.150 22.967 22.769 22.555 22.327 22.085 21.829 21.560 21.279 20.987 20.686 20.377 20.061 19.740 19.416 19.089 18.762 18.436 18.112 17.791 17.474 17.162 16.857 16.557 16.266 15.982 15.707 15.441 15.184 14.937 14.701 14.474 14.258 14.053 13.858 13.674
7.979 8.708 9.015 9.248 9.471 9.704 9.956 10.233 10.544 10.902 11.329 11.862 12.584 13.690 15.815 20.500 22.422 23.295 23.790 24.107 24.324 24.474 24.577 24.643 24.679 24.690 24.678 24.647 24.597 24.530 24.446 24.346 24.231 24.099 23.952 23.790 23.611 23.417 23.206 22.980 22.738 22.480 22.208 21.921 21.622 21.310 20.988 20.656 20.318 19.973 19.625 19.275 18.924 18.574 18.226 17.881 17.541 17.207 16.878 16.557 16.244 15.939 15.643 15.357 15.080 14.815 14.560 14.316 14.084 13.863 13.653 13.455
8.326 9.123 9.460 9.707 9.940 10.182 10.446 10.739 11.072 11.465 11.949 12.582 13.503 15.132 19.676 22.470 23.603 24.206 24.576 24.824 24.995 25.113 25.191 25.238 25.258 25.255 25.232 25.190 25.130 25.054 24.961 24.853 24.728 24.588 24.433 24.261 24.072 23.867 23.645 23.407 23.151 22.879 22.590 22.286 21.968 21.636 21.293 20.939 20.578 20.210 19.838 19.464 19.089 18.715 18.343 17.975 17.612 17.255 16.905 16.562 16.227 15.901 15.584 15.277 14.981 14.695 14.421 14.159 13.909 13.671 13.446 13.232
8.645 9.508 9.876 10.141 10.386 10.641 10.918 11.229 11.590 12.024 12.576 13.344 14.576 17.209 22.054 23.763 24.546 24.999 25.293 25.493 25.632 25.726 25.786 25.817 25.824 25.810 25.776 25.725 25.656 25.572 25.471 25.355 25.223 25.075 24.911 24.730 24.532 24.317 24.084 23.833 23.564 23.277 22.973 22.652 22.315 21.963 21.599 21.224 20.839 20.448 20.052 19.654 19.255 18.857 18.462 18.072 17.686 17.307 16.935 16.571 16.215 15.868 15.531 15.204 14.887 14.582 14.288 14.007 13.738 13.481 13.238 13.009
8.942 9.870 10.274 10.559 10.817 11.082 11.373 11.705 12.097 12.581 13.222 14.168 15.879 21.114 23.656 24.773 25.362 25.724 25.965 26.132 26.246 26.322 26.366 26.385 26.381 26.357 26.314 26.254 26.178 26.086 25.977 25.854 25.714 25.558 25.385 25.196 24.989 24.764 24.520 24.257 23.975 23.674 23.354 23.016 22.661 22.290 21.904 21.507 21.100 20.685 20.265 19.843 19.421 18.999 18.582 18.168 17.761 17.361 16.968 16.584 16.208 15.842 15.485 15.139 14.803 14.477 14.164 13.862 13.574 13.298 13.036 12.788
9.222 10.212 10.652 10.960 11.235 11.516 11.824 12.176 12.603 13.147 13.897 15.092 17.647 22.912 24.797 25.631 26.103 26.404 26.609 26.750 26.845 26.905 26.937 26.944 26.931 26.897 26.847 26.779 26.695 26.595 26.479 26.348 26.201 26.037 25.856 25.658 25.442 25.207 24.953 24.678 24.383 24.068 23.733 23.378 23.004 22.613 22.207 21.787 21.357 20.919 20.476 20.030 19.584 19.139 18.699 18.264 17.836 17.416 17.004 16.600 16.207 15.822 15.447 15.083 14.728 14.384 14.051 13.730 13.421 13.125 12.843 12.576
9.486 10.539 11.017 11.349 11.641 11.936 12.262 12.642 13.106 13.707 14.587 16.120 20.245 24.436 25.740 26.403 26.798 27.057 27.233 27.354 27.433 27.481 27.501 27.499 27.475 27.434 27.375 27.299 27.208 27.100 26.977 26.838 26.683 26.512 26.323 26.116 25.891 25.646 25.381 25.095 24.787 24.458 24.107 23.735 23.343 22.932 22.505 22.063 21.610 21.149 20.682 20.212 19.743 19.276 18.814 18.358 17.910 17.470 17.040 16.620 16.209 15.808 15.417 15.036 14.665 14.303 13.952 13.611 13.283 12.967 12.664 12.376
9.737 10.850 11.368 11.727 12.036 12.349 12.691 13.096 13.597 14.270 15.298 17.265 23.030 25.515 26.565 27.120 27.462 27.689 27.844 27.948 28.015 28.050 28.060 28.048 28.017 27.966 27.899 27.816 27.717 27.602 27.471 27.324 27.162 26.982 26.785 26.570 26.335 26.080 25.804 25.506 25.186 24.843 24.476 24.087 23.676 23.246 22.797 22.333 21.858 21.373 20.882 20.390 19.898 19.409 18.926 18.450 17.983 17.525 17.078 16.642 16.216 15.800 15.395 15.000 14.614 14.237 13.869 13.511 13.163 12.827 12.503 12.193
9.978 11.148 11.703 12.090 12.418 12.748 13.108 13.536 14.072 14.816 15.999 18.565 24.369 26.434 27.313 27.799 28.104 28.307 28.445 28.536 28.590 28.615 28.616 28.595 28.554 28.496 28.420 28.329 28.222 28.099 27.960 27.806 27.635 27.448 27.242 27.018 26.774 26.510 26.223 25.913 25.580 25.222 24.840 24.434 24.004 23.553 23.084 22.598 22.099 21.591 21.078 20.563 20.049 19.539 19.035 18.540 18.055 17.581 17.118 16.667 16.228 15.800 15.382 14.975 14.576 14.186 13.804 13.430 13.064 12.709 12.364 12.032
10.207 11.431 12.023 12.437 12.787 13.129 13.507 13.953 14.518 15.323 16.654 19.858 25.482 27.224 28.001 28.445 28.725 28.912 29.036 29.115 29.159 29.175 29.166 29.136 29.087 29.020 28.937 28.837 28.722 28.591 28.445 28.283 28.105 27.909 27.696 27.463 27.210 26.936 26.638 26.317 25.970 25.597 25.199 24.774 24.325 23.853 23.361 22.852 22.330 21.798 21.262 20.725 20.191 19.662 19.141 18.629 18.129 17.641 17.166 16.703 16.252 15.813 15.385 14.966 14.556 14.155 13.760 13.371 12.990 12.616 12.251 11.897
10.422 11.693 12.324 12.763 13.127 13.483 13.873 14.331 14.913 15.750 17.188 20.898 26.304 27.895 28.633 29.055 29.322 29.497 29.612 29.683 29.719 29.726 29.709 29.670 29.613 29.537 29.446 29.338 29.216 29.078 28.924 28.755 28.570 28.367 28.146 27.905 27.644 27.359 27.051 26.718 26.357 25.970 25.556 25.114 24.648 24.158 23.648 23.121 22.580 22.029 21.472 20.913 20.354 19.801 19.255 18.719 18.196 17.688 17.196 16.719 16.257 15.810 15.375 14.951 14.536 14.128 13.726 13.328 12.935 12.547 12.164 11.788
10.619 11.934 12.596 13.058 13.438 13.801 14.189 14.645 15.232 16.068 17.495 21.173 26.792 28.439 29.190 29.614 29.880 30.053 30.163 30.228 30.258 30.258 30.234 30.188 30.123 30.041 29.942 29.828 29.699 29.555 29.396 29.222 29.031 28.822 28.595 28.348 28.078 27.785 27.466 27.119 26.743 26.335 25.896 25.426 24.927 24.401 23.853 23.288 22.714 22.135 21.558 20.987 20.425 19.875 19.338 18.814 18.303 17.804 17.318 16.843 16.378 15.924 15.479 15.042 14.611 14.187 13.767 13.350 12.937 12.527 12.120 11.720
10.802 12.150 12.834 13.309 13.697 14.062 14.446 14.888 15.444 16.219 17.494 20.443 26.789 28.786 29.626 30.088 30.371 30.552 30.666 30.731 30.758 30.755 30.727 30.677 30.607 30.520 30.417 30.299 30.167 30.020 29.858 29.680 29.486 29.274 29.042 28.789 28.513 28.212 27.885 27.531 27.149 26.740 26.307 25.850 25.372 24.875 24.356 23.815 23.253 22.673 22.077 21.469 20.854 20.235 19.618 19.008 18.410 17.827 17.264 16.723 16.205 15.710 15.237 14.785 14.352 13.935 13.532 13.138 12.750 12.364 11.975 11.584
10.952 12.326 13.025 13.508 13.896 14.255 14.623 15.034 15.534 16.205 17.241 19.300 25.890 28.703 29.836 30.406 30.739 30.947 31.076 31.150 31.184 31.184 31.158 31.109 31.041 30.956 30.856 30.741 30.612 30.470 30.314 30.142 29.953 29.744 29.514 29.259 28.976 28.660 28.309 27.919 27.486 27.008 26.485 25.921 25.320 24.695 24.061 23.429 22.806 22.196 21.603 21.028 20.473 19.937 19.420 18.921 18.438 17.969 17.513 17.068 16.630 16.198 15.769 15.341 14.910 14.476 14.035 13.587 13.131 12.669 12.206 11.743
11.063 12.462 13.177 13.665 14.043 14.379 14.714 15.077 15.499 16.034 16.794 18.067 21.050 27.547 29.567 30.406 30.862 31.136 31.306 31.409 31.465 31.483 31.474 31.440 31.387 31.317 31.231 31.131 31.017 30.888 30.744 30.585 30.408 30.211 29.990 29.743 29.467 29.163 28.828 28.464 28.071 27.652 27.208 26.743 26.260 25.759 25.237 24.692 24.124 23.539 22.940 22.330 21.714 21.093 20.469 19.846 19.223 18.601 17.981 17.360 16.736 16.109 15.475 14.840 14.209 13.597 13.020 12.492 12.017 11.583 11.177 10.793
11.106 12.532 13.263 13.756 14.132 14.454 14.755 15.058 15.389 15.784 16.308 17.088 18.459 22.070 27.970 29.694 30.462 30.892 31.162 31.340 31.458 31.534 31.579 31.601 31.605 31.593 31.567 31.526 31.466 31.382 31.266 31.112 30.919 30.691 30.434 30.152 29.836 29.475 29.055 28.569 28.012 27.390 26.715 26.003 25.273 24.544 23.830 23.142 22.488 21.873 21.297 20.763 20.268 19.813 19.394 19.008 18.653 18.325 18.018 17.726 17.443 17.158 16.865 16.555 16.219 15.852 15.446 14.997 14.500 13.953 13.357 12.718
10.813 12.281 13.052 13.585 13.995 14.340 14.652 14.951 15.255 15.587 15.993 16.573 17.484 19.020 23.031 27.402 28.823 29.616 30.165 30.587 30.917 31.179 31.394 31.573 31.726 31.859 31.974 32.068 32.101 31.950 31.549 30.925 30.166 29.398 28.783 28.509 28.521 28.506 28.289 27.939 27.514 27.039 26.523 25.974 25.397 24.799 24.188 23.574 22.968 22.381 21.822 21.299 20.814 20.368 19.961 19.590 19.254 18.951 18.676 18.423 18.183 17.945 17.698 17.432 17.134 16.796 16.403 15.935 15.361 14.647 13.753 12.655
9.633 10.840 11.419 11.819 12.148 12.462 12.788 13.149 13.566 14.091 14.868 16.532 21.076 23.293 24.475 25.234 25.758 26.118 26.351 26.478 26.517 26.481 26.382 26.231 26.039 25.816 25.573 25.322 25.069 24.818 24.572 24.335 24.111 23.900 23.707 23.533 23.380 23.245 23.124 23.015 22.915 22.820 22.731 22.644 22.559 22.476 22.394 22.313 22.231 22.149 22.065 21.980 21.893 21.804 21.714 21.623 21.529 21.433 21.332 21.224 21.109 20.985 20.851 20.707 20.552 20.385 20.206 20.014 19.807 19.584 19.345 19.086
13.285 13.926 14.108 14.156 14.140 14.082 13.994 13.880 13.744 13.592 13.429 13.262 13.096 12.935 12.784 12.651 12.556 12.541 12.700 13.256 14.375 15.870 17.509 19.124 20.512 21.431 22.056 22.765 24.770 25.847 26.154 26.177 26.140 26.108 26.094 26.073 25.925 25.335 24.512 23.933 23.599 23.405 23.284 23.202 23.145 23.100 23.051 22.991 22.913 22.814 22.697 22.564 22.420 22.268 22.112 21.955 21.798 21.642 21.486 21.331 21.175 21.018 20.858 20.693 20.527 20.366 20.222 20.150 20.333 18.831 14.542 14.238
18.698 27.814 29.623 30.391 30.858 31.175 31.395 31.542 31.628 31.662 31.646 31.585 31.482 31.336 31.151 30.928 30.668 30.373 30.047 29.692 29.315 28.920 28.513 28.102 27.694 27.299 26.923 26.573 26.251 25.959 25.696 25.462 25.254 25.070 24.907 24.764 24.639 24.530 24.432 24.339 24.246 24.150 24.046 23.933 23.808 23.670 23.519 23.354 23.175 22.983 22.779 22.567 22.348 22.126 21.904 21.685 21.471 21.264 21.066 20.878 20.698 20.527 20.361 20.200 20.040 19.879 19.714 19.541 19.358 19.161 18.947 18.711
