Examples/2023_ISeeSnow/data/CoulombOnly/Results/curv77s/s/1HS_03_curv77s_MoT-Voellmy_s_0034.asc
ncols        158
nrows        17
xllcorner    1867.5
yllcorner    -4292.5
cellsize     5.00
NODATA_value -9999
0.843 0.024 0.000 0.000 0.000 0.000 0.000 0.000 0.000 0.000 0.000 0.000 0.000 0.000 0.000 0.000 0.000 0.000 0.000 0.000 0.000 0.000 0.000 0.042 0.127 0.172 0.122 0.023 0.000 0.000 0.000 0.000 0.000 0.000 0.000 0.000 0.000 0.000 0.000 0.000 0.000 0.000 0.000 0.000 0.000 0.000 0.000 0.000 0.000 0.000 0.000 0.000 0.000 0.000 0.000 0.000 0.000 0.000 0.000 0.000 0.000 0.000 0.000 0.000 0.000 0.000 0.000 0.000 0.000 0.000 0.000 0.000 0.000 0.000 0.000 0.000 0.000 0.000 0.000 0.000 0.000 0.000 0.000 0.000 0.000 0.000 0.000 0.000 0.000 0.000 0.000 0.000 0.000 0.000 0.000 0.000 0.000 0.000 0.000 0.000 0.000 0.000 0.000 0.000 0.000 0.000 0.000 0.000 0.000 0.000 0.000 0.000 0.000 0.000 0.000 0.000 0.000 0.000 0.000 0.000 0.000 0.000 0.000 0.000 0.000 0.000 0.000 0.000 0.000 0.000 0.000 0.000 0.000 0.000 0.000 0.000 0.000 0.000 0.000 0.000 0.000 0.000 0.000 0.000 0.000 0.000 0.000 0.000 0.000 0.000 0.000 0.000 0.000 0.000 0.000 0.000 0.000 0.000
34.137 28.722 19.527 12.162 7.846 5.503 4.017 2.448 1.983 5.576 15.714 26.548 33.604 36.712 37.299 36.674 35.702 34.752 33.790 32.678 31.332 29.748 27.993 26.192 24.508 23.111 22.119 21.575 21.449 21.678 22.195 22.942 23.878 24.979 26.229 27.635 29.218 31.010 33.133 35.858 40.078 50.819 64.130 67.460 68.911 69.710 70.214 70.560 70.812 71.005 71.156 71.279 71.382 71.469 71.545 71.612 71.673 71.728 71.779 71.827 71.871 71.917 71.967 72.005 72.041 72.076 72.110 72.143 72.176 72.208 72.239 72.270 72.301 72.332 72.362 72.393 72.423 72.454 72.484 72.515 72.546 72.577 72.610 72.649 72.708 72.839 73.238 74.771 81.897 80.369 73.849 66.450 52.718 12.184 0.036 0.000 0.000 0.000 0.000 0.000 0.000 0.000 0.000 0.000 0.000 0.000 0.000 0.000 0.000 0.000 0.000 0.000 0.000 0.000 0.000 0.000 0.000 0.000 0.000 0.000 0.000 0.000 0.000 0.000 0.000 0.000 0.000 0.000 0.000 0.000 0.000 0.000 0.000 0.000 0.000 0.000 0.000 0.000 0.000 0.000 0.000 0.000 0.000 0.000 0.000 0.000 0.000 0.000 0.000 0.000 0.000 0.000 0.000 0.000 0.000 0.000 0.000 0.000
26.123 26.677 26.260 25.034 23.304 22.427 24.938 32.011 38.050 37.846 32.611 27.276 25.307 28.818 32.584 33.473 32.122 29.795 27.316 25.128 23.463 22.418 21.987 22.089 22.623 23.505 24.688 26.164 27.974 30.238 33.226 37.680 45.954 60.247 65.205 67.454 68.710 69.490 70.009 70.374 70.640 70.844 70.998 71.115 71.206 71.280 71.343 71.399 71.449 71.496 71.542 71.586 71.629 71.672 71.715 71.757 71.799 71.842 71.883 71.925 71.967 72.012 72.060 72.101 72.143 72.185 72.229 72.273 72.317 72.363 72.408 72.454 72.500 72.546 72.591 72.636 72.680 72.724 72.768 72.811 72.853 72.895 72.938 72.981 73.025 73.072 73.123 73.182 73.247 73.299 73.324 73.320 73.311 73.352 73.410 73.471 73.533 73.595 73.656 73.717 73.778 73.837 73.898 73.970 74.077 74.312 75.013 77.572 81.661 77.016 69.590 49.905 6.528 0.003 0.000 0.000 0.000 0.000 0.000 0.000 0.000 0.000 0.000 0.000 0.000 0.000 0.000 0.000 0.000 0.000 0.000 0.000 0.000 0.000 0.000 0.000 0.000 0.000 0.000 0.000 0.000 0.000 0.000 0.000 0.000 0.000 0.000 0.000 0.000 0.000 0.000 0.000 0.000 0.000 0.000 0.000 0.000 0.000
22.024 22.670 23.006 23.154 23.141 23.184 23.810 25.109 26.347 26.788 26.033 25.496 26.453 27.199 26.621 25.277 23.963 23.089 22.764 22.965 23.630 24.706 26.185 28.136 30.760 34.493 40.016 54.064 63.106 66.730 68.539 69.557 70.177 70.570 70.823 70.990 71.104 71.184 71.243 71.289 71.328 71.364 71.398 71.433 71.470 71.510 71.553 71.599 71.649 71.700 71.755 71.812 71.870 71.930 71.991 72.054 72.116 72.179 72.241 72.304 72.366 72.429 72.492 72.547 72.599 72.647 72.691 72.731 72.769 72.803 72.835 72.865 72.893 72.921 72.949 72.978 73.009 73.042 73.079 73.119 73.162 73.210 73.260 73.314 73.370 73.428 73.488 73.549 73.611 73.672 73.733 73.791 73.849 73.905 73.961 74.016 74.069 74.122 74.174 74.224 74.273 74.321 74.368 74.414 74.460 74.510 74.566 74.632 74.684 74.679 74.598 74.500 74.509 74.542 74.576 74.615 74.670 74.770 74.993 75.574 77.253 81.268 77.003 68.376 29.246 0.512 0.000 0.000 0.000 0.000 0.000 0.000 0.000 0.000 0.000 0.000 0.000 0.000 0.000 0.000 0.000 0.000 0.000 0.000 0.000 0.000 0.000 0.000 0.000 0.000 0.000 0.000 0.000 0.000 0.000 0.000 0.000 0.000
21.433 22.173 22.427 22.569 22.657 22.723 22.832 22.960 22.943 22.756 22.556 22.604 22.918 23.277 23.605 23.998 24.587 25.484 26.798 28.662 31.421 35.666 42.924 59.239 65.635 68.268 69.568 70.284 70.699 70.948 71.102 71.200 71.265 71.310 71.344 71.373 71.399 71.427 71.456 71.488 71.524 71.565 71.610 71.659 71.713 71.770 71.832 71.897 71.965 72.035 72.108 72.183 72.259 72.336 72.414 72.492 72.570 72.647 72.725 72.801 72.878 72.955 73.031 73.103 73.175 73.247 73.321 73.396 73.474 73.554 73.636 73.720 73.806 73.893 73.980 74.068 74.155 74.239 74.321 74.398 74.471 74.539 74.602 74.660 74.711 74.757 74.798 74.833 74.865 74.893 74.918 74.942 74.965 74.988 75.011 75.036 75.062 75.090 75.119 75.151 75.184 75.219 75.255 75.293 75.333 75.373 75.415 75.457 75.497 75.535 75.570 75.603 75.637 75.673 75.709 75.746 75.785 75.826 75.872 75.927 75.988 76.017 75.934 75.719 75.609 75.658 75.746 75.922 76.372 77.699 81.786 79.259 72.677 47.441 3.680 0.000 0.000 0.000 0.000 0.000 0.000 0.000 0.000 0.000 0.000 0.000 0.000 0.000 0.000 0.000 0.000 0.000 0.000 0.000 0.000 0.000 0.000 0.000
22.153 23.467 23.900 24.075 24.132 24.090 23.951 23.769 23.652 23.735 24.113 24.790 25.674 26.688 27.819 29.160 30.960 33.861 40.176 58.804 66.070 68.794 70.021 70.652 70.998 71.197 71.315 71.387 71.432 71.462 71.485 71.505 71.525 71.547 71.572 71.602 71.635 71.673 71.715 71.762 71.812 71.867 71.925 71.987 72.053 72.122 72.194 72.269 72.345 72.423 72.503 72.583 72.663 72.744 72.825 72.905 72.986 73.066 73.146 73.226 73.305 73.384 73.464 73.542 73.619 73.695 73.766 73.833 73.895 73.951 74.002 74.048 74.091 74.132 74.171 74.209 74.248 74.287 74.327 74.369 74.412 74.458 74.505 74.555 74.608 74.665 74.725 74.789 74.856 74.926 75.000 75.075 75.153 75.233 75.313 75.393 75.472 75.549 75.625 75.698 75.767 75.833 75.895 75.952 76.005 76.054 76.098 76.138 76.174 76.207 76.236 76.262 76.284 76.304 76.321 76.336 76.348 76.358 76.365 76.370 76.370 76.365 76.354 76.337 76.318 76.300 76.285 76.276 76.276 76.289 76.291 76.201 75.961 75.709 75.703 75.798 76.024 76.535 77.658 79.500 70.148 20.160 0.080 0.000 0.000 0.000 0.000 0.000 0.000 0.000 0.000 0.000 0.000 0.000 0.000 0.000 0.000 0.000
23.012 25.176 26.129 26.631 26.930 27.167 27.447 27.861 28.478 29.324 30.393 31.655 33.178 35.376 39.938 57.702 65.591 68.599 69.961 70.682 71.100 71.353 71.510 71.607 71.666 71.701 71.723 71.736 71.746 71.758 71.773 71.793 71.819 71.852 71.891 71.937 71.989 72.045 72.106 72.171 72.239 72.309 72.381 72.455 72.531 72.608 72.686 72.766 72.846 72.928 73.010 73.094 73.178 73.263 73.349 73.435 73.521 73.607 73.693 73.778 73.863 73.946 74.029 74.109 74.188 74.265 74.342 74.417 74.491 74.566 74.640 74.715 74.790 74.867 74.946 75.027 75.110 75.195 75.282 75.371 75.461 75.553 75.645 75.737 75.827 75.913 75.996 76.074 76.147 76.215 76.278 76.336 76.390 76.441 76.488 76.533 76.577 76.621 76.665 76.709 76.755 76.802 76.851 76.901 76.953 77.006 77.060 77.114 77.168 77.221 77.273 77.324 77.371 77.416 77.456 77.492 77.523 77.548 77.568 77.581 77.588 77.587 77.580 77.566 77.545 77.518 77.485 77.445 77.400 77.349 77.291 77.225 77.151 77.075 77.003 76.938 76.882 76.831 76.767 76.633 76.378 76.345 76.570 77.048 77.983 79.655 72.561 24.028 0.148 0.000 0.000 0.000 0.000 0.000 0.000 0.000 0.000 0.000
23.765 27.085 29.115 30.670 31.998 33.243 34.496 35.839 37.412 39.616 44.192 57.291 63.314 66.322 68.145 69.347 70.168 70.748 71.163 71.465 71.685 71.846 71.965 72.053 72.117 72.164 72.197 72.221 72.237 72.248 72.255 72.261 72.268 72.276 72.288 72.305 72.328 72.358 72.396 72.442 72.496 72.558 72.626 72.702 72.783 72.869 72.960 73.053 73.148 73.245 73.342 73.439 73.534 73.625 73.713 73.796 73.875 73.950 74.023 74.092 74.159 74.224 74.288 74.351 74.412 74.473 74.533 74.593 74.652 74.711 74.769 74.827 74.884 74.942 75.000 75.058 75.116 75.175 75.235 75.297 75.360 75.424 75.490 75.558 75.627 75.697 75.769 75.842 75.916 75.990 76.064 76.139 76.214 76.289 76.365 76.440 76.516 76.592 76.668 76.744 76.821 76.898 76.975 77.052 77.128 77.203 77.277 77.349 77.419 77.486 77.550 77.610 77.666 77.717 77.763 77.803 77.838 77.866 77.888 77.903 77.911 77.912 77.906 77.893 77.874 77.848 77.816 77.778 77.733 77.684 77.628 77.567 77.501 77.430 77.355 77.274 77.190 77.101 77.007 76.911 76.812 76.717 76.626 76.535 76.428 76.258 75.965 75.823 75.888 76.081 76.429 44.192 1.261 0.000 0.000 0.000 0.000 0.000
38.358 52.881 56.867 59.463 61.611 63.505 65.190 66.667 67.929 68.975 69.816 70.469 70.959 71.323 71.591 71.785 71.921 72.015 72.081 72.128 72.162 72.189 72.214 72.238 72.263 72.291 72.322 72.355 72.391 72.430 72.470 72.512 72.555 72.599 72.643 72.688 72.732 72.777 72.822 72.867 72.912 72.958 73.005 73.052 73.101 73.151 73.204 73.258 73.315 73.374 73.435 73.500 73.567 73.636 73.709 73.783 73.859 73.937 74.017 74.098 74.179 74.261 74.344 74.427 74.509 74.592 74.674 74.756 74.837 74.919 75.000 75.080 75.160 75.240 75.319 75.398 75.476 75.553 75.630 75.706 75.781 75.854 75.927 75.999 76.069 76.139 76.207 76.275 76.342 76.409 76.475 76.542 76.609 76.677 76.746 76.816 76.887 76.961 77.037 77.114 77.194 77.276 77.361 77.447 77.535 77.625 77.715 77.806 77.898 77.989 78.079 78.168 78.254 78.338 78.419 78.495 78.567 78.634 78.695 78.749 78.796 78.836 78.867 78.890 78.903 78.906 78.899 78.880 78.849 78.807 78.752 78.684 78.604 78.512 78.408 78.294 78.171 78.044 77.912 77.778 77.642 77.503 77.363 77.219 77.072 76.921 76.766 76.606 76.440 76.258 76.048 75.857 75.755 75.673 75.587 75.454 75.175 62.440
23.767 27.091 29.123 30.681 32.011 33.257 34.512 35.857 37.434 39.645 44.249 57.333 63.330 66.328 68.148 69.349 70.169 70.748 71.164 71.465 71.685 71.846 71.965 72.053 72.117 72.164 72.197 72.221 72.237 72.248 72.255 72.262 72.268 72.276 72.288 72.305 72.328 72.359 72.397 72.442 72.496 72.558 72.627 72.702 72.783 72.870 72.960 73.053 73.149 73.245 73.342 73.439 73.534 73.625 73.713 73.796 73.875 73.951 74.023 74.092 74.159 74.224 74.288 74.351 74.412 74.473 74.533 74.593 74.652 74.711 74.769 74.827 74.885 74.942 75.000 75.058 75.116 75.175 75.236 75.297 75.360 75.424 75.490 75.558 75.627 75.697 75.769 75.842 75.916 75.990 76.064 76.139 76.214 76.289 76.365 76.440 76.516 76.592 76.668 76.744 76.821 76.898 76.975 77.052 77.128 77.203 77.277 77.349 77.419 77.486 77.550 77.610 77.666 77.717 77.763 77.803 77.838 77.866 77.887 77.902 77.910 77.912 77.906 77.893 77.874 77.848 77.816 77.777 77.733 77.683 77.628 77.567 77.501 77.430 77.354 77.274 77.189 77.100 77.007 76.910 76.812 76.717 76.626 76.535 76.428 76.258 75.964 75.822 75.887 76.081 76.429 44.249 1.268 0.000 0.000 0.000 0.000 0.000
23.012 25.176 26.128 26.631 26.930 27.167 27.447 27.861 28.478 29.324 30.393 31.656 33.180 35.379 39.943 57.707 65.593 68.600 69.961 70.682 71.100 71.353 71.510 71.607 71.666 71.702 71.723 71.736 71.747 71.758 71.773 71.793 71.819 71.852 71.891 71.937 71.989 72.046 72.106 72.171 72.239 72.309 72.381 72.455 72.531 72.608 72.686 72.766 72.846 72.928 73.010 73.094 73.178 73.263 73.349 73.435 73.521 73.608 73.693 73.778 73.863 73.947 74.029 74.109 74.188 74.266 74.342 74.417 74.492 74.566 74.640 74.715 74.791 74.868 74.947 75.027 75.110 75.195 75.282 75.371 75.461 75.553 75.645 75.737 75.826 75.913 75.996 76.074 76.147 76.215 76.278 76.336 76.390 76.441 76.488 76.534 76.578 76.621 76.665 76.710 76.755 76.803 76.851 76.902 76.953 77.006 77.060 77.114 77.168 77.221 77.273 77.324 77.371 77.416 77.456 77.492 77.523 77.548 77.568 77.581 77.587 77.587 77.580 77.566 77.545 77.518 77.484 77.445 77.400 77.348 77.290 77.224 77.151 77.075 77.002 76.937 76.881 76.830 76.767 76.633 76.378 76.345 76.569 77.047 77.981 79.652 72.578 24.072 0.149 0.000 0.000 0.000 0.000 0.000 0.000 0.000 0.000 0.000
22.153 23.467 23.900 24.075 24.132 24.090 23.950 23.769 23.652 23.735 24.113 24.790 25.674 26.689 27.820 29.161 30.962 33.865 40.184 58.811 66.072 68.795 70.022 70.652 70.998 71.198 71.315 71.387 71.432 71.462 71.485 71.505 71.525 71.547 71.572 71.602 71.635 71.673 71.715 71.762 71.812 71.867 71.925 71.987 72.053 72.122 72.194 72.269 72.345 72.423 72.503 72.583 72.663 72.744 72.824 72.905 72.986 73.066 73.146 73.225 73.305 73.384 73.464 73.541 73.619 73.694 73.766 73.833 73.894 73.951 74.002 74.048 74.091 74.132 74.171 74.209 74.248 74.287 74.327 74.369 74.413 74.458 74.505 74.555 74.608 74.665 74.725 74.789 74.856 74.926 74.999 75.075 75.153 75.232 75.312 75.392 75.471 75.549 75.624 75.697 75.766 75.832 75.893 75.951 76.004 76.053 76.097 76.137 76.174 76.206 76.235 76.261 76.283 76.303 76.321 76.335 76.348 76.358 76.365 76.369 76.369 76.364 76.353 76.336 76.317 76.300 76.284 76.275 76.275 76.289 76.291 76.200 75.960 75.709 75.703 75.798 76.023 76.535 77.657 79.499 70.152 20.169 0.080 0.000 0.000 0.000 0.000 0.000 0.000 0.000 0.000 0.000 0.000 0.000 0.000 0.000 0.000 0.000
21.432 22.172 22.426 22.568 22.656 22.722 22.830 22.958 22.941 22.755 22.556 22.604 22.918 23.277 23.605 23.999 24.588 25.485 26.799 28.664 31.424 35.671 42.931 59.245 65.637 68.269 69.568 70.284 70.699 70.948 71.102 71.200 71.265 71.310 71.344 71.373 71.399 71.427 71.456 71.488 71.524 71.565 71.610 71.659 71.712 71.770 71.832 71.896 71.964 72.035 72.108 72.183 72.259 72.336 72.413 72.491 72.569 72.647 72.724 72.801 72.877 72.954 73.031 73.103 73.175 73.247 73.320 73.396 73.473 73.553 73.635 73.719 73.805 73.892 73.980 74.068 74.154 74.239 74.320 74.397 74.470 74.539 74.602 74.659 74.711 74.756 74.797 74.833 74.864 74.892 74.918 74.942 74.965 74.987 75.011 75.035 75.061 75.089 75.119 75.150 75.183 75.218 75.255 75.293 75.332 75.373 75.414 75.456 75.496 75.534 75.569 75.602 75.637 75.672 75.708 75.746 75.784 75.825 75.872 75.926 75.987 76.017 75.934 75.718 75.608 75.657 75.745 75.921 76.371 77.700 81.789 79.255 72.672 47.422 3.674 0.000 0.000 0.000 0.000 0.000 0.000 0.000 0.000 0.000 0.000 0.000 0.000 0.000 0.000 0.000 0.000 0.000 0.000 0.000 0.000 0.000 0.000 0.000
22.019 22.666 23.003 23.154 23.142 23.182 23.799 25.093 26.335 26.783 26.035 25.497 26.450 27.198 26.622 25.279 23.965 23.091 22.765 22.966 23.631 24.706 26.186 28.137 30.762 34.496 40.021 54.083 63.108 66.731 68.540 69.557 70.177 70.570 70.823 70.990 71.104 71.184 71.243 71.289 71.328 71.363 71.398 71.433 71.470 71.510 71.553 71.599 71.648 71.700 71.755 71.811 71.870 71.930 71.991 72.053 72.116 72.178 72.241 72.303 72.365 72.428 72.491 72.546 72.598 72.646 72.690 72.731 72.768 72.803 72.835 72.864 72.893 72.920 72.948 72.977 73.008 73.041 73.078 73.118 73.162 73.209 73.259 73.313 73.369 73.427 73.487 73.548 73.610 73.671 73.731 73.790 73.847 73.904 73.960 74.014 74.068 74.121 74.173 74.223 74.272 74.320 74.367 74.413 74.459 74.509 74.565 74.631 74.683 74.678 74.597 74.499 74.508 74.541 74.575 74.614 74.669 74.769 74.992 75.574 77.254 81.265 76.999 68.368 29.230 0.511 0.000 0.000 0.000 0.000 0.000 0.000 0.000 0.000 0.000 0.000 0.000 0.000 0.000 0.000 0.000 0.000 0.000 0.000 0.000 0.000 0.000 0.000 0.000 0.000 0.000 0.000 0.000 0.000 0.000 0.000 0.000 0.000
26.112 26.677 26.269 25.052 23.323 22.424 24.884 31.920 38.002 37.857 32.649 27.303 25.314 28.809 32.579 33.475 32.127 29.800 27.321 25.132 23.466 22.420 21.988 22.089 22.623 23.505 24.689 26.165 27.976 30.240 33.229 37.686 45.968 60.254 65.208 67.455 68.710 69.490 70.010 70.374 70.640 70.844 70.998 71.114 71.206 71.280 71.343 71.398 71.449 71.496 71.541 71.585 71.629 71.672 71.714 71.757 71.799 71.841 71.883 71.924 71.966 72.011 72.060 72.100 72.142 72.185 72.228 72.272 72.317 72.362 72.407 72.453 72.499 72.545 72.590 72.635 72.680 72.724 72.767 72.810 72.852 72.895 72.937 72.980 73.024 73.071 73.122 73.181 73.246 73.298 73.323 73.320 73.311 73.351 73.409 73.470 73.532 73.594 73.655 73.716 73.776 73.836 73.897 73.968 74.076 74.311 75.013 77.578 81.657 77.008 69.578 49.865 6.505 0.003 0.000 0.000 0.000 0.000 0.000 0.000 0.000 0.000 0.000 0.000 0.000 0.000 0.000 0.000 0.000 0.000 0.000 0.000 0.000 0.000 0.000 0.000 0.000 0.000 0.000 0.000 0.000 0.000 0.000 0.000 0.000 0.000 0.000 0.000 0.000 0.000 0.000 0.000 0.000 0.000 0.000 0.000 0.000 0.000
34.148 28.818 19.627 12.227 7.881 5.523 4.033 2.470 1.983 5.552 15.690 26.541 33.609 36.719 37.305 36.679 35.706 34.755 33.792 32.681 31.334 29.750 27.994 26.193 24.509 23.111 22.119 21.575 21.450 21.679 22.196 22.944 23.880 24.981 26.232 27.637 29.221 31.015 33.140 35.867 40.097 50.876 64.148 67.464 68.913 69.711 70.214 70.560 70.812 71.004 71.156 71.279 71.381 71.469 71.544 71.612 71.672 71.728 71.779 71.826 71.871 71.917 71.966 72.004 72.040 72.075 72.109 72.142 72.175 72.207 72.238 72.269 72.300 72.331 72.361 72.392 72.422 72.453 72.484 72.514 72.545 72.576 72.609 72.648 72.707 72.837 73.235 74.760 81.846 80.399 73.878 66.478 52.822 12.321 0.038 0.000 0.000 0.000 0.000 0.000 0.000 0.000 0.000 0.000 0.000 0.000 0.000 0.000 0.000 0.000 0.000 0.000 0.000 0.000 0.000 0.000 0.000 0.000 0.000 0.000 0.000 0.000 0.000 0.000 0.000 0.000 0.000 0.000 0.000 0.000 0.000 0.000 0.000 0.000 0.000 0.000 0.000 0.000 0.000 0.000 0.000 0.000 0.000 0.000 0.000 0.000 0.000 0.000 0.000 0.000 0.000 0.000 0.000 0.000 0.000 0.000 0.000 0.000
0.863 0.026 0.000 0.000 0.000 0.000 0.000 0.000 0.000 0.000 0.000 0.000 0.000 0.000 0.000 0.000 0.000 0.000 0.000 0.000 0.000 0.000 0.000 0.051 0.142 0.191 0.140 0.026 0.000 0.000 0.000 0.000 0.000 0.000 0.000 0.000 0.000 0.000 0.000 0.000 0.000 0.000 0.000 0.000 0.000 0.000 0.000 0.000 0.000 0.000 0.000 0.000 0.000 0.000 0.000 0.000 0.000 0.000 0.000 0.000 0.000 0.000 0.000 0.000 0.000 0.000 0.000 0.000 0.000 0.000 0.000 0.000 0.000 0.000 0.000 0.000 0.000 0.000 0.000 0.000 0.000 0.000 0.000 0.000 0.000 0.000 0.000 0.000 0.000 0.000 0.000 0.000 0.000 0.000 0.000 0.000 0.000 0.000 0.000 0.000 0.000 0.000 0.000 0.000 0.000 0.000 0.000 0.000 0.000 0.000 0.000 0.000 0.000 0.000 0.000 0.000 0.000 0.000 0.000 0.000 0.000 0.000 0.000 0.000 0.000 0.000 0.000 0.000 0.000 0.000 0.000 0.000 0.000 0.000 0.000 0.000 0.000 0.000 0.000 0.000 0.000 0.000 0.000 0.000 0.000 0.000 0.000 0.000 0.000 0.000 0.000 0.000 0.000 0.000 0.000 0.000 0.000 0.000
