Examples/2023_ISeeSnow/data/CoulombOnly/Results/curv77s/s/1HS_03_curv77s_MoT-Voellmy_s_0036.asc
ncols        166
nrows        17
xllcorner    1972.5
yllcorner    -4292.5
cellsize     5.00
NODATA_value -9999
0.000 0.000 0.045 0.136 0.184 0.132 0.025 0.000 0.000 0.000 0.000 0.000 0.000 0.000 0.000 0.000 0.000 0.000 0.000 0.000 0.000 0.000 0.000 0.000 0.000 0.000 0.000 0.000 0.000 0.000 0.000 0.000 0.000 0.000 0.000 0.000 0.000 0.000 0.000 0.000 0.000 0.000 0.000 0.000 0.000 0.000 0.000 0.000 0.000 0.000 0.000 0.000 0.000 0.000 0.000 0.000 0.000 0.000 0.000 0.000 0.000 0.000 0.000 0.000 0.000 0.000 0.000 0.000 0.000 0.000 0.000 0.000 0.000 0.000 0.000 0.000 0.000 0.000 0.000 0.000 0.000 0.000 0.000 0.000 0.000 0.000 0.000 0.000 0.000 0.000 0.000 0.000 0.000 0.000 0.000 0.000 0.000 0.000 0.000 0.000 0.000 0.000 0.000 0.000 0.000 0.000 0.000 0.000 0.000 0.000 0.000 0.000 0.000 0.000 0.000 0.000 0.000 0.000 0.000 0.000 0.000 0.000 0.000 0.000 0.000 0.000 0.000 0.000 0.000 0.000 0.000 0.000 0.000 0.000 0.000 0.000 0.000 0.000 0.000 0.000 0.000 0.000 0.000 0.000 0.000 0.000 0.000 0.000 0.000 0.000 0.000 0.000 0.000 0.000 0.000 0.000 0.000 0.000 0.000 0.000 0.000 0.000 0.000 0.000 0.000 0.000
29.788 28.024 26.175 24.373 22.729 21.319 20.176 19.305 18.695 18.322 18.157 18.162 18.304 18.547 18.862 19.231 19.634 20.062 20.509 20.966 21.430 21.894 22.347 22.786 23.215 23.634 24.047 24.455 24.865 25.280 25.698 26.131 26.582 27.046 27.543 28.084 28.671 29.309 30.016 30.814 31.736 32.823 34.126 35.750 37.883 40.933 46.036 58.679 72.101 74.443 75.254 75.594 75.766 75.867 75.934 75.983 76.022 76.054 76.082 76.107 76.131 76.154 76.176 76.198 76.220 76.242 76.265 76.288 76.311 76.335 76.359 76.384 76.409 76.435 76.461 76.488 76.514 76.541 76.569 76.598 76.632 76.685 76.817 77.331 80.096 88.308 86.795 80.420 72.371 64.228 51.390 13.614 0.069 0.000 0.000 0.000 0.000 0.000 0.000 0.000 0.000 0.000 0.000 0.000 0.000 0.000 0.000 0.000 0.000 0.000 0.000 0.000 0.000 0.000 0.000 0.000 0.000 0.000 0.000 0.000 0.000 0.000 0.000 0.000 0.000 0.000 0.000 0.000 0.000 0.000 0.000 0.000 0.000 0.000 0.000 0.000 0.000 0.000 0.000 0.000 0.000 0.000 0.000 0.000 0.000 0.000 0.000 0.000 0.000 0.000 0.000 0.000 0.000 0.000 0.000 0.000 0.000 0.000 0.000 0.000 0.000 0.000 0.000 0.000 0.000 0.000
21.522 20.391 19.547 18.973 18.626 18.469 18.463 18.576 18.784 19.069 19.420 19.831 20.297 20.811 21.370 21.965 22.590 23.236 23.894 24.562 25.244 25.942 26.655 27.387 28.147 28.946 29.803 30.740 31.794 33.028 34.557 36.624 39.855 46.702 63.985 69.612 71.803 72.955 73.668 74.147 74.490 74.749 74.936 75.084 75.205 75.309 75.403 75.489 75.558 75.610 75.652 75.688 75.721 75.753 75.785 75.817 75.850 75.885 75.920 75.956 75.992 76.030 76.069 76.108 76.148 76.189 76.231 76.273 76.315 76.359 76.402 76.446 76.491 76.535 76.580 76.626 76.671 76.717 76.763 76.808 76.854 76.901 76.949 77.001 77.063 77.132 77.191 77.226 77.231 77.210 77.186 77.207 77.244 77.282 77.319 77.357 77.395 77.433 77.473 77.514 77.557 77.604 77.661 77.747 77.927 78.415 80.001 85.816 86.655 79.655 71.432 51.140 6.696 0.003 0.000 0.000 0.000 0.000 0.000 0.000 0.000 0.000 0.000 0.000 0.000 0.000 0.000 0.000 0.000 0.000 0.000 0.000 0.000 0.000 0.000 0.000 0.000 0.000 0.000 0.000 0.000 0.000 0.000 0.000 0.000 0.000 0.000 0.000 0.000 0.000 0.000 0.000 0.000 0.000 0.000 0.000 0.000 0.000 0.000 0.000 0.000 0.000 0.000 0.000 0.000 0.000
19.315 19.282 19.284 19.394 19.604 19.904 20.282 20.730 21.240 21.807 22.424 23.090 23.798 24.541 25.317 26.123 26.960 27.832 28.740 29.700 30.722 31.833 33.088 34.572 36.474 39.317 45.101 62.066 68.676 71.406 72.846 73.723 74.300 74.699 74.976 75.159 75.280 75.363 75.422 75.468 75.509 75.548 75.579 75.611 75.644 75.678 75.714 75.752 75.792 75.834 75.876 75.921 75.967 76.013 76.061 76.109 76.158 76.207 76.256 76.305 76.354 76.403 76.451 76.499 76.546 76.593 76.640 76.686 76.732 76.777 76.823 76.868 76.913 76.959 77.004 77.050 77.097 77.144 77.191 77.240 77.289 77.339 77.391 77.443 77.497 77.552 77.607 77.663 77.717 77.772 77.825 77.879 77.933 77.987 78.041 78.094 78.145 78.195 78.244 78.290 78.335 78.378 78.420 78.463 78.508 78.560 78.626 78.701 78.745 78.721 78.620 78.510 78.511 78.536 78.562 78.589 78.624 78.679 78.801 79.130 80.151 83.695 86.100 80.949 73.445 52.298 6.336 0.002 0.000 0.000 0.000 0.000 0.000 0.000 0.000 0.000 0.000 0.000 0.000 0.000 0.000 0.000 0.000 0.000 0.000 0.000 0.000 0.000 0.000 0.000 0.000 0.000 0.000 0.000 0.000 0.000 0.000 0.000 0.000 0.000 0.000 0.000 0.000 0.000 0.000 0.000
20.505 21.107 21.474 21.879 22.339 22.857 23.435 24.068 24.753 25.488 26.276 27.111 27.993 28.926 29.913 30.974 32.129 33.426 34.963 36.929 39.959 46.476 63.331 69.493 72.060 73.416 74.231 74.750 75.076 75.283 75.419 75.511 75.576 75.624 75.661 75.692 75.720 75.748 75.776 75.807 75.843 75.883 75.923 75.968 76.017 76.069 76.126 76.185 76.249 76.315 76.384 76.456 76.530 76.607 76.685 76.764 76.845 76.927 77.009 77.091 77.173 77.255 77.336 77.416 77.494 77.570 77.643 77.715 77.783 77.848 77.911 77.970 78.025 78.077 78.126 78.171 78.213 78.251 78.286 78.319 78.349 78.377 78.403 78.429 78.454 78.478 78.503 78.529 78.556 78.583 78.612 78.643 78.675 78.709 78.745 78.782 78.821 78.862 78.903 78.946 78.990 79.034 79.079 79.124 79.170 79.215 79.260 79.303 79.342 79.376 79.405 79.431 79.455 79.478 79.502 79.525 79.550 79.577 79.612 79.659 79.728 79.819 79.874 79.805 79.581 79.330 79.331 79.427 79.633 80.153 81.606 85.808 85.933 80.139 71.993 37.357 1.285 0.000 0.000 0.000 0.000 0.000 0.000 0.000 0.000 0.000 0.000 0.000 0.000 0.000 0.000 0.000 0.000 0.000 0.000 0.000 0.000 0.000 0.000 0.000 0.000 0.000 0.000 0.000 0.000 0.000
22.842 24.159 24.816 25.400 25.998 26.632 27.312 28.043 28.830 29.678 30.593 31.610 32.754 34.079 35.728 37.989 41.900 53.165 67.148 71.223 73.114 74.149 74.770 75.152 75.396 75.555 75.661 75.732 75.781 75.814 75.837 75.855 75.869 75.882 75.896 75.911 75.928 75.948 75.972 75.999 76.031 76.068 76.107 76.151 76.199 76.250 76.304 76.362 76.422 76.484 76.548 76.613 76.679 76.745 76.812 76.879 76.945 77.012 77.078 77.143 77.208 77.272 77.336 77.399 77.461 77.523 77.584 77.646 77.706 77.767 77.826 77.886 77.945 78.003 78.062 78.120 78.178 78.236 78.294 78.352 78.411 78.470 78.530 78.591 78.653 78.716 78.780 78.846 78.912 78.979 79.047 79.115 79.184 79.254 79.323 79.393 79.462 79.531 79.599 79.666 79.732 79.797 79.860 79.921 79.980 80.037 80.093 80.146 80.196 80.245 80.291 80.335 80.376 80.415 80.452 80.486 80.516 80.544 80.568 80.589 80.606 80.618 80.625 80.624 80.617 80.605 80.592 80.580 80.574 80.577 80.594 80.616 80.590 80.465 80.235 80.056 80.022 80.027 80.086 80.267 80.726 81.797 84.071 82.756 73.197 24.189 0.162 0.000 0.000 0.000 0.000 0.000 0.000 0.000 0.000 0.000 0.000 0.000 0.000 0.000 0.000 0.000 0.000 0.000 0.000 0.000
25.290 27.518 28.582 29.377 30.102 30.828 31.590 32.433 33.423 34.647 36.210 38.343 41.700 49.653 65.016 70.211 72.512 73.782 74.552 75.050 75.385 75.617 75.778 75.891 75.969 76.021 76.054 76.075 76.086 76.092 76.097 76.103 76.112 76.125 76.144 76.169 76.200 76.237 76.281 76.330 76.385 76.445 76.508 76.575 76.645 76.719 76.795 76.873 76.953 77.034 77.117 77.201 77.286 77.372 77.458 77.545 77.633 77.720 77.808 77.896 77.985 78.073 78.161 78.248 78.335 78.419 78.502 78.583 78.662 78.740 78.815 78.889 78.960 79.031 79.100 79.167 79.233 79.297 79.360 79.421 79.480 79.539 79.595 79.651 79.705 79.758 79.811 79.862 79.914 79.965 80.016 80.068 80.120 80.173 80.227 80.282 80.339 80.397 80.457 80.518 80.581 80.645 80.711 80.779 80.847 80.917 80.987 81.058 81.128 81.198 81.268 81.336 81.403 81.468 81.530 81.590 81.646 81.699 81.749 81.794 81.836 81.873 81.907 81.935 81.960 81.979 81.994 82.003 82.006 82.003 81.994 81.978 81.954 81.921 81.880 81.833 81.780 81.724 81.666 81.606 81.545 81.481 81.399 81.253 81.018 80.875 80.887 81.055 81.486 82.314 83.555 77.200 24.967 0.138 0.000 0.000 0.000 0.000 0.000 0.000 0.000 0.000 0.000 0.000 0.000 0.000
27.242 30.540 32.320 33.621 34.721 35.750 36.782 37.879 39.067 40.347 41.911 44.193 48.626 63.007 69.429 72.033 73.338 74.132 74.677 75.078 75.387 75.633 75.833 75.998 76.134 76.248 76.343 76.422 76.488 76.543 76.581 76.591 76.574 76.543 76.512 76.490 76.481 76.484 76.498 76.521 76.553 76.593 76.639 76.690 76.745 76.805 76.869 76.935 77.005 77.076 77.150 77.225 77.302 77.379 77.458 77.537 77.617 77.697 77.776 77.856 77.935 78.013 78.091 78.168 78.244 78.318 78.392 78.464 78.535 78.605 78.675 78.743 78.811 78.878 78.945 79.012 79.079 79.147 79.215 79.284 79.353 79.424 79.495 79.568 79.641 79.715 79.790 79.865 79.941 80.017 80.093 80.170 80.246 80.323 80.400 80.477 80.555 80.633 80.711 80.789 80.868 80.947 81.026 81.106 81.186 81.265 81.345 81.425 81.503 81.582 81.659 81.734 81.808 81.880 81.949 82.015 82.077 82.136 82.190 82.239 82.283 82.320 82.352 82.377 82.395 82.407 82.411 82.409 82.400 82.385 82.363 82.336 82.303 82.265 82.223 82.176 82.125 82.070 82.012 81.949 81.883 81.813 81.738 81.660 81.578 81.495 81.413 81.329 81.240 81.134 80.987 80.767 80.625 80.581 80.591 80.676 80.873 81.217 57.814 3.690 0.001 0.000 0.000 0.000 0.000 0.000
44.321 60.226 63.704 65.724 67.344 68.774 70.060 71.207 72.206 73.055 73.762 74.341 74.809 75.180 75.471 75.695 75.866 75.995 76.090 76.161 76.213 76.252 76.282 76.308 76.332 76.355 76.380 76.407 76.438 76.471 76.508 76.549 76.592 76.637 76.685 76.734 76.784 76.836 76.888 76.940 76.993 77.045 77.098 77.151 77.204 77.258 77.312 77.367 77.424 77.481 77.540 77.601 77.663 77.728 77.794 77.863 77.934 78.007 78.082 78.159 78.238 78.319 78.401 78.484 78.568 78.654 78.740 78.827 78.914 79.002 79.089 79.177 79.264 79.351 79.438 79.524 79.609 79.694 79.778 79.861 79.943 80.025 80.105 80.185 80.263 80.340 80.417 80.492 80.566 80.640 80.712 80.784 80.855 80.925 80.995 81.065 81.134 81.203 81.273 81.343 81.414 81.485 81.558 81.631 81.705 81.781 81.858 81.937 82.016 82.097 82.179 82.262 82.345 82.429 82.512 82.596 82.678 82.759 82.839 82.916 82.990 83.062 83.129 83.192 83.250 83.302 83.348 83.387 83.419 83.443 83.458 83.464 83.460 83.447 83.422 83.387 83.341 83.284 83.216 83.137 83.048 82.949 82.842 82.726 82.603 82.473 82.338 82.200 82.059 81.917 81.775 81.631 81.486 81.339 81.188 81.031 80.860 80.668 80.473 80.354 80.255 80.158 80.045 79.859 79.482 68.475
27.245 30.544 32.325 33.627 34.728 35.759 36.791 37.888 39.077 40.361 41.928 44.219 48.676 63.063 69.452 72.041 73.342 74.134 74.677 75.078 75.387 75.633 75.833 75.997 76.134 76.248 76.343 76.422 76.488 76.543 76.582 76.591 76.574 76.543 76.512 76.490 76.481 76.484 76.498 76.521 76.554 76.593 76.639 76.690 76.746 76.805 76.869 76.935 77.005 77.076 77.150 77.225 77.302 77.380 77.458 77.537 77.617 77.697 77.777 77.856 77.935 78.014 78.091 78.168 78.244 78.319 78.392 78.464 78.536 78.606 78.675 78.743 78.811 78.878 78.945 79.012 79.079 79.147 79.215 79.284 79.353 79.424 79.495 79.568 79.641 79.715 79.790 79.865 79.941 80.017 80.093 80.169 80.246 80.323 80.400 80.477 80.555 80.633 80.711 80.789 80.868 80.947 81.026 81.106 81.186 81.266 81.345 81.425 81.504 81.582 81.659 81.734 81.808 81.880 81.949 82.015 82.077 82.136 82.190 82.239 82.282 82.320 82.352 82.377 82.395 82.406 82.411 82.409 82.400 82.384 82.363 82.335 82.303 82.265 82.223 82.176 82.125 82.070 82.011 81.949 81.883 81.812 81.738 81.659 81.578 81.495 81.412 81.329 81.239 81.134 80.987 80.767 80.624 80.581 80.590 80.675 80.873 81.217 57.798 3.684 0.000 0.000 0.000 0.000 0.000 0.000
25.291 27.518 28.583 29.378 30.103 30.829 31.591 32.434 33.424 34.647 36.209 38.343 41.701 49.658 65.019 70.213 72.513 73.782 74.553 75.050 75.385 75.617 75.778 75.891 75.969 76.021 76.055 76.075 76.086 76.092 76.097 76.103 76.112 76.125 76.144 76.169 76.200 76.237 76.281 76.330 76.385 76.445 76.508 76.575 76.646 76.719 76.795 76.873 76.953 77.034 77.117 77.201 77.286 77.372 77.458 77.545 77.633 77.720 77.808 77.897 77.985 78.073 78.161 78.248 78.335 78.420 78.503 78.584 78.663 78.740 78.815 78.889 78.961 79.031 79.100 79.167 79.233 79.297 79.360 79.421 79.480 79.538 79.595 79.650 79.704 79.758 79.810 79.862 79.913 79.964 80.016 80.067 80.120 80.173 80.227 80.282 80.338 80.397 80.456 80.518 80.581 80.645 80.711 80.779 80.847 80.917 80.987 81.058 81.128 81.198 81.268 81.336 81.403 81.468 81.530 81.590 81.646 81.699 81.748 81.794 81.836 81.873 81.906 81.935 81.959 81.979 81.993 82.002 82.006 82.003 81.994 81.978 81.953 81.921 81.880 81.832 81.780 81.724 81.665 81.605 81.544 81.480 81.398 81.253 81.017 80.874 80.886 81.054 81.485 82.314 83.555 77.209 24.995 0.139 0.000 0.000 0.000 0.000 0.000 0.000 0.000 0.000 0.000 0.000 0.000 0.000
22.842 24.159 24.817 25.401 25.998 26.633 27.313 28.044 28.831 29.679 30.594 31.611 32.755 34.080 35.729 37.990 41.904 53.180 67.153 71.225 73.115 74.150 74.770 75.153 75.396 75.555 75.661 75.733 75.781 75.814 75.837 75.855 75.869 75.882 75.896 75.911 75.928 75.948 75.972 75.999 76.031 76.068 76.107 76.151 76.199 76.250 76.304 76.362 76.422 76.484 76.548 76.613 76.678 76.745 76.812 76.878 76.945 77.011 77.077 77.143 77.208 77.272 77.335 77.398 77.461 77.523 77.584 77.645 77.706 77.766 77.826 77.885 77.944 78.003 78.061 78.120 78.178 78.235 78.294 78.352 78.411 78.470 78.530 78.591 78.653 78.716 78.780 78.846 78.912 78.979 79.046 79.115 79.184 79.253 79.323 79.393 79.462 79.531 79.599 79.666 79.732 79.796 79.859 79.920 79.980 80.037 80.092 80.145 80.196 80.244 80.290 80.334 80.376 80.415 80.451 80.485 80.516 80.543 80.568 80.588 80.605 80.618 80.624 80.624 80.616 80.604 80.591 80.579 80.573 80.576 80.593 80.615 80.589 80.465 80.234 80.056 80.021 80.026 80.085 80.266 80.726 81.797 84.072 82.755 73.192 24.180 0.162 0.000 0.000 0.000 0.000 0.000 0.000 0.000 0.000 0.000 0.000 0.000 0.000 0.000 0.000 0.000 0.000 0.000 0.000 0.000
20.505 21.107 21.475 21.879 22.339 22.858 23.436 24.069 24.753 25.488 26.276 27.112 27.993 28.927 29.914 30.975 32.129 33.427 34.964 36.931 39.962 46.484 63.338 69.496 72.061 73.416 74.232 74.750 75.076 75.283 75.419 75.511 75.576 75.624 75.661 75.692 75.720 75.748 75.776 75.807 75.843 75.883 75.923 75.968 76.017 76.069 76.125 76.185 76.248 76.315 76.384 76.456 76.530 76.606 76.685 76.764 76.845 76.926 77.009 77.091 77.173 77.255 77.336 77.416 77.494 77.569 77.643 77.714 77.782 77.848 77.910 77.969 78.025 78.077 78.125 78.170 78.212 78.250 78.285 78.318 78.348 78.376 78.403 78.428 78.453 78.478 78.503 78.529 78.555 78.583 78.612 78.642 78.675 78.709 78.744 78.782 78.820 78.861 78.902 78.945 78.989 79.033 79.078 79.123 79.169 79.214 79.259 79.302 79.341 79.375 79.404 79.430 79.454 79.477 79.501 79.524 79.549 79.576 79.611 79.658 79.727 79.819 79.873 79.804 79.579 79.329 79.330 79.426 79.632 80.153 81.609 85.819 85.929 80.127 71.975 37.291 1.276 0.000 0.000 0.000 0.000 0.000 0.000 0.000 0.000 0.000 0.000 0.000 0.000 0.000 0.000 0.000 0.000 0.000 0.000 0.000 0.000 0.000 0.000 0.000 0.000 0.000 0.000 0.000 0.000 0.000
19.316 19.282 19.284 19.394 19.604 19.904 20.283 20.730 21.240 21.807 22.424 23.090 23.798 24.541 25.318 26.123 26.961 27.832 28.740 29.700 30.723 31.834 33.089 34.573 36.476 39.319 45.109 62.073 68.679 71.407 72.847 73.724 74.300 74.700 74.976 75.159 75.280 75.363 75.422 75.468 75.509 75.548 75.579 75.611 75.644 75.678 75.714 75.752 75.792 75.833 75.876 75.921 75.966 76.013 76.061 76.109 76.158 76.207 76.256 76.305 76.354 76.402 76.451 76.498 76.546 76.593 76.639 76.686 76.731 76.777 76.822 76.867 76.913 76.958 77.003 77.049 77.096 77.143 77.191 77.239 77.288 77.338 77.390 77.442 77.496 77.550 77.606 77.661 77.716 77.770 77.824 77.878 77.932 77.986 78.040 78.092 78.144 78.194 78.242 78.289 78.334 78.377 78.419 78.462 78.507 78.559 78.625 78.700 78.744 78.719 78.618 78.509 78.510 78.535 78.561 78.589 78.623 78.679 78.800 79.131 80.154 83.711 86.097 80.935 73.422 52.220 6.293 0.002 0.000 0.000 0.000 0.000 0.000 0.000 0.000 0.000 0.000 0.000 0.000 0.000 0.000 0.000 0.000 0.000 0.000 0.000 0.000 0.000 0.000 0.000 0.000 0.000 0.000 0.000 0.000 0.000 0.000 0.000 0.000 0.000 0.000 0.000 0.000 0.000 0.000 0.000
21.525 20.393 19.548 18.974 18.627 18.469 18.463 18.576 18.784 19.069 19.420 19.831 20.297 20.811 21.370 21.966 22.590 23.236 23.895 24.563 25.245 25.942 26.656 27.388 28.148 28.947 29.803 30.741 31.796 33.030 34.559 36.628 39.862 46.716 63.996 69.616 71.804 72.956 73.668 74.147 74.490 74.748 74.936 75.084 75.205 75.309 75.403 75.489 75.558 75.610 75.652 75.688 75.721 75.753 75.784 75.817 75.850 75.884 75.919 75.955 75.992 76.030 76.068 76.108 76.148 76.189 76.230 76.272 76.315 76.358 76.402 76.446 76.490 76.535 76.580 76.625 76.671 76.716 76.762 76.808 76.854 76.900 76.948 77.000 77.063 77.132 77.190 77.225 77.230 77.209 77.185 77.207 77.244 77.281 77.318 77.356 77.394 77.433 77.472 77.513 77.556 77.603 77.660 77.747 77.927 78.416 80.007 85.842 86.651 79.631 71.408 51.051 6.643 0.003 0.000 0.000 0.000 0.000 0.000 0.000 0.000 0.000 0.000 0.000 0.000 0.000 0.000 0.000 0.000 0.000 0.000 0.000 0.000 0.000 0.000 0.000 0.000 0.000 0.000 0.000 0.000 0.000 0.000 0.000 0.000 0.000 0.000 0.000 0.000 0.000 0.000 0.000 0.000 0.000 0.000 0.000 0.000 0.000 0.000 0.000 0.000 0.000 0.000 0.000 0.000 0.000
29.790 28.026 26.177 24.374 22.730 21.319 20.176 19.305 18.695 18.322 18.157 18.163 18.304 18.547 18.862 19.231 19.634 20.063 20.510 20.967 21.431 21.895 22.347 22.787 23.216 23.634 24.047 24.456 24.866 25.281 25.699 26.133 26.583 27.047 27.544 28.086 28.673 29.311 30.018 30.816 31.738 32.826 34.130 35.756 37.892 40.947 46.066 58.802 72.114 74.448 75.255 75.595 75.766 75.867 75.934 75.982 76.021 76.053 76.081 76.106 76.130 76.153 76.175 76.197 76.219 76.241 76.264 76.287 76.310 76.334 76.359 76.383 76.409 76.434 76.460 76.487 76.514 76.541 76.568 76.597 76.631 76.684 76.816 77.327 80.077 88.306 86.806 80.438 72.395 64.250 51.454 13.714 0.070 0.000 0.000 0.000 0.000 0.000 0.000 0.000 0.000 0.000 0.000 0.000 0.000 0.000 0.000 0.000 0.000 0.000 0.000 0.000 0.000 0.000 0.000 0.000 0.000 0.000 0.000 0.000 0.000 0.000 0.000 0.000 0.000 0.000 0.000 0.000 0.000 0.000 0.000 0.000 0.000 0.000 0.000 0.000 0.000 0.000 0.000 0.000 0.000 0.000 0.000 0.000 0.000 0.000 0.000 0.000 0.000 0.000 0.000 0.000 0.000 0.000 0.000 0.000 0.000 0.000 0.000 0.000 0.000 0.000 0.000 0.000 0.000 0.000
0.000 0.000 0.055 0.152 0.204 0.152 0.029 0.000 0.000 0.000 0.000 0.000 0.000 0.000 0.000 0.000 0.000 0.000 0.000 0.000 0.000 0.000 0.000 0.000 0.000 0.000 0.000 0.000 0.000 0.000 0.000 0.000 0.000 0.000 0.000 0.000 0.000 0.000 0.000 0.000 0.000 0.000 0.000 0.000 0.000 0.000 0.000 0.000 0.000 0.000 0.000 0.000 0.000 0.000 0.000 0.000 0.000 0.000 0.000 0.000 0.000 0.000 0.000 0.000 0.000 0.000 0.000 0.000 0.000 0.000 0.000 0.000 0.000 0.000 0.000 0.000 0.000 0.000 0.000 0.000 0.000 0.000 0.000 0.000 0.000 0.000 0.000 0.000 0.000 0.000 0.000 0.000 0.000 0.000 0.000 0.000 0.000 0.000 0.000 0.000 0.000 0.000 0.000 0.000 0.000 0.000 0.000 0.000 0.000 0.000 0.000 0.000 0.000 0.000 0.000 0.000 0.000 0.000 0.000 0.000 0.000 0.000 0.000 0.000 0.000 0.000 0.000 0.000 0.000 0.000 0.000 0.000 0.000 0.000 0.000 0.000 0.000 0.000 0.000 0.000 0.000 0.000 0.000 0.000 0.000 0.000 0.000 0.000 0.000 0.000 0.000 0.000 0.000 0.000 0.000 0.000 0.000 0.000 0.000 0.000 0.000 0.000 0.000 0.000 0.000 0.000
