Examples/2023_ISeeSnow/data/CoulombOnly/Results/curv77s/s/1HS_03_curv77s_MoT-Voellmy_s_0027.asc
ncols        130
nrows        21
xllcorner    1562.5
yllcorner    -4302.5
cellsize     5.00
NODATA_value -9999
19.227 20.737 21.410 21.833 22.148 22.418 22.673 22.933 23.222 23.538 23.900 24.306 24.761 25.283 25.875 26.549 27.303 28.126 29.047 30.041 31.100 32.207 33.317 34.384 35.340 36.124 36.689 37.026 37.152 37.116 36.951 36.742 36.671 36.857 37.122 37.027 36.431 36.818 40.581 42.737 36.821 25.640 16.450 9.840 2.228 0.018 0.000 0.000 0.000 0.000 0.000 0.000 0.000 0.000 0.000 0.000 0.000 0.000 0.000 0.000 0.000 0.000 0.000 0.000 0.000 0.000 0.000 0.000 0.000 0.000 0.000 0.000 0.000 0.000 0.000 0.000 0.000 0.000 0.000 0.000 0.000 0.000 0.000 0.000 0.000 0.000 0.000 0.000 0.000 0.000 0.000 0.000 0.000 0.000 0.000 0.000 0.000 0.000 0.000 0.000 0.000 0.000 0.000 0.000 0.000 0.000 0.000 0.000 0.000 0.000 0.000 0.000 0.000 0.000 0.000 0.000 0.000 0.000 0.000 0.000 0.000 0.000 0.000 0.000 0.000 0.000 0.000 0.000 0.000 0.000
20.759 23.068 24.270 25.092 25.727 26.269 26.787 27.324 27.920 28.622 29.497 30.635 32.193 34.508 38.233 46.163 51.001 52.150 52.961 53.631 54.191 54.651 55.018 55.301 55.504 55.633 55.696 55.698 55.645 55.542 55.390 55.193 54.965 54.727 54.485 54.208 53.856 53.505 52.601 51.087 49.603 47.737 45.837 46.550 50.070 47.820 36.779 24.191 15.442 6.702 0.359 0.000 0.000 0.000 0.000 0.000 0.000 0.000 0.000 0.000 0.000 0.000 0.000 0.000 0.000 0.000 0.000 0.000 0.000 0.000 0.000 0.000 0.000 0.000 0.000 0.000 0.000 0.000 0.000 0.000 0.000 0.000 0.000 0.000 0.000 0.000 0.000 0.000 0.000 0.000 0.000 0.000 0.000 0.000 0.000 0.000 0.000 0.000 0.000 0.000 0.000 0.000 0.000 0.000 0.000 0.000 0.000 0.000 0.000 0.000 0.000 0.000 0.000 0.000 0.000 0.000 0.000 0.000 0.000 0.000 0.000 0.000 0.000 0.000 0.000 0.000 0.000 0.000 0.000 0.000
21.525 24.300 25.915 27.125 28.134 29.089 30.091 31.291 32.975 35.844 42.580 50.712 52.901 54.319 55.418 56.235 56.739 57.093 57.368 57.589 57.767 57.908 58.018 58.103 58.167 58.213 58.243 58.260 58.264 58.257 58.238 58.207 58.164 58.111 58.048 57.975 57.887 57.787 57.696 57.526 57.310 57.022 56.655 56.401 56.407 56.308 55.024 53.005 52.036 54.780 56.513 49.504 35.433 23.115 14.287 3.647 0.036 0.000 0.000 0.000 0.000 0.000 0.000 0.000 0.000 0.000 0.000 0.000 0.000 0.000 0.000 0.000 0.000 0.000 0.000 0.000 0.000 0.000 0.000 0.000 0.000 0.000 0.000 0.000 0.000 0.000 0.000 0.000 0.000 0.000 0.000 0.000 0.000 0.000 0.000 0.000 0.000 0.000 0.000 0.000 0.000 0.000 0.000 0.000 0.000 0.000 0.000 0.000 0.000 0.000 0.000 0.000 0.000 0.000 0.000 0.000 0.000 0.000 0.000 0.000 0.000 0.000 0.000 0.000 0.000 0.000 0.000 0.000 0.000 0.000
22.016 25.104 27.058 28.673 30.219 32.001 34.657 40.753 50.509 53.623 55.361 56.378 57.018 57.460 57.778 58.008 58.177 58.304 58.403 58.481 58.541 58.589 58.627 58.657 58.681 58.700 58.715 58.728 58.738 58.745 58.751 58.755 58.757 58.756 58.754 58.749 58.742 58.732 58.720 58.705 58.685 58.655 58.612 58.563 58.525 58.492 58.410 58.222 58.006 57.987 58.082 57.825 56.694 54.627 55.398 59.443 60.898 53.581 39.210 26.282 16.986 5.304 0.089 0.000 0.000 0.000 0.000 0.004 0.320 1.533 5.479 11.038 16.094 20.098 22.930 24.459 24.512 22.911 19.658 15.177 10.332 5.986 2.657 0.639 0.058 0.000 0.000 0.000 0.000 0.000 0.000 0.000 0.000 0.000 0.000 0.000 0.000 0.000 0.000 0.000 0.000 0.000 0.000 0.000 0.000 0.000 0.000 0.000 0.000 0.000 0.000 0.000 0.000 0.000 0.000 0.000 0.000 0.000 0.000 0.000 0.000 0.000 0.000 0.000 0.000 0.000 0.000 0.000 0.000 0.000
22.475 25.861 28.223 30.516 33.439 39.483 50.643 54.274 55.965 56.898 57.469 57.839 58.089 58.263 58.386 58.473 58.535 58.580 58.612 58.635 58.651 58.662 58.671 58.677 58.683 58.688 58.693 58.698 58.704 58.710 58.717 58.724 58.732 58.741 58.750 58.759 58.768 58.778 58.787 58.796 58.805 58.813 58.819 58.823 58.826 58.829 58.829 58.820 58.802 58.788 58.784 58.771 58.703 58.545 58.446 58.538 58.694 58.569 57.793 56.278 54.535 56.082 61.700 64.635 60.074 47.701 41.830 50.598 54.342 55.926 56.769 57.298 57.664 57.929 58.128 58.283 58.411 58.521 58.621 58.715 58.806 58.896 58.984 59.072 59.155 59.232 59.298 59.349 59.380 59.386 59.366 59.319 59.250 59.166 59.234 25.374 0.186 0.000 0.000 0.000 0.000 0.000 0.000 0.000 0.000 0.000 0.000 0.000 0.000 0.000 0.000 0.000 0.000 0.000 0.000 0.000 0.000 0.000 0.000 0.000 0.000 0.000 0.000 0.000 0.000 0.000 0.000 0.000 0.000 0.000
23.039 26.851 29.978 34.069 45.542 52.906 55.502 56.745 57.433 57.849 58.114 58.286 58.400 58.474 58.522 58.550 58.566 58.573 58.573 58.570 58.565 58.558 58.552 58.546 58.541 58.537 58.534 58.533 58.534 58.536 58.539 58.543 58.549 58.555 58.562 58.569 58.576 58.584 58.591 58.598 58.604 58.609 58.614 58.616 58.618 58.617 58.615 58.610 58.603 58.592 58.580 58.565 58.545 58.518 58.486 58.455 58.426 58.389 58.326 58.193 58.030 57.942 57.927 57.940 57.949 57.946 57.953 57.979 58.014 58.058 58.108 58.164 58.228 58.298 58.374 58.456 58.543 58.635 58.731 58.830 58.931 59.033 59.136 59.238 59.339 59.437 59.531 59.622 59.708 59.789 59.866 59.937 60.003 60.063 60.115 60.164 60.206 60.239 60.261 60.272 60.274 60.287 60.333 60.496 40.499 1.442 0.000 0.000 0.000 0.000 0.000 0.000 0.000 0.000 0.000 0.000 0.000 0.000 0.000 0.000 0.000 0.000 0.000 0.000 0.000 0.000 0.000 0.000 0.000 0.000
23.769 28.273 33.016 45.358 53.194 55.754 56.942 57.581 57.957 58.188 58.332 58.421 58.473 58.500 58.510 58.508 58.499 58.485 58.468 58.450 58.432 58.415 58.399 58.386 58.374 58.364 58.356 58.351 58.347 58.346 58.345 58.346 58.348 58.351 58.354 58.357 58.360 58.363 58.365 58.366 58.365 58.363 58.358 58.352 58.343 58.331 58.317 58.299 58.278 58.254 58.227 58.197 58.165 58.129 58.090 58.051 58.014 57.983 57.963 57.956 57.964 57.984 58.014 58.053 58.098 58.149 58.203 58.259 58.318 58.379 58.444 58.512 58.586 58.665 58.749 58.839 58.934 59.034 59.136 59.242 59.348 59.454 59.559 59.662 59.762 59.858 59.950 60.038 60.123 60.203 60.280 60.353 60.423 60.490 60.552 60.608 60.659 60.702 60.737 60.764 60.780 60.786 60.782 60.765 60.740 60.716 60.686 60.663 60.660 60.750 61.095 17.148 0.029 0.000 0.000 0.000 0.000 0.000 0.000 0.000 0.000 0.000 0.000 0.000 0.000 0.000 0.000 0.000 0.000 0.000
24.666 30.265 39.025 51.949 55.391 56.803 57.527 57.937 58.180 58.326 58.411 58.456 58.474 58.474 58.462 58.442 58.417 58.390 58.361 58.334 58.307 58.283 58.262 58.243 58.227 58.215 58.206 58.199 58.196 58.194 58.196 58.199 58.203 58.209 58.216 58.223 58.231 58.238 58.245 58.252 58.257 58.262 58.265 58.268 58.269 58.268 58.267 58.265 58.263 58.262 58.261 58.262 58.266 58.276 58.296 58.325 58.363 58.409 58.459 58.510 58.558 58.604 58.650 58.696 58.745 58.797 58.854 58.918 58.988 59.064 59.146 59.232 59.321 59.413 59.506 59.599 59.692 59.783 59.871 59.957 60.039 60.118 60.193 60.265 60.334 60.402 60.467 60.532 60.596 60.661 60.726 60.791 60.858 60.925 60.989 61.051 61.108 61.157 61.198 61.228 61.248 61.256 61.252 61.237 61.211 61.175 61.131 61.079 61.020 60.956 60.884 60.832 60.804 60.812 60.861 61.076 26.996 0.209 0.000 0.000 0.000 0.000 0.000 0.000 0.000 0.000 0.000 0.000 0.000 0.000
25.715 32.968 48.610 54.235 56.332 57.303 57.824 58.123 58.298 58.397 58.448 58.466 58.462 58.444 58.416 58.383 58.346 58.309 58.273 58.238 58.207 58.180 58.157 58.138 58.124 58.115 58.110 58.110 58.113 58.120 58.130 58.144 58.159 58.176 58.196 58.216 58.237 58.259 58.282 58.305 58.329 58.353 58.377 58.403 58.429 58.457 58.486 58.518 58.552 58.589 58.630 58.674 58.721 58.771 58.820 58.868 58.915 58.960 59.006 59.054 59.107 59.163 59.224 59.288 59.354 59.421 59.486 59.548 59.608 59.665 59.722 59.778 59.837 59.899 59.966 60.038 60.115 60.197 60.284 60.377 60.474 60.575 60.680 60.789 60.901 61.016 61.131 61.246 61.358 61.465 61.565 61.658 61.741 61.813 61.874 61.925 61.966 61.997 62.019 62.032 62.037 62.033 62.019 61.996 61.961 61.915 61.857 61.788 61.707 61.616 61.518 61.413 61.304 61.192 61.078 60.963 60.862 60.787 60.739 60.751 60.853 48.940 3.567 0.000 0.000 0.000 0.000 0.000 0.000 0.000
27.194 37.855 52.035 55.533 56.931 57.637 58.027 58.251 58.376 58.440 58.464 58.460 58.439 58.406 58.367 58.325 58.281 58.240 58.202 58.168 58.139 58.116 58.099 58.088 58.083 58.083 58.088 58.098 58.113 58.131 58.152 58.177 58.204 58.234 58.265 58.299 58.334 58.371 58.409 58.448 58.489 58.531 58.574 58.619 58.664 58.710 58.756 58.803 58.849 58.896 58.941 58.986 59.030 59.073 59.114 59.156 59.197 59.239 59.281 59.323 59.364 59.405 59.446 59.489 59.536 59.588 59.649 59.720 59.802 59.893 59.994 60.102 60.215 60.330 60.448 60.564 60.680 60.794 60.905 61.013 61.119 61.221 61.320 61.414 61.504 61.589 61.669 61.743 61.813 61.878 61.940 62.000 62.058 62.114 62.168 62.219 62.265 62.305 62.336 62.356 62.363 62.356 62.334 62.294 62.238 62.166 62.077 61.973 61.855 61.725 61.587 61.445 61.301 61.159 61.021 60.887 60.759 60.636 60.519 60.405 60.293 60.193 60.204 58.165 11.154 0.008 0.000 0.000 0.000 0.000
39.485 53.159 55.744 56.942 57.587 57.963 58.189 58.322 58.394 58.426 58.430 58.415 58.388 58.354 58.316 58.278 58.241 58.206 58.176 58.151 58.131 58.117 58.109 58.106 58.109 58.117 58.130 58.148 58.170 58.197 58.228 58.263 58.300 58.341 58.384 58.430 58.477 58.525 58.575 58.625 58.674 58.724 58.773 58.821 58.867 58.912 58.956 58.998 59.039 59.078 59.117 59.156 59.195 59.235 59.275 59.318 59.361 59.407 59.456 59.507 59.563 59.622 59.686 59.752 59.821 59.891 59.959 60.025 60.087 60.145 60.199 60.251 60.303 60.355 60.410 60.470 60.535 60.607 60.687 60.775 60.871 60.975 61.086 61.205 61.330 61.460 61.593 61.727 61.860 61.990 62.114 62.231 62.337 62.433 62.516 62.585 62.641 62.682 62.711 62.727 62.731 62.725 62.708 62.683 62.648 62.604 62.550 62.486 62.412 62.327 62.230 62.121 62.000 61.868 61.724 61.571 61.409 61.239 61.063 60.881 60.694 60.505 60.313 60.118 59.939 59.756 59.614 59.328 59.856 27.100
27.192 37.843 52.031 55.532 56.930 57.637 58.027 58.251 58.376 58.440 58.464 58.461 58.439 58.407 58.367 58.325 58.282 58.240 58.202 58.168 58.140 58.117 58.099 58.088 58.083 58.083 58.088 58.098 58.113 58.131 58.153 58.177 58.205 58.234 58.266 58.299 58.334 58.371 58.409 58.449 58.489 58.531 58.575 58.619 58.664 58.710 58.756 58.803 58.849 58.896 58.941 58.986 59.030 59.073 59.114 59.156 59.197 59.239 59.281 59.323 59.364 59.405 59.446 59.489 59.536 59.588 59.650 59.720 59.802 59.894 59.994 60.102 60.215 60.331 60.448 60.564 60.680 60.794 60.905 61.013 61.119 61.221 61.320 61.414 61.504 61.589 61.669 61.743 61.813 61.878 61.940 62.000 62.058 62.114 62.168 62.219 62.265 62.305 62.336 62.356 62.363 62.356 62.333 62.294 62.238 62.166 62.077 61.973 61.855 61.725 61.587 61.445 61.301 61.159 61.021 60.887 60.759 60.636 60.518 60.405 60.293 60.192 60.202 58.270 11.280 0.010 0.001 0.000 0.000 0.000
25.714 32.964 48.605 54.233 56.331 57.303 57.824 58.123 58.298 58.397 58.448 58.466 58.462 58.444 58.416 58.383 58.347 58.309 58.273 58.239 58.208 58.180 58.157 58.138 58.125 58.115 58.111 58.110 58.114 58.121 58.131 58.144 58.159 58.177 58.196 58.216 58.237 58.259 58.282 58.305 58.329 58.353 58.377 58.403 58.429 58.457 58.486 58.518 58.552 58.589 58.630 58.674 58.721 58.771 58.820 58.868 58.915 58.960 59.006 59.055 59.107 59.163 59.224 59.288 59.355 59.421 59.485 59.548 59.608 59.665 59.722 59.778 59.837 59.899 59.966 60.038 60.115 60.197 60.284 60.377 60.473 60.575 60.680 60.789 60.901 61.015 61.131 61.245 61.357 61.464 61.565 61.657 61.740 61.812 61.874 61.925 61.965 61.996 62.018 62.032 62.036 62.032 62.019 61.995 61.961 61.915 61.857 61.787 61.706 61.616 61.517 61.413 61.304 61.192 61.078 60.963 60.862 60.787 60.738 60.751 60.852 48.975 3.580 0.000 0.000 0.000 0.000 0.000 0.000 0.000
24.664 30.262 39.015 51.946 55.390 56.802 57.527 57.937 58.180 58.326 58.411 58.456 58.474 58.474 58.462 58.442 58.417 58.390 58.362 58.334 58.308 58.283 58.262 58.243 58.228 58.215 58.206 58.200 58.196 58.195 58.196 58.199 58.203 58.209 58.216 58.223 58.231 58.238 58.245 58.252 58.257 58.262 58.265 58.267 58.268 58.268 58.267 58.265 58.263 58.261 58.261 58.262 58.266 58.276 58.295 58.324 58.362 58.408 58.458 58.509 58.557 58.604 58.649 58.696 58.744 58.796 58.854 58.917 58.987 59.064 59.145 59.231 59.321 59.413 59.506 59.599 59.691 59.782 59.871 59.956 60.039 60.117 60.192 60.265 60.334 60.401 60.467 60.532 60.596 60.660 60.725 60.791 60.858 60.924 60.989 61.050 61.107 61.156 61.197 61.228 61.247 61.255 61.252 61.236 61.211 61.175 61.131 61.079 61.020 60.955 60.884 60.831 60.804 60.811 60.859 61.079 27.075 0.212 0.000 0.000 0.000 0.000 0.000 0.000 0.000 0.000 0.000 0.000 0.000 0.000
23.768 28.271 33.013 45.343 53.192 55.753 56.941 57.581 57.957 58.188 58.332 58.421 58.473 58.500 58.510 58.508 58.499 58.485 58.468 58.450 58.432 58.415 58.399 58.386 58.374 58.364 58.356 58.351 58.347 58.346 58.345 58.346 58.348 58.351 58.354 58.357 58.360 58.363 58.365 58.365 58.365 58.362 58.358 58.351 58.342 58.331 58.316 58.298 58.278 58.254 58.227 58.197 58.164 58.128 58.089 58.050 58.013 57.982 57.962 57.955 57.963 57.982 58.013 58.052 58.097 58.148 58.202 58.258 58.317 58.378 58.442 58.511 58.585 58.664 58.748 58.838 58.933 59.032 59.135 59.240 59.347 59.453 59.558 59.661 59.761 59.857 59.949 60.038 60.122 60.202 60.279 60.352 60.423 60.489 60.551 60.608 60.658 60.702 60.737 60.763 60.779 60.786 60.781 60.765 60.740 60.715 60.686 60.662 60.659 60.750 61.093 17.240 0.030 0.000 0.000 0.000 0.000 0.000 0.000 0.000 0.000 0.000 0.000 0.000 0.000 0.000 0.000 0.000 0.000 0.000
23.039 26.850 29.977 34.067 45.533 52.905 55.502 56.745 57.433 57.849 58.114 58.286 58.400 58.474 58.522 58.550 58.566 58.573 58.573 58.570 58.565 58.558 58.552 58.545 58.540 58.536 58.534 58.533 58.533 58.535 58.538 58.543 58.548 58.554 58.561 58.568 58.576 58.583 58.590 58.597 58.603 58.608 58.613 58.616 58.617 58.617 58.614 58.609 58.602 58.591 58.579 58.564 58.544 58.517 58.485 58.454 58.424 58.388 58.325 58.192 58.029 57.940 57.926 57.938 57.947 57.944 57.952 57.977 58.013 58.056 58.106 58.163 58.226 58.296 58.372 58.454 58.542 58.634 58.730 58.828 58.930 59.032 59.135 59.237 59.338 59.436 59.530 59.621 59.707 59.788 59.865 59.936 60.002 60.062 60.114 60.163 60.206 60.238 60.260 60.271 60.273 60.287 60.331 60.499 40.634 1.464 0.000 0.000 0.000 0.000 0.000 0.000 0.000 0.000 0.000 0.000 0.000 0.000 0.000 0.000 0.000 0.000 0.000 0.000 0.000 0.000 0.000 0.000 0.000 0.000
22.475 25.861 28.223 30.516 33.439 39.482 50.643 54.274 55.965 56.898 57.469 57.839 58.089 58.263 58.386 58.473 58.535 58.580 58.612 58.634 58.650 58.662 58.671 58.677 58.683 58.687 58.692 58.698 58.703 58.709 58.716 58.724 58.732 58.740 58.749 58.758 58.767 58.777 58.786 58.795 58.804 58.812 58.818 58.822 58.825 58.828 58.828 58.819 58.801 58.787 58.783 58.770 58.702 58.545 58.444 58.534 58.691 58.570 57.802 56.294 54.546 55.972 61.600 64.619 60.158 47.825 41.884 50.613 54.345 55.926 56.766 57.295 57.661 57.926 58.125 58.281 58.409 58.520 58.620 58.714 58.805 58.894 58.983 59.070 59.154 59.231 59.297 59.348 59.379 59.386 59.366 59.319 59.249 59.163 59.248 25.586 0.194 0.000 0.000 0.000 0.000 0.000 0.000 0.000 0.000 0.000 0.000 0.000 0.000 0.000 0.000 0.000 0.000 0.000 0.000 0.000 0.000 0.000 0.000 0.000 0.000 0.000 0.000 0.000 0.000 0.000 0.000 0.000 0.000 0.000
22.016 25.104 27.059 28.673 30.220 32.002 34.659 40.760 50.513 53.626 55.363 56.379 57.019 57.460 57.779 58.008 58.177 58.305 58.404 58.481 58.541 58.589 58.627 58.656 58.680 58.699 58.715 58.727 58.737 58.745 58.751 58.755 58.756 58.756 58.753 58.749 58.741 58.731 58.720 58.705 58.685 58.656 58.612 58.563 58.525 58.492 58.413 58.225 58.007 57.985 58.081 57.831 56.711 54.646 55.374 59.408 60.920 53.691 39.348 26.385 17.078 5.409 0.095 0.000 0.000 0.000 0.000 0.004 0.317 1.525 5.461 11.030 16.098 20.112 22.952 24.490 24.550 22.954 19.701 15.216 10.363 6.007 2.670 0.645 0.059 0.000 0.000 0.000 0.000 0.000 0.000 0.000 0.000 0.000 0.000 0.000 0.000 0.000 0.000 0.000 0.000 0.000 0.000 0.000 0.000 0.000 0.000 0.000 0.000 0.000 0.000 0.000 0.000 0.000 0.000 0.000 0.000 0.000 0.000 0.000 0.000 0.000 0.000 0.000 0.000 0.000 0.000 0.000 0.000 0.000
21.525 24.301 25.916 27.126 28.136 29.090 30.093 31.293 32.979 35.852 42.601 50.722 52.905 54.324 55.422 56.238 56.741 57.095 57.370 57.591 57.768 57.909 58.019 58.105 58.168 58.214 58.244 58.261 58.265 58.258 58.239 58.209 58.166 58.112 58.050 57.977 57.889 57.789 57.698 57.529 57.314 57.029 56.662 56.405 56.409 56.314 55.086 53.068 52.047 54.740 56.536 49.632 35.587 23.221 14.383 3.738 0.039 0.000 0.000 0.000 0.000 0.000 0.000 0.000 0.000 0.000 0.000 0.000 0.000 0.000 0.000 0.000 0.000 0.000 0.000 0.000 0.000 0.000 0.000 0.000 0.000 0.000 0.000 0.000 0.000 0.000 0.000 0.000 0.000 0.000 0.000 0.000 0.000 0.000 0.000 0.000 0.000 0.000 0.000 0.000 0.000 0.000 0.000 0.000 0.000 0.000 0.000 0.000 0.000 0.000 0.000 0.000 0.000 0.000 0.000 0.000 0.000 0.000 0.000 0.000 0.000 0.000 0.000 0.000 0.000 0.000 0.000 0.000 0.000 0.000
20.760 23.069 24.271 25.094 25.729 26.271 26.789 27.326 27.922 28.625 29.501 30.641 32.201 34.521 38.263 46.240 51.012 52.158 52.969 53.639 54.199 54.659 55.027 55.309 55.512 55.642 55.704 55.706 55.654 55.551 55.399 55.202 54.974 54.737 54.494 54.218 53.866 53.514 52.740 51.100 49.626 47.765 45.857 46.525 50.057 47.910 36.937 24.316 15.528 6.812 0.378 0.000 0.000 0.000 0.000 0.000 0.000 0.000 0.000 0.000 0.000 0.000 0.000 0.000 0.000 0.000 0.000 0.000 0.000 0.000 0.000 0.000 0.000 0.000 0.000 0.000 0.000 0.000 0.000 0.000 0.000 0.000 0.000 0.000 0.000 0.000 0.000 0.000 0.000 0.000 0.000 0.000 0.000 0.000 0.000 0.000 0.000 0.000 0.000 0.000 0.000 0.000 0.000 0.000 0.000 0.000 0.000 0.000 0.000 0.000 0.000 0.000 0.000 0.000 0.000 0.000 0.000 0.000 0.000 0.000 0.000 0.000 0.000 0.000 0.000 0.000 0.000 0.000 0.000 0.000
19.227 20.738 21.412 21.835 22.150 22.419 22.674 22.934 23.223 23.540 23.903 24.308 24.763 25.287 25.881 26.554 27.310 28.136 29.059 30.054 31.116 32.227 33.341 34.412 35.372 36.159 36.725 37.061 37.187 37.148 36.980 36.768 36.690 36.870 37.134 37.045 36.450 36.804 40.534 42.759 36.947 25.779 16.542 9.926 2.297 0.019 0.000 0.000 0.000 0.000 0.000 0.000 0.000 0.000 0.000 0.000 0.000 0.000 0.000 0.000 0.000 0.000 0.000 0.000 0.000 0.000 0.000 0.000 0.000 0.000 0.000 0.000 0.000 0.000 0.000 0.000 0.000 0.000 0.000 0.000 0.000 0.000 0.000 0.000 0.000 0.000 0.000 0.000 0.000 0.000 0.000 0.000 0.000 0.000 0.000 0.000 0.000 0.000 0.000 0.000 0.000 0.000 0.000 0.000 0.000 0.000 0.000 0.000 0.000 0.000 0.000 0.000 0.000 0.000 0.000 0.000 0.000 0.000 0.000 0.000 0.000 0.000 0.000 0.000 0.000 0.000 0.000 0.000 0.000 0.000
