Examples/2023_ISeeSnow/data/CoulombOnly/Results/curv77s/s/1HS_03_curv77s_MoT-Voellmy_s_0045.asc
ncols        192
nrows        23
xllcorner    2567.5
yllcorner    -4307.5
cellsize     5.00
NODATA_value -9999
[rows 0 to 22 of 23, columns 72 to 143 of 192]
0.000 0.000 0.001 0.005 0.014 0.033 0.068 0.126 0.216 0.349 0.538 0.796 1.138 1.577 2.127 2.800 3.606 4.554 5.649 6.892 8.283 9.810 11.389 12.963 14.519 16.035 17.488 18.854 20.115 21.255 22.258 23.109 23.796 24.309 24.640 24.785 24.742 24.511 24.115 23.649 23.137 22.586 21.996 21.369 20.706 20.006 19.271 18.500 17.692 16.845 15.957 15.026 14.054 13.045 12.005 10.939 9.853 8.757 7.660 6.569 5.496 4.451 3.445 2.486 1.589 0.805 0.348 0.160 0.077 0.037 0.017 0.007
5.014 6.926 9.284 12.105 15.386 19.111 23.253 27.729 32.405 37.181 41.986 46.763 51.470 56.071 60.546 64.881 69.072 73.120 77.032 80.819 84.491 87.082 89.042 90.290 91.300 92.216 93.010 93.675 94.237 94.720 95.139 95.505 95.826 96.110 96.362 96.587 96.788 96.969 97.058 96.707 96.280 95.846 95.405 94.959 94.513 94.070 93.633 93.203 92.776 92.347 91.907 91.451 90.975 90.480 89.967 89.436 88.891 88.332 87.763 87.183 86.596 85.981 85.379 84.756 83.997 76.743 53.929 39.269 30.560 24.136 19.014 14.820
56.050 58.880 61.464 63.855 66.098 68.353 71.487 77.206 81.645 84.944 87.391 89.248 90.691 91.827 92.732 93.463 94.062 94.562 94.984 95.346 95.661 95.937 96.183 96.403 96.603 96.786 96.954 97.110 97.255 97.392 97.521 97.644 97.760 97.872 97.979 98.081 98.180 98.273 98.282 97.856 97.367 96.878 96.389 95.900 95.410 94.920 94.429 93.937 93.444 92.950 92.455 91.960 91.464 90.968 90.472 89.976 89.481 88.987 88.494 88.001 87.509 87.016 86.523 86.028 85.532 85.034 84.534 84.033 83.530 83.028 82.527 82.028
85.799 88.238 90.025 91.362 92.382 93.172 93.796 94.296 94.705 95.044 95.330 95.576 95.790 95.980 96.151 96.307 96.451 96.586 96.712 96.833 96.948 97.060 97.168 97.274 97.377 97.478 97.578 97.676 97.773 97.868 97.962 98.056 98.148 98.239 98.329 98.418 98.505 98.588 98.577 98.130 97.633 97.139 96.646 96.153 95.660 95.166 94.672 94.177 93.681 93.184 92.686 92.187 91.688 91.187 90.685 90.183 89.680 89.177 88.673 88.168 87.664 87.160 86.655 86.151 85.647 85.144 84.642 84.141 83.642 83.144 82.647 82.153
94.775 95.032 95.249 95.435 95.597 95.741 95.871 95.991 96.102 96.207 96.308 96.406 96.501 96.594 96.686 96.778 96.869 96.960 97.051 97.141 97.232 97.323 97.414 97.506 97.597 97.689 97.781 97.873 97.965 98.057 98.149 98.241 98.332 98.423 98.514 98.605 98.694 98.777 98.748 98.284 97.787 97.297 96.806 96.315 95.823 95.331 94.837 94.343 93.847 93.350 92.852 92.353 91.852 91.351 90.848 90.344 89.839 89.333 88.826 88.318 87.809 87.298 86.787 86.275 85.762 85.248 84.733 84.218 83.702 83.186 82.670 82.154
95.614 95.714 95.809 95.901 95.991 96.079 96.165 96.250 96.336 96.421 96.506 96.593 96.679 96.767 96.855 96.945 97.034 97.125 97.217 97.309 97.401 97.495 97.588 97.682 97.777 97.872 97.967 98.062 98.158 98.253 98.349 98.444 98.539 98.634 98.728 98.822 98.916 98.999 98.954 98.472 97.974 97.484 96.993 96.502 96.010 95.517 95.024 94.530 94.035 93.539 93.041 92.543 92.044 91.543 91.041 90.537 90.032 89.525 89.016 88.506 87.993 87.479 86.962 86.444 85.923 85.401 84.876 84.350 83.821 83.290 82.758 82.224
95.762 95.850 95.938 96.028 96.118 96.208 96.300 96.392 96.486 96.580 96.674 96.770 96.866 96.963 97.061 97.159 97.257 97.356 97.456 97.556 97.655 97.756 97.856 97.956 98.057 98.157 98.257 98.357 98.457 98.556 98.655 98.753 98.851 98.948 99.045 99.141 99.236 99.319 99.260 98.762 98.259 97.766 97.274 96.781 96.288 95.795 95.301 94.807 94.312 93.816 93.318 92.820 92.320 91.819 91.316 90.811 90.304 89.794 89.282 88.768 88.252 87.733 87.211 86.688 86.161 85.633 85.101 84.568 84.031 83.492 82.949 82.403
96.025 96.121 96.218 96.316 96.415 96.514 96.614 96.715 96.816 96.917 97.019 97.120 97.222 97.325 97.427 97.529 97.631 97.734 97.836 97.938 98.040 98.142 98.243 98.344 98.445 98.546 98.646 98.745 98.844 98.943 99.041 99.138 99.235 99.331 99.426 99.521 99.614 99.689 99.590 99.058 98.558 98.073 97.588 97.101 96.613 96.124 95.634 95.142 94.649 94.155 93.659 93.162 92.663 92.162 91.660 91.155 90.649 90.141 89.631 89.120 88.606 88.089 87.571 87.050 86.527 86.001 85.471 84.939 84.402 83.861 83.316 82.765
96.632 96.734 96.836 96.939 97.043 97.146 97.251 97.356 97.461 97.566 97.671 97.776 97.882 97.987 98.091 98.196 98.300 98.403 98.506 98.608 98.710 98.810 98.910 99.009 99.107 99.204 99.300 99.395 99.489 99.582 99.674 99.766 99.856 99.946 100.034 100.122 100.209 100.281 100.189 99.648 99.121 98.612 98.106 97.602 97.100 96.600 96.102 95.604 95.107 94.610 94.112 93.613 93.113 92.610 92.104 91.596 91.085 90.570 90.051 89.527 88.999 88.466 87.929 87.386 86.838 86.285 85.728 85.166 84.600 84.032 83.461 82.888
97.153 97.246 97.339 97.433 97.528 97.623 97.719 97.815 97.912 98.010 98.107 98.205 98.303 98.401 98.500 98.598 98.696 98.793 98.890 98.987 99.084 99.179 99.275 99.369 99.463 99.556 99.649 99.740 99.832 99.922 100.011 100.100 100.188 100.275 100.361 100.446 100.530 100.591 100.448 99.872 99.359 98.866 98.371 97.874 97.375 96.872 96.366 95.857 95.344 94.826 94.303 93.775 93.242 92.703 92.159 91.608 91.050 90.485 89.914 89.336 88.751 88.159 87.561 86.958 86.350 85.738 85.123 84.508 83.894 83.281 82.673 82.071
97.334 97.428 97.522 97.616 97.711 97.805 97.899 97.993 98.087 98.180 98.274 98.367 98.460 98.552 98.644 98.737 98.828 98.920 99.011 99.102 99.192 99.282 99.372 99.462 99.551 99.639 99.727 99.815 99.902 99.988 100.074 100.159 100.244 100.328 100.411 100.494 100.577 100.651 100.609 100.142 99.651 99.166 98.678 98.188 97.695 97.199 96.698 96.192 95.681 95.166 94.646 94.121 93.592 93.058 92.519 91.976 91.429 90.879 90.326 89.772 89.216 88.659 88.103 87.547 86.993 86.442 85.893 85.348 84.807 84.271 83.739 83.212
98.076 98.164 98.253 98.343 98.432 98.523 98.613 98.704 98.796 98.887 98.979 99.071 99.163 99.255 99.347 99.438 99.530 99.622 99.713 99.803 99.894 99.984 100.073 100.162 100.251 100.338 100.426 100.512 100.598 100.682 100.766 100.850 100.932 101.014 101.094 101.174 101.253 101.299 101.086 100.429 99.886 99.373 98.860 98.347 97.833 97.319 96.803 96.286 95.768 95.248 94.727 94.203 93.678 93.150 92.621 92.089 91.554 91.017 90.477 89.935 89.390 88.842 88.291 87.738 87.182 86.623 86.061 85.496 84.929 84.358 83.785 83.209
97.334 97.428 97.522 97.616 97.711 97.805 97.899 97.993 98.087 98.180 98.274 98.367 98.460 98.552 98.645 98.737 98.828 98.920 99.011 99.102 99.192 99.283 99.372 99.462 99.551 99.639 99.727 99.815 99.902 99.988 100.074 100.159 100.244 100.328 100.411 100.494 100.577 100.651 100.609 100.142 99.651 99.166 98.678 98.188 97.695 97.198 96.697 96.191 95.680 95.165 94.645 94.120 93.591 93.057 92.518 91.975 91.428 90.878 90.326 89.771 89.215 88.659 88.103 87.547 86.993 86.442 85.893 85.348 84.807 84.271 83.739 83.212
97.153 97.246 97.339 97.433 97.528 97.623 97.719 97.815 97.912 98.010 98.107 98.205 98.303 98.402 98.500 98.598 98.696 98.793 98.890 98.987 99.084 99.179 99.275 99.369 99.463 99.556 99.649 99.741 99.832 99.922 100.011 100.100 100.188 100.275 100.361 100.446 100.530 100.591 100.448 99.872 99.359 98.866 98.371 97.874 97.375 96.872 96.366 95.857 95.344 94.825 94.303 93.775 93.241 92.703 92.158 91.607 91.049 90.485 89.913 89.335 88.750 88.158 87.561 86.957 86.349 85.738 85.123 84.508 83.894 83.281 82.673 82.071
96.632 96.734 96.836 96.939 97.042 97.146 97.251 97.355 97.460 97.566 97.671 97.776 97.882 97.987 98.091 98.196 98.300 98.403 98.506 98.608 98.709 98.810 98.910 99.009 99.106 99.203 99.299 99.395 99.489 99.582 99.674 99.765 99.856 99.945 100.034 100.122 100.209 100.281 100.189 99.647 99.121 98.612 98.105 97.602 97.100 96.600 96.102 95.605 95.107 94.610 94.113 93.614 93.113 92.610 92.105 91.596 91.085 90.570 90.051 89.527 88.999 88.466 87.928 87.385 86.838 86.285 85.727 85.166 84.600 84.032 83.461 82.888
96.024 96.120 96.217 96.315 96.414 96.513 96.613 96.714 96.815 96.916 97.018 97.120 97.222 97.324 97.426 97.529 97.631 97.733 97.835 97.937 98.039 98.141 98.243 98.344 98.445 98.545 98.645 98.745 98.844 98.943 99.041 99.138 99.235 99.331 99.426 99.520 99.614 99.689 99.590 99.058 98.558 98.073 97.587 97.100 96.612 96.123 95.633 95.142 94.649 94.155 93.659 93.162 92.663 92.162 91.660 91.155 90.649 90.141 89.632 89.120 88.606 88.090 87.571 87.051 86.527 86.001 85.472 84.939 84.402 83.861 83.316 82.765
95.762 95.849 95.938 96.027 96.117 96.208 96.299 96.392 96.485 96.579 96.674 96.769 96.866 96.963 97.060 97.158 97.257 97.356 97.455 97.555 97.655 97.755 97.855 97.956 98.056 98.157 98.257 98.357 98.456 98.556 98.655 98.753 98.851 98.948 99.045 99.140 99.235 99.318 99.260 98.762 98.258 97.766 97.273 96.781 96.288 95.795 95.301 94.806 94.311 93.815 93.318 92.820 92.320 91.819 91.316 90.811 90.303 89.794 89.282 88.768 88.252 87.733 87.211 86.688 86.161 85.633 85.101 84.568 84.031 83.492 82.949 82.403
95.613 95.713 95.808 95.901 95.990 96.078 96.164 96.250 96.335 96.420 96.506 96.592 96.679 96.766 96.855 96.944 97.034 97.125 97.216 97.308 97.401 97.494 97.588 97.682 97.777 97.872 97.967 98.062 98.157 98.253 98.348 98.444 98.539 98.634 98.728 98.822 98.915 98.999 98.954 98.472 97.974 97.483 96.993 96.502 96.010 95.517 95.024 94.530 94.034 93.538 93.041 92.543 92.043 91.543 91.040 90.537 90.032 89.525 89.016 88.505 87.993 87.478 86.962 86.444 85.923 85.401 84.876 84.349 83.821 83.290 82.758 82.224
94.772 95.030 95.247 95.433 95.596 95.740 95.870 95.990 96.101 96.207 96.307 96.405 96.500 96.594 96.686 96.778 96.869 96.959 97.050 97.141 97.232 97.323 97.414 97.505 97.597 97.689 97.781 97.872 97.965 98.057 98.148 98.240 98.332 98.423 98.514 98.604 98.694 98.777 98.748 98.284 97.787 97.297 96.806 96.315 95.823 95.330 94.837 94.342 93.847 93.350 92.852 92.352 91.852 91.350 90.848 90.344 89.839 89.333 88.826 88.317 87.808 87.298 86.787 86.275 85.762 85.248 84.733 84.218 83.702 83.186 82.670 82.153
85.767 88.214 90.007 91.349 92.371 93.164 93.789 94.291 94.700 95.040 95.327 95.573 95.788 95.978 96.150 96.306 96.450 96.585 96.711 96.832 96.948 97.059 97.168 97.273 97.376 97.478 97.577 97.675 97.772 97.868 97.962 98.055 98.147 98.238 98.328 98.417 98.505 98.588 98.576 98.130 97.633 97.139 96.646 96.153 95.659 95.166 94.671 94.176 93.680 93.183 92.686 92.187 91.687 91.186 90.685 90.183 89.680 89.176 88.672 88.168 87.664 87.159 86.655 86.151 85.647 85.144 84.642 84.141 83.641 83.143 82.647 82.153
56.007 58.848 61.442 63.841 66.091 68.342 71.440 77.145 81.588 84.901 87.359 89.224 90.671 91.811 92.720 93.453 94.054 94.555 94.978 95.341 95.657 95.934 96.180 96.401 96.601 96.784 96.952 97.108 97.254 97.391 97.520 97.642 97.759 97.871 97.978 98.080 98.179 98.272 98.281 97.855 97.366 96.877 96.388 95.899 95.410 94.919 94.428 93.936 93.443 92.949 92.455 91.959 91.463 90.967 90.471 89.975 89.480 88.986 88.493 88.000 87.508 87.015 86.522 86.027 85.531 85.033 84.534 84.032 83.530 83.027 82.526 82.027
4.967 6.867 9.211 12.019 15.288 19.000 23.131 27.598 32.269 37.043 41.848 46.626 51.335 55.940 60.420 64.760 68.956 73.010 76.928 80.719 84.396 87.125 89.047 90.250 91.267 92.196 92.996 93.663 94.226 94.710 95.130 95.496 95.819 96.103 96.356 96.581 96.783 96.965 97.053 96.703 96.277 95.842 95.401 94.956 94.510 94.067 93.630 93.200 92.774 92.345 91.906 91.450 90.973 90.478 89.965 89.434 88.889 88.329 87.758 87.175 86.589 85.972 85.371 84.761 84.009 76.302 53.575 39.122 30.475 24.075 18.969 14.784
0.000 0.000 0.001 0.005 0.014 0.033 0.067 0.124 0.212 0.344 0.531 0.786 1.124 1.559 2.104 2.772 3.571 4.512 5.599 6.833 8.215 9.735 11.306 12.874 14.425 15.937 17.385 18.747 20.005 21.141 22.141 22.990 23.675 24.187 24.518 24.663 24.620 24.391 23.997 23.533 23.024 22.475 21.889 21.264 20.604 19.908 19.176 18.410 17.606 16.764 15.879 14.953 13.986 12.982 11.946 10.885 9.804 8.713 7.619 6.533 5.464 4.423 3.421 2.465 1.570 0.792 0.344 0.159 0.077 0.037 0.017 0.007
