Examples/2023_ISeeSnow/data/CoulombOnly/Results/curv77s/s/1HS_03_curv77s_MoT-Voellmy_s_0024.asc
ncols        121
nrows        29
xllcorner    1442.5
yllcorner    -4322.5
cellsize     5.00
NODATA_value -9999
[rows 0 to 28 of 29, columns 0 to 72 of 121]
16.448 18.552 19.587 20.140 20.515 20.822 21.106 21.395 21.709 22.066 22.478 22.953 23.497 24.141 24.893 25.798 26.872 28.158 29.710 31.582 33.866 36.548 39.621 42.542 44.640 45.069 44.772 44.153 43.308 42.478 41.730 40.876 39.668 38.187 37.744 40.804 44.867 43.784 35.306 24.540 16.318 8.087 0.658 0.000 0.000 0.000 0.000 0.000 0.000 0.000 0.000 0.000 0.000 0.000 0.000 0.000 0.000 0.000 0.000 0.000 0.000 0.000 0.000 0.000 0.000 0.000 0.000 0.000 0.000 0.000 0.000 0.000 0.000
17.130 19.811 21.349 22.301 22.999 23.581 24.138 24.712 25.376 26.188 27.249 28.789 31.266 36.241 44.170 46.138 47.143 47.917 48.560 49.098 49.540 49.890 50.149 50.322 50.428 50.503 50.556 50.583 50.583 50.560 50.513 50.435 50.296 50.069 49.834 49.830 50.071 50.245 49.864 47.835 46.925 49.452 52.000 46.861 34.527 22.844 13.389 2.445 0.009 0.000 0.000 0.000 0.000 0.000 0.000 0.000 0.000 0.000 0.000 0.000 0.000 0.000 0.000 0.000 0.000 0.000 0.000 0.000 0.000 0.000 0.000 0.000 0.000
17.585 20.610 22.512 23.817 24.876 25.867 26.936 28.285 30.357 34.738 43.849 46.752 48.232 49.279 49.956 50.380 50.680 50.909 51.087 51.225 51.331 51.414 51.478 51.530 51.573 51.610 51.643 51.671 51.696 51.719 51.742 51.762 51.778 51.782 51.777 51.779 51.807 51.853 51.871 51.772 51.643 51.731 51.988 51.904 50.830 50.399 52.452 55.477 50.396 36.928 24.108 13.423 1.914 0.003 0.000 0.000 0.000 0.000 0.000 0.000 0.000 0.000 0.000 0.000 0.000 0.000 0.000 0.000 0.000 0.000 0.000 0.000 0.000
17.937 21.203 23.409 25.081 26.660 28.517 31.480 39.942 46.199 48.433 49.653 50.349 50.791 51.089 51.294 51.438 51.542 51.620 51.679 51.725 51.761 51.791 51.816 51.839 51.861 51.883 51.905 51.927 51.950 51.975 52.000 52.027 52.056 52.085 52.115 52.145 52.178 52.215 52.254 52.285 52.309 52.344 52.402 52.453 52.412 52.341 52.456 52.760 52.694 51.507 50.580 54.334 56.904 49.340 34.599 22.146 10.258 0.668 0.000 0.000 0.000 0.000 0.000 0.000 0.000 0.000 0.000 0.000 0.000 0.000 0.000 0.000 0.000
18.313 21.839 24.431 26.753 29.646 35.986 45.648 48.589 49.906 50.619 51.042 51.310 51.486 51.604 51.684 51.740 51.779 51.807 51.828 51.844 51.858 51.871 51.883 51.897 51.912 51.928 51.946 51.966 51.987 52.011 52.036 52.063 52.092 52.122 52.153 52.186 52.220 52.256 52.294 52.332 52.370 52.410 52.453 52.498 52.537 52.568 52.609 52.675 52.729 52.680 52.625 52.825 53.133 52.858 51.300 52.078 56.313 56.482 45.917 31.061 19.539 6.776 0.162 0.000 0.000 0.000 0.000 0.000 0.000 0.000 0.000 0.000 0.000
18.789 22.693 25.963 29.827 39.803 47.101 49.364 50.409 50.968 51.294 51.496 51.623 51.705 51.757 51.790 51.811 51.824 51.833 51.840 51.846 51.853 51.861 51.871 51.882 51.896 51.912 51.930 51.951 51.973 51.996 52.022 52.048 52.076 52.105 52.135 52.165 52.196 52.228 52.261 52.295 52.329 52.364 52.399 52.436 52.473 52.510 52.548 52.588 52.629 52.662 52.688 52.726 52.784 52.811 52.708 52.680 52.912 53.119 52.550 50.698 52.827 56.947 55.237 43.298 29.153 18.212 5.114 0.062 0.000 0.000 0.000 0.000 0.000
19.407 23.860 28.415 37.672 47.071 49.455 50.516 51.062 51.371 51.554 51.665 51.732 51.772 51.794 51.805 51.811 51.813 51.814 51.816 51.819 51.825 51.833 51.843 51.857 51.872 51.891 51.911 51.934 51.958 51.983 52.010 52.037 52.064 52.092 52.121 52.149 52.177 52.205 52.232 52.260 52.287 52.314 52.342 52.369 52.396 52.424 52.452 52.480 52.509 52.537 52.564 52.592 52.622 52.650 52.666 52.676 52.702 52.739 52.724 52.574 52.549 52.779 52.884 52.167 50.286 51.261 57.037 55.510 43.970 30.279 19.509 5.948 0.089
20.108 25.333 32.416 45.350 49.008 50.362 51.010 51.360 51.559 51.675 51.742 51.778 51.796 51.802 51.803 51.800 51.796 51.794 51.794 51.797 51.803 51.812 51.825 51.841 51.859 51.881 51.904 51.929 51.956 51.983 52.011 52.040 52.068 52.096 52.124 52.150 52.176 52.200 52.224 52.246 52.268 52.288 52.307 52.326 52.343 52.360 52.377 52.393 52.409 52.425 52.441 52.457 52.473 52.490 52.505 52.519 52.534 52.550 52.562 52.561 52.558 52.571 52.588 52.550 52.393 52.359 52.564 52.660 52.064 50.474 48.922 55.222 56.753
20.832 27.027 39.432 47.714 49.874 50.806 51.273 51.528 51.672 51.752 51.794 51.813 51.817 51.814 51.808 51.800 51.794 51.790 51.789 51.791 51.798 51.809 51.823 51.841 51.863 51.887 51.913 51.941 51.970 52.000 52.030 52.061 52.090 52.119 52.147 52.173 52.197 52.220 52.241 52.260 52.276 52.291 52.304 52.314 52.323 52.331 52.337 52.342 52.346 52.349 52.351 52.353 52.355 52.356 52.358 52.360 52.362 52.365 52.368 52.371 52.374 52.378 52.383 52.386 52.380 52.374 52.380 52.392 52.370 52.264 52.141 52.276 52.479
21.515 28.775 43.984 48.686 50.335 51.066 51.440 51.644 51.757 51.816 51.843 51.851 51.848 51.838 51.827 51.816 51.807 51.802 51.800 51.803 51.810 51.821 51.837 51.857 51.880 51.905 51.934 51.963 51.995 52.026 52.058 52.090 52.121 52.151 52.179 52.205 52.230 52.252 52.271 52.288 52.301 52.313 52.321 52.326 52.329 52.330 52.328 52.324 52.317 52.309 52.300 52.289 52.278 52.265 52.253 52.240 52.227 52.215 52.204 52.193 52.184 52.176 52.170 52.165 52.161 52.159 52.159 52.162 52.165 52.165 52.165 52.173 52.189
22.060 30.371 45.284 49.235 50.610 51.237 51.561 51.736 51.830 51.876 51.893 51.894 51.885 51.871 51.855 51.841 51.830 51.822 51.819 51.821 51.828 51.839 51.855 51.876 51.900 51.927 51.956 51.988 52.021 52.055 52.089 52.123 52.156 52.188 52.218 52.246 52.272 52.295 52.315 52.332 52.346 52.356 52.363 52.367 52.368 52.365 52.360 52.352 52.341 52.327 52.312 52.296 52.278 52.259 52.240 52.221 52.203 52.186 52.171 52.158 52.148 52.141 52.137 52.137 52.141 52.150 52.162 52.177 52.196 52.217 52.239 52.260 52.283
22.454 31.761 46.140 49.582 50.796 51.362 51.656 51.813 51.894 51.931 51.941 51.936 51.921 51.903 51.884 51.866 51.852 51.843 51.838 51.838 51.845 51.856 51.872 51.893 51.918 51.947 51.978 52.012 52.047 52.083 52.120 52.157 52.193 52.228 52.262 52.293 52.322 52.349 52.373 52.394 52.412 52.426 52.437 52.445 52.449 52.451 52.449 52.445 52.438 52.429 52.419 52.407 52.395 52.383 52.371 52.360 52.351 52.344 52.340 52.339 52.341 52.347 52.356 52.370 52.387 52.408 52.433 52.461 52.494 52.530 52.574 52.628 52.694
22.798 32.818 46.686 49.794 50.922 51.454 51.730 51.876 51.949 51.979 51.983 51.972 51.953 51.930 51.907 51.886 51.869 51.856 51.850 51.849 51.854 51.865 51.882 51.903 51.930 51.961 51.995 52.032 52.071 52.112 52.153 52.195 52.237 52.277 52.316 52.353 52.388 52.420 52.449 52.475 52.497 52.516 52.531 52.543 52.552 52.558 52.560 52.561 52.559 52.556 52.551 52.547 52.542 52.538 52.536 52.536 52.539 52.545 52.555 52.570 52.591 52.616 52.648 52.686 52.731 52.782 52.838 52.901 52.969 53.043 53.122 53.204 53.283
23.284 34.941 47.463 50.066 51.064 51.544 51.792 51.920 51.981 52.001 51.997 51.980 51.955 51.927 51.900 51.876 51.857 51.844 51.838 51.838 51.845 51.859 51.879 51.905 51.935 51.971 52.010 52.052 52.096 52.141 52.187 52.233 52.278 52.322 52.365 52.405 52.443 52.477 52.509 52.538 52.563 52.585 52.604 52.619 52.631 52.640 52.647 52.651 52.654 52.655 52.656 52.656 52.657 52.659 52.663 52.669 52.678 52.691 52.708 52.730 52.757 52.789 52.827 52.871 52.921 52.977 53.041 53.114 53.195 53.283 53.377 53.475 53.578
26.203 44.727 49.158 50.662 51.324 51.662 51.844 51.938 51.981 51.992 51.984 51.966 51.942 51.916 51.892 51.872 51.857 51.848 51.845 51.848 51.858 51.874 51.896 51.924 51.956 51.992 52.031 52.073 52.117 52.162 52.208 52.254 52.299 52.344 52.387 52.428 52.467 52.504 52.537 52.568 52.595 52.620 52.641 52.660 52.676 52.689 52.700 52.710 52.718 52.725 52.733 52.740 52.749 52.758 52.770 52.785 52.802 52.823 52.848 52.877 52.911 52.949 52.993 53.042 53.096 53.154 53.215 53.279 53.344 53.412 53.483 53.559 53.639
23.282 34.937 47.462 50.065 51.064 51.544 51.792 51.920 51.981 52.001 51.998 51.980 51.955 51.927 51.900 51.877 51.858 51.844 51.838 51.838 51.845 51.859 51.879 51.905 51.936 51.971 52.010 52.052 52.096 52.141 52.187 52.233 52.278 52.322 52.365 52.405 52.443 52.478 52.510 52.538 52.564 52.585 52.604 52.619 52.631 52.641 52.647 52.651 52.654 52.655 52.656 52.656 52.657 52.659 52.663 52.669 52.678 52.691 52.709 52.730 52.757 52.790 52.827 52.871 52.921 52.977 53.041 53.114 53.195 53.283 53.377 53.475 53.578
22.797 32.816 46.684 49.794 50.922 51.454 51.730 51.876 51.949 51.979 51.983 51.972 51.953 51.930 51.907 51.886 51.869 51.857 51.850 51.849 51.854 51.865 51.882 51.904 51.930 51.961 51.995 52.032 52.071 52.112 52.154 52.196 52.237 52.277 52.316 52.353 52.388 52.420 52.449 52.475 52.497 52.516 52.532 52.544 52.552 52.558 52.561 52.561 52.559 52.556 52.552 52.547 52.542 52.538 52.536 52.536 52.539 52.545 52.555 52.570 52.591 52.616 52.648 52.686 52.731 52.782 52.838 52.901 52.969 53.043 53.122 53.203 53.283
22.453 31.758 46.139 49.581 50.796 51.362 51.656 51.813 51.894 51.931 51.941 51.936 51.921 51.903 51.884 51.867 51.852 51.843 51.838 51.839 51.845 51.856 51.872 51.893 51.918 51.947 51.978 52.012 52.047 52.084 52.120 52.157 52.193 52.228 52.262 52.293 52.323 52.350 52.374 52.394 52.412 52.427 52.438 52.445 52.450 52.451 52.449 52.445 52.438 52.429 52.419 52.407 52.395 52.383 52.371 52.360 52.351 52.344 52.340 52.339 52.341 52.346 52.356 52.369 52.386 52.407 52.432 52.461 52.493 52.530 52.573 52.627 52.694
22.059 30.368 45.282 49.234 50.610 51.236 51.561 51.736 51.830 51.876 51.894 51.894 51.885 51.871 51.856 51.842 51.830 51.823 51.820 51.821 51.828 51.840 51.856 51.876 51.900 51.927 51.957 51.988 52.021 52.055 52.089 52.123 52.156 52.188 52.218 52.246 52.272 52.295 52.315 52.332 52.346 52.356 52.364 52.368 52.368 52.366 52.360 52.352 52.341 52.328 52.312 52.296 52.278 52.259 52.240 52.221 52.203 52.186 52.171 52.158 52.148 52.140 52.137 52.137 52.141 52.149 52.161 52.176 52.195 52.216 52.237 52.258 52.281
21.514 28.773 43.981 48.684 50.335 51.066 51.440 51.644 51.757 51.816 51.843 51.851 51.848 51.839 51.827 51.816 51.808 51.802 51.800 51.803 51.810 51.822 51.837 51.857 51.880 51.906 51.934 51.964 51.995 52.027 52.059 52.090 52.121 52.151 52.179 52.206 52.230 52.252 52.271 52.288 52.302 52.313 52.321 52.326 52.329 52.330 52.328 52.323 52.317 52.309 52.299 52.289 52.277 52.265 52.252 52.239 52.226 52.214 52.203 52.192 52.183 52.175 52.169 52.164 52.160 52.158 52.158 52.160 52.163 52.164 52.164 52.172 52.187
20.831 27.025 39.419 47.712 49.874 50.805 51.272 51.528 51.672 51.752 51.794 51.813 51.818 51.815 51.808 51.800 51.794 51.790 51.789 51.792 51.798 51.809 51.824 51.842 51.863 51.887 51.913 51.941 51.970 52.000 52.031 52.061 52.090 52.119 52.147 52.173 52.197 52.220 52.241 52.259 52.276 52.291 52.303 52.314 52.323 52.330 52.336 52.341 52.345 52.348 52.350 52.352 52.354 52.355 52.357 52.359 52.361 52.364 52.367 52.370 52.373 52.376 52.382 52.384 52.379 52.373 52.379 52.390 52.368 52.263 52.140 52.272 52.476
20.108 25.332 32.411 45.348 49.008 50.362 51.010 51.360 51.559 51.675 51.742 51.778 51.796 51.802 51.803 51.800 51.797 51.794 51.794 51.797 51.803 51.812 51.825 51.841 51.859 51.881 51.904 51.929 51.956 51.983 52.011 52.040 52.068 52.096 52.123 52.150 52.175 52.200 52.223 52.246 52.267 52.287 52.306 52.325 52.342 52.359 52.376 52.392 52.408 52.424 52.440 52.456 52.472 52.488 52.504 52.518 52.533 52.548 52.560 52.560 52.557 52.569 52.586 52.549 52.393 52.356 52.561 52.660 52.073 50.490 48.918 55.196 56.783
19.406 23.860 28.413 37.664 47.069 49.454 50.516 51.062 51.371 51.554 51.665 51.732 51.772 51.794 51.805 51.811 51.813 51.814 51.816 51.819 51.824 51.832 51.843 51.856 51.872 51.891 51.911 51.934 51.958 51.983 52.009 52.036 52.064 52.092 52.120 52.148 52.176 52.204 52.231 52.259 52.286 52.313 52.340 52.368 52.395 52.422 52.450 52.478 52.507 52.535 52.563 52.590 52.620 52.648 52.664 52.674 52.700 52.737 52.723 52.574 52.548 52.776 52.885 52.178 50.305 51.112 56.950 55.588 44.111 30.393 19.608 6.060 0.094
18.789 22.692 25.963 29.826 39.799 47.101 49.364 50.409 50.968 51.294 51.496 51.623 51.705 51.757 51.790 51.811 51.824 51.833 51.840 51.846 51.853 51.861 51.870 51.882 51.896 51.912 51.930 51.950 51.972 51.996 52.021 52.048 52.075 52.104 52.134 52.164 52.195 52.227 52.260 52.293 52.327 52.362 52.398 52.435 52.472 52.508 52.546 52.586 52.628 52.661 52.686 52.724 52.782 52.809 52.708 52.679 52.909 53.119 52.561 50.720 52.812 56.928 55.318 43.450 29.276 18.320 5.227 0.067 0.000 0.000 0.000 0.000 0.000
18.313 21.839 24.431 26.753 29.647 35.989 45.650 48.590 49.906 50.619 51.043 51.310 51.486 51.604 51.684 51.740 51.779 51.807 51.828 51.844 51.858 51.870 51.883 51.896 51.911 51.927 51.945 51.965 51.987 52.010 52.035 52.062 52.090 52.121 52.152 52.185 52.219 52.255 52.292 52.330 52.369 52.408 52.452 52.497 52.536 52.567 52.608 52.673 52.728 52.680 52.622 52.820 53.131 52.867 51.323 51.899 56.283 56.543 46.078 31.205 19.650 6.910 0.173 0.000 0.000 0.000 0.000 0.000 0.000 0.000 0.000 0.000 0.000
17.938 21.204 23.410 25.082 26.661 28.519 31.484 39.960 46.203 48.435 49.655 50.351 50.792 51.090 51.294 51.438 51.543 51.620 51.679 51.725 51.761 51.790 51.816 51.839 51.861 51.882 51.904 51.926 51.950 51.974 51.999 52.026 52.055 52.084 52.114 52.144 52.177 52.214 52.253 52.284 52.308 52.343 52.401 52.452 52.414 52.343 52.454 52.759 52.702 51.529 50.506 54.232 56.908 49.492 34.769 22.266 10.409 0.703 0.000 0.000 0.000 0.000 0.000 0.000 0.000 0.000 0.000 0.000 0.000 0.000 0.000 0.000 0.000
17.586 20.611 22.514 23.820 24.880 25.872 26.941 28.292 30.368 34.758 43.862 46.758 48.237 49.282 49.958 50.382 50.681 50.910 51.087 51.225 51.331 51.413 51.477 51.529 51.573 51.610 51.642 51.671 51.696 51.719 51.741 51.762 51.777 51.782 51.777 51.779 51.807 51.853 51.872 51.775 51.645 51.730 51.988 51.913 50.854 50.412 52.419 55.484 50.533 37.112 24.241 13.569 1.990 0.004 0.000 0.000 0.000 0.000 0.000 0.000 0.000 0.000 0.000 0.000 0.000 0.000 0.000 0.000 0.000 0.000 0.000 0.000 0.000
17.133 19.817 21.357 22.311 23.010 23.593 24.151 24.725 25.390 26.202 27.266 28.810 31.297 36.314 44.191 46.144 47.148 47.923 48.566 49.103 49.545 49.894 50.151 50.322 50.427 50.503 50.556 50.584 50.585 50.563 50.517 50.440 50.303 50.079 49.843 49.835 50.073 50.251 49.882 47.863 46.929 49.408 52.015 47.001 34.710 22.979 13.531 2.540 0.010 0.000 0.000 0.000 0.000 0.000 0.000 0.000 0.000 0.000 0.000 0.000 0.000 0.000 0.000 0.000 0.000 0.000 0.000 0.000 0.000 0.000 0.000 0.000 0.000
16.455 18.565 19.604 20.159 20.536 20.844 21.128 21.417 21.732 22.087 22.499 22.974 23.519 24.162 24.916 25.823 26.900 28.192 29.756 31.650 33.953 36.692 39.819 42.746 44.844 45.243 44.958 44.262 43.424 42.556 41.815 40.952 39.753 38.269 37.781 40.770 44.859 43.885 35.490 24.699 16.431 8.234 0.700 0.000 0.000 0.000 0.000 0.000 0.000 0.000 0.000 0.000 0.000 0.000 0.000 0.000 0.000 0.000 0.000 0.000 0.000 0.000 0.000 0.000 0.000 0.000 0.000 0.000 0.000 0.000 0.000 0.000 0.000
