Examples/2023_ISeeSnow/data/CoulombOnly/Results/curv77s/s/1HS_03_curv77s_MoT-Voellmy_s_0014.asc
ncols        94
nrows        39
xllcorner    1147.5
yllcorner    -4347.5
cellsize     5.00
NODATA_value -9999
[rows 0 to 31 of 39, columns 0 to 71 of 94]
9.440 9.787 10.057 10.315 10.577 10.844 11.112 11.378 11.631 11.833 11.905 11.761 11.371 10.740 9.484 4.968 0.304 0.000 0.000 0.000 0.000 0.000 0.000 0.000 0.000 0.000 0.000 0.000 0.000 0.000 0.000 0.000 0.000 0.000 0.000 0.000 0.000 0.000 0.000 0.000 0.000 0.000 0.000 0.000 0.000 0.000 0.000 0.000 0.000 0.000 0.000 0.000 0.000 0.000 0.000 0.000 0.000 0.000 0.000 0.000 0.000 0.000 0.000 0.000 0.000 0.000 0.000 0.000 0.000 0.000 0.000 0.000
10.574 11.343 11.885 12.361 12.838 13.346 13.916 14.598 15.499 16.916 20.163 26.217 27.900 28.506 28.787 28.997 29.154 29.241 29.285 29.300 29.295 29.275 29.244 29.203 29.154 29.099 29.038 28.974 28.907 28.841 28.785 28.769 28.902 29.617 29.690 27.058 14.901 0.689 0.000 0.000 0.000 0.000 0.000 0.000 0.000 0.000 0.000 0.000 0.000 0.000 0.000 0.000 0.000 0.000 0.000 0.000 0.000 0.000 0.000 0.000 0.000 0.000 0.000 0.000 0.000 0.000 0.000 0.000 0.000 0.000 0.000 0.000
11.477 12.609 13.466 14.262 15.166 16.463 19.130 26.006 28.350 29.214 29.609 29.796 29.873 29.893 29.884 29.862 29.834 29.804 29.772 29.740 29.707 29.671 29.635 29.595 29.554 29.510 29.463 29.414 29.363 29.310 29.256 29.201 29.145 29.088 29.011 28.903 28.814 28.774 28.733 28.688 28.640 28.599 28.593 28.771 30.024 31.558 29.159 25.258 17.703 2.687 0.003 0.000 0.000 0.000 0.000 0.000 0.000 0.000 0.000 0.000 0.000 0.000 0.000 0.000 0.000 0.000 0.000 0.000 0.000 0.000 0.000 0.000
12.075 13.536 14.825 16.380 19.367 26.451 28.732 29.558 29.905 30.053 30.108 30.119 30.108 30.090 30.069 30.050 30.034 30.020 30.007 29.994 29.980 29.961 29.939 29.910 29.875 29.833 29.784 29.731 29.673 29.611 29.548 29.484 29.419 29.355 29.291 29.228 29.169 29.112 29.059 29.008 28.959 28.914 28.873 28.843 28.830 28.808 28.732 28.591 28.456 28.437 28.445 28.454 28.464 28.476 28.490 28.535 29.454 33.009 32.936 28.958 22.992 17.263 9.709 0.925 0.000 0.000 0.000 0.000 0.000 0.000 0.000 0.000
12.811 14.871 17.543 25.356 28.403 29.474 29.890 30.059 30.121 30.135 30.128 30.116 30.104 30.097 30.096 30.099 30.106 30.116 30.125 30.133 30.138 30.139 30.137 30.130 30.121 30.108 30.094 30.077 30.058 30.037 30.014 29.987 29.958 29.924 29.887 29.846 29.802 29.754 29.702 29.647 29.590 29.531 29.472 29.412 29.353 29.293 29.230 29.166 29.104 29.048 28.999 28.954 28.913 28.874 28.839 28.809 28.810 28.852 28.876 28.810 28.609 28.289 28.063 28.069 28.099 28.130 28.218 29.885 31.427 28.031 22.237 14.474
13.365 16.092 21.689 27.746 29.165 29.697 29.910 29.990 30.011 30.007 29.997 29.990 29.990 30.000 30.019 30.046 30.079 30.116 30.155 30.194 30.232 30.267 30.296 30.319 30.335 30.342 30.340 30.330 30.311 30.284 30.251 30.213 30.172 30.127 30.081 30.033 29.984 29.935 29.885 29.835 29.784 29.734 29.684 29.636 29.588 29.541 29.495 29.450 29.405 29.362 29.321 29.281 29.243 29.206 29.172 29.140 29.114 29.095 29.081 29.064 29.038 28.999 28.962 28.940 28.937 28.950 28.990 29.127 29.276 29.214 28.806 28.354
16.799 25.967 28.330 29.062 29.344 29.466 29.523 29.557 29.584 29.615 29.653 29.698 29.749 29.804 29.862 29.921 29.979 30.034 30.086 30.133 30.174 30.208 30.233 30.249 30.256 30.253 30.241 30.223 30.200 30.176 30.152 30.131 30.114 30.101 30.092 30.087 30.083 30.081 30.078 30.073 30.065 30.053 30.036 30.014 29.986 29.953 29.915 29.874 29.829 29.782 29.735 29.687 29.639 29.593 29.549 29.508 29.471 29.438 29.411 29.390 29.374 29.363 29.357 29.360 29.373 29.397 29.435 29.490 29.558 29.617 29.647 29.673
16.669 25.921 28.374 29.122 29.397 29.503 29.541 29.554 29.561 29.572 29.594 29.628 29.674 29.731 29.797 29.869 29.944 30.018 30.090 30.156 30.216 30.270 30.317 30.359 30.395 30.428 30.457 30.481 30.500 30.511 30.513 30.505 30.487 30.460 30.426 30.387 30.347 30.306 30.268 30.232 30.200 30.170 30.143 30.117 30.092 30.067 30.042 30.017 29.991 29.964 29.937 29.910 29.883 29.856 29.830 29.804 29.781 29.760 29.743 29.731 29.724 29.723 29.729 29.743 29.765 29.796 29.836 29.886 29.944 30.007 30.071 30.136
20.337 27.593 28.842 29.248 29.404 29.464 29.489 29.503 29.521 29.547 29.585 29.635 29.694 29.762 29.836 29.914 29.993 30.071 30.147 30.219 30.286 30.346 30.399 30.441 30.474 30.495 30.506 30.507 30.500 30.487 30.471 30.453 30.436 30.421 30.410 30.401 30.396 30.393 30.391 30.390 30.389 30.386 30.380 30.371 30.358 30.342 30.321 30.297 30.269 30.240 30.209 30.177 30.146 30.116 30.088 30.062 30.039 30.020 30.006 29.997 29.995 30.000 30.013 30.034 30.064 30.102 30.149 30.204 30.264 30.330 30.398 30.467
21.189 27.836 28.933 29.305 29.442 29.491 29.505 29.509 29.517 29.535 29.564 29.606 29.661 29.727 29.802 29.884 29.969 30.056 30.141 30.224 30.301 30.372 30.436 30.492 30.540 30.581 30.613 30.638 30.656 30.667 30.671 30.669 30.661 30.648 30.632 30.613 30.592 30.571 30.549 30.528 30.508 30.488 30.469 30.451 30.433 30.415 30.398 30.380 30.363 30.347 30.330 30.314 30.298 30.283 30.269 30.255 30.244 30.236 30.231 30.231 30.237 30.249 30.269 30.297 30.334 30.379 30.432 30.491 30.556 30.624 30.695 30.765
23.435 28.142 29.043 29.356 29.468 29.503 29.511 29.514 29.523 29.544 29.579 29.629 29.692 29.765 29.847 29.935 30.026 30.117 30.206 30.291 30.371 30.442 30.506 30.560 30.605 30.640 30.666 30.684 30.696 30.701 30.703 30.702 30.699 30.695 30.691 30.686 30.681 30.675 30.669 30.661 30.653 30.643 30.631 30.619 30.604 30.589 30.573 30.556 30.539 30.521 30.504 30.486 30.470 30.454 30.440 30.428 30.419 30.413 30.411 30.415 30.425 30.443 30.470 30.505 30.549 30.602 30.662 30.729 30.802 30.878 30.955 31.030
23.265 28.171 29.085 29.404 29.518 29.554 29.562 29.565 29.573 29.592 29.625 29.672 29.732 29.803 29.883 29.970 30.060 30.152 30.244 30.332 30.416 30.494 30.564 30.627 30.680 30.725 30.761 30.789 30.809 30.823 30.830 30.832 30.830 30.825 30.817 30.806 30.795 30.782 30.768 30.754 30.739 30.725 30.711 30.698 30.685 30.673 30.661 30.649 30.638 30.627 30.617 30.606 30.596 30.587 30.578 30.571 30.566 30.565 30.567 30.575 30.590 30.613 30.644 30.684 30.734 30.793 30.860 30.934 31.014 31.097 31.182 31.265
23.655 28.239 29.138 29.449 29.557 29.588 29.591 29.589 29.592 29.608 29.638 29.682 29.741 29.812 29.892 29.980 30.072 30.166 30.259 30.350 30.436 30.516 30.588 30.653 30.709 30.756 30.795 30.826 30.850 30.867 30.879 30.886 30.890 30.890 30.888 30.884 30.878 30.871 30.864 30.855 30.846 30.836 30.826 30.816 30.805 30.794 30.784 30.773 30.762 30.751 30.740 30.730 30.720 30.710 30.702 30.696 30.692 30.692 30.696 30.707 30.725 30.751 30.786 30.831 30.885 30.950 31.023 31.103 31.190 31.281 31.373 31.464
23.157 28.238 29.167 29.490 29.604 29.638 29.643 29.642 29.647 29.664 29.696 29.743 29.803 29.876 29.958 30.048 30.142 30.238 30.333 30.426 30.514 30.595 30.669 30.735 30.792 30.840 30.879 30.909 30.932 30.949 30.959 30.964 30.966 30.964 30.960 30.954 30.948 30.940 30.932 30.924 30.915 30.907 30.898 30.890 30.882 30.873 30.865 30.857 30.849 30.841 30.833 30.826 30.818 30.811 30.805 30.801 30.799 30.801 30.808 30.820 30.840 30.869 30.907 30.955 31.013 31.082 31.159 31.245 31.337 31.434 31.533 31.631
22.874 28.247 29.196 29.526 29.642 29.675 29.678 29.674 29.676 29.690 29.718 29.761 29.818 29.888 29.967 30.055 30.147 30.242 30.337 30.431 30.520 30.604 30.680 30.749 30.810 30.862 30.906 30.941 30.969 30.989 31.004 31.014 31.019 31.022 31.021 31.019 31.015 31.011 31.005 30.999 30.992 30.986 30.978 30.971 30.964 30.956 30.948 30.941 30.933 30.925 30.918 30.910 30.903 30.897 30.892 30.888 30.887 30.890 30.898 30.912 30.934 30.964 31.004 31.055 31.116 31.188 31.269 31.359 31.456 31.558 31.662 31.765
22.466 28.240 29.215 29.556 29.676 29.711 29.715 29.713 29.716 29.730 29.759 29.803 29.862 29.933 30.014 30.104 30.198 30.294 30.391 30.485 30.575 30.659 30.736 30.804 30.864 30.915 30.958 30.992 31.018 31.038 31.052 31.061 31.066 31.068 31.068 31.066 31.063 31.059 31.054 31.049 31.043 31.038 31.032 31.026 31.020 31.014 31.008 31.001 30.995 30.989 30.982 30.976 30.970 30.965 30.960 30.958 30.958 30.962 30.971 30.986 31.009 31.041 31.083 31.136 31.199 31.274 31.358 31.450 31.551 31.656 31.764 31.872
22.194 28.239 29.232 29.580 29.702 29.738 29.742 29.738 29.739 29.752 29.780 29.822 29.879 29.948 30.028 30.115 30.208 30.304 30.400 30.495 30.586 30.671 30.749 30.820 30.882 30.936 30.981 31.018 31.048 31.070 31.087 31.098 31.105 31.109 31.110 31.110 31.108 31.105 31.101 31.096 31.092 31.087 31.081 31.076 31.071 31.065 31.059 31.053 31.047 31.041 31.035 31.029 31.023 31.018 31.014 31.012 31.013 31.017 31.027 31.043 31.067 31.101 31.144 31.199 31.264 31.341 31.427 31.523 31.626 31.734 31.845 31.957
22.045 28.242 29.245 29.596 29.720 29.756 29.760 29.757 29.758 29.772 29.799 29.842 29.899 29.969 30.050 30.139 30.233 30.329 30.427 30.522 30.613 30.698 30.777 30.848 30.910 30.963 31.008 31.045 31.074 31.096 31.112 31.124 31.131 31.135 31.137 31.137 31.135 31.133 31.130 31.126 31.122 31.118 31.113 31.109 31.104 31.099 31.094 31.088 31.083 31.078 31.072 31.067 31.062 31.057 31.054 31.052 31.053 31.058 31.068 31.085 31.110 31.144 31.189 31.245 31.312 31.390 31.478 31.576 31.682 31.793 31.907 32.022
22.163 28.259 29.256 29.605 29.728 29.764 29.767 29.764 29.765 29.778 29.805 29.848 29.905 29.975 30.055 30.144 30.238 30.334 30.431 30.527 30.618 30.704 30.783 30.855 30.918 30.972 31.018 31.056 31.086 31.109 31.126 31.138 31.146 31.151 31.153 31.154 31.153 31.150 31.148 31.144 31.140 31.136 31.132 31.128 31.123 31.118 31.113 31.108 31.103 31.098 31.092 31.087 31.082 31.078 31.074 31.073 31.074 31.079 31.090 31.108 31.133 31.169 31.214 31.271 31.340 31.420 31.510 31.610 31.717 31.831 31.948 32.067
23.233 28.338 29.279 29.607 29.722 29.755 29.758 29.754 29.756 29.770 29.798 29.842 29.900 29.971 30.052 30.141 30.236 30.333 30.431 30.527 30.618 30.705 30.784 30.856 30.919 30.973 31.019 31.056 31.086 31.109 31.126 31.138 31.146 31.151 31.153 31.153 31.152 31.150 31.148 31.144 31.141 31.137 31.133 31.128 31.124 31.119 31.115 31.110 31.105 31.100 31.094 31.089 31.085 31.080 31.077 31.076 31.078 31.084 31.095 31.113 31.139 31.175 31.222 31.280 31.350 31.431 31.523 31.625 31.734 31.851 31.971 32.092
22.163 28.259 29.256 29.605 29.728 29.764 29.767 29.764 29.765 29.778 29.805 29.848 29.905 29.975 30.055 30.144 30.238 30.334 30.431 30.527 30.618 30.704 30.783 30.855 30.918 30.972 31.018 31.056 31.086 31.109 31.126 31.138 31.146 31.151 31.153 31.154 31.153 31.150 31.148 31.144 31.140 31.136 31.132 31.128 31.123 31.118 31.113 31.108 31.103 31.098 31.092 31.087 31.082 31.078 31.074 31.073 31.074 31.080 31.090 31.108 31.133 31.169 31.214 31.271 31.340 31.420 31.510 31.610 31.717 31.831 31.948 32.067
22.045 28.242 29.245 29.596 29.720 29.756 29.760 29.757 29.758 29.772 29.799 29.842 29.899 29.969 30.050 30.139 30.233 30.330 30.427 30.522 30.613 30.698 30.777 30.848 30.910 30.963 31.008 31.045 31.074 31.096 31.112 31.124 31.131 31.135 31.137 31.137 31.135 31.133 31.130 31.126 31.122 31.118 31.113 31.109 31.104 31.099 31.094 31.088 31.083 31.078 31.072 31.067 31.062 31.057 31.054 31.052 31.053 31.058 31.068 31.085 31.110 31.144 31.189 31.245 31.312 31.390 31.479 31.576 31.682 31.793 31.907 32.022
22.194 28.239 29.232 29.580 29.702 29.738 29.742 29.738 29.739 29.752 29.780 29.822 29.879 29.948 30.028 30.115 30.208 30.304 30.400 30.495 30.586 30.671 30.749 30.820 30.882 30.936 30.981 31.018 31.048 31.070 31.087 31.098 31.105 31.109 31.110 31.110 31.108 31.105 31.101 31.096 31.092 31.087 31.082 31.076 31.071 31.065 31.059 31.053 31.047 31.041 31.035 31.029 31.023 31.018 31.014 31.012 31.013 31.017 31.027 31.043 31.067 31.101 31.145 31.199 31.265 31.341 31.427 31.523 31.626 31.734 31.845 31.957
22.466 28.240 29.215 29.556 29.676 29.711 29.715 29.713 29.716 29.730 29.759 29.803 29.862 29.933 30.014 30.104 30.198 30.294 30.391 30.485 30.575 30.659 30.736 30.804 30.864 30.915 30.958 30.992 31.018 31.038 31.052 31.061 31.066 31.068 31.068 31.066 31.063 31.059 31.054 31.049 31.043 31.038 31.032 31.026 31.020 31.014 31.008 31.001 30.995 30.989 30.982 30.976 30.970 30.965 30.960 30.958 30.958 30.962 30.971 30.986 31.009 31.041 31.083 31.136 31.200 31.274 31.358 31.451 31.551 31.656 31.764 31.872
22.874 28.247 29.196 29.526 29.642 29.675 29.678 29.674 29.676 29.690 29.718 29.761 29.818 29.888 29.967 30.055 30.147 30.242 30.337 30.431 30.520 30.604 30.680 30.749 30.810 30.862 30.906 30.941 30.969 30.989 31.004 31.014 31.020 31.022 31.021 31.019 31.016 31.011 31.005 30.999 30.992 30.986 30.978 30.971 30.964 30.956 30.949 30.941 30.933 30.925 30.918 30.910 30.903 30.897 30.892 30.888 30.887 30.890 30.898 30.912 30.934 30.964 31.005 31.055 31.117 31.188 31.269 31.359 31.456 31.558 31.662 31.765
23.156 28.238 29.167 29.490 29.604 29.638 29.643 29.642 29.647 29.664 29.696 29.743 29.803 29.876 29.958 30.048 30.142 30.238 30.333 30.426 30.514 30.595 30.669 30.735 30.792 30.840 30.879 30.910 30.933 30.949 30.959 30.964 30.966 30.964 30.960 30.955 30.948 30.940 30.932 30.924 30.915 30.907 30.898 30.890 30.882 30.873 30.865 30.857 30.849 30.841 30.833 30.826 30.818 30.811 30.805 30.801 30.799 30.801 30.808 30.821 30.841 30.869 30.907 30.955 31.013 31.082 31.159 31.245 31.337 31.434 31.533 31.631
23.654 28.239 29.138 29.449 29.557 29.588 29.591 29.589 29.592 29.608 29.638 29.682 29.741 29.812 29.892 29.980 30.072 30.166 30.259 30.350 30.436 30.516 30.588 30.653 30.709 30.756 30.795 30.826 30.850 30.867 30.879 30.886 30.890 30.890 30.888 30.884 30.878 30.871 30.864 30.855 30.846 30.836 30.826 30.816 30.805 30.795 30.784 30.773 30.762 30.751 30.740 30.730 30.720 30.711 30.702 30.696 30.692 30.692 30.697 30.707 30.725 30.751 30.786 30.831 30.885 30.950 31.023 31.103 31.190 31.281 31.373 31.464
23.265 28.171 29.085 29.404 29.518 29.554 29.562 29.565 29.573 29.592 29.625 29.672 29.732 29.803 29.883 29.970 30.060 30.152 30.244 30.332 30.416 30.494 30.564 30.627 30.680 30.725 30.761 30.789 30.810 30.823 30.830 30.832 30.830 30.825 30.817 30.807 30.795 30.782 30.768 30.754 30.740 30.725 30.712 30.698 30.685 30.673 30.661 30.649 30.638 30.628 30.617 30.607 30.596 30.587 30.578 30.571 30.566 30.565 30.567 30.575 30.590 30.613 30.644 30.684 30.734 30.793 30.860 30.934 31.014 31.097 31.181 31.264
23.434 28.142 29.043 29.356 29.468 29.503 29.511 29.514 29.523 29.544 29.580 29.629 29.692 29.765 29.847 29.935 30.026 30.117 30.207 30.292 30.371 30.442 30.506 30.560 30.605 30.640 30.666 30.684 30.696 30.701 30.703 30.702 30.699 30.695 30.691 30.686 30.681 30.675 30.669 30.661 30.653 30.643 30.631 30.619 30.605 30.589 30.573 30.556 30.539 30.521 30.504 30.487 30.470 30.455 30.440 30.428 30.419 30.413 30.411 30.415 30.425 30.443 30.470 30.505 30.549 30.601 30.662 30.729 30.801 30.877 30.954 31.030
21.188 27.835 28.933 29.305 29.443 29.491 29.505 29.509 29.517 29.535 29.564 29.606 29.661 29.727 29.802 29.884 29.969 30.056 30.142 30.224 30.301 30.372 30.436 30.492 30.540 30.581 30.613 30.638 30.656 30.667 30.671 30.669 30.661 30.648 30.632 30.613 30.592 30.571 30.550 30.529 30.508 30.488 30.469 30.451 30.433 30.415 30.398 30.380 30.363 30.347 30.330 30.314 30.298 30.283 30.268 30.255 30.244 30.236 30.231 30.231 30.236 30.249 30.269 30.297 30.334 30.379 30.431 30.490 30.555 30.624 30.694 30.765
20.335 27.593 28.842 29.248 29.404 29.464 29.489 29.503 29.521 29.547 29.585 29.635 29.694 29.763 29.836 29.914 29.993 30.071 30.147 30.219 30.286 30.346 30.399 30.441 30.474 30.496 30.506 30.508 30.501 30.488 30.471 30.453 30.436 30.421 30.410 30.401 30.396 30.393 30.391 30.390 30.389 30.385 30.380 30.371 30.358 30.342 30.321 30.297 30.269 30.240 30.209 30.178 30.146 30.116 30.088 30.062 30.039 30.020 30.006 29.997 29.994 29.999 30.012 30.033 30.063 30.102 30.149 30.203 30.263 30.329 30.397 30.466
16.668 25.920 28.374 29.122 29.397 29.503 29.541 29.554 29.561 29.572 29.594 29.628 29.674 29.731 29.798 29.870 29.944 30.018 30.090 30.156 30.216 30.270 30.317 30.359 30.395 30.428 30.456 30.481 30.499 30.510 30.513 30.505 30.487 30.460 30.426 30.387 30.347 30.307 30.268 30.233 30.200 30.170 30.143 30.117 30.092 30.067 30.042 30.017 29.991 29.964 29.937 29.910 29.883 29.856 29.829 29.804 29.781 29.760 29.743 29.730 29.723 29.722 29.728 29.742 29.764 29.795 29.835 29.885 29.943 30.006 30.069 30.135
