Examples/2023_ISeeSnow/data/CoulombOnly/Results/curv77s/s/1HS_03_curv77s_MoT-Voellmy_s_0049.asc
ncols        185
nrows        35
xllcorner    2872.5
yllcorner    -4337.5
cellsize     5.00
NODATA_value -9999
[rows 0 to 31 of 35, columns 71 to 141 of 185]
0.000 0.000 0.000 0.000 0.000 0.000 0.000 0.000 0.000 0.000 0.000 0.000 0.000 0.000 0.001 0.003 0.007 0.018 0.042 0.091 0.184 0.347 0.610 1.007 1.572 2.337 3.329 4.567 6.064 7.821 9.829 12.068 14.508 16.929 19.266 21.479 23.526 25.381 27.018 28.408 29.523 30.336 30.818 30.944 30.692 30.046 29.003 27.577 25.800 23.724 21.419 18.961 16.429 13.897 11.425 9.061 6.841 4.787 2.913 1.298 0.408 0.126 0.044 0.014 0.004 0.001 0.000 0.000 0.000 0.000 0.000
0.000 0.000 0.000 0.000 0.001 0.004 0.011 0.029 0.068 0.149 0.303 0.573 1.017 1.707 2.718 4.127 6.009 8.423 11.403 14.946 19.012 23.527 28.192 32.872 37.561 42.111 46.479 50.638 54.570 58.271 61.744 65.003 67.142 67.476 67.710 68.004 68.193 68.307 68.369 68.388 68.369 68.318 68.241 68.141 68.021 67.884 67.731 67.565 67.387 67.198 67.000 66.791 66.572 66.345 66.108 65.864 65.626 65.371 65.139 60.393 40.125 25.410 18.088 13.047 9.087 5.883 3.270 1.173 0.181 0.018 0.003
0.343 0.634 1.106 1.837 2.915 4.434 6.478 9.108 12.343 16.156 20.472 25.182 30.154 35.258 40.263 45.017 49.445 53.510 57.202 60.527 63.505 66.164 67.276 68.070 68.858 69.483 69.974 70.341 70.598 70.765 70.863 70.906 70.906 70.871 70.807 70.718 70.608 70.482 70.342 70.190 70.027 69.857 69.679 69.495 69.305 69.111 68.914 68.712 68.509 68.302 68.093 67.883 67.671 67.457 67.242 67.027 66.811 66.595 66.379 66.164 65.950 65.737 65.523 65.307 65.093 64.886 64.653 61.816 32.426 14.097 8.771
20.188 24.443 28.866 33.346 37.830 42.263 46.446 50.254 53.659 56.672 59.317 61.635 63.668 66.853 69.155 70.777 71.882 72.595 73.012 73.205 73.229 73.124 72.921 72.765 72.818 72.831 72.805 72.747 72.663 72.556 72.432 72.292 72.139 71.976 71.803 71.622 71.435 71.242 71.043 70.841 70.635 70.425 70.214 70.000 69.785 69.568 69.351 69.133 68.915 68.696 68.478 68.261 68.044 67.828 67.613 67.399 67.187 66.976 66.767 66.559 66.354 66.151 65.949 65.750 65.552 65.356 65.162 64.970 64.779 64.591 64.398
53.464 55.132 56.595 57.960 59.743 63.454 68.463 71.604 73.761 75.249 76.238 76.861 77.213 77.363 77.360 77.239 77.026 76.741 76.398 76.009 75.583 75.124 74.642 74.263 74.133 73.991 73.837 73.671 73.496 73.312 73.121 72.924 72.721 72.514 72.302 72.086 71.867 71.645 71.420 71.194 70.966 70.736 70.506 70.274 70.043 69.811 69.579 69.347 69.116 68.886 68.657 68.430 68.203 67.979 67.756 67.536 67.318 67.102 66.888 66.677 66.469 66.264 66.061 65.861 65.664 65.470 65.278 65.089 64.903 64.719 64.537
73.593 76.438 78.378 79.682 80.533 81.056 81.336 81.434 81.394 81.247 81.018 80.724 80.378 79.990 79.568 79.117 78.643 78.148 77.635 77.107 76.566 76.011 75.451 75.012 74.825 74.629 74.426 74.218 74.005 73.788 73.567 73.342 73.114 72.883 72.649 72.413 72.175 71.935 71.694 71.451 71.207 70.963 70.718 70.474 70.229 69.984 69.739 69.496 69.253 69.011 68.771 68.532 68.295 68.060 67.827 67.596 67.368 67.142 66.920 66.700 66.484 66.270 66.060 65.854 65.650 65.450 65.253 65.059 64.868 64.681 64.496
85.584 85.603 85.500 85.305 85.038 84.714 84.347 83.944 83.512 83.056 82.580 82.088 81.581 81.062 80.531 79.991 79.441 78.882 78.315 77.740 77.158 76.568 75.980 75.524 75.315 75.091 74.863 74.632 74.397 74.160 73.920 73.677 73.433 73.186 72.937 72.687 72.435 72.181 71.927 71.672 71.416 71.160 70.904 70.647 70.391 70.135 69.879 69.625 69.371 69.118 68.866 68.616 68.367 68.121 67.876 67.634 67.394 67.157 66.924 66.693 66.465 66.241 66.021 65.804 65.590 65.380 65.174 64.970 64.771 64.575 64.382
88.304 87.875 87.423 86.952 86.466 85.967 85.457 84.937 84.410 83.874 83.332 82.784 82.229 81.669 81.103 80.531 79.953 79.370 78.781 78.186 77.585 76.978 76.377 75.917 75.699 75.459 75.215 74.969 74.720 74.470 74.217 73.963 73.706 73.448 73.189 72.928 72.666 72.402 72.139 71.874 71.609 71.343 71.078 70.812 70.547 70.282 70.017 69.752 69.489 69.226 68.964 68.703 68.444 68.186 67.930 67.676 67.425 67.176 66.930 66.687 66.447 66.211 65.978 65.749 65.523 65.301 65.083 64.868 64.656 64.449 64.244
89.255 88.730 88.200 87.665 87.125 86.581 86.033 85.481 84.925 84.364 83.800 83.232 82.660 82.083 81.502 80.916 80.326 79.730 79.130 78.525 77.914 77.297 76.691 76.231 76.011 75.760 75.507 75.252 74.994 74.735 74.474 74.212 73.947 73.682 73.414 73.146 72.877 72.607 72.336 72.064 71.792 71.520 71.248 70.975 70.703 70.431 70.159 69.887 69.616 69.345 69.075 68.805 68.536 68.269 68.003 67.738 67.476 67.216 66.958 66.703 66.451 66.202 65.957 65.715 65.476 65.241 65.010 64.782 64.557 64.335 64.117
89.749 89.199 88.646 88.092 87.535 86.976 86.414 85.849 85.282 84.711 84.137 83.560 82.979 82.395 81.806 81.213 80.617 80.015 79.410 78.799 78.183 77.562 76.954 76.499 76.279 76.023 75.764 75.504 75.241 74.976 74.710 74.442 74.173 73.901 73.629 73.355 73.080 72.804 72.528 72.251 71.974 71.696 71.418 71.141 70.863 70.585 70.308 70.030 69.753 69.476 69.199 68.922 68.646 68.371 68.096 67.823 67.551 67.282 67.014 66.749 66.486 66.227 65.970 65.717 65.467 65.220 64.976 64.735 64.497 64.262 64.030
90.078 89.519 88.958 88.397 87.834 87.268 86.701 86.131 85.559 84.984 84.406 83.825 83.241 82.653 82.062 81.468 80.869 80.267 79.660 79.048 78.432 77.811 77.205 76.754 76.536 76.278 76.016 75.753 75.487 75.219 74.949 74.677 74.403 74.127 73.850 73.570 73.290 73.009 72.726 72.444 72.161 71.877 71.594 71.310 71.027 70.743 70.460 70.177 69.894 69.611 69.328 69.045 68.763 68.481 68.201 67.921 67.643 67.366 67.092 66.819 66.549 66.282 66.018 65.757 65.498 65.243 64.990 64.739 64.491 64.244 64.000
90.335 89.774 89.211 88.648 88.083 87.515 86.946 86.374 85.800 85.223 84.643 84.060 83.474 82.885 82.292 81.697 81.098 80.495 79.889 79.279 78.664 78.044 77.444 77.007 76.801 76.547 76.288 76.027 75.762 75.494 75.222 74.948 74.670 74.389 74.105 73.819 73.530 73.240 72.948 72.655 72.362 72.068 71.775 71.481 71.189 70.897 70.605 70.315 70.025 69.735 69.447 69.159 68.872 68.586 68.301 68.018 67.736 67.456 67.179 66.903 66.630 66.360 66.092 65.827 65.565 65.304 65.046 64.789 64.534 64.280 64.027
90.645 90.093 89.540 88.985 88.429 87.871 87.311 86.749 86.184 85.617 85.047 84.475 83.901 83.324 82.745 82.165 81.582 80.997 80.410 79.820 79.228 78.632 78.044 77.582 77.343 77.083 76.818 76.548 76.272 75.991 75.703 75.410 75.112 74.808 74.501 74.191 73.878 73.564 73.251 72.938 72.626 72.317 72.010 71.704 71.401 71.099 70.799 70.500 70.201 69.904 69.607 69.312 69.018 68.725 68.435 68.147 67.862 67.580 67.300 67.023 66.749 66.476 66.206 65.937 65.670 65.403 65.138 64.873 64.610 64.346 64.082
90.506 89.939 89.371 88.803 88.234 87.664 87.093 86.520 85.945 85.368 84.789 84.207 83.623 83.035 82.445 81.851 81.254 80.652 80.045 79.433 78.815 78.191 77.607 77.243 77.096 76.852 76.604 76.355 76.107 75.859 75.611 75.363 75.116 74.869 74.622 74.375 74.127 73.878 73.628 73.377 73.123 72.868 72.609 72.348 72.084 71.816 71.545 71.270 70.990 70.707 70.419 70.126 69.830 69.529 69.224 68.916 68.605 68.291 67.975 67.657 67.337 67.015 66.691 66.364 66.036 65.707 65.377 65.049 64.725 64.405 64.093
91.458 90.944 90.433 89.925 89.419 88.912 88.403 87.892 87.377 86.862 86.344 85.826 85.308 84.791 84.274 83.757 83.240 82.715 82.159 81.551 80.885 80.161 79.389 78.705 78.266 77.836 77.422 77.029 76.662 76.319 76.000 75.700 75.418 75.149 74.890 74.639 74.393 74.151 73.910 73.669 73.428 73.184 72.938 72.689 72.436 72.180 71.919 71.654 71.384 71.110 70.829 70.542 70.249 69.947 69.637 69.318 68.988 68.647 68.293 67.925 67.542 67.139 66.709 66.245 65.736 65.180 64.594 64.018 63.505 63.086 62.757
90.766 90.160 89.553 88.946 88.340 87.736 87.132 86.528 85.924 85.319 84.711 84.100 83.486 82.868 82.247 81.623 80.997 80.372 79.750 79.132 78.518 77.908 77.379 77.144 77.100 76.896 76.690 76.487 76.286 76.088 75.891 75.694 75.495 75.295 75.091 74.882 74.669 74.449 74.221 73.985 73.740 73.485 73.219 72.943 72.656 72.358 72.051 71.735 71.411 71.081 70.746 70.407 70.063 69.716 69.366 69.011 68.652 68.289 67.921 67.551 67.178 66.806 66.437 66.072 65.715 65.366 65.027 64.699 64.383 64.078 63.785
92.169 91.631 91.088 90.539 89.984 89.417 88.833 88.236 87.631 87.020 86.407 85.796 85.189 84.590 84.000 83.422 82.856 82.299 81.732 81.142 80.530 79.895 79.240 78.686 78.370 78.046 77.710 77.364 77.009 76.648 76.283 75.916 75.552 75.191 74.836 74.488 74.149 73.818 73.496 73.182 72.876 72.577 72.282 71.992 71.704 71.416 71.128 70.838 70.546 70.254 69.962 69.675 69.394 69.123 68.865 68.620 68.389 68.172 67.968 67.776 67.594 67.421 67.255 67.097 66.947 66.811 66.698 66.631 66.653 66.848 67.379
91.356 90.778 90.199 89.619 89.038 88.454 87.868 87.280 86.690 86.097 85.501 84.902 84.300 83.695 83.087 82.475 81.859 81.239 80.616 79.989 79.357 78.721 78.165 77.908 77.837 77.589 77.334 77.079 76.823 76.566 76.309 76.052 75.793 75.534 75.274 75.013 74.751 74.487 74.222 73.955 73.687 73.416 73.144 72.870 72.593 72.314 72.033 71.749 71.463 71.174 70.882 70.588 70.292 69.993 69.692 69.389 69.084 68.777 68.469 68.160 67.850 67.539 67.229 66.919 66.609 66.300 65.993 65.687 65.382 65.080 64.779
92.168 91.630 91.086 90.538 89.983 89.415 88.832 88.236 87.630 87.020 86.408 85.797 85.191 84.593 84.003 83.426 82.861 82.304 81.736 81.145 80.532 79.897 79.243 78.689 78.373 78.049 77.714 77.367 77.012 76.651 76.285 75.919 75.554 75.194 74.839 74.491 74.152 73.822 73.500 73.187 72.881 72.581 72.287 71.997 71.708 71.420 71.131 70.840 70.547 70.253 69.961 69.672 69.390 69.118 68.859 68.614 68.383 68.166 67.962 67.770 67.588 67.415 67.250 67.092 66.943 66.807 66.694 66.627 66.648 66.840 67.361
90.766 90.159 89.552 88.946 88.339 87.735 87.131 86.527 85.923 85.318 84.710 84.099 83.485 82.867 82.246 81.622 80.996 80.371 79.750 79.132 78.518 77.908 77.380 77.144 77.100 76.896 76.690 76.487 76.287 76.088 75.891 75.694 75.496 75.295 75.092 74.884 74.670 74.450 74.223 73.987 73.742 73.487 73.222 72.945 72.658 72.361 72.053 71.737 71.414 71.083 70.748 70.408 70.065 69.717 69.366 69.012 68.652 68.289 67.921 67.550 67.177 66.805 66.435 66.071 65.713 65.364 65.025 64.697 64.381 64.076 63.783
91.458 90.944 90.433 89.925 89.420 88.913 88.404 87.893 87.379 86.863 86.346 85.828 85.310 84.792 84.275 83.759 83.242 82.716 82.157 81.547 80.879 80.153 79.381 78.698 78.260 77.832 77.418 77.027 76.660 76.318 75.999 75.700 75.418 75.149 74.891 74.640 74.394 74.152 73.911 73.670 73.429 73.186 72.940 72.690 72.438 72.181 71.921 71.655 71.386 71.111 70.830 70.543 70.249 69.948 69.638 69.318 68.988 68.647 68.293 67.925 67.542 67.139 66.709 66.245 65.737 65.182 64.596 64.021 63.507 63.087 62.758
90.506 89.938 89.371 88.803 88.234 87.664 87.093 86.520 85.945 85.368 84.789 84.207 83.622 83.035 82.445 81.851 81.253 80.652 80.045 79.433 78.815 78.190 77.607 77.242 77.096 76.852 76.603 76.355 76.106 75.858 75.610 75.363 75.116 74.869 74.622 74.374 74.127 73.878 73.628 73.376 73.123 72.867 72.609 72.348 72.084 71.816 71.545 71.269 70.990 70.706 70.418 70.126 69.829 69.528 69.224 68.916 68.605 68.291 67.975 67.657 67.337 67.016 66.692 66.365 66.037 65.708 65.378 65.050 64.726 64.407 64.094
90.644 90.092 89.539 88.985 88.429 87.871 87.311 86.749 86.184 85.617 85.047 84.475 83.901 83.324 82.746 82.165 81.582 80.997 80.410 79.821 79.228 78.633 78.044 77.582 77.343 77.083 76.818 76.548 76.272 75.991 75.703 75.410 75.112 74.808 74.501 74.190 73.877 73.564 73.250 72.937 72.626 72.316 72.009 71.704 71.400 71.099 70.798 70.499 70.201 69.903 69.607 69.311 69.017 68.725 68.435 68.147 67.862 67.580 67.300 67.023 66.749 66.477 66.206 65.938 65.670 65.404 65.139 64.874 64.610 64.347 64.083
90.334 89.773 89.211 88.647 88.082 87.515 86.946 86.374 85.799 85.222 84.642 84.059 83.474 82.884 82.292 81.697 81.098 80.495 79.889 79.279 78.664 78.044 77.443 77.007 76.801 76.547 76.288 76.027 75.762 75.494 75.222 74.947 74.669 74.388 74.105 73.818 73.530 73.239 72.947 72.654 72.361 72.067 71.774 71.481 71.188 70.896 70.605 70.314 70.024 69.735 69.447 69.159 68.872 68.586 68.301 68.018 67.736 67.456 67.179 66.903 66.630 66.360 66.092 65.827 65.565 65.304 65.046 64.790 64.535 64.281 64.027
90.077 89.518 88.958 88.396 87.833 87.268 86.701 86.131 85.559 84.984 84.406 83.825 83.241 82.653 82.062 81.467 80.869 80.266 79.659 79.048 78.432 77.810 77.204 76.754 76.536 76.278 76.016 75.753 75.487 75.219 74.949 74.677 74.403 74.127 73.849 73.570 73.290 73.008 72.726 72.443 72.160 71.877 71.593 71.310 71.026 70.743 70.460 70.176 69.893 69.610 69.328 69.045 68.763 68.481 68.201 67.921 67.643 67.366 67.092 66.819 66.550 66.282 66.018 65.757 65.499 65.243 64.990 64.740 64.491 64.245 64.000
89.749 89.198 88.646 88.091 87.534 86.975 86.413 85.849 85.281 84.711 84.137 83.560 82.979 82.394 81.806 81.213 80.616 80.015 79.409 78.799 78.183 77.562 76.954 76.499 76.278 76.023 75.764 75.503 75.241 74.976 74.710 74.442 74.172 73.901 73.628 73.355 73.080 72.804 72.527 72.251 71.973 71.696 71.418 71.140 70.863 70.585 70.307 70.030 69.753 69.475 69.198 68.922 68.646 68.370 68.096 67.823 67.551 67.282 67.014 66.749 66.486 66.227 65.970 65.717 65.467 65.220 64.976 64.735 64.498 64.262 64.030
89.254 88.729 88.199 87.664 87.124 86.580 86.032 85.480 84.924 84.364 83.800 83.231 82.659 82.082 81.501 80.916 80.325 79.730 79.130 78.524 77.913 77.297 76.691 76.231 76.010 75.760 75.507 75.251 74.994 74.735 74.474 74.211 73.947 73.681 73.414 73.146 72.877 72.606 72.335 72.064 71.792 71.520 71.248 70.975 70.703 70.431 70.159 69.887 69.616 69.345 69.074 68.805 68.536 68.269 68.003 67.738 67.476 67.216 66.958 66.703 66.451 66.202 65.957 65.715 65.476 65.241 65.010 64.782 64.557 64.336 64.117
88.302 87.873 87.421 86.951 86.464 85.965 85.456 84.936 84.409 83.874 83.332 82.783 82.228 81.668 81.102 80.530 79.952 79.369 78.780 78.185 77.584 76.977 76.377 75.916 75.698 75.458 75.215 74.968 74.720 74.469 74.217 73.962 73.706 73.448 73.188 72.927 72.665 72.402 72.138 71.874 71.609 71.343 71.078 70.812 70.547 70.281 70.016 69.752 69.489 69.226 68.964 68.703 68.444 68.186 67.930 67.676 67.425 67.176 66.930 66.687 66.447 66.211 65.978 65.749 65.523 65.301 65.083 64.868 64.657 64.449 64.244
85.578 85.598 85.496 85.302 85.035 84.712 84.345 83.942 83.510 83.055 82.579 82.087 81.580 81.061 80.530 79.990 79.440 78.881 78.314 77.740 77.157 76.567 75.980 75.523 75.314 75.090 74.862 74.631 74.397 74.159 73.919 73.677 73.432 73.185 72.937 72.686 72.434 72.181 71.927 71.672 71.416 71.160 70.904 70.647 70.391 70.135 69.879 69.624 69.370 69.118 68.866 68.616 68.367 68.121 67.876 67.634 67.394 67.158 66.924 66.693 66.465 66.241 66.021 65.804 65.590 65.380 65.174 64.971 64.771 64.575 64.382
73.564 76.417 78.363 79.671 80.524 81.049 81.330 81.430 81.390 81.245 81.016 80.722 80.376 79.988 79.566 79.116 78.641 78.147 77.634 77.106 76.565 76.010 75.450 75.012 74.824 74.628 74.426 74.218 74.005 73.787 73.566 73.341 73.113 72.882 72.648 72.412 72.174 71.935 71.693 71.451 71.207 70.963 70.718 70.473 70.228 69.984 69.739 69.496 69.253 69.011 68.771 68.532 68.295 68.060 67.827 67.596 67.368 67.142 66.920 66.700 66.484 66.270 66.060 65.854 65.650 65.450 65.253 65.059 64.868 64.681 64.496
53.453 55.125 56.591 57.956 59.730 63.397 68.427 71.584 73.745 75.237 76.229 76.854 77.208 77.359 77.357 77.236 77.023 76.739 76.396 76.008 75.581 75.123 74.640 74.262 74.132 73.990 73.836 73.670 73.495 73.311 73.121 72.923 72.721 72.513 72.301 72.085 71.866 71.644 71.420 71.193 70.965 70.736 70.505 70.274 70.042 69.810 69.579 69.347 69.116 68.886 68.657 68.430 68.203 67.979 67.756 67.536 67.317 67.102 66.888 66.677 66.469 66.264 66.061 65.861 65.664 65.470 65.278 65.089 64.903 64.719 64.537
20.139 24.393 28.817 33.298 37.784 42.219 46.408 50.222 53.631 56.648 59.299 61.619 63.655 66.842 69.145 70.769 71.875 72.589 73.006 73.200 73.224 73.120 72.918 72.762 72.815 72.829 72.803 72.746 72.661 72.555 72.431 72.291 72.139 71.975 71.802 71.622 71.434 71.241 71.043 70.840 70.634 70.425 70.214 70.000 69.785 69.568 69.351 69.133 68.915 68.696 68.478 68.261 68.044 67.828 67.613 67.399 67.186 66.976 66.767 66.559 66.354 66.151 65.949 65.750 65.552 65.356 65.162 64.969 64.779 64.591 64.398
