Examples/2023_ISeeSnow/data/CoulombOnly/Results/curv77s/s/1HS_03_curv77s_MoT-Voellmy_s_0025.asc
ncols        124
nrows        27
xllcorner    1482.5
yllcorner    -4317.5
cellsize     5.00
NODATA_value -9999
[rows 0 to 26 of 27, columns 0 to 72 of 124]
17.252 18.877 19.580 19.981 20.268 20.513 20.746 20.986 21.251 21.550 21.878 22.259 22.684 23.163 23.713 24.333 25.035 25.816 26.667 27.604 28.609 29.653 30.715 31.734 32.644 33.382 33.894 34.213 34.456 34.733 35.028 35.118 34.743 34.326 35.997 40.287 41.677 35.418 24.946 16.417 9.492 1.614 0.006 0.000 0.000 0.000 0.000 0.000 0.000 0.000 0.000 0.000 0.000 0.000 0.000 0.000 0.000 0.000 0.000 0.000 0.000 0.000 0.000 0.000 0.000 0.000 0.000 0.000 0.000 0.000 0.000 0.000 0.000
18.481 20.894 22.149 22.946 23.542 24.045 24.518 25.011 25.558 26.204 27.006 28.050 29.478 31.556 34.927 42.040 47.142 48.256 49.005 49.618 50.127 50.545 50.878 51.134 51.317 51.432 51.485 51.481 51.434 51.356 51.257 51.122 50.920 50.648 50.467 50.552 50.233 48.565 46.556 45.003 46.360 49.508 46.025 34.602 22.825 14.059 3.812 0.046 0.000 0.000 0.000 0.000 0.000 0.000 0.000 0.000 0.000 0.000 0.000 0.000 0.000 0.000 0.000 0.000 0.000 0.000 0.000 0.000 0.000 0.000 0.000 0.000 0.000
19.119 21.971 23.628 24.799 25.751 26.627 27.547 28.628 30.126 32.579 38.152 46.470 48.811 50.150 51.171 51.939 52.410 52.734 52.983 53.184 53.346 53.476 53.580 53.662 53.727 53.777 53.815 53.841 53.858 53.865 53.865 53.856 53.836 53.800 53.760 53.737 53.740 53.648 53.446 53.181 53.081 53.221 53.147 52.203 50.770 51.480 54.579 51.260 38.745 25.457 15.396 3.710 0.030 0.000 0.000 0.000 0.000 0.000 0.000 0.000 0.000 0.000 0.000 0.000 0.000 0.000 0.000 0.000 0.000 0.000 0.000 0.000 0.000
19.543 22.683 24.659 26.202 27.635 29.236 31.515 36.286 46.120 49.380 51.063 52.056 52.661 53.070 53.363 53.574 53.728 53.845 53.936 54.009 54.068 54.117 54.158 54.194 54.225 54.254 54.281 54.306 54.331 54.354 54.377 54.399 54.420 54.440 54.459 54.478 54.500 54.520 54.530 54.526 54.524 54.542 54.559 54.504 54.364 54.325 54.512 54.477 53.470 52.842 54.619 57.747 52.970 38.968 25.324 14.566 2.527 0.008 0.000 0.000 0.000 0.000 0.000 0.000 0.000 0.000 0.000 0.000 0.000 0.000 0.000 0.000 0.000
19.951 23.360 25.719 27.853 30.434 35.291 46.113 49.942 51.648 52.552 53.093 53.439 53.671 53.831 53.945 54.026 54.086 54.131 54.166 54.194 54.217 54.238 54.257 54.275 54.294 54.313 54.333 54.354 54.377 54.401 54.426 54.452 54.480 54.508 54.538 54.568 54.599 54.632 54.664 54.695 54.726 54.757 54.790 54.817 54.833 54.850 54.885 54.917 54.865 54.774 54.829 55.075 54.981 53.783 52.022 55.464 58.918 53.214 38.679 25.192 14.170 2.103 0.004 0.000 0.000 0.000 0.000 0.000 0.000 0.000 0.000 0.000 0.000
20.456 24.259 27.258 30.884 39.083 48.561 51.191 52.419 53.079 53.470 53.715 53.875 53.981 54.052 54.099 54.132 54.154 54.169 54.181 54.190 54.199 54.208 54.219 54.230 54.244 54.259 54.276 54.295 54.316 54.338 54.362 54.388 54.415 54.443 54.472 54.501 54.532 54.563 54.595 54.627 54.659 54.691 54.724 54.756 54.787 54.817 54.848 54.879 54.903 54.917 54.934 54.970 54.994 54.923 54.788 54.894 55.177 55.046 53.805 51.627 55.431 59.341 54.770 41.270 27.710 17.000 3.844 0.024 0.000 0.000 0.000 0.000 0.000
21.117 25.522 29.858 38.847 48.891 51.472 52.635 53.242 53.591 53.803 53.935 54.018 54.069 54.100 54.117 54.126 54.130 54.132 54.133 54.135 54.137 54.142 54.149 54.159 54.170 54.185 54.201 54.220 54.240 54.262 54.285 54.310 54.335 54.361 54.388 54.415 54.442 54.469 54.496 54.523 54.549 54.576 54.602 54.627 54.652 54.677 54.701 54.725 54.748 54.769 54.790 54.811 54.831 54.842 54.844 54.852 54.875 54.884 54.804 54.621 54.662 54.917 54.915 54.039 52.120 51.451 58.070 59.396 50.428 36.287 24.728 12.792 1.086
21.908 27.209 34.497 47.461 51.128 52.527 53.214 53.592 53.812 53.944 54.022 54.066 54.089 54.098 54.099 54.096 54.091 54.085 54.081 54.078 54.079 54.082 54.088 54.097 54.109 54.124 54.141 54.160 54.181 54.204 54.227 54.251 54.276 54.300 54.325 54.349 54.372 54.395 54.417 54.438 54.458 54.477 54.494 54.510 54.526 54.540 54.553 54.565 54.576 54.586 54.595 54.603 54.611 54.618 54.623 54.627 54.632 54.636 54.633 54.622 54.614 54.620 54.623 54.576 54.438 54.350 54.507 54.686 54.459 53.508 51.938 51.066 58.190
22.756 29.254 43.864 49.958 52.080 53.019 53.503 53.774 53.931 54.020 54.068 54.091 54.097 54.094 54.085 54.074 54.063 54.053 54.045 54.041 54.040 54.042 54.048 54.057 54.070 54.085 54.103 54.123 54.145 54.168 54.192 54.216 54.240 54.264 54.287 54.309 54.330 54.350 54.367 54.384 54.398 54.410 54.419 54.427 54.433 54.436 54.437 54.436 54.433 54.429 54.422 54.414 54.404 54.393 54.381 54.367 54.353 54.338 54.323 54.307 54.291 54.276 54.261 54.245 54.226 54.207 54.194 54.188 54.176 54.139 54.065 53.994 54.039
23.572 31.573 46.560 50.989 52.567 53.294 53.677 53.891 54.012 54.077 54.107 54.117 54.113 54.101 54.085 54.069 54.053 54.040 54.029 54.023 54.020 54.021 54.027 54.036 54.049 54.065 54.084 54.105 54.128 54.152 54.177 54.203 54.228 54.252 54.276 54.299 54.320 54.339 54.356 54.370 54.383 54.392 54.399 54.402 54.403 54.401 54.396 54.389 54.379 54.366 54.351 54.334 54.315 54.296 54.275 54.254 54.233 54.213 54.194 54.177 54.163 54.152 54.144 54.141 54.141 54.146 54.154 54.166 54.181 54.200 54.226 54.260 54.305
24.291 33.921 48.070 51.573 52.857 53.471 53.798 53.980 54.079 54.128 54.147 54.147 54.135 54.116 54.095 54.074 54.054 54.038 54.025 54.016 54.012 54.013 54.018 54.027 54.041 54.058 54.078 54.101 54.127 54.153 54.181 54.210 54.238 54.267 54.294 54.321 54.346 54.369 54.390 54.409 54.426 54.439 54.450 54.458 54.464 54.466 54.466 54.464 54.459 54.453 54.445 54.436 54.427 54.418 54.409 54.402 54.396 54.393 54.392 54.394 54.400 54.409 54.422 54.438 54.458 54.481 54.509 54.547 54.595 54.655 54.727 54.808 54.899
24.861 36.195 49.053 51.928 53.048 53.597 53.891 54.051 54.136 54.174 54.184 54.175 54.157 54.132 54.106 54.080 54.056 54.036 54.020 54.010 54.005 54.006 54.012 54.023 54.039 54.060 54.084 54.112 54.142 54.174 54.208 54.243 54.278 54.313 54.347 54.380 54.411 54.440 54.468 54.492 54.515 54.534 54.551 54.565 54.576 54.585 54.592 54.597 54.600 54.603 54.605 54.608 54.611 54.615 54.622 54.632 54.645 54.662 54.684 54.711 54.744 54.784 54.830 54.884 54.945 55.013 55.086 55.161 55.236 55.311 55.386 55.460 55.532
25.738 40.502 50.038 52.275 53.237 53.714 53.969 54.106 54.173 54.199 54.198 54.181 54.155 54.125 54.094 54.065 54.040 54.020 54.005 53.996 53.994 53.999 54.009 54.026 54.047 54.073 54.103 54.136 54.171 54.209 54.247 54.286 54.325 54.363 54.400 54.437 54.471 54.504 54.534 54.562 54.588 54.612 54.633 54.652 54.670 54.685 54.699 54.711 54.723 54.735 54.746 54.759 54.772 54.786 54.803 54.822 54.843 54.868 54.896 54.927 54.962 55.000 55.043 55.090 55.141 55.199 55.265 55.341 55.427 55.521 55.619 55.722 55.828
31.012 48.342 51.756 52.960 53.543 53.859 54.034 54.129 54.173 54.186 54.179 54.159 54.133 54.105 54.077 54.051 54.030 54.013 54.003 53.998 54.000 54.007 54.020 54.038 54.062 54.089 54.120 54.155 54.191 54.230 54.270 54.312 54.353 54.395 54.436 54.476 54.515 54.552 54.588 54.622 54.654 54.684 54.712 54.738 54.762 54.784 54.805 54.825 54.844 54.862 54.880 54.898 54.917 54.938 54.959 54.983 55.010 55.039 55.072 55.110 55.151 55.198 55.249 55.305 55.365 55.428 55.492 55.554 55.614 55.673 55.734 55.799 55.868
25.737 40.492 50.037 52.275 53.236 53.714 53.969 54.106 54.173 54.199 54.198 54.181 54.155 54.125 54.095 54.066 54.040 54.020 54.005 53.997 53.995 53.999 54.010 54.026 54.047 54.073 54.103 54.136 54.172 54.209 54.247 54.286 54.325 54.363 54.401 54.437 54.471 54.504 54.534 54.563 54.588 54.612 54.633 54.653 54.670 54.685 54.699 54.712 54.724 54.735 54.747 54.759 54.772 54.786 54.803 54.822 54.843 54.868 54.896 54.927 54.962 55.001 55.043 55.090 55.141 55.199 55.265 55.341 55.427 55.521 55.619 55.722 55.828
24.859 36.189 49.052 51.927 53.048 53.597 53.891 54.051 54.136 54.174 54.184 54.176 54.157 54.132 54.106 54.080 54.056 54.036 54.021 54.010 54.006 54.006 54.012 54.024 54.040 54.060 54.085 54.112 54.142 54.175 54.209 54.243 54.278 54.313 54.347 54.380 54.411 54.441 54.468 54.493 54.515 54.534 54.551 54.565 54.576 54.585 54.592 54.597 54.601 54.603 54.605 54.608 54.611 54.616 54.622 54.632 54.645 54.662 54.684 54.711 54.744 54.784 54.830 54.884 54.945 55.013 55.086 55.161 55.236 55.311 55.386 55.459 55.531
24.290 33.916 48.068 51.573 52.856 53.471 53.798 53.980 54.079 54.128 54.147 54.147 54.135 54.117 54.096 54.074 54.055 54.038 54.025 54.016 54.012 54.013 54.018 54.028 54.041 54.058 54.079 54.102 54.127 54.154 54.182 54.210 54.239 54.267 54.295 54.321 54.346 54.370 54.391 54.410 54.426 54.440 54.451 54.459 54.464 54.466 54.466 54.464 54.459 54.453 54.445 54.436 54.427 54.418 54.409 54.401 54.396 54.392 54.392 54.394 54.400 54.409 54.422 54.438 54.457 54.480 54.509 54.546 54.595 54.655 54.726 54.808 54.898
23.571 31.569 46.557 50.988 52.567 53.293 53.677 53.891 54.012 54.077 54.108 54.117 54.113 54.101 54.085 54.069 54.053 54.040 54.029 54.023 54.020 54.022 54.027 54.037 54.050 54.066 54.085 54.106 54.128 54.153 54.178 54.203 54.228 54.253 54.277 54.299 54.320 54.339 54.356 54.371 54.383 54.392 54.399 54.402 54.403 54.401 54.396 54.389 54.378 54.366 54.351 54.334 54.315 54.295 54.274 54.253 54.233 54.212 54.194 54.177 54.162 54.151 54.143 54.140 54.140 54.145 54.153 54.164 54.179 54.199 54.225 54.259 54.304
22.755 29.252 43.850 49.956 52.080 53.019 53.503 53.774 53.931 54.020 54.068 54.091 54.097 54.094 54.085 54.074 54.063 54.053 54.046 54.041 54.040 54.042 54.048 54.057 54.070 54.085 54.103 54.123 54.145 54.168 54.192 54.216 54.240 54.264 54.287 54.309 54.330 54.350 54.367 54.383 54.397 54.409 54.419 54.427 54.432 54.435 54.437 54.436 54.433 54.428 54.421 54.413 54.403 54.392 54.380 54.366 54.352 54.337 54.322 54.306 54.290 54.275 54.260 54.244 54.225 54.205 54.193 54.186 54.174 54.138 54.064 53.992 54.037
21.908 27.207 34.492 47.458 51.127 52.527 53.214 53.592 53.812 53.944 54.022 54.066 54.089 54.098 54.100 54.096 54.091 54.085 54.081 54.078 54.079 54.082 54.088 54.097 54.109 54.124 54.141 54.160 54.181 54.203 54.227 54.251 54.275 54.300 54.324 54.348 54.372 54.395 54.416 54.437 54.457 54.476 54.493 54.510 54.525 54.539 54.552 54.564 54.575 54.585 54.594 54.602 54.610 54.617 54.622 54.626 54.630 54.634 54.632 54.620 54.612 54.618 54.621 54.575 54.438 54.347 54.502 54.683 54.463 53.518 51.949 51.060 58.170
21.116 25.521 29.857 38.841 48.889 51.471 52.634 53.242 53.591 53.803 53.935 54.018 54.069 54.100 54.117 54.126 54.130 54.132 54.133 54.134 54.137 54.142 54.149 54.158 54.170 54.184 54.201 54.219 54.240 54.262 54.285 54.309 54.335 54.361 54.387 54.414 54.441 54.468 54.495 54.522 54.548 54.574 54.600 54.626 54.651 54.676 54.700 54.724 54.747 54.768 54.788 54.809 54.829 54.841 54.843 54.851 54.874 54.882 54.804 54.620 54.658 54.912 54.915 54.050 52.139 51.399 58.000 59.394 50.532 36.409 24.817 12.916 1.123
20.455 24.258 27.258 30.884 39.081 48.561 51.191 52.419 53.079 53.470 53.715 53.875 53.981 54.052 54.099 54.131 54.153 54.169 54.180 54.190 54.199 54.208 54.218 54.230 54.243 54.258 54.275 54.294 54.315 54.338 54.362 54.387 54.414 54.442 54.471 54.500 54.531 54.562 54.594 54.626 54.658 54.690 54.722 54.754 54.785 54.816 54.847 54.878 54.902 54.916 54.933 54.968 54.993 54.923 54.785 54.888 55.172 55.051 53.823 51.642 55.398 59.341 54.863 41.405 27.817 17.112 3.939 0.026 0.000 0.000 0.000 0.000 0.000
19.952 23.360 25.720 27.853 30.435 35.294 46.115 49.943 51.649 52.552 53.094 53.440 53.671 53.831 53.945 54.026 54.086 54.131 54.166 54.194 54.217 54.237 54.256 54.275 54.293 54.312 54.332 54.354 54.376 54.400 54.425 54.451 54.479 54.507 54.537 54.567 54.598 54.630 54.663 54.694 54.725 54.756 54.789 54.816 54.832 54.849 54.883 54.916 54.866 54.775 54.828 55.074 54.988 53.803 52.008 55.406 58.893 53.316 38.838 25.309 14.299 2.174 0.005 0.000 0.000 0.000 0.000 0.000 0.000 0.000 0.000 0.000 0.000
19.544 22.684 24.661 26.204 27.638 29.239 31.519 36.296 46.127 49.384 51.066 52.057 52.662 53.071 53.364 53.575 53.728 53.845 53.936 54.009 54.068 54.117 54.158 54.193 54.225 54.253 54.280 54.306 54.330 54.353 54.376 54.398 54.420 54.440 54.458 54.477 54.499 54.520 54.530 54.526 54.524 54.542 54.559 54.505 54.365 54.324 54.509 54.481 53.488 52.718 54.589 57.743 53.090 39.142 25.451 14.695 2.609 0.009 0.000 0.000 0.000 0.000 0.000 0.000 0.000 0.000 0.000 0.000 0.000 0.000 0.000 0.000 0.000
19.120 21.973 23.631 24.803 25.756 26.633 27.553 28.635 30.134 32.594 38.188 46.484 48.817 50.156 51.177 51.942 52.412 52.735 52.985 53.185 53.347 53.477 53.581 53.663 53.728 53.778 53.815 53.842 53.858 53.866 53.865 53.857 53.837 53.802 53.761 53.739 53.741 53.651 53.451 53.187 53.084 53.223 53.156 52.225 50.787 51.456 54.568 51.368 38.918 25.587 15.516 3.817 0.033 0.000 0.000 0.000 0.000 0.000 0.000 0.000 0.000 0.000 0.000 0.000 0.000 0.000 0.000 0.000 0.000 0.000 0.000 0.000 0.000
18.483 20.898 22.154 22.952 23.548 24.052 24.526 25.019 25.567 26.213 27.015 28.061 29.492 31.580 34.964 42.166 47.157 48.265 49.014 49.626 50.136 50.553 50.887 51.143 51.325 51.441 51.493 51.490 51.442 51.365 51.265 51.132 50.930 50.658 50.474 50.555 50.401 48.588 46.595 45.025 46.324 49.503 46.142 34.780 22.959 14.174 3.922 0.050 0.000 0.000 0.000 0.000 0.000 0.000 0.000 0.000 0.000 0.000 0.000 0.000 0.000 0.000 0.000 0.000 0.000 0.000 0.000 0.000 0.000 0.000 0.000 0.000 0.000
17.253 18.879 19.584 19.985 20.274 20.518 20.752 20.993 21.256 21.555 21.885 22.265 22.689 23.171 23.723 24.344 25.045 25.830 26.683 27.626 28.635 29.683 30.751 31.775 32.689 33.429 33.942 34.258 34.494 34.765 35.056 35.146 34.775 34.346 35.963 40.244 41.725 35.571 25.103 16.524 9.607 1.684 0.006 0.000 0.000 0.000 0.000 0.000 0.000 0.000 0.000 0.000 0.000 0.000 0.000 0.000 0.000 0.000 0.000 0.000 0.000 0.000 0.000 0.000 0.000 0.000 0.000 0.000 0.000 0.000 0.000 0.000 0.000
