Examples/2023_ISeeSnow/data/CoulombOnly/Results/curv77s/s/1HS_03_curv77s_MoT-Voellmy_s_0053.asc
ncols        157
nrows        47
xllcorner    3222.5
yllcorner    -4367.5
cellsize     5.00
NODATA_value -9999
[rows 0 to 31 of 47, columns 0 to 71 of 157]
0.000 0.000 0.000 0.000 0.000 0.000 0.000 0.000 0.000 0.000 0.000 0.000 0.000 0.000 0.000 0.000 0.000 0.000 0.000 0.000 0.000 0.000 0.000 0.000 0.000 0.000 0.000 0.000 0.000 0.000 0.000 0.000 0.000 0.000 0.000 0.000 0.000 0.000 0.000 0.000 0.000 0.000 0.000 0.000 0.000 0.000 0.000 0.000 0.000 0.000 0.000 0.000 0.000 0.000 0.000 0.000 0.000 0.000 0.000 0.000 0.001 0.002 0.007 0.016 0.038 0.085 0.174 0.325 0.565 0.924 1.435 2.123
0.000 0.000 0.000 0.000 0.000 0.000 0.000 0.000 0.000 0.000 0.000 0.000 0.000 0.000 0.000 0.000 0.000 0.000 0.000 0.000 0.000 0.000 0.000 0.000 0.000 0.000 0.000 0.000 0.000 0.000 0.000 0.000 0.000 0.000 0.000 0.000 0.000 0.000 0.000 0.000 0.000 0.000 0.000 0.000 0.000 0.000 0.000 0.000 0.000 0.000 0.000 0.001 0.003 0.009 0.017 0.043 0.107 0.237 0.472 0.859 1.457 2.326 3.523 5.094 7.058 9.403 12.090 15.065 18.264 21.626 25.091 28.546
0.000 0.000 0.000 0.000 0.000 0.000 0.000 0.000 0.000 0.000 0.000 0.000 0.000 0.000 0.000 0.000 0.000 0.000 0.000 0.000 0.000 0.000 0.000 0.000 0.000 0.000 0.000 0.000 0.000 0.000 0.000 0.000 0.000 0.000 0.000 0.000 0.000 0.000 0.000 0.000 0.000 0.000 0.000 0.001 0.004 0.010 0.015 0.049 0.134 0.307 0.620 1.133 1.917 3.036 4.541 6.449 8.742 11.369 14.261 17.343 20.537 23.771 26.984 30.155 33.324 36.348 39.166 41.775 44.187 46.417 48.482 50.396
0.000 0.000 0.000 0.000 0.000 0.000 0.000 0.000 0.000 0.000 0.000 0.000 0.000 0.000 0.000 0.000 0.000 0.000 0.000 0.000 0.000 0.000 0.000 0.000 0.000 0.000 0.000 0.000 0.000 0.000 0.000 0.000 0.000 0.000 0.000 0.001 0.004 0.010 0.010 0.026 0.101 0.267 0.578 1.103 1.915 3.074 4.615 6.532 8.784 11.301 14.000 16.795 19.600 22.342 24.966 27.452 29.843 32.185 34.472 36.683 38.735 40.615 42.341 44.075 47.407 50.008 51.996 53.483 54.578 55.380 55.968 56.396
0.000 0.000 0.000 0.000 0.000 0.000 0.000 0.000 0.000 0.000 0.000 0.000 0.000 0.000 0.000 0.000 0.000 0.000 0.000 0.000 0.000 0.000 0.000 0.000 0.000 0.000 0.000 0.000 0.002 0.010 0.010 0.010 0.039 0.163 0.421 0.887 1.640 2.745 4.231 6.086 8.260 10.675 13.239 15.857 18.433 20.881 23.129 25.133 26.904 28.492 29.957 31.342 32.651 33.864 34.985 36.118 37.411 39.186 41.855 46.538 50.082 52.590 54.354 55.620 56.541 57.216 57.708 58.063 58.311 58.477 58.576 58.623
0.000 0.000 0.000 0.000 0.000 0.000 0.000 0.000 0.000 0.000 0.000 0.000 0.000 0.000 0.000 0.000 0.000 0.000 0.000 0.000 0.001 0.006 0.010 0.010 0.010 0.056 0.238 0.605 1.247 2.242 3.632 5.413 7.535 9.919 12.466 15.067 17.613 20.003 22.147 23.987 25.510 26.749 27.751 28.559 29.205 29.706 30.078 30.351 30.610 31.007 31.761 33.170 35.329 38.252 42.045 47.818 51.738 54.278 55.994 57.198 58.063 58.688 59.141 59.464 59.687 59.833 59.917 59.951 59.945 59.905 59.838 59.747
0.000 0.000 0.000 0.000 0.000 0.000 0.000 0.000 0.000 0.000 0.000 0.000 0.001 0.006 0.010 0.010 0.014 0.084 0.243 0.555 1.099 1.956 3.184 4.801 6.797 9.153 11.737 14.419 17.069 19.562 21.786 23.664 25.170 26.318 27.148 27.704 28.022 28.134 28.059 27.824 27.479 27.123 26.896 26.939 27.358 28.210 29.513 31.318 33.785 36.907 40.718 46.558 52.012 55.067 57.027 58.341 59.255 59.904 60.367 60.695 60.921 61.070 61.156 61.193 61.190 61.154 61.090 61.003 60.895 60.771 60.631 60.478
0.000 0.000 0.000 0.000 0.003 0.010 0.010 0.033 0.093 0.220 0.456 0.863 1.511 2.465 3.772 5.444 7.462 9.770 12.284 14.895 17.478 19.901 22.040 23.806 25.219 26.375 27.193 27.686 27.878 27.801 27.482 26.956 26.277 25.533 24.838 24.311 24.035 24.054 24.371 24.968 25.826 26.938 28.316 29.993 32.077 34.803 38.204 42.427 49.791 54.525 57.285 58.985 60.103 60.868 61.403 61.778 62.038 62.211 62.317 62.370 62.382 62.358 62.306 62.229 62.131 62.016 61.885 61.740 61.583 61.415 61.237 61.050
0.344 0.619 1.056 1.711 2.642 3.894 5.492 7.434 9.688 12.193 14.860 17.580 20.227 22.673 24.810 26.568 27.914 28.843 29.367 29.511 29.305 28.783 27.979 26.938 25.781 24.687 23.677 22.841 22.246 21.918 21.852 22.020 22.387 22.920 23.591 24.384 25.296 26.335 27.527 28.916 30.564 32.596 35.290 38.719 43.090 51.153 56.087 58.824 60.453 61.499 62.202 62.685 63.019 63.245 63.392 63.478 63.516 63.515 63.482 63.423 63.341 63.240 63.123 62.990 62.845 62.687 62.519 62.342 62.155 61.960 61.758 61.548
14.298 17.055 19.834 22.535 25.045 27.266 29.137 30.618 31.690 32.350 32.607 32.483 32.004 31.206 30.129 28.826 27.374 25.872 24.430 23.146 22.089 21.293 20.759 20.462 20.415 20.651 21.058 21.586 22.198 22.870 23.591 24.360 25.184 26.078 27.062 28.170 29.449 30.964 32.832 35.334 38.610 42.842 51.443 56.894 59.867 61.574 62.639 63.339 63.814 64.137 64.355 64.495 64.575 64.609 64.605 64.571 64.512 64.431 64.331 64.215 64.085 63.942 63.787 63.622 63.447 63.263 63.071 62.871 62.663 62.449 62.228 62.000
35.455 35.625 35.302 34.621 33.621 32.349 30.867 29.259 27.623 26.059 24.649 23.451 22.491 21.772 21.276 20.976 20.838 20.831 20.928 21.106 21.345 21.632 21.957 22.315 22.748 23.330 23.979 24.676 25.411 26.182 27.001 27.888 28.874 30.003 31.342 32.989 35.169 38.153 42.063 48.708 56.951 60.485 62.414 63.577 64.324 64.823 65.161 65.388 65.534 65.619 65.658 65.658 65.629 65.573 65.497 65.401 65.290 65.164 65.026 64.876 64.715 64.544 64.365 64.177 63.980 63.777 63.566 63.349 63.124 62.894 62.658 62.416
25.238 24.342 23.476 22.803 22.314 21.984 21.789 21.704 21.708 21.783 21.912 22.085 22.290 22.522 22.774 23.045 23.329 23.627 23.936 24.257 24.589 24.934 25.292 25.667 26.114 26.715 27.386 28.112 28.895 29.753 30.722 31.862 33.258 35.080 37.646 41.105 46.192 55.941 60.647 62.992 64.339 65.183 65.737 66.109 66.359 66.522 66.621 66.670 66.679 66.657 66.609 66.539 66.450 66.344 66.224 66.091 65.947 65.791 65.626 65.451 65.268 65.077 64.878 64.672 64.458 64.238 64.012 63.780 63.542 63.298 63.049 62.794
22.629 23.250 23.454 23.649 23.854 24.068 24.291 24.521 24.758 25.000 25.247 25.499 25.755 26.015 26.280 26.550 26.825 27.106 27.393 27.688 27.994 28.313 28.649 29.009 29.457 30.088 30.813 31.635 32.589 33.743 35.223 37.306 40.251 44.364 54.281 60.269 63.293 64.939 65.932 66.573 66.999 67.286 67.475 67.593 67.656 67.678 67.665 67.625 67.562 67.479 67.380 67.266 67.138 66.999 66.849 66.689 66.519 66.341 66.155 65.960 65.759 65.550 65.335 65.113 64.885 64.651 64.412 64.167 63.917 63.662 63.402 63.137
25.519 26.823 27.143 27.363 27.569 27.776 27.984 28.194 28.406 28.621 28.837 29.055 29.276 29.500 29.727 29.958 30.194 30.437 30.689 30.952 31.232 31.533 31.866 32.243 32.751 33.510 34.451 35.644 37.270 39.661 43.036 48.875 59.056 63.272 65.366 66.582 67.346 67.849 68.186 68.410 68.553 68.634 68.669 68.667 68.635 68.578 68.501 68.406 68.296 68.172 68.036 67.890 67.734 67.568 67.394 67.212 67.022 66.824 66.620 66.409 66.192 65.968 65.739 65.504 65.264 65.018 64.768 64.512 64.253 63.988 63.720 63.447
27.971 30.001 30.504 30.758 30.953 31.134 31.314 31.493 31.672 31.853 32.035 32.219 32.406 32.596 32.790 32.990 33.200 33.420 33.657 33.915 34.204 34.539 34.948 35.472 36.245 37.500 39.370 42.101 46.253 56.889 62.754 65.585 67.128 68.067 68.675 69.079 69.348 69.522 69.625 69.675 69.683 69.658 69.605 69.531 69.437 69.328 69.205 69.069 68.923 68.768 68.603 68.431 68.250 68.063 67.869 67.668 67.461 67.248 67.029 66.804 66.574 66.338 66.097 65.852 65.601 65.346 65.087 64.824 64.556 64.285 64.009 63.730
29.793 32.499 33.263 33.603 33.809 33.975 34.130 34.283 34.436 34.590 34.748 34.908 35.073 35.245 35.425 35.617 35.826 36.057 36.323 36.639 37.037 37.561 38.305 39.453 41.415 44.619 51.085 61.433 65.483 67.530 68.729 69.485 69.981 70.309 70.521 70.651 70.718 70.737 70.717 70.667 70.592 70.496 70.383 70.255 70.115 69.964 69.804 69.636 69.460 69.278 69.090 68.895 68.696 68.491 68.280 68.065 67.844 67.619 67.389 67.153 66.913 66.668 66.419 66.165 65.907 65.645 65.379 65.109 64.835 64.558 64.277 63.992
31.096 34.355 35.406 35.885 36.142 36.316 36.461 36.597 36.732 36.870 37.015 37.167 37.330 37.506 37.703 37.927 38.188 38.508 38.922 39.489 40.320 41.670 43.869 47.591 58.501 64.690 67.671 69.291 70.269 70.895 71.305 71.571 71.736 71.826 71.858 71.845 71.796 71.717 71.614 71.492 71.353 71.200 71.037 70.865 70.685 70.499 70.307 70.111 69.911 69.707 69.500 69.290 69.075 68.858 68.637 68.412 68.183 67.950 67.712 67.470 67.224 66.974 66.719 66.459 66.196 65.927 65.655 65.379 65.098 64.813 64.525 64.232
32.006 35.668 36.976 37.614 37.958 38.173 38.336 38.480 38.622 38.771 38.933 39.111 39.312 39.545 39.827 40.179 40.641 41.282 42.249 43.856 46.444 51.745 63.194 67.642 69.657 70.981 71.805 72.336 72.682 72.901 73.027 73.082 73.082 73.037 72.954 72.841 72.703 72.545 72.370 72.182 71.985 71.780 71.570 71.357 71.141 70.924 70.706 70.488 70.270 70.051 69.832 69.612 69.391 69.169 68.944 68.718 68.488 68.256 68.019 67.779 67.534 67.284 67.030 66.769 66.503 66.230 65.951 65.665 65.372 65.072 64.766 64.454
32.673 36.626 38.154 38.957 39.419 39.720 39.949 40.151 40.349 40.558 40.791 41.059 41.380 41.776 42.296 43.020 44.126 45.960 49.051 57.819 67.602 70.862 72.319 72.978 73.371 73.834 74.142 74.334 74.438 74.474 74.451 74.380 74.266 74.115 73.932 73.723 73.492 73.245 72.988 72.725 72.460 72.196 71.935 71.678 71.426 71.180 70.939 70.704 70.473 70.247 70.025 69.806 69.590 69.376 69.164 68.953 68.743 68.533 68.322 68.111 67.896 67.678 67.455 67.223 66.981 66.726 66.454 66.163 65.851 65.517 65.164 64.793
33.360 37.619 39.400 40.419 41.057 41.500 41.847 42.158 42.466 42.801 43.188 43.648 44.216 44.978 46.094 47.921 51.292 63.619 70.828 73.689 74.937 75.499 75.709 75.711 75.712 75.910 76.034 76.090 76.086 76.028 75.918 75.756 75.543 75.278 74.964 74.608 74.221 73.816 73.406 73.002 72.611 72.235 71.877 71.537 71.211 70.899 70.597 70.304 70.018 69.736 69.458 69.181 68.906 68.630 68.354 68.078 67.801 67.523 67.245 66.966 66.688 66.411 66.134 65.858 65.582 65.308 65.036 64.764 64.494 64.225 63.958 63.693
34.373 39.060 41.207 42.548 43.457 44.128 44.687 45.245 45.928 46.799 47.849 49.057 50.426 52.088 54.636 62.579 72.765 75.781 77.080 77.677 77.941 78.020 77.983 77.866 77.810 77.968 78.092 78.179 78.233 78.256 78.247 78.197 78.087 77.871 77.462 76.784 75.941 75.109 74.397 73.828 73.379 73.015 72.710 72.442 72.197 71.966 71.740 71.517 71.293 71.064 70.829 70.584 70.327 70.055 69.763 69.450 69.113 68.755 68.379 67.994 67.607 67.229 66.865 66.520 66.198 65.899 65.622 65.361 65.114 64.876 64.645 64.417
34.314 39.925 42.893 45.042 46.748 48.238 49.768 52.052 59.282 71.217 75.149 77.092 78.170 78.788 79.115 79.238 79.205 79.048 78.788 78.443 78.027 77.551 77.024 76.461 76.022 75.862 75.679 75.481 75.271 75.051 74.824 74.596 74.372 74.153 73.942 73.738 73.540 73.346 73.152 72.956 72.756 72.547 72.328 72.096 71.852 71.593 71.319 71.031 70.730 70.417 70.093 69.762 69.424 69.084 68.742 68.401 68.063 67.728 67.399 67.074 66.755 66.442 66.135 65.834 65.540 65.253 64.972 64.698 64.433 64.175 63.926 63.686
34.832 37.619 38.339 38.505 38.453 38.318 38.153 37.982 37.815 37.651 37.484 37.307 37.104 36.858 36.557 36.219 35.880 35.600 35.440 35.470 35.795 36.676 38.609 41.444 44.894 48.833 53.103 59.274 68.802 72.397 73.981 74.769 75.184 75.416 75.545 75.587 75.552 75.454 75.304 75.117 74.904 74.165 72.828 71.280 69.841 68.657 67.651 66.567 65.141 63.245 60.896 58.215 55.379 52.577 49.952 47.584 45.514 43.763 42.346 41.271 40.548 40.180 40.154 40.417 40.776 40.789 40.315 40.747 42.514 45.549 50.495 55.981
56.007 83.023 87.313 88.663 89.165 89.279 89.173 88.923 88.573 88.147 87.663 87.131 86.562 85.961 85.333 84.682 84.011 83.322 82.617 81.898 81.166 80.422 79.667 78.918 78.336 78.042 77.724 77.403 77.082 76.760 76.439 76.119 75.801 75.484 75.168 74.855 74.544 74.235 73.929 73.625 73.324 73.026 72.730 72.437 72.146 71.858 71.572 71.288 71.007 70.727 70.449 70.172 69.897 69.623 69.351 69.079 68.808 68.537 68.267 67.997 67.727 67.457 67.187 66.916 66.645 66.374 66.102 65.830 65.557 65.283 65.009 64.735
34.831 37.617 38.336 38.502 38.450 38.314 38.149 37.978 37.811 37.647 37.481 37.303 37.100 36.854 36.554 36.216 35.878 35.600 35.441 35.472 35.799 36.683 38.619 41.455 44.906 48.846 53.118 59.309 68.822 72.404 73.984 74.770 75.185 75.416 75.546 75.588 75.553 75.456 75.308 75.121 74.909 74.147 72.798 71.250 69.804 68.597 67.554 66.423 64.934 62.958 60.535 57.808 54.960 52.174 49.592 47.288 45.293 43.613 42.254 41.218 40.510 40.132 40.072 40.297 40.662 40.777 40.336 40.726 42.419 45.367 49.930 55.858
34.314 39.925 42.893 45.041 46.747 48.237 49.767 52.051 59.281 71.216 75.149 77.092 78.170 78.788 79.115 79.238 79.205 79.047 78.788 78.443 78.027 77.551 77.023 76.461 76.022 75.862 75.679 75.481 75.270 75.050 74.824 74.596 74.371 74.152 73.941 73.737 73.540 73.345 73.152 72.956 72.755 72.546 72.327 72.096 71.851 71.592 71.319 71.031 70.729 70.416 70.092 69.760 69.423 69.082 68.740 68.400 68.061 67.727 67.397 67.073 66.754 66.441 66.134 65.834 65.539 65.252 64.971 64.698 64.433 64.175 63.927 63.686
34.372 39.060 41.207 42.548 43.457 44.128 44.687 45.244 45.928 46.799 47.849 49.056 50.425 52.087 54.636 62.578 72.765 75.780 77.080 77.677 77.941 78.019 77.983 77.866 77.810 77.968 78.092 78.179 78.233 78.256 78.247 78.197 78.087 77.871 77.461 76.784 75.940 75.108 74.396 73.827 73.378 73.014 72.709 72.441 72.197 71.965 71.740 71.517 71.292 71.064 70.828 70.584 70.327 70.054 69.763 69.450 69.113 68.754 68.379 67.993 67.606 67.226 66.862 66.517 66.195 65.896 65.619 65.359 65.113 64.876 64.646 64.419
33.360 37.618 39.399 40.419 41.056 41.499 41.846 42.157 42.465 42.800 43.187 43.647 44.215 44.978 46.093 47.920 51.292 63.617 70.828 73.688 74.937 75.499 75.709 75.710 75.712 75.910 76.034 76.090 76.086 76.028 75.918 75.756 75.543 75.278 74.964 74.608 74.221 73.816 73.406 73.002 72.610 72.235 71.877 71.536 71.210 70.898 70.596 70.304 70.017 69.735 69.457 69.180 68.905 68.629 68.353 68.077 67.799 67.522 67.243 66.965 66.687 66.409 66.132 65.856 65.581 65.307 65.034 64.763 64.493 64.224 63.957 63.692
32.673 36.625 38.153 38.956 39.418 39.719 39.948 40.150 40.347 40.557 40.790 41.058 41.379 41.775 42.295 43.019 44.125 45.960 49.050 57.815 67.601 70.861 72.319 72.978 73.371 73.833 74.141 74.333 74.438 74.473 74.451 74.380 74.266 74.115 73.932 73.722 73.492 73.245 72.988 72.725 72.460 72.196 71.934 71.677 71.425 71.179 70.939 70.703 70.473 70.247 70.025 69.806 69.590 69.376 69.164 68.953 68.743 68.533 68.322 68.111 67.896 67.678 67.455 67.223 66.981 66.725 66.453 66.161 65.849 65.515 65.161 64.790
32.005 35.666 36.975 37.613 37.956 38.172 38.334 38.478 38.621 38.770 38.931 39.109 39.310 39.544 39.825 40.178 40.639 41.281 42.248 43.855 46.443 51.742 63.192 67.640 69.656 70.981 71.804 72.336 72.681 72.900 73.026 73.082 73.082 73.036 72.954 72.841 72.703 72.544 72.370 72.182 71.985 71.780 71.570 71.357 71.141 70.924 70.706 70.488 70.269 70.051 69.832 69.612 69.391 69.169 68.944 68.718 68.488 68.256 68.019 67.779 67.534 67.285 67.030 66.769 66.503 66.230 65.951 65.665 65.372 65.072 64.766 64.453
31.095 34.354 35.404 35.883 36.140 36.314 36.459 36.594 36.730 36.868 37.013 37.165 37.328 37.505 37.701 37.925 38.187 38.506 38.920 39.487 40.319 41.669 43.867 47.588 58.498 64.688 67.670 69.290 70.268 70.894 71.304 71.571 71.736 71.825 71.858 71.845 71.795 71.717 71.614 71.491 71.352 71.200 71.037 70.864 70.684 70.498 70.307 70.111 69.911 69.707 69.500 69.289 69.075 68.858 68.637 68.412 68.183 67.949 67.712 67.470 67.224 66.974 66.719 66.459 66.196 65.928 65.655 65.379 65.098 64.813 64.525 64.232
29.791 32.497 33.260 33.600 33.806 33.973 34.128 34.280 34.433 34.588 34.745 34.906 35.071 35.242 35.423 35.615 35.824 36.055 36.321 36.638 37.035 37.560 38.304 39.452 41.414 44.617 51.080 61.429 65.481 67.529 68.728 69.484 69.980 70.308 70.521 70.650 70.717 70.736 70.717 70.667 70.592 70.496 70.383 70.255 70.115 69.964 69.804 69.635 69.460 69.278 69.089 68.895 68.695 68.490 68.280 68.065 67.844 67.619 67.388 67.153 66.913 66.668 66.419 66.165 65.907 65.645 65.379 65.109 64.835 64.558 64.276 63.992
