Examples/2023_ISeeSnow/data/CoulombOnly/Results/curv77s/s/1HS_03_curv77s_MoT-Voellmy_s_0022.asc
ncols        115
nrows        35
xllcorner    1372.5
yllcorner    -4337.5
cellsize     5.00
NODATA_value -9999
[rows 0 to 31 of 35, columns 0 to 72 of 115]
14.602 15.364 15.631 15.819 16.013 16.223 16.434 16.641 16.834 17.015 17.186 17.348 17.497 17.633 17.799 18.120 18.629 19.289 20.073 21.101 22.651 24.937 27.731 30.054 30.443 28.128 23.890 19.274 15.233 11.647 6.264 0.567 0.000 0.000 0.000 0.000 0.000 0.000 0.000 0.000 0.000 0.000 0.000 0.000 0.000 0.000 0.000 0.000 0.000 0.000 0.000 0.000 0.000 0.000 0.000 0.000 0.000 0.000 0.000 0.000 0.000 0.000 0.000 0.000 0.000 0.000 0.000 0.000 0.000 0.000 0.000 0.000 0.000
15.745 17.302 17.965 18.356 18.659 18.938 19.224 19.528 19.860 20.237 20.667 21.163 21.740 22.432 23.268 24.280 25.571 27.205 29.345 32.287 36.609 41.979 42.777 43.215 43.572 43.792 43.792 43.482 42.781 40.848 39.673 40.672 43.280 45.932 45.344 39.296 30.206 22.012 15.142 5.068 0.099 0.000 0.000 0.000 0.000 0.000 0.000 0.000 0.000 0.000 0.000 0.000 0.000 0.000 0.000 0.000 0.000 0.000 0.000 0.000 0.000 0.000 0.000 0.000 0.000 0.000 0.000 0.000 0.000 0.000 0.000 0.000 0.000
16.551 18.697 19.796 20.522 21.101 21.633 22.178 22.790 23.552 24.554 26.004 28.426 33.810 40.934 42.654 43.545 44.200 44.729 45.164 45.516 45.778 45.932 46.032 46.115 46.190 46.256 46.305 46.326 46.300 46.214 46.077 46.029 46.139 46.376 46.595 46.537 45.934 44.648 43.275 47.619 52.061 50.919 41.740 29.820 20.211 9.295 0.521 0.000 0.000 0.000 0.000 0.000 0.000 0.000 0.000 0.000 0.000 0.000 0.000 0.000 0.000 0.000 0.000 0.000 0.000 0.000 0.000 0.000 0.000 0.000 0.000 0.000 0.000
17.090 19.610 21.056 22.123 23.062 24.023 25.183 26.887 30.217 39.298 42.669 44.202 45.170 45.755 46.107 46.340 46.506 46.625 46.711 46.770 46.809 46.835 46.854 46.869 46.883 46.897 46.911 46.925 46.935 46.938 46.934 46.931 46.941 46.973 47.024 47.072 47.078 46.996 46.873 47.030 47.452 47.815 47.592 46.369 44.701 49.723 53.833 49.929 37.898 25.504 15.203 2.922 0.012 0.000 0.000 0.000 0.000 0.000 0.000 0.000 0.000 0.000 0.000 0.000 0.000 0.000 0.000 0.000 0.000 0.000 0.000 0.000 0.000
17.532 20.357 22.166 23.701 25.359 27.799 33.635 41.704 44.130 45.366 46.043 46.443 46.694 46.853 46.955 47.020 47.062 47.087 47.102 47.110 47.113 47.115 47.116 47.117 47.119 47.122 47.128 47.135 47.144 47.154 47.165 47.176 47.189 47.207 47.229 47.257 47.285 47.307 47.322 47.354 47.422 47.516 47.585 47.553 47.458 47.695 48.187 48.407 47.655 45.801 49.237 53.607 50.764 38.821 25.833 15.246 2.986 0.013 0.000 0.000 0.000 0.000 0.000 0.000 0.000 0.000 0.000 0.000 0.000 0.000 0.000 0.000 0.000
18.019 21.206 23.543 26.102 30.675 40.721 44.130 45.529 46.237 46.637 46.876 47.023 47.113 47.167 47.198 47.215 47.223 47.225 47.224 47.222 47.221 47.220 47.220 47.222 47.226 47.232 47.240 47.249 47.260 47.272 47.286 47.301 47.316 47.333 47.352 47.373 47.396 47.420 47.444 47.471 47.504 47.545 47.589 47.628 47.661 47.715 47.805 47.901 47.921 47.810 47.931 48.335 48.533 47.769 45.884 49.289 52.983 48.681 36.036 23.565 12.665 1.544 0.002 0.000 0.000 0.000 0.000 0.000 0.000 0.000 0.000 0.000 0.000
18.631 22.350 25.756 31.792 41.959 44.805 45.947 46.521 46.838 47.022 47.131 47.195 47.231 47.250 47.258 47.261 47.260 47.259 47.258 47.259 47.262 47.266 47.273 47.282 47.293 47.306 47.320 47.335 47.351 47.368 47.386 47.403 47.421 47.439 47.457 47.475 47.494 47.514 47.534 47.555 47.578 47.603 47.631 47.660 47.691 47.725 47.766 47.811 47.854 47.886 47.927 47.997 48.073 48.069 47.936 48.041 48.388 48.415 47.368 45.553 49.630 51.998 45.153 32.004 20.563 8.735 0.413 0.000 0.000 0.000 0.000 0.000 0.000
19.458 24.087 30.288 41.550 44.793 46.002 46.580 46.888 47.062 47.160 47.215 47.245 47.258 47.264 47.264 47.264 47.264 47.266 47.270 47.277 47.287 47.300 47.315 47.333 47.352 47.373 47.395 47.417 47.440 47.462 47.485 47.506 47.527 47.546 47.565 47.583 47.600 47.616 47.632 47.648 47.664 47.680 47.697 47.715 47.734 47.755 47.779 47.804 47.832 47.861 47.891 47.925 47.963 47.995 48.014 48.042 48.094 48.137 48.081 47.941 48.089 48.374 48.118 46.694 45.698 50.641 50.724 40.931 27.967 17.303 4.403 0.039 0.000
20.450 26.519 39.518 44.134 45.782 46.501 46.864 47.060 47.168 47.226 47.255 47.268 47.271 47.271 47.269 47.268 47.270 47.275 47.284 47.297 47.313 47.332 47.355 47.379 47.406 47.434 47.463 47.492 47.521 47.549 47.576 47.602 47.626 47.649 47.670 47.688 47.705 47.721 47.734 47.747 47.758 47.769 47.779 47.788 47.799 47.809 47.821 47.834 47.848 47.864 47.881 47.900 47.922 47.944 47.966 47.989 48.015 48.041 48.059 48.067 48.087 48.124 48.129 48.018 47.937 48.151 48.295 47.669 45.952 47.932 52.330 48.132 36.221
21.542 29.867 42.164 45.190 46.271 46.773 47.032 47.170 47.243 47.279 47.294 47.297 47.294 47.290 47.287 47.287 47.291 47.299 47.312 47.330 47.351 47.377 47.405 47.437 47.470 47.505 47.540 47.576 47.611 47.645 47.677 47.708 47.736 47.762 47.785 47.806 47.824 47.839 47.851 47.861 47.869 47.876 47.880 47.884 47.887 47.889 47.891 47.894 47.897 47.901 47.906 47.913 47.921 47.930 47.941 47.954 47.968 47.983 48.000 48.016 48.034 48.054 48.072 48.081 48.085 48.105 48.130 48.101 47.955 47.982 48.204 48.136 47.164
22.597 34.128 43.750 45.733 46.557 46.950 47.153 47.259 47.312 47.335 47.342 47.339 47.334 47.328 47.325 47.326 47.331 47.342 47.357 47.378 47.403 47.432 47.464 47.500 47.537 47.576 47.615 47.655 47.693 47.731 47.767 47.801 47.833 47.862 47.888 47.911 47.931 47.948 47.961 47.971 47.979 47.984 47.987 47.987 47.986 47.983 47.979 47.975 47.970 47.966 47.961 47.958 47.955 47.953 47.953 47.954 47.957 47.962 47.968 47.977 47.988 48.001 48.016 48.032 48.048 48.067 48.088 48.107 48.115 48.126 48.152 48.170 48.112
23.520 39.338 44.373 46.049 46.746 47.081 47.253 47.340 47.381 47.395 47.396 47.390 47.381 47.374 47.370 47.370 47.376 47.387 47.404 47.426 47.453 47.484 47.520 47.559 47.600 47.642 47.686 47.730 47.773 47.815 47.856 47.894 47.930 47.962 47.992 48.018 48.040 48.058 48.073 48.084 48.092 48.096 48.097 48.096 48.092 48.086 48.078 48.069 48.058 48.047 48.036 48.024 48.013 48.003 47.993 47.985 47.979 47.974 47.972 47.972 47.975 47.981 47.989 48.000 48.014 48.031 48.051 48.073 48.096 48.120 48.147 48.175 48.198
24.245 40.370 44.780 46.266 46.886 47.187 47.339 47.415 47.447 47.456 47.452 47.442 47.432 47.423 47.418 47.418 47.424 47.436 47.454 47.478 47.507 47.541 47.579 47.620 47.663 47.709 47.755 47.801 47.847 47.891 47.934 47.975 48.013 48.048 48.080 48.108 48.133 48.153 48.170 48.183 48.192 48.198 48.200 48.199 48.194 48.187 48.177 48.165 48.152 48.137 48.121 48.104 48.088 48.071 48.056 48.041 48.029 48.018 48.010 48.004 48.002 48.003 48.007 48.015 48.026 48.041 48.059 48.079 48.103 48.129 48.157 48.187 48.218
24.659 40.778 44.990 46.396 46.986 47.271 47.414 47.484 47.511 47.516 47.509 47.496 47.483 47.472 47.465 47.463 47.468 47.479 47.496 47.519 47.548 47.582 47.620 47.662 47.707 47.754 47.802 47.850 47.899 47.946 47.992 48.036 48.077 48.115 48.150 48.181 48.208 48.231 48.250 48.265 48.275 48.281 48.284 48.283 48.278 48.271 48.260 48.248 48.233 48.217 48.199 48.181 48.163 48.145 48.128 48.113 48.100 48.089 48.081 48.076 48.075 48.078 48.086 48.098 48.114 48.134 48.159 48.187 48.218 48.252 48.288 48.324 48.362
24.933 41.077 45.146 46.497 47.067 47.342 47.479 47.542 47.566 47.566 47.555 47.539 47.522 47.508 47.498 47.495 47.497 47.507 47.524 47.547 47.576 47.611 47.650 47.693 47.740 47.789 47.839 47.890 47.941 47.991 48.039 48.086 48.130 48.172 48.210 48.244 48.275 48.301 48.324 48.342 48.356 48.366 48.371 48.373 48.371 48.366 48.358 48.347 48.335 48.320 48.305 48.289 48.273 48.258 48.244 48.233 48.224 48.218 48.215 48.217 48.224 48.235 48.251 48.272 48.298 48.330 48.366 48.407 48.452 48.502 48.556 48.614 48.674
25.029 41.193 45.222 46.558 47.122 47.395 47.530 47.592 47.613 47.612 47.598 47.580 47.561 47.545 47.534 47.529 47.530 47.538 47.554 47.576 47.605 47.639 47.678 47.722 47.768 47.818 47.869 47.921 47.974 48.026 48.076 48.125 48.172 48.215 48.256 48.293 48.325 48.354 48.379 48.399 48.415 48.427 48.435 48.440 48.441 48.439 48.435 48.428 48.420 48.411 48.401 48.391 48.381 48.373 48.366 48.362 48.361 48.364 48.370 48.381 48.398 48.419 48.446 48.479 48.517 48.560 48.610 48.664 48.723 48.786 48.853 48.923 48.996
25.518 41.626 45.409 46.651 47.181 47.437 47.561 47.616 47.631 47.624 47.606 47.583 47.560 47.540 47.525 47.517 47.516 47.523 47.537 47.559 47.588 47.623 47.664 47.710 47.759 47.812 47.867 47.924 47.981 48.037 48.093 48.148 48.200 48.249 48.295 48.338 48.377 48.411 48.442 48.467 48.489 48.506 48.518 48.526 48.531 48.532 48.529 48.524 48.517 48.508 48.499 48.489 48.480 48.472 48.466 48.463 48.463 48.468 48.478 48.493 48.513 48.541 48.574 48.615 48.663 48.717 48.779 48.847 48.922 49.002 49.089 49.181 49.277
28.470 43.269 45.946 46.852 47.266 47.471 47.571 47.614 47.624 47.616 47.599 47.579 47.559 47.543 47.533 47.530 47.533 47.545 47.563 47.589 47.621 47.660 47.703 47.750 47.800 47.853 47.907 47.962 48.017 48.071 48.124 48.174 48.222 48.267 48.309 48.347 48.381 48.411 48.437 48.459 48.477 48.491 48.501 48.508 48.512 48.513 48.512 48.510 48.506 48.501 48.497 48.492 48.489 48.487 48.488 48.492 48.499 48.510 48.526 48.547 48.574 48.606 48.645 48.689 48.741 48.799 48.863 48.934 49.011 49.094 49.184 49.279 49.380
25.517 41.626 45.409 46.651 47.181 47.437 47.561 47.616 47.631 47.624 47.606 47.583 47.560 47.540 47.525 47.517 47.516 47.523 47.537 47.559 47.588 47.623 47.664 47.710 47.760 47.812 47.867 47.924 47.981 48.038 48.093 48.148 48.200 48.249 48.295 48.338 48.377 48.411 48.442 48.468 48.489 48.506 48.518 48.527 48.531 48.532 48.529 48.524 48.517 48.508 48.499 48.489 48.480 48.472 48.466 48.463 48.464 48.468 48.478 48.493 48.514 48.541 48.574 48.615 48.663 48.717 48.779 48.847 48.922 49.003 49.089 49.181 49.278
25.028 41.192 45.222 46.557 47.122 47.395 47.530 47.592 47.613 47.612 47.598 47.580 47.562 47.545 47.534 47.529 47.530 47.539 47.554 47.576 47.605 47.639 47.678 47.722 47.769 47.818 47.869 47.921 47.974 48.026 48.076 48.125 48.172 48.216 48.256 48.293 48.326 48.354 48.379 48.399 48.415 48.428 48.436 48.440 48.441 48.440 48.435 48.429 48.420 48.411 48.401 48.391 48.381 48.373 48.366 48.362 48.361 48.364 48.370 48.382 48.398 48.419 48.446 48.479 48.517 48.560 48.610 48.664 48.723 48.786 48.853 48.923 48.995
24.933 41.076 45.146 46.497 47.067 47.342 47.479 47.542 47.566 47.566 47.555 47.539 47.522 47.508 47.499 47.495 47.498 47.507 47.524 47.547 47.576 47.611 47.650 47.694 47.740 47.789 47.839 47.890 47.941 47.991 48.040 48.086 48.131 48.172 48.210 48.244 48.275 48.302 48.324 48.342 48.356 48.366 48.372 48.373 48.372 48.367 48.358 48.348 48.335 48.320 48.305 48.289 48.273 48.258 48.245 48.233 48.224 48.218 48.216 48.217 48.224 48.235 48.251 48.272 48.298 48.329 48.366 48.407 48.452 48.502 48.556 48.613 48.674
24.658 40.777 44.989 46.396 46.986 47.271 47.414 47.484 47.511 47.516 47.509 47.496 47.483 47.472 47.465 47.463 47.468 47.479 47.496 47.519 47.548 47.582 47.621 47.663 47.707 47.754 47.802 47.851 47.899 47.946 47.992 48.036 48.077 48.116 48.150 48.181 48.209 48.232 48.250 48.265 48.275 48.282 48.284 48.283 48.279 48.271 48.261 48.248 48.233 48.217 48.199 48.181 48.163 48.145 48.129 48.113 48.100 48.089 48.081 48.076 48.075 48.078 48.086 48.097 48.113 48.134 48.158 48.186 48.217 48.251 48.287 48.324 48.361
24.243 40.368 44.780 46.265 46.886 47.187 47.339 47.415 47.447 47.456 47.452 47.442 47.432 47.423 47.418 47.418 47.424 47.436 47.454 47.478 47.507 47.541 47.579 47.620 47.664 47.709 47.755 47.801 47.847 47.892 47.935 47.975 48.013 48.048 48.080 48.108 48.133 48.154 48.171 48.184 48.193 48.198 48.200 48.199 48.194 48.187 48.177 48.165 48.152 48.137 48.121 48.104 48.088 48.071 48.056 48.041 48.028 48.018 48.010 48.004 48.002 48.002 48.007 48.014 48.026 48.040 48.058 48.079 48.102 48.128 48.156 48.186 48.217
23.519 39.329 44.373 46.049 46.746 47.081 47.253 47.340 47.381 47.396 47.396 47.390 47.381 47.374 47.370 47.370 47.376 47.387 47.404 47.426 47.453 47.485 47.520 47.559 47.600 47.642 47.686 47.730 47.773 47.815 47.856 47.894 47.930 47.963 47.992 48.018 48.040 48.058 48.073 48.084 48.092 48.096 48.097 48.096 48.092 48.086 48.078 48.068 48.058 48.047 48.035 48.024 48.013 48.002 47.993 47.985 47.978 47.974 47.971 47.971 47.974 47.980 47.988 47.999 48.013 48.030 48.049 48.071 48.094 48.119 48.146 48.174 48.196
22.596 34.120 43.749 45.733 46.557 46.950 47.153 47.259 47.312 47.335 47.342 47.339 47.334 47.328 47.325 47.326 47.332 47.342 47.358 47.378 47.403 47.432 47.465 47.500 47.537 47.576 47.615 47.655 47.694 47.731 47.767 47.802 47.833 47.862 47.888 47.911 47.931 47.948 47.961 47.971 47.979 47.984 47.986 47.987 47.985 47.983 47.979 47.975 47.970 47.965 47.961 47.957 47.954 47.952 47.952 47.953 47.956 47.960 47.967 47.976 47.986 47.999 48.014 48.030 48.047 48.066 48.087 48.105 48.113 48.124 48.151 48.168 48.111
21.541 29.863 42.162 45.189 46.271 46.773 47.032 47.170 47.243 47.279 47.294 47.297 47.294 47.290 47.287 47.287 47.291 47.299 47.312 47.330 47.351 47.377 47.405 47.437 47.470 47.505 47.540 47.576 47.611 47.645 47.677 47.708 47.736 47.762 47.785 47.806 47.823 47.838 47.851 47.861 47.869 47.875 47.880 47.883 47.886 47.888 47.890 47.893 47.896 47.900 47.905 47.911 47.919 47.929 47.940 47.952 47.966 47.982 47.998 48.015 48.032 48.052 48.070 48.079 48.083 48.103 48.128 48.100 47.955 47.981 48.202 48.139 47.176
20.449 26.517 39.516 44.133 45.782 46.501 46.864 47.060 47.168 47.226 47.255 47.268 47.271 47.271 47.269 47.268 47.270 47.275 47.284 47.297 47.313 47.332 47.355 47.379 47.406 47.434 47.463 47.492 47.521 47.549 47.576 47.602 47.626 47.649 47.669 47.688 47.705 47.720 47.734 47.746 47.757 47.768 47.778 47.788 47.798 47.808 47.820 47.833 47.847 47.862 47.880 47.899 47.920 47.942 47.964 47.987 48.013 48.039 48.057 48.065 48.085 48.122 48.128 48.018 47.933 48.144 48.294 47.680 45.971 47.736 52.339 48.227 36.344
19.457 24.087 30.285 41.548 44.792 46.002 46.580 46.888 47.062 47.160 47.215 47.245 47.258 47.264 47.264 47.264 47.264 47.266 47.270 47.277 47.287 47.300 47.315 47.333 47.352 47.373 47.395 47.417 47.440 47.462 47.484 47.506 47.526 47.546 47.565 47.582 47.599 47.616 47.631 47.647 47.663 47.679 47.696 47.714 47.733 47.754 47.777 47.803 47.831 47.859 47.889 47.923 47.961 47.993 48.013 48.040 48.092 48.135 48.080 47.939 48.083 48.368 48.124 46.714 45.658 50.576 50.744 41.055 28.089 17.416 4.507 0.043 0.000
18.631 22.350 25.755 31.791 41.959 44.805 45.947 46.521 46.838 47.022 47.131 47.195 47.231 47.250 47.258 47.261 47.260 47.259 47.258 47.259 47.261 47.266 47.273 47.282 47.293 47.306 47.320 47.335 47.351 47.368 47.385 47.403 47.420 47.438 47.456 47.474 47.493 47.513 47.533 47.554 47.577 47.602 47.629 47.659 47.690 47.724 47.764 47.810 47.853 47.884 47.925 47.995 48.071 48.069 47.936 48.037 48.382 48.416 47.385 45.555 49.587 52.009 45.264 32.143 20.676 8.881 0.436 0.000 0.000 0.000 0.000 0.000 0.000
18.019 21.206 23.543 26.103 30.677 40.723 44.131 45.529 46.237 46.638 46.877 47.023 47.113 47.167 47.198 47.215 47.223 47.225 47.224 47.222 47.220 47.219 47.220 47.222 47.226 47.231 47.239 47.248 47.259 47.272 47.285 47.300 47.315 47.332 47.351 47.372 47.395 47.419 47.443 47.470 47.503 47.543 47.587 47.627 47.659 47.713 47.802 47.899 47.920 47.810 47.927 48.329 48.533 47.784 45.904 49.256 52.984 48.797 36.195 23.686 12.813 1.610 0.002 0.000 0.000 0.000 0.000 0.000 0.000 0.000 0.000 0.000 0.000
17.532 20.357 22.167 23.701 25.360 27.802 33.645 41.709 44.133 45.368 46.044 46.444 46.695 46.854 46.955 47.020 47.062 47.087 47.102 47.109 47.113 47.114 47.115 47.116 47.118 47.122 47.127 47.134 47.143 47.153 47.164 47.175 47.188 47.206 47.228 47.256 47.284 47.306 47.321 47.353 47.420 47.514 47.584 47.554 47.457 47.688 48.178 48.407 47.673 45.825 49.204 53.598 50.877 38.996 25.969 15.390 3.094 0.014 0.000 0.000 0.000 0.000 0.000 0.000 0.000 0.000 0.000 0.000 0.000 0.000 0.000 0.000 0.000
17.091 19.610 21.057 22.124 23.064 24.025 25.186 26.892 30.229 39.310 42.676 44.207 45.173 45.757 46.108 46.342 46.507 46.626 46.711 46.770 46.809 46.835 46.854 46.869 46.883 46.897 46.911 46.924 46.934 46.938 46.934 46.931 46.940 46.972 47.022 47.071 47.079 46.998 46.874 47.024 47.443 47.812 47.603 46.396 44.711 49.668 53.831 50.045 38.072 25.647 15.360 3.038 0.013 0.000 0.000 0.000 0.000 0.000 0.000 0.000 0.000 0.000 0.000 0.000 0.000 0.000 0.000 0.000 0.000 0.000 0.000 0.000 0.000
