Examples/2023_ISeeSnow/data/CoulombOnly/Results/curv77s/s/1HS_03_curv77s_MoT-Voellmy_s_0009.asc
ncols        83
nrows        39
xllcorner    1062.5
yllcorner    -4347.5
cellsize     5.00
NODATA_value -9999
[rows 0 to 31 of 39, columns 0 to 71 of 83]
0.013 0.066 0.212 0.500 0.969 1.637 2.500 3.507 4.615 5.809 7.055 8.307 9.504 10.570 11.403 11.864 11.768 10.935 9.347 7.295 5.218 3.379 1.825 0.607 0.074 0.000 0.000 0.000 0.000 0.000 0.000 0.000 0.000 0.000 0.000 0.000 0.000 0.000 0.000 0.000 0.000 0.000 0.000 0.000 0.000 0.000 0.000 0.000 0.000 0.000 0.000 0.000 0.000 0.000 0.000 0.000 0.000 0.000 0.000 0.000 0.000 0.000 0.000 0.000 0.000 0.000 0.000 0.000 0.000 0.000 0.000 0.000
2.815 4.479 5.944 7.043 7.790 8.317 9.072 10.289 12.193 16.345 18.019 18.653 18.916 19.029 19.073 19.081 19.071 19.050 19.022 18.991 18.957 18.922 18.885 18.847 18.807 18.767 18.725 18.683 18.640 18.593 18.527 18.379 18.066 17.792 7.364 0.107 0.000 0.000 0.000 0.000 0.000 0.000 0.000 0.000 0.000 0.000 0.000 0.000 0.000 0.000 0.000 0.000 0.000 0.000 0.000 0.000 0.000 0.000 0.000 0.000 0.000 0.000 0.000 0.000 0.000 0.000 0.000 0.000 0.000 0.000 0.000 0.000
6.129 6.770 7.470 8.315 9.437 11.326 16.567 18.434 19.037 19.251 19.333 19.365 19.378 19.383 19.382 19.378 19.368 19.353 19.333 19.309 19.281 19.250 19.216 19.181 19.144 19.106 19.066 19.025 18.983 18.939 18.893 18.844 18.793 18.740 18.695 18.653 18.608 18.558 18.506 18.449 18.386 18.323 18.263 18.207 18.165 18.153 18.258 18.919 17.956 13.654 2.381 0.003 0.000 0.000 0.000 0.000 0.000 0.000 0.000 0.000 0.000 0.000 0.000 0.000 0.000 0.000 0.000 0.000 0.000 0.000 0.000 0.000
6.600 7.776 8.992 10.796 16.492 18.501 19.109 19.308 19.383 19.421 19.451 19.481 19.514 19.546 19.576 19.598 19.613 19.619 19.616 19.604 19.586 19.563 19.536 19.506 19.474 19.441 19.406 19.369 19.332 19.293 19.253 19.211 19.167 19.121 19.073 19.023 18.971 18.919 18.866 18.813 18.761 18.711 18.663 18.616 18.572 18.529 18.488 18.445 18.394 18.342 18.313 18.288 18.260 18.229 18.196 18.163 18.130 18.096 18.063 18.031 17.998 17.965 17.932 17.907 17.946 18.693 18.257 14.676 4.359 0.035 0.000 0.000
7.187 8.942 11.765 17.434 18.753 19.106 19.220 19.270 19.311 19.360 19.420 19.487 19.558 19.626 19.688 19.739 19.779 19.805 19.819 19.822 19.816 19.803 19.786 19.765 19.741 19.716 19.691 19.664 19.636 19.607 19.578 19.548 19.517 19.485 19.452 19.419 19.385 19.350 19.314 19.276 19.237 19.194 19.147 19.098 19.044 18.987 18.926 18.864 18.800 18.736 18.672 18.607 18.542 18.478 18.413 18.349 18.285 18.222 18.160 18.098 18.039 17.983 17.931 17.883 17.841 17.805 17.740 17.626 17.565 17.548 17.560 17.698
7.606 9.889 15.796 18.251 18.849 19.021 19.072 19.103 19.149 19.215 19.300 19.394 19.492 19.586 19.671 19.744 19.802 19.845 19.873 19.889 19.895 19.893 19.885 19.874 19.860 19.846 19.830 19.815 19.799 19.782 19.766 19.749 19.731 19.713 19.693 19.671 19.646 19.616 19.578 19.531 19.479 19.422 19.363 19.305 19.250 19.200 19.157 19.117 19.082 19.050 19.020 18.992 18.965 18.939 18.914 18.889 18.866 18.843 18.823 18.809 18.805 18.815 18.844 18.894 18.966 19.057 19.162 19.276 19.393 19.504 19.600 19.673
9.043 16.295 17.773 18.125 18.231 18.297 18.380 18.492 18.631 18.788 18.954 19.117 19.270 19.407 19.523 19.618 19.692 19.744 19.778 19.796 19.801 19.796 19.783 19.766 19.747 19.726 19.705 19.684 19.665 19.646 19.628 19.611 19.595 19.580 19.567 19.557 19.549 19.546 19.551 19.562 19.577 19.593 19.606 19.616 19.621 19.620 19.612 19.599 19.582 19.559 19.533 19.503 19.471 19.436 19.399 19.360 19.322 19.283 19.247 19.214 19.190 19.179 19.186 19.215 19.269 19.347 19.445 19.557 19.674 19.786 19.880 19.945
8.818 16.087 17.761 18.193 18.320 18.380 18.438 18.515 18.615 18.738 18.877 19.026 19.177 19.322 19.455 19.572 19.668 19.745 19.803 19.843 19.870 19.886 19.893 19.896 19.894 19.890 19.884 19.876 19.867 19.858 19.848 19.838 19.827 19.816 19.804 19.791 19.777 19.759 19.737 19.710 19.679 19.647 19.617 19.589 19.564 19.543 19.524 19.507 19.492 19.478 19.466 19.455 19.444 19.434 19.425 19.416 19.408 19.400 19.395 19.395 19.403 19.424 19.463 19.521 19.599 19.697 19.809 19.931 20.054 20.168 20.261 20.323
9.339 16.505 17.849 18.152 18.232 18.275 18.334 18.422 18.539 18.680 18.836 18.998 19.157 19.307 19.443 19.561 19.659 19.736 19.793 19.832 19.857 19.869 19.873 19.871 19.864 19.856 19.848 19.839 19.831 19.822 19.814 19.806 19.798 19.791 19.784 19.776 19.770 19.763 19.756 19.750 19.743 19.736 19.729 19.721 19.714 19.706 19.697 19.689 19.681 19.673 19.664 19.656 19.647 19.638 19.629 19.620 19.610 19.602 19.596 19.594 19.599 19.617 19.652 19.707 19.786 19.886 20.006 20.138 20.274 20.403 20.510 20.585
9.297 16.492 17.871 18.188 18.274 18.321 18.382 18.470 18.585 18.724 18.877 19.038 19.197 19.349 19.489 19.611 19.715 19.797 19.860 19.905 19.935 19.952 19.961 19.963 19.961 19.956 19.950 19.943 19.935 19.927 19.918 19.909 19.899 19.889 19.879 19.868 19.857 19.845 19.834 19.821 19.809 19.797 19.786 19.775 19.764 19.754 19.745 19.736 19.728 19.720 19.712 19.704 19.697 19.690 19.684 19.678 19.673 19.669 19.667 19.672 19.685 19.712 19.757 19.824 19.915 20.027 20.158 20.301 20.448 20.588 20.708 20.793
9.332 16.537 17.903 18.210 18.288 18.328 18.381 18.463 18.574 18.710 18.862 19.023 19.184 19.338 19.480 19.605 19.710 19.796 19.861 19.908 19.940 19.959 19.969 19.973 19.973 19.970 19.965 19.960 19.954 19.949 19.943 19.937 19.931 19.925 19.919 19.912 19.906 19.900 19.894 19.888 19.881 19.875 19.869 19.862 19.856 19.850 19.843 19.837 19.831 19.824 19.818 19.812 19.806 19.800 19.794 19.789 19.784 19.780 19.779 19.783 19.796 19.824 19.870 19.938 20.030 20.145 20.280 20.429 20.583 20.730 20.856 20.949
9.293 16.534 17.926 18.242 18.323 18.363 18.418 18.501 18.614 18.751 18.905 19.067 19.229 19.385 19.528 19.655 19.762 19.848 19.914 19.962 19.994 20.014 20.025 20.029 20.029 20.027 20.022 20.017 20.012 20.006 20.000 19.994 19.988 19.981 19.975 19.969 19.962 19.956 19.950 19.943 19.937 19.931 19.925 19.919 19.913 19.907 19.902 19.896 19.891 19.885 19.880 19.875 19.871 19.866 19.862 19.857 19.854 19.852 19.852 19.858 19.874 19.904 19.953 20.024 20.120 20.239 20.378 20.530 20.687 20.838 20.969 21.066
9.259 16.535 17.948 18.269 18.350 18.389 18.441 18.522 18.632 18.766 18.918 19.079 19.241 19.396 19.540 19.668 19.776 19.864 19.933 19.983 20.017 20.039 20.052 20.058 20.059 20.058 20.056 20.053 20.049 20.045 20.041 20.036 20.032 20.028 20.023 20.019 20.014 20.010 20.005 20.001 19.996 19.991 19.987 19.982 19.977 19.973 19.968 19.964 19.959 19.955 19.950 19.946 19.942 19.938 19.934 19.931 19.927 19.926 19.927 19.933 19.949 19.979 20.028 20.100 20.197 20.316 20.456 20.609 20.768 20.920 21.053 21.152
9.222 16.533 17.967 18.294 18.377 18.416 18.468 18.548 18.658 18.793 18.945 19.107 19.269 19.426 19.570 19.698 19.808 19.897 19.965 20.016 20.051 20.074 20.087 20.093 20.096 20.095 20.093 20.091 20.087 20.084 20.080 20.077 20.073 20.069 20.066 20.062 20.058 20.054 20.051 20.047 20.043 20.039 20.035 20.031 20.028 20.024 20.020 20.017 20.013 20.009 20.006 20.002 19.999 19.996 19.992 19.989 19.987 19.986 19.987 19.994 20.010 20.040 20.090 20.162 20.258 20.378 20.518 20.671 20.830 20.983 21.117 21.216
9.203 16.528 17.982 18.315 18.399 18.438 18.489 18.569 18.678 18.812 18.964 19.125 19.287 19.444 19.589 19.718 19.828 19.918 19.988 20.039 20.076 20.099 20.113 20.121 20.124 20.125 20.124 20.122 20.120 20.117 20.115 20.112 20.109 20.106 20.103 20.101 20.098 20.095 20.092 20.089 20.086 20.083 20.080 20.077 20.074 20.071 20.068 20.065 20.062 20.059 20.056 20.053 20.050 20.047 20.044 20.042 20.040 20.038 20.040 20.047 20.063 20.093 20.142 20.214 20.309 20.428 20.567 20.720 20.878 21.031 21.164 21.265
9.191 16.523 17.993 18.332 18.417 18.457 18.507 18.586 18.695 18.830 18.981 19.143 19.305 19.462 19.608 19.737 19.847 19.938 20.008 20.061 20.097 20.122 20.136 20.145 20.148 20.150 20.149 20.148 20.146 20.145 20.143 20.140 20.138 20.136 20.134 20.132 20.130 20.127 20.125 20.123 20.120 20.118 20.116 20.113 20.111 20.108 20.106 20.103 20.101 20.099 20.096 20.094 20.091 20.089 20.086 20.084 20.082 20.082 20.083 20.090 20.106 20.136 20.184 20.255 20.350 20.468 20.606 20.757 20.915 21.067 21.201 21.301
9.181 16.519 18.002 18.346 18.432 18.471 18.521 18.600 18.709 18.843 18.994 19.155 19.318 19.475 19.621 19.751 19.862 19.952 20.024 20.076 20.114 20.139 20.154 20.163 20.167 20.169 20.169 20.168 20.167 20.166 20.164 20.163 20.161 20.159 20.158 20.156 20.154 20.152 20.151 20.149 20.147 20.145 20.143 20.141 20.139 20.137 20.135 20.133 20.131 20.129 20.127 20.125 20.123 20.121 20.119 20.117 20.115 20.114 20.116 20.123 20.138 20.168 20.216 20.286 20.380 20.497 20.634 20.786 20.943 21.095 21.228 21.329
9.174 16.517 18.009 18.355 18.442 18.481 18.531 18.609 18.717 18.851 19.003 19.164 19.326 19.484 19.630 19.760 19.871 19.962 20.034 20.087 20.125 20.150 20.165 20.175 20.179 20.181 20.182 20.181 20.181 20.180 20.178 20.177 20.176 20.175 20.173 20.172 20.170 20.169 20.168 20.166 20.165 20.163 20.161 20.160 20.158 20.156 20.155 20.153 20.151 20.149 20.147 20.146 20.144 20.142 20.140 20.138 20.136 20.136 20.137 20.144 20.160 20.189 20.237 20.307 20.401 20.518 20.655 20.806 20.963 21.115 21.249 21.351
9.175 16.521 18.013 18.359 18.446 18.484 18.534 18.612 18.720 18.854 19.005 19.167 19.330 19.487 19.633 19.764 19.875 19.967 20.039 20.092 20.130 20.156 20.172 20.181 20.186 20.188 20.189 20.188 20.188 20.187 20.186 20.185 20.184 20.183 20.181 20.180 20.179 20.178 20.176 20.175 20.174 20.172 20.171 20.169 20.168 20.166 20.165 20.163 20.162 20.160 20.158 20.156 20.155 20.153 20.151 20.149 20.147 20.147 20.149 20.156 20.171 20.201 20.249 20.319 20.414 20.532 20.670 20.822 20.980 21.134 21.269 21.372
9.214 16.556 18.019 18.354 18.438 18.477 18.527 18.606 18.716 18.850 19.003 19.165 19.328 19.486 19.633 19.764 19.876 19.967 20.039 20.093 20.131 20.156 20.172 20.181 20.186 20.188 20.189 20.189 20.188 20.187 20.186 20.185 20.184 20.183 20.182 20.181 20.179 20.178 20.177 20.176 20.174 20.173 20.171 20.170 20.168 20.167 20.165 20.164 20.162 20.160 20.158 20.157 20.155 20.153 20.151 20.149 20.148 20.147 20.149 20.155 20.171 20.201 20.249 20.319 20.414 20.532 20.671 20.825 20.985 21.142 21.282 21.389
9.175 16.521 18.013 18.359 18.446 18.484 18.534 18.612 18.720 18.854 19.005 19.167 19.330 19.487 19.633 19.764 19.875 19.967 20.039 20.092 20.130 20.156 20.172 20.181 20.186 20.188 20.189 20.188 20.188 20.187 20.186 20.185 20.184 20.183 20.181 20.180 20.179 20.178 20.176 20.175 20.174 20.172 20.171 20.169 20.168 20.166 20.165 20.163 20.162 20.160 20.158 20.156 20.155 20.153 20.151 20.149 20.147 20.147 20.149 20.156 20.171 20.201 20.249 20.319 20.414 20.532 20.670 20.822 20.980 21.134 21.269 21.372
9.174 16.517 18.009 18.355 18.442 18.481 18.531 18.609 18.717 18.851 19.003 19.164 19.326 19.484 19.630 19.760 19.871 19.962 20.034 20.087 20.125 20.150 20.165 20.175 20.179 20.181 20.182 20.181 20.181 20.180 20.178 20.177 20.176 20.175 20.173 20.172 20.170 20.169 20.168 20.166 20.165 20.163 20.161 20.160 20.158 20.156 20.155 20.153 20.151 20.149 20.147 20.146 20.144 20.142 20.140 20.138 20.136 20.136 20.137 20.144 20.160 20.189 20.237 20.307 20.401 20.518 20.655 20.806 20.963 21.115 21.249 21.351
9.181 16.519 18.002 18.346 18.432 18.471 18.521 18.600 18.709 18.843 18.994 19.155 19.318 19.475 19.621 19.751 19.862 19.952 20.024 20.076 20.114 20.139 20.154 20.163 20.167 20.169 20.169 20.168 20.167 20.166 20.164 20.163 20.161 20.159 20.158 20.156 20.154 20.152 20.151 20.149 20.147 20.145 20.143 20.141 20.139 20.137 20.135 20.133 20.131 20.129 20.127 20.125 20.123 20.121 20.119 20.117 20.115 20.114 20.116 20.123 20.138 20.168 20.216 20.286 20.380 20.497 20.635 20.786 20.943 21.095 21.229 21.329
9.191 16.523 17.993 18.332 18.417 18.457 18.507 18.586 18.695 18.830 18.981 19.143 19.305 19.462 19.608 19.737 19.847 19.938 20.008 20.061 20.097 20.122 20.136 20.145 20.148 20.150 20.149 20.148 20.146 20.145 20.143 20.140 20.138 20.136 20.134 20.132 20.130 20.127 20.125 20.123 20.120 20.118 20.116 20.113 20.111 20.108 20.106 20.103 20.101 20.099 20.096 20.094 20.091 20.089 20.087 20.084 20.082 20.082 20.083 20.090 20.106 20.136 20.184 20.255 20.350 20.468 20.606 20.757 20.915 21.067 21.201 21.302
9.203 16.528 17.982 18.315 18.399 18.438 18.489 18.569 18.678 18.812 18.964 19.125 19.287 19.444 19.589 19.718 19.828 19.918 19.988 20.039 20.076 20.099 20.113 20.121 20.124 20.125 20.124 20.122 20.120 20.117 20.115 20.112 20.109 20.106 20.103 20.101 20.098 20.095 20.092 20.089 20.086 20.083 20.080 20.077 20.074 20.071 20.068 20.065 20.062 20.059 20.056 20.053 20.050 20.047 20.044 20.042 20.040 20.039 20.040 20.047 20.063 20.093 20.142 20.214 20.309 20.428 20.567 20.720 20.878 21.031 21.165 21.265
9.222 16.533 17.967 18.294 18.377 18.416 18.468 18.548 18.658 18.793 18.945 19.107 19.269 19.426 19.570 19.698 19.808 19.897 19.965 20.016 20.051 20.074 20.087 20.093 20.096 20.095 20.093 20.091 20.088 20.084 20.081 20.077 20.073 20.069 20.066 20.062 20.058 20.054 20.051 20.047 20.043 20.039 20.035 20.031 20.028 20.024 20.020 20.017 20.013 20.009 20.006 20.002 19.999 19.996 19.992 19.989 19.987 19.986 19.987 19.994 20.010 20.040 20.090 20.162 20.259 20.378 20.518 20.671 20.830 20.983 21.117 21.216
9.259 16.535 17.948 18.269 18.350 18.389 18.441 18.522 18.632 18.766 18.918 19.079 19.241 19.396 19.540 19.668 19.776 19.864 19.933 19.983 20.017 20.039 20.052 20.058 20.059 20.058 20.056 20.053 20.049 20.045 20.041 20.036 20.032 20.028 20.023 20.019 20.014 20.010 20.005 20.001 19.996 19.991 19.987 19.982 19.977 19.973 19.968 19.964 19.959 19.955 19.951 19.946 19.942 19.938 19.934 19.931 19.928 19.926 19.927 19.933 19.949 19.979 20.028 20.100 20.197 20.316 20.456 20.609 20.768 20.920 21.053 21.152
9.293 16.534 17.926 18.242 18.323 18.363 18.418 18.501 18.614 18.751 18.905 19.067 19.230 19.385 19.529 19.655 19.762 19.848 19.914 19.962 19.995 20.014 20.025 20.029 20.029 20.027 20.022 20.017 20.012 20.006 20.000 19.994 19.988 19.981 19.975 19.969 19.962 19.956 19.950 19.943 19.937 19.931 19.925 19.919 19.913 19.907 19.902 19.896 19.891 19.886 19.880 19.875 19.871 19.866 19.862 19.858 19.854 19.852 19.852 19.858 19.874 19.904 19.953 20.024 20.120 20.239 20.378 20.530 20.687 20.838 20.969 21.066
9.332 16.537 17.903 18.210 18.288 18.328 18.381 18.463 18.574 18.710 18.862 19.023 19.184 19.338 19.480 19.605 19.711 19.796 19.861 19.908 19.940 19.959 19.969 19.973 19.973 19.970 19.965 19.960 19.954 19.949 19.943 19.937 19.931 19.925 19.919 19.912 19.906 19.900 19.894 19.888 19.881 19.875 19.869 19.862 19.856 19.850 19.843 19.837 19.831 19.824 19.818 19.812 19.806 19.800 19.794 19.789 19.784 19.780 19.779 19.783 19.796 19.824 19.870 19.938 20.030 20.145 20.280 20.429 20.583 20.730 20.856 20.949
9.297 16.492 17.871 18.188 18.274 18.321 18.382 18.470 18.586 18.724 18.877 19.038 19.197 19.349 19.489 19.611 19.715 19.797 19.860 19.905 19.935 19.952 19.961 19.963 19.961 19.956 19.950 19.943 19.935 19.927 19.918 19.909 19.899 19.889 19.879 19.868 19.857 19.846 19.834 19.822 19.809 19.797 19.786 19.775 19.764 19.754 19.745 19.736 19.728 19.720 19.712 19.704 19.697 19.690 19.684 19.678 19.673 19.669 19.667 19.672 19.685 19.712 19.757 19.824 19.915 20.027 20.158 20.301 20.448 20.588 20.708 20.793
9.339 16.505 17.849 18.152 18.232 18.275 18.334 18.422 18.539 18.680 18.836 18.998 19.157 19.307 19.443 19.561 19.659 19.736 19.793 19.833 19.857 19.869 19.873 19.871 19.865 19.857 19.848 19.839 19.831 19.822 19.814 19.806 19.798 19.791 19.783 19.776 19.769 19.763 19.756 19.750 19.743 19.736 19.729 19.721 19.714 19.706 19.697 19.689 19.681 19.673 19.664 19.656 19.647 19.638 19.629 19.620 19.611 19.602 19.596 19.594 19.599 19.617 19.652 19.707 19.786 19.886 20.006 20.138 20.274 20.402 20.510 20.585
8.818 16.087 17.761 18.193 18.321 18.380 18.438 18.515 18.615 18.738 18.877 19.026 19.177 19.322 19.455 19.572 19.668 19.745 19.803 19.843 19.870 19.886 19.893 19.896 19.894 19.890 19.883 19.876 19.867 19.858 19.848 19.838 19.827 19.816 19.804 19.791 19.777 19.760 19.737 19.710 19.679 19.648 19.617 19.589 19.565 19.543 19.524 19.507 19.492 19.478 19.466 19.454 19.444 19.434 19.425 19.416 19.408 19.400 19.395 19.395 19.403 19.424 19.462 19.520 19.599 19.696 19.809 19.931 20.054 20.168 20.261 20.323
