Examples/2023_ISeeSnow/data/CoulombOnly/Results/curv77s/s/1HS_03_curv77s_MoT-Voellmy_s_0065.asc
ncols        91
nrows        69
xllcorner    3832.5
yllcorner    -4422.5
cellsize     5.00
NODATA_value -9999
[rows 0 to 32 of 69, columns 0 to 73 of 91]
0.000 0.000 0.000 0.000 0.000 0.000 0.000 0.000 0.000 0.000 0.000 0.000 0.000 0.000 0.000 0.000 0.000 0.000 0.000 0.000 0.001 0.004 0.010 0.008 0.011 0.001 0.023 0.168 0.408 0.749 1.190 1.719 2.323 2.982 3.639 4.252 4.802 5.279 5.679 5.992 6.206 6.305 6.267 6.073 5.709 5.179 4.516 3.775 3.021 2.305 1.653 1.078 0.583 0.198 0.040 0.008 0.001 0.000 0.000 0.000 0.000 0.000 0.000 0.000 0.000 0.000 0.000 0.000 0.000 0.000 0.000 0.000 0.000 0.000
0.000 0.000 0.000 0.000 0.000 0.000 0.000 0.000 0.000 0.000 0.000 0.000 0.000 0.002 0.009 0.009 0.003 0.005 0.002 0.004 0.006 0.102 0.577 1.203 1.944 2.752 3.589 4.422 5.236 5.992 6.674 7.287 7.839 8.342 8.544 8.769 8.948 9.077 9.167 9.223 9.251 9.253 9.235 9.199 9.147 9.083 9.007 8.922 8.827 8.722 8.609 8.486 8.348 7.239 4.201 2.275 1.293 0.616 0.150 0.015 0.001 0.000 0.000 0.000 0.000 0.000 0.000 0.000 0.000 0.000 0.000 0.000 0.000 0.000
0.000 0.000 0.000 0.000 0.000 0.001 0.004 0.009 0.007 0.002 0.009 0.002 0.003 0.009 0.000 0.265 0.973 1.754 2.555 3.332 4.050 4.687 5.253 5.770 6.240 6.642 6.972 7.247 7.716 8.209 8.643 9.001 9.286 9.508 9.675 9.796 9.878 9.927 9.948 9.945 9.922 9.883 9.828 9.761 9.683 9.595 9.500 9.397 9.288 9.174 9.056 8.934 8.809 8.681 8.549 8.413 8.270 8.113 6.710 2.800 1.089 0.403 0.052 0.002 0.000 0.000 0.000 0.000 0.000 0.000 0.000 0.000 0.000 0.000
0.008 0.008 0.008 0.002 0.003 0.008 0.008 0.000 0.144 0.940 1.759 2.566 3.321 3.990 4.548 4.976 5.290 5.521 5.684 5.779 5.805 5.780 5.814 6.080 6.751 7.734 8.461 9.015 9.443 9.773 10.028 10.220 10.363 10.463 10.528 10.563 10.572 10.559 10.527 10.479 10.416 10.342 10.257 10.162 10.060 9.950 9.834 9.713 9.588 9.458 9.325 9.190 9.053 8.915 8.777 8.638 8.500 8.362 8.223 8.082 7.933 7.763 4.679 1.226 0.352 0.036 0.001 0.000 0.000 0.000 0.000 0.000 0.000 0.000
0.000 0.291 1.156 2.016 2.841 3.599 4.263 4.808 5.214 5.477 5.618 5.663 5.627 5.507 5.295 4.991 4.657 4.428 4.427 4.712 5.307 6.158 7.552 8.570 9.274 9.785 10.172 10.469 10.697 10.869 10.996 11.083 11.138 11.163 11.164 11.144 11.105 11.050 10.980 10.899 10.806 10.704 10.594 10.477 10.353 10.224 10.090 9.951 9.809 9.663 9.515 9.365 9.214 9.063 8.911 8.761 8.612 8.465 8.320 8.178 8.039 7.902 7.764 7.618 7.441 3.941 0.744 0.118 0.005 0.000 0.000 0.000 0.000 0.000
5.138 5.674 5.946 6.057 6.051 5.953 5.775 5.512 5.152 4.701 4.211 3.778 3.492 3.401 3.500 3.757 4.148 4.672 5.370 6.301 7.724 9.141 9.905 10.422 10.800 11.086 11.305 11.470 11.590 11.674 11.725 11.748 11.747 11.724 11.682 11.623 11.550 11.463 11.365 11.257 11.140 11.015 10.883 10.745 10.601 10.453 10.301 10.145 9.986 9.825 9.661 9.496 9.330 9.164 8.998 8.834 8.671 8.511 8.354 8.202 8.053 7.910 7.771 7.635 7.503 7.367 7.214 5.817 1.426 0.155 0.008 0.000 0.000 0.000
5.525 5.476 5.065 4.515 3.934 3.410 3.016 2.794 2.739 2.819 2.995 3.238 3.533 3.876 4.275 4.754 5.355 6.172 7.331 9.247 10.285 10.900 11.319 11.624 11.854 12.026 12.153 12.242 12.298 12.326 12.328 12.309 12.269 12.212 12.138 12.050 11.950 11.837 11.715 11.584 11.445 11.298 11.146 10.988 10.825 10.658 10.488 10.314 10.138 9.960 9.780 9.599 9.417 9.235 9.055 8.875 8.698 8.524 8.353 8.187 8.026 7.871 7.721 7.578 7.441 7.310 7.182 7.053 6.909 6.046 1.658 0.112 0.004 0.000
2.438 2.371 2.288 2.306 2.409 2.566 2.758 2.975 3.211 3.467 3.746 4.052 4.397 4.797 5.281 5.908 6.804 8.241 10.238 11.157 11.699 12.067 12.334 12.532 12.678 12.783 12.853 12.892 12.906 12.896 12.865 12.814 12.746 12.663 12.564 12.453 12.330 12.195 12.052 11.899 11.739 11.572 11.399 11.221 11.038 10.852 10.662 10.470 10.275 10.079 9.882 9.683 9.485 9.287 9.090 8.894 8.702 8.512 8.327 8.147 7.972 7.803 7.642 7.487 7.339 7.199 7.067 6.940 6.818 6.694 6.549 5.294 1.072 0.038
2.200 2.474 2.663 2.849 3.043 3.247 3.462 3.690 3.934 4.199 4.492 4.824 5.210 5.686 6.313 7.242 8.882 10.960 11.851 12.370 12.719 12.969 13.152 13.285 13.379 13.439 13.470 13.477 13.460 13.423 13.367 13.293 13.203 13.098 12.980 12.848 12.705 12.551 12.387 12.214 12.033 11.846 11.652 11.453 11.250 11.043 10.833 10.621 10.407 10.191 9.974 9.757 9.541 9.325 9.110 8.898 8.689 8.483 8.282 8.087 7.897 7.714 7.539 7.371 7.212 7.061 6.919 6.785 6.658 6.538 6.421 6.298 6.137 3.566
2.767 3.103 3.303 3.487 3.678 3.879 4.094 4.324 4.574 4.852 5.167 5.536 5.990 6.591 7.490 9.119 11.449 12.411 12.948 13.301 13.550 13.730 13.860 13.950 14.008 14.038 14.042 14.024 13.985 13.928 13.853 13.761 13.653 13.531 13.395 13.245 13.084 12.911 12.728 12.536 12.335 12.126 11.912 11.692 11.467 11.238 11.007 10.773 10.538 10.302 10.065 9.827 9.591 9.356 9.122 8.891 8.664 8.441 8.223 8.011 7.806 7.608 7.418 7.237 7.065 6.902 6.748 6.604 6.469 6.343 6.224 6.111 5.997 5.863
3.247 3.647 3.861 4.045 4.235 4.437 4.654 4.891 5.153 5.449 5.796 6.219 6.773 7.589 9.043 11.694 12.844 13.444 13.823 14.086 14.274 14.409 14.503 14.564 14.596 14.603 14.588 14.552 14.497 14.423 14.333 14.227 14.104 13.967 13.815 13.650 13.472 13.281 13.080 12.868 12.646 12.417 12.181 11.939 11.692 11.441 11.187 10.931 10.674 10.415 10.157 9.898 9.641 9.385 9.131 8.880 8.633 8.391 8.155 7.925 7.703 7.489 7.283 7.087 6.901 6.725 6.560 6.404 6.259 6.124 5.999 5.882 5.771 5.662
3.657 4.122 4.356 4.543 4.734 4.940 5.163 5.410 5.687 6.008 6.396 6.894 7.602 8.805 11.685 13.129 13.855 14.288 14.579 14.785 14.933 15.037 15.106 15.145 15.159 15.150 15.119 15.070 15.002 14.916 14.814 14.695 14.560 14.410 14.244 14.064 13.870 13.663 13.443 13.211 12.970 12.719 12.461 12.196 11.926 11.652 11.375 11.096 10.815 10.534 10.253 9.972 9.692 9.415 9.139 8.867 8.600 8.337 8.081 7.832 7.591 7.360 7.137 6.926 6.725 6.535 6.356 6.189 6.033 5.888 5.753 5.629 5.514 5.406
4.014 4.545 4.804 4.999 5.194 5.403 5.633 5.891 6.187 6.539 6.980 7.581 8.526 10.511 13.176 14.157 14.687 15.028 15.263 15.431 15.551 15.633 15.683 15.706 15.706 15.685 15.643 15.583 15.505 15.409 15.297 15.168 15.022 14.860 14.682 14.488 14.279 14.055 13.817 13.567 13.305 13.033 12.752 12.464 12.170 11.872 11.571 11.268 10.963 10.659 10.354 10.050 9.748 9.448 9.150 8.856 8.567 8.283 8.006 7.736 7.475 7.224 6.984 6.755 6.538 6.332 6.140 5.959 5.792 5.636 5.492 5.359 5.236 5.124
4.334 4.928 5.215 5.419 5.620 5.836 6.076 6.347 6.664 7.052 7.558 8.294 9.614 12.808 14.283 14.997 15.420 15.702 15.901 16.043 16.142 16.207 16.244 16.255 16.245 16.213 16.163 16.094 16.008 15.904 15.783 15.645 15.489 15.317 15.127 14.920 14.697 14.457 14.202 13.933 13.651 13.357 13.053 12.741 12.423 12.100 11.774 11.446 11.117 10.788 10.460 10.133 9.808 9.485 9.164 8.848 8.536 8.230 7.931 7.640 7.358 7.086 6.826 6.578 6.343 6.121 5.913 5.719 5.538 5.371 5.216 5.073 4.943 4.823
4.623 5.279 5.597 5.813 6.021 6.244 6.493 6.779 7.122 7.550 8.132 9.049 11.001 14.057 15.169 15.737 16.092 16.336 16.508 16.631 16.715 16.767 16.793 16.796 16.777 16.738 16.680 16.604 16.511 16.400 16.272 16.125 15.961 15.779 15.579 15.360 15.123 14.868 14.596 14.308 14.005 13.690 13.363 13.026 12.683 12.335 11.983 11.630 11.276 10.922 10.570 10.219 9.870 9.524 9.182 8.843 8.509 8.180 7.859 7.545 7.241 6.948 6.667 6.399 6.144 5.905 5.680 5.470 5.275 5.094 4.928 4.775 4.635 4.507
4.890 5.604 5.954 6.184 6.400 6.631 6.891 7.193 7.560 8.032 8.704 9.850 12.975 15.077 15.931 16.413 16.724 16.940 17.094 17.202 17.274 17.317 17.335 17.330 17.304 17.259 17.196 17.114 17.015 16.897 16.762 16.609 16.437 16.246 16.036 15.805 15.556 15.286 14.998 14.691 14.368 14.030 13.680 13.319 12.950 12.575 12.197 11.817 11.437 11.059 10.681 10.307 9.935 9.566 9.201 8.840 8.484 8.134 7.790 7.454 7.128 6.812 6.509 6.219 5.944 5.685 5.441 5.214 5.004 4.809 4.630 4.465 4.315 4.178
5.136 5.906 6.291 6.537 6.763 7.002 7.271 7.589 7.982 8.497 9.267 10.711 14.323 15.891 16.622 17.047 17.329 17.525 17.664 17.762 17.825 17.860 17.871 17.860 17.829 17.778 17.710 17.623 17.518 17.395 17.254 17.094 16.915 16.716 16.496 16.255 15.993 15.709 15.405 15.080 14.737 14.377 14.002 13.616 13.221 12.820 12.414 12.008 11.601 11.197 10.794 10.395 10.000 9.608 9.221 8.839 8.461 8.090 7.725 7.367 7.019 6.680 6.355 6.042 5.745 5.465 5.201 4.956 4.728 4.517 4.324 4.147 3.985 3.838
5.367 6.190 6.608 6.871 7.107 7.355 7.637 7.970 8.385 8.946 9.815 11.594 15.256 16.619 17.264 17.653 17.913 18.095 18.224 18.313 18.369 18.398 18.404 18.387 18.351 18.296 18.222 18.130 18.021 17.893 17.746 17.580 17.394 17.187 16.958 16.707 16.433 16.136 15.816 15.473 15.110 14.728 14.329 13.918 13.496 13.067 12.634 12.200 11.766 11.335 10.907 10.484 10.065 9.651 9.242 8.838 8.440 8.049 7.663 7.285 6.915 6.555 6.207 5.871 5.551 5.248 4.963 4.697 4.449 4.221 4.012 3.821 3.647 3.488
5.588 6.463 6.916 7.196 7.440 7.695 7.985 8.331 8.767 9.367 10.330 12.489 16.069 17.277 17.871 18.236 18.482 18.655 18.776 18.858 18.909 18.933 18.933 18.912 18.871 18.812 18.734 18.637 18.523 18.390 18.238 18.066 17.873 17.659 17.422 17.161 16.876 16.565 16.230 15.870 15.487 15.082 14.660 14.222 13.773 13.316 12.855 12.393 11.932 11.473 11.020 10.571 10.129 9.692 9.262 8.838 8.421 8.010 7.605 7.208 6.818 6.438 6.067 5.709 5.366 5.039 4.730 4.441 4.173 3.925 3.698 3.491 3.302 3.131
5.794 6.717 7.204 7.503 7.760 8.025 8.321 8.673 9.125 9.758 10.800 13.322 16.761 17.883 18.452 18.803 19.040 19.206 19.321 19.399 19.445 19.464 19.461 19.435 19.390 19.326 19.244 19.143 19.024 18.886 18.729 18.551 18.352 18.131 17.886 17.616 17.319 16.996 16.646 16.269 15.866 15.440 14.993 14.529 14.053 13.568 13.078 12.587 12.098 11.612 11.132 10.658 10.192 9.733 9.282 8.838 8.402 7.973 7.551 7.137 6.729 6.329 5.938 5.558 5.191 4.840 4.506 4.193 3.901 3.631 3.384 3.159 2.954 2.769
5.993 6.958 7.479 7.798 8.064 8.336 8.638 8.998 9.460 10.107 11.184 13.911 17.354 18.446 19.007 19.354 19.587 19.749 19.862 19.935 19.978 19.994 19.986 19.957 19.907 19.839 19.752 19.647 19.524 19.381 19.219 19.036 18.831 18.603 18.350 18.071 17.764 17.428 17.063 16.669 16.247 15.798 15.327 14.836 14.331 13.817 13.298 12.778 12.261 11.749 11.244 10.747 10.258 9.777 9.306 8.843 8.389 7.943 7.505 7.074 6.650 6.233 5.823 5.422 5.032 4.656 4.297 3.957 3.639 3.345 3.075 2.829 2.606 2.404
6.180 7.188 7.740 8.078 8.354 8.630 8.935 9.298 9.757 10.408 11.482 14.191 17.822 18.962 19.536 19.888 20.122 20.284 20.395 20.467 20.507 20.519 20.508 20.475 20.422 20.350 20.259 20.150 20.021 19.874 19.707 19.519 19.308 19.074 18.814 18.526 18.209 17.862 17.483 17.072 16.632 16.163 15.670 15.156 14.627 14.087 13.541 12.992 12.444 11.900 11.362 10.833 10.314 9.807 9.313 8.831 8.361 7.902 7.452 7.010 6.574 6.144 5.720 5.301 4.890 4.490 4.105 3.737 3.391 3.069 2.774 2.504 2.259 2.039
6.358 7.402 7.985 8.338 8.624 8.904 9.207 9.567 10.017 10.648 11.676 14.103 18.130 19.416 20.029 20.398 20.640 20.806 20.918 20.990 21.028 21.039 21.025 20.989 20.932 20.856 20.762 20.648 20.516 20.365 20.193 20.000 19.785 19.545 19.278 18.982 18.655 18.295 17.900 17.470 17.004 16.506 15.978 15.426 14.858 14.282 13.703 13.130 12.565 12.011 11.469 10.938 10.417 9.905 9.402 8.907 8.420 7.941 7.470 7.006 6.549 6.098 5.652 5.211 4.776 4.350 3.937 3.539 3.162 2.810 2.484 2.187 1.918 1.676
6.525 7.603 8.210 8.578 8.871 9.152 9.450 9.798 10.233 10.821 11.748 13.751 18.190 19.767 20.467 20.870 21.130 21.305 21.423 21.497 21.536 21.546 21.531 21.492 21.433 21.355 21.257 21.141 21.006 20.851 20.676 20.480 20.260 20.015 19.742 19.439 19.105 18.738 18.337 17.903 17.439 16.948 16.433 15.899 15.344 14.768 14.173 13.561 12.937 12.306 11.673 11.047 10.432 9.836 9.264 8.718 8.199 7.707 7.239 6.791 6.356 5.928 5.502 5.072 4.640 4.207 3.777 3.356 2.951 2.566 2.208 1.880 1.581 1.313
6.680 7.784 8.414 8.793 9.086 9.363 9.657 9.989 10.392 10.922 11.718 13.243 17.895 19.933 20.807 21.277 21.570 21.764 21.893 21.974 22.017 22.029 22.015 21.977 21.917 21.838 21.739 21.622 21.486 21.330 21.154 20.956 20.734 20.486 20.207 19.894 19.544 19.151 18.711 18.222 17.685 17.104 16.487 15.848 15.203 14.568 13.950 13.350 12.769 12.206 11.660 11.129 10.611 10.103 9.605 9.112 8.624 8.138 7.651 7.162 6.669 6.172 5.675 5.179 4.685 4.194 3.711 3.239 2.785 2.355 1.954 1.585 1.250 0.950
6.812 7.935 8.581 8.969 9.264 9.535 9.813 10.122 10.487 10.954 11.615 12.727 15.520 19.695 20.961 21.566 21.923 22.151 22.301 22.396 22.449 22.469 22.460 22.426 22.370 22.293 22.197 22.082 21.948 21.795 21.621 21.424 21.204 20.957 20.682 20.377 20.043 19.681 19.292 18.877 18.435 17.966 17.467 16.938 16.372 15.762 15.112 14.431 13.727 13.010 12.288 11.565 10.845 10.132 9.430 8.744 8.083 7.454 6.868 6.329 5.838 5.387 4.961 4.550 4.146 3.743 3.335 2.919 2.499 2.078 1.665 1.272 0.907 0.574
6.928 8.066 8.722 9.112 9.402 9.659 9.916 10.194 10.514 10.909 11.436 12.229 13.730 18.548 20.718 21.635 22.117 22.411 22.601 22.723 22.796 22.832 22.836 22.814 22.770 22.705 22.620 22.516 22.393 22.250 22.084 21.894 21.674 21.420 21.126 20.786 20.390 19.931 19.406 18.819 18.184 17.512 16.819 16.119 15.425 14.745 14.086 13.451 12.842 12.258 11.698 11.161 10.645 10.146 9.661 9.188 8.725 8.267 7.813 7.358 6.898 6.428 5.944 5.441 4.916 4.368 3.801 3.221 2.641 2.075 1.539 1.042 0.592 0.192
6.996 8.142 8.802 9.191 9.474 9.721 9.958 10.205 10.480 10.805 11.217 11.784 12.683 14.564 19.424 21.247 22.017 22.441 22.705 22.878 22.991 23.059 23.092 23.098 23.079 23.038 22.978 22.898 22.801 22.684 22.546 22.382 22.189 21.964 21.704 21.409 21.076 20.708 20.303 19.861 19.377 18.853 18.292 17.701 17.086 16.456 15.816 15.171 14.521 13.868 13.210 12.546 11.876 11.198 10.514 9.824 9.129 8.423 7.702 6.957 6.185 5.395 4.612 3.880 3.236 2.694 2.238 1.840 1.469 1.105 0.736 0.361 0.018 0.027
6.973 8.135 8.812 9.210 9.492 9.726 9.941 10.158 10.393 10.665 10.999 11.430 12.037 13.028 15.318 19.838 21.336 22.034 22.447 22.721 22.914 23.054 23.155 23.225 23.267 23.278 23.252 23.180 23.062 22.905 22.724 22.532 22.332 22.106 21.833 21.490 21.057 20.524 19.893 19.177 18.402 17.597 16.790 16.001 15.246 14.531 13.859 13.230 12.646 12.104 11.606 11.150 10.736 10.361 10.022 9.712 9.426 9.152 8.881 8.602 8.300 7.964 7.578 7.126 6.593 5.965 5.233 4.402 3.499 2.564 1.646 0.779 0.002 0.142
6.600 7.803 8.529 8.980 9.314 9.596 9.852 10.105 10.380 10.721 11.163 11.696 12.289 12.940 13.671 14.622 16.368 20.111 21.403 22.015 22.431 22.755 23.024 23.253 23.439 23.520 23.278 22.623 21.712 20.783 20.036 19.667 19.865 20.359 20.696 20.759 20.596 20.270 19.823 19.279 18.654 17.967 17.236 16.486 15.742 15.028 14.356 13.737 13.172 12.660 12.199 11.786 11.414 11.081 10.778 10.501 10.242 9.989 9.729 9.444 9.113 8.712 8.221 7.616 6.867 5.932 4.772 3.397 1.949 0.708 0.291 0.056 0.094 0.171
5.324 6.327 6.901 7.275 7.597 7.921 8.277 8.710 9.334 10.610 13.588 15.065 15.923 16.511 16.934 17.230 17.420 17.515 17.525 17.460 17.330 17.150 16.931 16.687 16.432 16.177 15.929 15.691 15.468 15.263 15.077 14.913 14.773 14.658 14.564 14.487 14.419 14.359 14.305 14.255 14.209 14.166 14.128 14.093 14.060 14.030 14.001 13.973 13.944 13.915 13.883 13.849 13.812 13.771 13.725 13.674 13.616 13.551 13.477 13.393 13.297 13.189 13.069 12.934 12.784 12.618 12.433 12.224 11.988 11.718 11.407 11.048 10.633 10.151
8.962 9.588 9.820 9.862 9.838 9.786 9.718 9.641 9.558 9.476 9.401 9.341 9.309 9.316 9.365 9.445 9.559 9.772 10.176 10.731 11.372 11.998 12.507 12.765 12.611 12.016 11.557 11.513 11.727 12.195 12.630 12.492 11.476 10.778 12.223 14.469 14.944 15.061 15.093 15.106 15.116 15.125 15.128 15.120 15.100 15.069 15.028 14.981 14.933 14.887 14.846 14.810 14.779 14.748 14.710 14.657 14.577 14.463 14.315 14.141 13.953 13.762 13.574 13.392 13.215 13.041 12.866 12.681 12.463 12.154 11.658 10.920 10.036 9.084
10.687 18.555 20.769 21.669 22.159 22.473 22.681 22.810 22.872 22.873 22.815 22.698 22.523 22.290 21.998 21.651 21.252 20.808 20.330 19.830 19.325 18.831 18.363 17.934 17.551 17.217 16.930 16.688 16.487 16.322 16.188 16.080 15.992 15.918 15.854 15.793 15.733 15.671 15.603 15.526 15.439 15.339 15.225 15.099 14.960 14.813 14.658 14.499 14.340 14.182 14.028 13.880 13.739 13.606 13.482 13.367 13.261 13.164 13.074 12.992 12.915 12.841 12.769 12.695 12.617 12.529 12.428 12.308 12.163 11.985 11.768 11.500 11.170 10.757
