Examples/2023_ISeeSnow/data/CoulombOnly/Results/curv77s/s/1HS_03_curv77s_MoT-Voellmy_s_0060.asc
ncols        113
nrows        63
xllcorner    3672.5
yllcorner    -4407.5
cellsize     5.00
NODATA_value -9999
[rows 0 to 31 of 63, columns 0 to 71 of 113]
0.000 0.000 0.000 0.000 0.000 0.000 0.000 0.000 0.000 0.000 0.000 0.000 0.000 0.000 0.000 0.000 0.000 0.000 0.000 0.000 0.000 0.000 0.000 0.000 0.000 0.000 0.000 0.000 0.000 0.000 0.001 0.002 0.007 0.011 0.029 0.075 0.165 0.320 0.566 0.928 1.433 2.091 2.901 3.851 4.922 6.090 7.328 8.607 9.834 10.931 11.852 12.578 13.091 13.368 13.387 13.131 12.594 11.786 10.740 9.507 8.152 6.740 5.332 3.971 2.689 1.502 0.584 0.170 0.048 0.013 0.002 0.000
0.000 0.000 0.000 0.000 0.000 0.000 0.000 0.000 0.000 0.000 0.000 0.000 0.000 0.000 0.000 0.000 0.000 0.000 0.000 0.000 0.000 0.000 0.001 0.003 0.010 0.009 0.011 0.042 0.144 0.338 0.664 1.166 1.883 2.841 4.044 5.474 7.099 8.870 10.740 12.668 14.622 16.557 18.406 20.145 21.775 23.301 24.734 26.083 26.550 26.999 27.296 27.488 27.615 27.691 27.722 27.719 27.687 27.632 27.561 27.475 27.375 27.262 27.144 27.024 26.886 26.766 22.017 14.039 9.129 6.140 3.900 2.104
0.000 0.000 0.000 0.000 0.000 0.000 0.000 0.000 0.000 0.000 0.000 0.000 0.000 0.000 0.000 0.003 0.010 0.009 0.009 0.010 0.013 0.161 0.440 0.897 1.568 2.473 3.602 4.924 6.392 7.954 9.561 11.171 12.756 14.299 15.814 17.318 18.808 20.213 21.515 22.722 23.845 25.307 26.381 27.160 27.723 28.128 28.420 28.626 28.767 28.855 28.899 28.908 28.887 28.843 28.778 28.697 28.602 28.495 28.380 28.256 28.127 27.993 27.855 27.714 27.571 27.427 27.283 27.139 26.995 26.855 26.710 26.581
0.000 0.000 0.000 0.000 0.000 0.000 0.000 0.002 0.009 0.009 0.010 0.011 0.008 0.012 0.143 0.521 1.112 1.931 2.958 4.156 5.473 6.857 8.257 9.628 10.931 12.136 13.219 14.195 15.102 15.973 16.821 17.634 18.420 19.234 20.168 21.499 23.884 25.667 26.924 27.813 28.456 28.928 29.273 29.522 29.697 29.811 29.878 29.904 29.898 29.865 29.809 29.733 29.641 29.536 29.419 29.292 29.157 29.016 28.870 28.720 28.566 28.411 28.254 28.096 27.939 27.782 27.625 27.471 27.317 27.166 27.018 26.872
0.006 0.008 0.007 0.007 0.006 0.005 0.007 0.151 0.676 1.433 2.401 3.534 4.780 6.085 7.402 8.688 9.902 11.013 11.991 12.818 13.499 14.059 14.529 14.926 15.252 15.505 15.689 15.869 16.185 16.804 17.908 19.499 21.593 24.743 26.734 27.991 28.844 29.452 29.896 30.221 30.456 30.621 30.730 30.792 30.816 30.807 30.771 30.712 30.632 30.536 30.424 30.300 30.165 30.021 29.869 29.710 29.547 29.379 29.208 29.035 28.861 28.686 28.511 28.337 28.164 27.993 27.823 27.656 27.492 27.330 27.172 27.017
0.279 0.999 1.936 3.043 4.264 5.549 6.847 8.117 9.320 10.425 11.402 12.228 12.889 13.393 13.762 14.024 14.200 14.296 14.310 14.238 14.104 13.975 13.946 14.093 14.460 15.064 15.920 17.070 18.658 20.692 23.804 26.957 28.546 29.538 30.207 30.679 31.021 31.269 31.445 31.563 31.635 31.668 31.668 31.639 31.586 31.511 31.418 31.309 31.185 31.048 30.900 30.742 30.576 30.403 30.224 30.041 29.853 29.662 29.470 29.276 29.082 28.889 28.696 28.505 28.316 28.129 27.946 27.765 27.588 27.415 27.246 27.081
8.978 10.129 11.143 12.009 12.708 13.235 13.599 13.826 13.943 13.972 13.923 13.795 13.589 13.319 13.032 12.791 12.657 12.663 12.817 13.105 13.510 14.022 14.643 15.393 16.317 17.499 19.135 21.306 25.303 28.227 29.745 30.656 31.252 31.666 31.960 32.170 32.316 32.411 32.465 32.483 32.471 32.433 32.373 32.291 32.192 32.077 31.947 31.803 31.648 31.482 31.307 31.123 30.932 30.735 30.533 30.326 30.116 29.904 29.691 29.477 29.264 29.051 28.840 28.632 28.426 28.223 28.024 27.829 27.639 27.453 27.271 27.095
13.967 14.081 14.005 13.837 13.595 13.282 12.913 12.527 12.176 11.909 11.759 11.734 11.825 12.013 12.277 12.602 12.978 13.398 13.867 14.392 14.989 15.688 16.538 17.624 19.130 21.262 24.950 28.871 30.542 31.490 32.088 32.491 32.773 32.971 33.107 33.194 33.242 33.256 33.242 33.203 33.142 33.061 32.962 32.847 32.717 32.572 32.416 32.247 32.068 31.878 31.680 31.474 31.261 31.042 30.818 30.590 30.359 30.126 29.891 29.657 29.423 29.191 28.961 28.734 28.510 28.290 28.075 27.865 27.659 27.459 27.264 27.075
12.001 11.761 11.438 11.197 11.071 11.055 11.132 11.282 11.489 11.737 12.016 12.320 12.648 12.997 13.371 13.772 14.207 14.687 15.226 15.849 16.597 17.543 18.827 20.730 23.678 28.725 30.962 32.086 32.755 33.190 33.487 33.693 33.834 33.925 33.977 33.996 33.986 33.952 33.897 33.821 33.728 33.618 33.493 33.353 33.200 33.034 32.856 32.667 32.467 32.258 32.039 31.813 31.579 31.339 31.094 30.845 30.592 30.338 30.082 29.826 29.572 29.319 29.068 28.822 28.579 28.341 28.108 27.881 27.659 27.444 27.235 27.032
10.378 10.718 10.926 11.137 11.366 11.612 11.871 12.143 12.427 12.723 13.033 13.359 13.703 14.070 14.465 14.896 15.376 15.924 16.571 17.370 18.422 19.941 22.280 27.728 30.882 32.414 33.252 33.769 34.110 34.344 34.504 34.610 34.674 34.704 34.705 34.681 34.635 34.569 34.485 34.384 34.268 34.137 33.992 33.834 33.663 33.479 33.283 33.076 32.859 32.631 32.394 32.148 31.895 31.635 31.369 31.098 30.824 30.548 30.270 29.993 29.716 29.442 29.171 28.903 28.640 28.383 28.131 27.885 27.647 27.415 27.190 26.973
11.007 11.496 11.775 12.023 12.272 12.529 12.794 13.069 13.356 13.655 13.970 14.304 14.663 15.051 15.478 15.957 16.513 17.182 18.028 19.181 20.952 23.895 29.749 32.323 33.528 34.208 34.636 34.922 35.116 35.248 35.332 35.379 35.395 35.385 35.352 35.300 35.229 35.140 35.036 34.917 34.784 34.637 34.476 34.302 34.115 33.916 33.705 33.482 33.248 33.003 32.748 32.484 32.211 31.931 31.645 31.353 31.058 30.760 30.461 30.161 29.862 29.566 29.272 28.983 28.699 28.421 28.149 27.885 27.627 27.378 27.136 26.903
11.742 12.309 12.609 12.860 13.107 13.362 13.625 13.901 14.190 14.495 14.821 15.170 15.552 15.975 16.454 17.015 17.697 18.581 19.823 21.823 25.551 31.343 33.434 34.447 35.036 35.412 35.663 35.833 35.947 36.018 36.054 36.063 36.047 36.010 35.954 35.880 35.791 35.686 35.566 35.432 35.285 35.124 34.950 34.762 34.562 34.349 34.123 33.885 33.635 33.374 33.102 32.820 32.529 32.230 31.924 31.612 31.295 30.976 30.654 30.332 30.011 29.692 29.377 29.066 28.760 28.461 28.168 27.883 27.607 27.338 27.079 26.828
12.387 13.030 13.355 13.611 13.859 14.114 14.380 14.660 14.956 15.273 15.615 15.989 16.407 16.882 17.443 18.134 19.038 20.346 22.513 27.204 32.523 34.322 35.242 35.780 36.125 36.356 36.513 36.616 36.679 36.710 36.714 36.695 36.657 36.600 36.526 36.437 36.332 36.214 36.081 35.935 35.776 35.603 35.416 35.217 35.004 34.777 34.538 34.286 34.021 33.744 33.456 33.157 32.848 32.530 32.204 31.872 31.535 31.194 30.851 30.507 30.164 29.823 29.486 29.153 28.825 28.504 28.191 27.886 27.589 27.301 27.022 26.754
12.956 13.679 14.034 14.298 14.550 14.809 15.081 15.369 15.677 16.012 16.378 16.788 17.259 17.815 18.503 19.412 20.741 23.007 28.510 33.362 35.076 35.952 36.466 36.795 37.016 37.165 37.263 37.322 37.351 37.354 37.334 37.295 37.239 37.166 37.078 36.976 36.859 36.729 36.585 36.428 36.257 36.073 35.875 35.664 35.439 35.200 34.948 34.682 34.403 34.111 33.807 33.491 33.164 32.828 32.483 32.132 31.774 31.413 31.049 30.684 30.320 29.957 29.599 29.244 28.896 28.554 28.220 27.894 27.577 27.270 26.972 26.684
13.468 14.272 14.663 14.943 15.203 15.468 15.748 16.047 16.372 16.731 17.133 17.595 18.141 18.817 19.714 21.032 23.312 29.041 33.994 35.722 36.597 37.108 37.433 37.651 37.798 37.895 37.953 37.981 37.984 37.966 37.928 37.873 37.802 37.716 37.615 37.501 37.374 37.233 37.078 36.910 36.729 36.534 36.326 36.103 35.866 35.615 35.350 35.071 34.778 34.471 34.152 33.820 33.476 33.122 32.759 32.389 32.012 31.631 31.247 30.862 30.477 30.094 29.715 29.340 28.971 28.610 28.256 27.910 27.574 27.247 26.930 26.624
13.939 14.828 15.261 15.558 15.828 16.104 16.396 16.712 17.060 17.451 17.900 18.432 19.089 19.956 21.222 23.407 28.697 34.465 36.284 37.192 37.715 38.047 38.268 38.417 38.515 38.575 38.604 38.609 38.591 38.555 38.502 38.433 38.349 38.251 38.139 38.014 37.876 37.725 37.560 37.382 37.190 36.985 36.765 36.532 36.283 36.021 35.743 35.451 35.144 34.823 34.488 34.140 33.780 33.410 33.029 32.640 32.245 31.844 31.441 31.037 30.633 30.231 29.832 29.439 29.052 28.671 28.299 27.935 27.581 27.236 26.901 26.576
14.383 15.358 15.838 16.160 16.443 16.731 17.040 17.379 17.757 18.186 18.697 19.328 20.151 21.335 23.353 28.002 34.652 36.762 37.742 38.296 38.643 38.872 39.026 39.128 39.191 39.223 39.229 39.214 39.180 39.128 39.061 38.979 38.883 38.774 38.651 38.516 38.367 38.205 38.030 37.842 37.640 37.424 37.193 36.949 36.689 36.414 36.124 35.819 35.499 35.163 34.814 34.450 34.074 33.687 33.289 32.882 32.469 32.051 31.629 31.207 30.785 30.365 29.949 29.539 29.135 28.738 28.350 27.969 27.599 27.237 26.885 26.543
14.808 15.871 16.404 16.755 17.059 17.363 17.690 18.054 18.466 18.953 19.548 20.317 21.413 23.204 27.057 34.571 37.138 38.245 38.851 39.224 39.468 39.631 39.739 39.805 39.840 39.849 39.836 39.803 39.753 39.688 39.607 39.513 39.406 39.285 39.151 39.005 38.846 38.673 38.488 38.289 38.076 37.850 37.608 37.352 37.081 36.794 36.492 36.174 35.840 35.491 35.126 34.747 34.355 33.951 33.536 33.112 32.682 32.246 31.808 31.368 30.930 30.495 30.064 29.638 29.220 28.809 28.406 28.013 27.628 27.252 26.886 26.529
15.218 16.374 16.967 17.352 17.678 18.003 18.351 18.746 19.204 19.760 20.470 21.457 23.018 26.144 34.162 37.369 38.692 39.380 39.791 40.057 40.233 40.349 40.421 40.460 40.471 40.460 40.429 40.380 40.316 40.236 40.143 40.036 39.916 39.784 39.639 39.482 39.312 39.129 38.933 38.724 38.500 38.263 38.010 37.743 37.460 37.161 36.846 36.515 36.167 35.803 35.424 35.029 34.621 34.200 33.769 33.328 32.881 32.429 31.975 31.520 31.067 30.618 30.173 29.735 29.305 28.883 28.469 28.064 27.668 27.282 26.903 26.534
15.615 16.865 17.525 17.952 18.306 18.654 19.029 19.459 19.970 20.617 21.491 22.814 25.300 33.209 37.391 39.056 39.873 40.343 40.640 40.834 40.962 41.041 41.085 41.099 41.090 41.060 41.011 40.947 40.867 40.774 40.667 40.548 40.416 40.272 40.116 39.947 39.766 39.572 39.366 39.146 38.911 38.663 38.400 38.121 37.826 37.514 37.186 36.841 36.479 36.100 35.705 35.295 34.870 34.433 33.985 33.528 33.065 32.597 32.128 31.660 31.194 30.733 30.277 29.829 29.390 28.959 28.537 28.124 27.721 27.326 26.939 26.560
15.996 17.341 18.071 18.546 18.931 19.307 19.715 20.183 20.761 21.524 22.625 24.511 29.147 36.910 39.275 40.303 40.866 41.210 41.432 41.576 41.666 41.716 41.734 41.726 41.697 41.649 41.583 41.503 41.408 41.300 41.180 41.047 40.903 40.747 40.580 40.400 40.208 40.004 39.787 39.557 39.312 39.053 38.778 38.487 38.180 37.856 37.514 37.154 36.777 36.382 35.971 35.544 35.102 34.648 34.183 33.710 33.232 32.750 32.268 31.787 31.310 30.840 30.376 29.920 29.474 29.038 28.611 28.193 27.785 27.385 26.992 26.607
16.355 17.794 18.597 19.119 19.542 19.951 20.391 20.903 21.546 22.444 23.865 26.745 35.458 39.129 40.598 41.326 41.749 42.013 42.183 42.289 42.348 42.372 42.368 42.340 42.291 42.224 42.142 42.045 41.935 41.813 41.679 41.534 41.377 41.210 41.032 40.842 40.640 40.427 40.200 39.960 39.705 39.435 39.150 38.847 38.527 38.189 37.832 37.457 37.063 36.651 36.221 35.776 35.316 34.844 34.362 33.873 33.379 32.884 32.390 31.900 31.415 30.938 30.469 30.009 29.560 29.121 28.692 28.273 27.862 27.460 27.065 26.677
16.687 18.211 19.084 19.661 20.121 20.554 21.018 21.567 22.281 23.315 25.089 29.488 37.981 40.557 41.626 42.200 42.542 42.757 42.891 42.968 43.002 43.004 42.979 42.930 42.863 42.779 42.679 42.567 42.442 42.306 42.159 42.003 41.836 41.660 41.473 41.275 41.066 40.845 40.611 40.362 40.099 39.819 39.521 39.206 38.871 38.517 38.144 37.751 37.338 36.907 36.459 35.996 35.518 35.030 34.533 34.030 33.524 33.017 32.513 32.014 31.521 31.037 30.562 30.099 29.647 29.206 28.775 28.355 27.944 27.541 27.145 26.755
16.987 18.586 19.521 20.145 20.639 21.095 21.576 22.142 22.883 23.982 25.966 31.608 39.415 41.463 42.407 42.921 43.229 43.418 43.530 43.587 43.603 43.586 43.543 43.477 43.393 43.293 43.179 43.052 42.916 42.770 42.615 42.451 42.279 42.099 41.909 41.710 41.499 41.276 41.040 40.788 40.519 40.231 39.923 39.593 39.240 38.864 38.464 38.041 37.597 37.131 36.648 36.149 35.639 35.121 34.600 34.078 33.559 33.046 32.542 32.048 31.565 31.094 30.634 30.186 29.749 29.322 28.904 28.494 28.091 27.693 27.299 26.909
17.255 18.922 19.914 20.582 21.103 21.567 22.033 22.561 23.241 24.249 26.029 30.719 39.290 41.802 42.850 43.405 43.729 43.922 44.032 44.083 44.091 44.063 44.009 43.932 43.837 43.728 43.607 43.475 43.336 43.189 43.036 42.876 42.709 42.534 42.350 42.155 41.947 41.724 41.485 41.229 40.954 40.659 40.341 40.001 39.638 39.254 38.849 38.424 37.980 37.517 37.039 36.548 36.044 35.531 35.012 34.488 33.962 33.437 32.915 32.397 31.886 31.382 30.888 30.403 29.928 29.464 29.010 28.565 28.128 27.697 27.272 26.851
17.458 19.195 20.246 20.945 21.471 21.918 22.342 22.784 23.319 24.050 25.189 27.430 35.608 40.757 42.520 43.348 43.801 44.063 44.212 44.287 44.309 44.292 44.247 44.180 44.098 44.005 43.905 43.799 43.691 43.581 43.469 43.355 43.239 43.116 42.985 42.840 42.673 42.476 42.238 41.952 41.616 41.237 40.824 40.382 39.910 39.407 38.873 38.312 37.729 37.132 36.529 35.931 35.345 34.778 34.237 33.724 33.243 32.792 32.373 31.982 31.617 31.275 30.952 30.643 30.345 30.052 29.759 29.461 29.153 28.831 28.490 28.127
17.421 19.158 20.197 20.877 21.372 21.775 22.133 22.484 22.869 23.324 23.911 24.801 26.386 30.486 38.852 41.471 42.556 43.121 43.442 43.632 43.747 43.818 43.868 43.912 43.957 43.997 44.022 44.035 44.039 44.037 44.031 44.024 44.016 44.009 44.002 43.987 43.906 43.612 43.031 42.177 41.159 40.140 39.323 38.840 38.538 38.221 37.858 37.461 37.042 36.610 36.173 35.735 35.303 34.879 34.469 34.073 33.695 33.336 32.998 32.680 32.385 32.110 31.856 31.621 31.402 31.196 30.995 30.793 30.582 30.356 30.108 29.832
17.048 18.507 19.278 19.713 19.986 20.177 20.334 20.493 20.686 20.936 21.269 21.711 22.326 23.243 24.924 30.374 36.432 38.400 39.383 39.929 40.238 40.397 40.455 40.439 40.369 40.256 40.104 39.917 39.697 39.450 39.183 38.904 38.618 38.331 38.047 37.771 37.506 37.253 37.014 36.788 36.571 36.358 36.151 35.951 35.761 35.585 35.420 35.265 35.118 34.976 34.838 34.702 34.567 34.432 34.295 34.157 34.016 33.872 33.725 33.574 33.418 33.258 33.092 32.921 32.743 32.558 32.366 32.166 31.959 31.745 31.524 31.296
26.349 27.923 28.599 28.558 27.972 27.030 25.932 24.850 23.900 23.138 22.570 22.175 21.925 21.790 21.750 21.783 21.873 21.998 22.132 22.247 22.313 22.302 22.191 21.988 21.879 22.778 25.711 33.369 36.574 37.768 38.262 38.481 38.577 38.619 38.651 38.703 38.806 39.061 40.796 45.692 47.574 47.333 44.922 41.229 37.971 35.788 34.911 34.694 34.661 34.644 34.608 34.551 34.476 34.388 34.289 34.182 34.069 33.950 33.825 33.692 33.551 33.397 33.226 33.035 32.821 32.584 32.325 32.049 31.761 31.463 31.160 30.852
30.950 40.457 42.318 43.234 43.788 44.162 44.426 44.611 44.736 44.810 44.843 44.837 44.799 44.731 44.636 44.516 44.372 44.206 44.020 43.813 43.587 43.342 43.079 42.799 42.503 42.194 41.874 41.544 41.208 40.867 40.525 40.185 39.849 39.521 39.204 38.900 38.610 38.337 38.081 37.841 37.616 37.405 37.206 37.017 36.837 36.664 36.494 36.329 36.166 36.003 35.840 35.673 35.502 35.325 35.140 34.947 34.745 34.534 34.311 34.078 33.833 33.577 33.311 33.037 32.754 32.466 32.175 31.880 31.585 31.290 30.995 30.700
13.317 13.663 13.811 13.913 13.997 14.062 14.104 14.121 14.111 14.076 14.020 13.952 13.884 13.827 13.793 13.790 13.821 13.892 14.007 14.177 14.413 14.736 15.174 15.776 16.633 17.963 20.123 23.121 27.682 34.489 36.837 37.787 38.211 38.387 38.435 38.416 38.360 38.288 38.210 38.137 38.099 38.188 38.766 42.016 45.453 44.067 40.125 36.466 35.153 34.629 34.537 34.562 34.577 34.553 34.496 34.419 34.326 34.211 34.062 33.872 33.638 33.363 33.061 32.749 32.454 32.181 31.904 31.615 31.315 31.004 30.685 30.357
29.890 44.922 48.080 49.142 49.640 49.881 49.974 49.968 49.886 49.742 49.546 49.304 49.023 48.708 48.365 47.998 47.612 47.211 46.800 46.382 45.962 45.542 45.124 44.712 44.306 43.908 43.519 43.139 42.768 42.406 42.053 41.708 41.371 41.041 40.717 40.399 40.087 39.779 39.475 39.174 38.877 38.583 38.291 38.001 37.712 37.426 37.140 36.855 36.572 36.288 36.005 35.723 35.441 35.159 34.878 34.597 34.317 34.039 33.762 33.488 33.216 32.947 32.681 32.418 32.160 31.906 31.656 31.411 31.170 30.933 30.700 30.471
