Examples/2023_ISeeSnow/data/CoulombOnly/Results/curv77s/h/1HS_03_curv77s_MoT-Voellmy_h_0027.asc
ncols        130
nrows        21
xllcorner    1562.5
yllcorner    -4302.5
cellsize     5.00
NODATA_value -9999
0.003 0.004 0.004 0.004 0.004 0.004 0.004 0.004 0.004 0.004 0.004 0.005 0.005 0.005 0.005 0.005 0.005 0.005 0.005 0.006 0.006 0.006 0.006 0.006 0.006 0.007 0.007 0.007 0.006 0.006 0.006 0.006 0.005 0.005 0.004 0.004 0.004 0.003 0.003 0.002 0.002 0.003 0.004 0.005 0.003 0.000 0.000 0.000 0.000 0.000 0.000 0.000 0.000 0.000 0.000 0.000 0.000 0.000 0.000 0.000 0.000 0.000 0.000 0.000 0.000 0.000 0.000 0.000 0.000 0.000 0.000 0.000 0.000 0.000 0.000 0.000 0.000 0.000 0.000 0.000 0.000 0.000 0.000 0.000 0.000 0.000 0.000 0.000 0.000 0.000 0.000 0.000 0.000 0.000 0.000 0.000 0.000 0.000 0.000 0.000 0.000 0.000 0.000 0.000 0.000 0.000 0.000 0.000 0.000 0.000 0.000 0.000 0.000 0.000 0.000 0.000 0.000 0.000 0.000 0.000 0.000 0.000 0.000 0.000 0.000 0.000 0.000 0.000 0.000 0.000
0.004 0.005 0.005 0.006 0.006 0.006 0.006 0.006 0.006 0.006 0.007 0.007 0.007 0.008 0.008 0.010 0.012 0.013 0.015 0.016 0.018 0.019 0.020 0.021 0.022 0.022 0.022 0.022 0.022 0.021 0.020 0.019 0.018 0.017 0.015 0.014 0.013 0.011 0.010 0.009 0.008 0.007 0.006 0.005 0.003 0.003 0.003 0.004 0.005 0.005 0.001 0.000 0.000 0.000 0.000 0.000 0.000 0.000 0.000 0.000 0.000 0.000 0.000 0.000 0.000 0.000 0.000 0.000 0.000 0.000 0.000 0.000 0.000 0.000 0.000 0.000 0.000 0.000 0.000 0.000 0.000 0.000 0.000 0.000 0.000 0.000 0.000 0.000 0.000 0.000 0.000 0.000 0.000 0.000 0.000 0.000 0.000 0.000 0.000 0.000 0.000 0.000 0.000 0.000 0.000 0.000 0.000 0.000 0.000 0.000 0.000 0.000 0.000 0.000 0.000 0.000 0.000 0.000 0.000 0.000 0.000 0.000 0.000 0.000 0.000 0.000 0.000 0.000 0.000 0.000
0.004 0.005 0.006 0.006 0.007 0.007 0.007 0.007 0.008 0.008 0.009 0.012 0.015 0.019 0.023 0.028 0.032 0.037 0.041 0.046 0.050 0.054 0.057 0.060 0.063 0.064 0.065 0.066 0.065 0.064 0.062 0.060 0.057 0.054 0.050 0.047 0.043 0.039 0.034 0.031 0.027 0.023 0.020 0.017 0.014 0.012 0.010 0.008 0.007 0.005 0.004 0.003 0.004 0.005 0.006 0.003 0.000 0.000 0.000 0.000 0.000 0.000 0.000 0.000 0.000 0.000 0.000 0.000 0.000 0.000 0.000 0.000 0.000 0.000 0.000 0.000 0.000 0.000 0.000 0.000 0.000 0.000 0.000 0.000 0.000 0.000 0.000 0.000 0.000 0.000 0.000 0.000 0.000 0.000 0.000 0.000 0.000 0.000 0.000 0.000 0.000 0.000 0.000 0.000 0.000 0.000 0.000 0.000 0.000 0.000 0.000 0.000 0.000 0.000 0.000 0.000 0.000 0.000 0.000 0.000 0.000 0.000 0.000 0.000 0.000 0.000 0.000 0.000 0.000 0.000
0.005 0.006 0.006 0.007 0.007 0.007 0.008 0.009 0.012 0.017 0.023 0.029 0.037 0.045 0.054 0.064 0.074 0.084 0.094 0.105 0.115 0.124 0.133 0.141 0.148 0.154 0.159 0.162 0.163 0.163 0.162 0.159 0.154 0.149 0.142 0.134 0.126 0.117 0.108 0.098 0.089 0.079 0.070 0.062 0.054 0.046 0.039 0.033 0.028 0.023 0.019 0.015 0.013 0.011 0.008 0.006 0.004 0.004 0.004 0.006 0.007 0.004 0.000 0.000 0.000 0.000 0.000 0.000 0.000 0.000 0.001 0.001 0.002 0.003 0.004 0.004 0.004 0.004 0.004 0.003 0.002 0.001 0.001 0.000 0.000 0.000 0.000 0.000 0.000 0.000 0.000 0.000 0.000 0.000 0.000 0.000 0.000 0.000 0.000 0.000 0.000 0.000 0.000 0.000 0.000 0.000 0.000 0.000 0.000 0.000 0.000 0.000 0.000 0.000 0.000 0.000 0.000 0.000 0.000 0.000 0.000 0.000 0.000 0.000 0.000 0.000 0.000 0.000 0.000 0.000
0.005 0.006 0.006 0.007 0.008 0.009 0.012 0.018 0.026 0.035 0.046 0.058 0.072 0.088 0.104 0.123 0.142 0.162 0.182 0.203 0.224 0.245 0.265 0.283 0.301 0.316 0.330 0.341 0.350 0.357 0.360 0.361 0.360 0.355 0.348 0.339 0.327 0.314 0.298 0.282 0.264 0.245 0.226 0.207 0.187 0.169 0.150 0.133 0.117 0.102 0.088 0.075 0.064 0.054 0.045 0.037 0.030 0.025 0.021 0.017 0.014 0.010 0.007 0.005 0.004 0.005 0.006 0.011 0.021 0.035 0.051 0.068 0.085 0.101 0.116 0.128 0.137 0.144 0.148 0.150 0.149 0.145 0.140 0.132 0.123 0.112 0.100 0.087 0.074 0.061 0.048 0.036 0.026 0.017 0.011 0.005 0.000 0.000 0.000 0.000 0.000 0.000 0.000 0.000 0.000 0.000 0.000 0.000 0.000 0.000 0.000 0.000 0.000 0.000 0.000 0.000 0.000 0.000 0.000 0.000 0.000 0.000 0.000 0.000 0.000 0.000 0.000 0.000 0.000 0.000
0.005 0.006 0.007 0.008 0.010 0.015 0.023 0.034 0.046 0.061 0.079 0.099 0.121 0.147 0.174 0.205 0.237 0.271 0.307 0.344 0.382 0.420 0.458 0.495 0.532 0.566 0.599 0.630 0.657 0.682 0.703 0.721 0.735 0.746 0.752 0.754 0.753 0.747 0.738 0.725 0.709 0.690 0.668 0.644 0.618 0.590 0.560 0.530 0.500 0.469 0.438 0.408 0.379 0.350 0.323 0.297 0.273 0.250 0.231 0.230 0.256 0.306 0.376 0.464 0.564 0.673 0.784 0.886 0.974 1.046 1.103 1.144 1.171 1.185 1.187 1.179 1.161 1.136 1.105 1.068 1.029 0.986 0.942 0.897 0.852 0.806 0.759 0.711 0.661 0.609 0.555 0.499 0.442 0.384 0.325 0.267 0.213 0.164 0.121 0.085 0.056 0.036 0.022 0.013 0.007 0.001 0.000 0.000 0.000 0.000 0.000 0.000 0.000 0.000 0.000 0.000 0.000 0.000 0.000 0.000 0.000 0.000 0.000 0.000 0.000 0.000 0.000 0.000 0.000 0.000
0.005 0.006 0.007 0.010 0.016 0.025 0.037 0.052 0.070 0.092 0.118 0.147 0.180 0.218 0.259 0.305 0.354 0.407 0.463 0.521 0.583 0.646 0.710 0.776 0.842 0.907 0.973 1.037 1.100 1.161 1.221 1.278 1.332 1.383 1.432 1.478 1.520 1.560 1.597 1.631 1.663 1.693 1.721 1.747 1.773 1.799 1.826 1.854 1.885 1.920 1.959 2.003 2.055 2.116 2.198 2.307 2.443 2.599 2.768 2.914 3.018 3.080 3.101 3.087 3.043 2.976 2.893 2.804 2.717 2.636 2.564 2.504 2.455 2.418 2.392 2.375 2.365 2.358 2.352 2.343 2.330 2.309 2.278 2.236 2.182 2.115 2.036 1.946 1.848 1.743 1.632 1.518 1.402 1.285 1.170 1.055 0.942 0.831 0.722 0.616 0.514 0.417 0.327 0.246 0.178 0.122 0.080 0.050 0.030 0.018 0.011 0.004 0.000 0.000 0.000 0.000 0.000 0.000 0.000 0.000 0.000 0.000 0.000 0.000 0.000 0.000 0.000 0.000 0.000 0.000
0.005 0.007 0.009 0.014 0.023 0.036 0.052 0.072 0.096 0.125 0.159 0.199 0.244 0.296 0.353 0.417 0.486 0.561 0.642 0.728 0.820 0.915 1.015 1.118 1.225 1.334 1.445 1.558 1.672 1.787 1.903 2.018 2.134 2.249 2.365 2.480 2.594 2.709 2.823 2.939 3.054 3.171 3.290 3.410 3.533 3.659 3.787 3.917 4.050 4.185 4.319 4.453 4.582 4.704 4.791 4.829 4.818 4.765 4.676 4.573 4.473 4.381 4.298 4.224 4.158 4.096 4.033 3.967 3.891 3.804 3.703 3.587 3.458 3.318 3.170 3.018 2.864 2.712 2.563 2.419 2.282 2.152 2.029 1.913 1.806 1.708 1.619 1.540 1.471 1.412 1.362 1.318 1.279 1.242 1.204 1.163 1.116 1.062 1.000 0.931 0.855 0.775 0.691 0.606 0.520 0.436 0.355 0.279 0.211 0.153 0.107 0.072 0.047 0.030 0.018 0.012 0.005 0.000 0.000 0.000 0.000 0.000 0.000 0.000 0.000 0.000 0.000 0.000 0.000 0.000
0.005 0.007 0.011 0.019 0.031 0.047 0.067 0.092 0.123 0.160 0.204 0.255 0.315 0.382 0.459 0.544 0.638 0.742 0.854 0.974 1.102 1.238 1.380 1.528 1.681 1.839 1.999 2.163 2.329 2.496 2.663 2.831 2.999 3.167 3.334 3.499 3.663 3.826 3.986 4.144 4.298 4.447 4.591 4.729 4.857 4.976 5.081 5.173 5.247 5.303 5.339 5.352 5.344 5.314 5.276 5.238 5.204 5.173 5.146 5.121 5.089 5.045 4.988 4.919 4.838 4.748 4.654 4.559 4.468 4.384 4.309 4.244 4.189 4.142 4.100 4.059 4.017 3.972 3.921 3.865 3.804 3.739 3.671 3.602 3.533 3.465 3.397 3.327 3.254 3.175 3.089 2.993 2.887 2.773 2.651 2.523 2.391 2.258 2.124 1.991 1.859 1.727 1.595 1.462 1.328 1.193 1.058 0.924 0.793 0.667 0.547 0.437 0.338 0.254 0.185 0.130 0.088 0.058 0.037 0.023 0.014 0.008 0.001 0.000 0.000 0.000 0.000 0.000 0.000 0.000
0.006 0.008 0.015 0.026 0.041 0.061 0.087 0.119 0.160 0.209 0.267 0.336 0.417 0.509 0.614 0.730 0.859 0.999 1.149 1.310 1.479 1.655 1.838 2.026 2.217 2.412 2.609 2.807 3.006 3.205 3.403 3.600 3.794 3.987 4.175 4.358 4.536 4.706 4.868 5.020 5.161 5.289 5.403 5.502 5.587 5.656 5.710 5.749 5.775 5.790 5.795 5.792 5.783 5.771 5.755 5.738 5.715 5.685 5.647 5.602 5.554 5.507 5.461 5.417 5.373 5.329 5.282 5.230 5.169 5.097 5.013 4.914 4.801 4.674 4.535 4.385 4.227 4.064 3.896 3.726 3.555 3.384 3.214 3.044 2.876 2.708 2.542 2.378 2.218 2.062 1.912 1.769 1.635 1.508 1.390 1.280 1.176 1.078 0.984 0.894 0.808 0.724 0.645 0.570 0.500 0.436 0.379 0.329 0.286 0.249 0.217 0.189 0.164 0.142 0.121 0.101 0.083 0.066 0.052 0.039 0.029 0.020 0.014 0.010 0.003 0.000 0.000 0.000 0.000 0.000
0.008 0.019 0.035 0.057 0.086 0.125 0.173 0.233 0.304 0.388 0.486 0.596 0.718 0.852 0.998 1.152 1.315 1.485 1.661 1.841 2.024 2.210 2.398 2.588 2.778 2.967 3.157 3.344 3.529 3.711 3.888 4.060 4.225 4.383 4.532 4.672 4.803 4.924 5.035 5.136 5.228 5.311 5.387 5.456 5.519 5.576 5.628 5.676 5.719 5.757 5.790 5.816 5.835 5.845 5.846 5.838 5.823 5.802 5.776 5.744 5.704 5.657 5.601 5.537 5.464 5.383 5.296 5.204 5.110 5.017 4.926 4.838 4.756 4.680 4.610 4.545 4.485 4.429 4.376 4.325 4.276 4.226 4.174 4.121 4.065 4.006 3.942 3.873 3.798 3.718 3.633 3.541 3.444 3.341 3.233 3.120 3.003 2.883 2.759 2.633 2.505 2.374 2.242 2.109 1.974 1.837 1.699 1.560 1.421 1.283 1.147 1.014 0.885 0.763 0.649 0.543 0.448 0.364 0.290 0.228 0.176 0.133 0.099 0.072 0.051 0.036 0.025 0.017 0.011 0.005
0.006 0.008 0.015 0.026 0.041 0.061 0.087 0.119 0.159 0.208 0.267 0.336 0.417 0.509 0.613 0.730 0.859 0.999 1.149 1.309 1.478 1.655 1.837 2.025 2.217 2.411 2.608 2.806 3.005 3.204 3.402 3.599 3.794 3.986 4.175 4.358 4.536 4.706 4.868 5.020 5.161 5.289 5.403 5.502 5.587 5.656 5.710 5.749 5.775 5.790 5.795 5.792 5.783 5.771 5.755 5.738 5.715 5.685 5.647 5.602 5.554 5.507 5.461 5.416 5.373 5.329 5.282 5.229 5.168 5.096 5.012 4.913 4.800 4.673 4.534 4.385 4.227 4.063 3.895 3.725 3.554 3.383 3.213 3.044 2.875 2.708 2.542 2.378 2.218 2.062 1.912 1.769 1.635 1.508 1.390 1.280 1.176 1.078 0.984 0.894 0.808 0.724 0.645 0.570 0.500 0.437 0.379 0.329 0.286 0.249 0.217 0.189 0.164 0.142 0.121 0.101 0.083 0.066 0.052 0.039 0.029 0.020 0.014 0.010 0.003 0.000 0.000 0.000 0.000 0.000
0.005 0.007 0.011 0.019 0.031 0.047 0.067 0.092 0.123 0.160 0.204 0.255 0.314 0.382 0.459 0.544 0.638 0.741 0.853 0.974 1.102 1.237 1.379 1.527 1.681 1.838 1.999 2.162 2.328 2.495 2.662 2.830 2.998 3.166 3.332 3.498 3.662 3.825 3.985 4.143 4.297 4.446 4.591 4.728 4.857 4.975 5.081 5.172 5.247 5.303 5.339 5.352 5.344 5.313 5.275 5.238 5.203 5.173 5.145 5.120 5.089 5.045 4.988 4.918 4.837 4.748 4.654 4.559 4.468 4.384 4.309 4.245 4.189 4.142 4.100 4.059 4.017 3.971 3.921 3.864 3.803 3.737 3.670 3.601 3.532 3.464 3.396 3.326 3.253 3.175 3.088 2.993 2.887 2.773 2.651 2.523 2.391 2.258 2.124 1.991 1.859 1.727 1.595 1.462 1.328 1.193 1.058 0.924 0.793 0.667 0.547 0.437 0.338 0.254 0.185 0.130 0.088 0.058 0.037 0.023 0.014 0.008 0.001 0.000 0.000 0.000 0.000 0.000 0.000 0.000
0.005 0.007 0.009 0.014 0.023 0.036 0.052 0.072 0.096 0.125 0.159 0.199 0.244 0.296 0.353 0.416 0.486 0.561 0.642 0.728 0.819 0.915 1.015 1.118 1.224 1.333 1.445 1.557 1.672 1.787 1.902 2.018 2.133 2.249 2.364 2.479 2.593 2.708 2.822 2.937 3.053 3.170 3.289 3.409 3.532 3.657 3.785 3.916 4.049 4.184 4.319 4.452 4.582 4.704 4.791 4.828 4.818 4.764 4.676 4.573 4.473 4.381 4.298 4.224 4.158 4.096 4.033 3.967 3.891 3.804 3.703 3.587 3.458 3.318 3.170 3.018 2.864 2.712 2.563 2.420 2.283 2.153 2.029 1.914 1.807 1.709 1.620 1.541 1.472 1.412 1.362 1.318 1.279 1.242 1.204 1.163 1.116 1.062 1.000 0.931 0.855 0.775 0.691 0.606 0.520 0.436 0.355 0.279 0.211 0.153 0.107 0.072 0.047 0.030 0.019 0.012 0.005 0.000 0.000 0.000 0.000 0.000 0.000 0.000 0.000 0.000 0.000 0.000 0.000 0.000
0.005 0.006 0.007 0.010 0.016 0.025 0.037 0.052 0.070 0.092 0.118 0.147 0.180 0.218 0.259 0.305 0.354 0.407 0.463 0.521 0.583 0.646 0.710 0.776 0.841 0.907 0.973 1.037 1.100 1.161 1.220 1.277 1.332 1.383 1.432 1.478 1.520 1.560 1.597 1.631 1.663 1.692 1.720 1.747 1.773 1.799 1.826 1.854 1.885 1.919 1.958 2.003 2.055 2.115 2.197 2.307 2.442 2.598 2.767 2.914 3.018 3.079 3.101 3.087 3.043 2.975 2.892 2.804 2.717 2.635 2.564 2.503 2.455 2.418 2.392 2.375 2.364 2.357 2.351 2.343 2.330 2.309 2.278 2.236 2.181 2.114 2.036 1.946 1.848 1.743 1.632 1.518 1.402 1.285 1.170 1.055 0.942 0.831 0.722 0.616 0.514 0.417 0.327 0.246 0.178 0.122 0.080 0.050 0.030 0.018 0.011 0.004 0.000 0.000 0.000 0.000 0.000 0.000 0.000 0.000 0.000 0.000 0.000 0.000 0.000 0.000 0.000 0.000 0.000 0.000
0.005 0.006 0.007 0.008 0.010 0.015 0.023 0.034 0.046 0.061 0.079 0.099 0.121 0.147 0.174 0.205 0.237 0.271 0.307 0.344 0.382 0.420 0.458 0.495 0.532 0.566 0.599 0.630 0.658 0.682 0.704 0.722 0.736 0.746 0.752 0.755 0.753 0.748 0.739 0.726 0.710 0.691 0.669 0.645 0.618 0.590 0.561 0.531 0.500 0.469 0.438 0.408 0.379 0.351 0.323 0.298 0.273 0.250 0.231 0.231 0.256 0.306 0.377 0.464 0.564 0.674 0.785 0.886 0.974 1.046 1.103 1.144 1.172 1.185 1.187 1.179 1.161 1.136 1.105 1.069 1.029 0.986 0.942 0.897 0.852 0.806 0.759 0.711 0.661 0.609 0.555 0.500 0.442 0.384 0.325 0.267 0.213 0.164 0.121 0.085 0.057 0.036 0.022 0.013 0.007 0.001 0.000 0.000 0.000 0.000 0.000 0.000 0.000 0.000 0.000 0.000 0.000 0.000 0.000 0.000 0.000 0.000 0.000 0.000 0.000 0.000 0.000 0.000 0.000 0.000
0.005 0.006 0.006 0.007 0.008 0.009 0.012 0.018 0.026 0.035 0.046 0.058 0.072 0.088 0.104 0.123 0.142 0.162 0.183 0.203 0.224 0.245 0.265 0.283 0.301 0.316 0.330 0.341 0.351 0.357 0.361 0.362 0.360 0.356 0.349 0.339 0.328 0.314 0.299 0.282 0.264 0.245 0.226 0.207 0.188 0.169 0.151 0.133 0.117 0.102 0.088 0.075 0.064 0.054 0.045 0.037 0.030 0.025 0.021 0.017 0.014 0.010 0.007 0.005 0.004 0.005 0.006 0.011 0.021 0.035 0.051 0.068 0.085 0.102 0.116 0.128 0.137 0.144 0.148 0.150 0.149 0.145 0.140 0.132 0.123 0.112 0.100 0.087 0.074 0.061 0.048 0.036 0.026 0.018 0.011 0.005 0.000 0.000 0.000 0.000 0.000 0.000 0.000 0.000 0.000 0.000 0.000 0.000 0.000 0.000 0.000 0.000 0.000 0.000 0.000 0.000 0.000 0.000 0.000 0.000 0.000 0.000 0.000 0.000 0.000 0.000 0.000 0.000 0.000 0.000
0.005 0.006 0.006 0.007 0.007 0.007 0.008 0.009 0.012 0.017 0.023 0.029 0.037 0.045 0.054 0.064 0.074 0.084 0.094 0.105 0.115 0.125 0.134 0.142 0.149 0.154 0.159 0.162 0.163 0.163 0.162 0.159 0.154 0.149 0.142 0.134 0.126 0.117 0.108 0.098 0.089 0.079 0.070 0.062 0.054 0.046 0.039 0.034 0.028 0.023 0.019 0.015 0.013 0.011 0.008 0.006 0.004 0.004 0.004 0.006 0.007 0.004 0.000 0.000 0.000 0.000 0.000 0.000 0.000 0.000 0.001 0.001 0.002 0.003 0.004 0.004 0.004 0.004 0.004 0.003 0.002 0.001 0.001 0.000 0.000 0.000 0.000 0.000 0.000 0.000 0.000 0.000 0.000 0.000 0.000 0.000 0.000 0.000 0.000 0.000 0.000 0.000 0.000 0.000 0.000 0.000 0.000 0.000 0.000 0.000 0.000 0.000 0.000 0.000 0.000 0.000 0.000 0.000 0.000 0.000 0.000 0.000 0.000 0.000 0.000 0.000 0.000 0.000 0.000 0.000
0.004 0.005 0.006 0.006 0.007 0.007 0.007 0.007 0.008 0.008 0.009 0.012 0.015 0.019 0.023 0.028 0.032 0.037 0.041 0.046 0.050 0.054 0.057 0.060 0.063 0.064 0.066 0.066 0.065 0.064 0.063 0.060 0.057 0.054 0.050 0.047 0.043 0.039 0.035 0.031 0.027 0.023 0.020 0.017 0.014 0.012 0.010 0.008 0.007 0.005 0.004 0.003 0.004 0.005 0.006 0.003 0.000 0.000 0.000 0.000 0.000 0.000 0.000 0.000 0.000 0.000 0.000 0.000 0.000 0.000 0.000 0.000 0.000 0.000 0.000 0.000 0.000 0.000 0.000 0.000 0.000 0.000 0.000 0.000 0.000 0.000 0.000 0.000 0.000 0.000 0.000 0.000 0.000 0.000 0.000 0.000 0.000 0.000 0.000 0.000 0.000 0.000 0.000 0.000 0.000 0.000 0.000 0.000 0.000 0.000 0.000 0.000 0.000 0.000 0.000 0.000 0.000 0.000 0.000 0.000 0.000 0.000 0.000 0.000 0.000 0.000 0.000 0.000 0.000 0.000
0.004 0.005 0.005 0.006 0.006 0.006 0.006 0.006 0.006 0.006 0.007 0.007 0.007 0.008 0.008 0.010 0.012 0.013 0.015 0.016 0.018 0.019 0.020 0.021 0.022 0.022 0.022 0.022 0.022 0.021 0.020 0.019 0.018 0.017 0.015 0.014 0.013 0.011 0.010 0.009 0.008 0.007 0.006 0.005 0.003 0.003 0.003 0.004 0.005 0.005 0.001 0.000 0.000 0.000 0.000 0.000 0.000 0.000 0.000 0.000 0.000 0.000 0.000 0.000 0.000 0.000 0.000 0.000 0.000 0.000 0.000 0.000 0.000 0.000 0.000 0.000 0.000 0.000 0.000 0.000 0.000 0.000 0.000 0.000 0.000 0.000 0.000 0.000 0.000 0.000 0.000 0.000 0.000 0.000 0.000 0.000 0.000 0.000 0.000 0.000 0.000 0.000 0.000 0.000 0.000 0.000 0.000 0.000 0.000 0.000 0.000 0.000 0.000 0.000 0.000 0.000 0.000 0.000 0.000 0.000 0.000 0.000 0.000 0.000 0.000 0.000 0.000 0.000 0.000 0.000
0.003 0.004 0.004 0.004 0.004 0.004 0.004 0.004 0.004 0.004 0.004 0.005 0.005 0.005 0.005 0.005 0.005 0.005 0.005 0.006 0.006 0.006 0.006 0.006 0.006 0.007 0.007 0.007 0.006 0.006 0.006 0.006 0.005 0.005 0.004 0.004 0.004 0.003 0.003 0.002 0.002 0.003 0.004 0.005 0.003 0.000 0.000 0.000 0.000 0.000 0.000 0.000 0.000 0.000 0.000 0.000 0.000 0.000 0.000 0.000 0.000 0.000 0.000 0.000 0.000 0.000 0.000 0.000 0.000 0.000 0.000 0.000 0.000 0.000 0.000 0.000 0.000 0.000 0.000 0.000 0.000 0.000 0.000 0.000 0.000 0.000 0.000 0.000 0.000 0.000 0.000 0.000 0.000 0.000 0.000 0.000 0.000 0.000 0.000 0.000 0.000 0.000 0.000 0.000 0.000 0.000 0.000 0.000 0.000 0.000 0.000 0.000 0.000 0.000 0.000 0.000 0.000 0.000 0.000 0.000 0.000 0.000 0.000 0.000 0.000 0.000 0.000 0.000 0.000 0.000
