Examples/2023_ISeeSnow/data/CoulombOnly/Results/curv77s/h/1HS_03_curv77s_MoT-Voellmy_h_0039.asc
ncols        175
nrows        15
xllcorner    2162.5
yllcorner    -4287.5
cellsize     5.00
NODATA_value -9999
0.001 0.001 0.001 0.001 0.001 0.001 0.001 0.001 0.001 0.001 0.001 0.001 0.001 0.001 0.001 0.001 0.001 0.001 0.001 0.001 0.001 0.001 0.001 0.001 0.001 0.001 0.001 0.001 0.001 0.001 0.001 0.001 0.001 0.002 0.002 0.002 0.002 0.002 0.002 0.002 0.002 0.002 0.002 0.002 0.002 0.002 0.002 0.002 0.003 0.003 0.003 0.003 0.003 0.003 0.003 0.003 0.003 0.003 0.003 0.003 0.003 0.003 0.003 0.003 0.003 0.003 0.003 0.003 0.003 0.003 0.004 0.005 0.006 0.006 0.007 0.007 0.002 0.000 0.000 0.000 0.000 0.000 0.000 0.000 0.000 0.000 0.000 0.000 0.000 0.000 0.000 0.000 0.000 0.000 0.000 0.000 0.000 0.000 0.000 0.000 0.000 0.000 0.000 0.000 0.000 0.000 0.000 0.000 0.000 0.000 0.000 0.000 0.000 0.000 0.000 0.000 0.000 0.000 0.000 0.000 0.000 0.000 0.000 0.000 0.000 0.000 0.000 0.000 0.000 0.000 0.000 0.000 0.000 0.000 0.000 0.000 0.000 0.000 0.000 0.000 0.000 0.000 0.000 0.000 0.000 0.000 0.000 0.000 0.000 0.000 0.000 0.000 0.000 0.000 0.000 0.000 0.000 0.000 0.000 0.000 0.000 0.000 0.000 0.000 0.000 0.000 0.000 0.000 0.000 0.000 0.000 0.000 0.000 0.000 0.000
0.002 0.002 0.002 0.002 0.002 0.002 0.002 0.002 0.002 0.002 0.002 0.002 0.002 0.003 0.003 0.003 0.003 0.003 0.003 0.003 0.003 0.003 0.003 0.003 0.003 0.004 0.004 0.004 0.004 0.004 0.004 0.005 0.005 0.005 0.005 0.006 0.006 0.007 0.008 0.011 0.017 0.023 0.030 0.038 0.047 0.058 0.071 0.086 0.103 0.121 0.141 0.163 0.186 0.211 0.236 0.261 0.287 0.313 0.338 0.361 0.384 0.405 0.424 0.440 0.454 0.466 0.474 0.480 0.484 0.484 0.482 0.477 0.470 0.461 0.450 0.436 0.419 0.401 0.382 0.362 0.341 0.319 0.296 0.274 0.252 0.230 0.208 0.187 0.167 0.148 0.130 0.114 0.098 0.084 0.071 0.059 0.049 0.040 0.033 0.026 0.020 0.015 0.011 0.009 0.009 0.009 0.009 0.007 0.001 0.000 0.000 0.000 0.000 0.000 0.000 0.000 0.000 0.000 0.000 0.000 0.000 0.000 0.000 0.000 0.000 0.000 0.000 0.000 0.000 0.000 0.000 0.000 0.000 0.000 0.000 0.000 0.000 0.000 0.000 0.000 0.000 0.000 0.000 0.000 0.000 0.000 0.000 0.000 0.000 0.000 0.000 0.000 0.000 0.000 0.000 0.000 0.000 0.000 0.000 0.000 0.000 0.000 0.000 0.000 0.000 0.000 0.000 0.000 0.000 0.000 0.000 0.000 0.000 0.000 0.000
0.003 0.003 0.003 0.003 0.004 0.004 0.004 0.004 0.004 0.004 0.004 0.004 0.004 0.004 0.005 0.005 0.005 0.005 0.005 0.005 0.005 0.005 0.006 0.006 0.006 0.006 0.007 0.008 0.010 0.015 0.022 0.030 0.041 0.054 0.070 0.090 0.115 0.146 0.182 0.224 0.272 0.325 0.383 0.445 0.510 0.576 0.644 0.711 0.777 0.840 0.900 0.956 1.008 1.055 1.096 1.132 1.163 1.189 1.210 1.227 1.240 1.249 1.255 1.257 1.257 1.255 1.250 1.243 1.235 1.225 1.214 1.201 1.187 1.172 1.155 1.137 1.119 1.098 1.077 1.054 1.030 1.005 0.978 0.951 0.922 0.892 0.861 0.829 0.796 0.763 0.728 0.693 0.658 0.622 0.587 0.553 0.520 0.488 0.457 0.427 0.398 0.369 0.342 0.317 0.295 0.273 0.253 0.233 0.215 0.200 0.186 0.174 0.164 0.155 0.147 0.140 0.133 0.126 0.119 0.111 0.104 0.096 0.088 0.079 0.070 0.060 0.051 0.042 0.034 0.027 0.020 0.014 0.010 0.004 0.001 0.001 0.000 0.000 0.000 0.000 0.000 0.000 0.000 0.000 0.000 0.000 0.000 0.000 0.000 0.000 0.000 0.000 0.000 0.000 0.000 0.000 0.000 0.000 0.000 0.000 0.000 0.000 0.000 0.000 0.000 0.000 0.000 0.000 0.000 0.000 0.000 0.000 0.000 0.000 0.000
0.004 0.005 0.005 0.005 0.005 0.005 0.005 0.005 0.005 0.006 0.006 0.006 0.006 0.006 0.006 0.006 0.006 0.007 0.007 0.007 0.008 0.010 0.015 0.021 0.030 0.041 0.055 0.072 0.095 0.123 0.155 0.194 0.238 0.286 0.340 0.398 0.458 0.521 0.584 0.647 0.709 0.767 0.823 0.875 0.923 0.967 1.007 1.045 1.080 1.112 1.144 1.174 1.203 1.232 1.261 1.289 1.318 1.346 1.375 1.403 1.431 1.459 1.487 1.515 1.543 1.570 1.597 1.624 1.650 1.676 1.703 1.728 1.754 1.779 1.804 1.829 1.853 1.876 1.898 1.919 1.939 1.958 1.980 2.005 2.031 2.060 2.089 2.119 2.148 2.178 2.207 2.234 2.260 2.284 2.302 2.314 2.321 2.322 2.317 2.308 2.293 2.274 2.250 2.221 2.187 2.148 2.104 2.055 2.001 1.942 1.879 1.811 1.740 1.666 1.589 1.509 1.428 1.345 1.261 1.176 1.091 1.005 0.919 0.834 0.750 0.668 0.590 0.515 0.444 0.378 0.318 0.263 0.215 0.172 0.134 0.102 0.076 0.055 0.038 0.025 0.016 0.010 0.002 0.000 0.000 0.000 0.000 0.000 0.000 0.000 0.000 0.000 0.000 0.000 0.000 0.000 0.000 0.000 0.000 0.000 0.000 0.000 0.000 0.000 0.000 0.000 0.000 0.000 0.000 0.000 0.000 0.000 0.000 0.000 0.000
0.005 0.005 0.006 0.006 0.006 0.006 0.006 0.007 0.007 0.007 0.007 0.007 0.007 0.007 0.008 0.009 0.012 0.018 0.025 0.035 0.047 0.063 0.084 0.108 0.138 0.173 0.214 0.260 0.312 0.369 0.431 0.496 0.564 0.634 0.706 0.779 0.852 0.925 0.998 1.071 1.143 1.214 1.285 1.356 1.427 1.497 1.567 1.638 1.708 1.778 1.849 1.920 1.991 2.062 2.134 2.207 2.279 2.353 2.426 2.501 2.575 2.650 2.724 2.799 2.873 2.947 3.020 3.092 3.163 3.232 3.300 3.366 3.430 3.492 3.551 3.608 3.662 3.713 3.761 3.806 3.848 3.883 3.907 3.918 3.917 3.904 3.879 3.843 3.797 3.740 3.674 3.598 3.514 3.423 3.327 3.226 3.122 3.014 2.904 2.793 2.681 2.569 2.457 2.347 2.238 2.132 2.028 1.926 1.827 1.731 1.638 1.547 1.459 1.374 1.292 1.214 1.138 1.067 0.999 0.935 0.876 0.822 0.772 0.728 0.689 0.655 0.624 0.597 0.573 0.549 0.526 0.501 0.475 0.447 0.417 0.384 0.349 0.313 0.275 0.238 0.202 0.168 0.136 0.108 0.083 0.063 0.046 0.032 0.022 0.014 0.009 0.001 0.000 0.000 0.000 0.000 0.000 0.000 0.000 0.000 0.000 0.000 0.000 0.000 0.000 0.000 0.000 0.000 0.000 0.000 0.000 0.000 0.000 0.000 0.000
0.005 0.006 0.007 0.007 0.007 0.007 0.007 0.008 0.008 0.008 0.009 0.012 0.018 0.025 0.034 0.045 0.059 0.077 0.097 0.121 0.149 0.180 0.214 0.251 0.290 0.331 0.374 0.417 0.462 0.508 0.555 0.605 0.659 0.717 0.779 0.847 0.921 1.000 1.086 1.178 1.275 1.378 1.486 1.597 1.712 1.829 1.947 2.067 2.186 2.304 2.422 2.537 2.650 2.760 2.867 2.970 3.069 3.165 3.256 3.343 3.427 3.506 3.581 3.652 3.720 3.783 3.843 3.899 3.952 4.001 4.045 4.086 4.123 4.155 4.182 4.204 4.220 4.231 4.236 4.235 4.227 4.213 4.198 4.180 4.160 4.139 4.115 4.090 4.064 4.037 4.009 3.981 3.954 3.926 3.900 3.874 3.848 3.823 3.799 3.775 3.750 3.726 3.700 3.674 3.647 3.618 3.588 3.556 3.523 3.488 3.453 3.417 3.380 3.343 3.306 3.269 3.230 3.191 3.151 3.109 3.066 3.019 2.967 2.911 2.847 2.777 2.700 2.616 2.526 2.430 2.329 2.224 2.116 2.004 1.890 1.774 1.657 1.539 1.421 1.303 1.186 1.071 0.959 0.851 0.747 0.648 0.554 0.467 0.388 0.316 0.252 0.197 0.151 0.113 0.082 0.058 0.041 0.028 0.018 0.012 0.007 0.001 0.000 0.000 0.000 0.000 0.000 0.000 0.000 0.000 0.000 0.000 0.000 0.000 0.000
0.005 0.006 0.007 0.007 0.008 0.008 0.008 0.008 0.008 0.008 0.009 0.009 0.010 0.014 0.019 0.026 0.034 0.045 0.057 0.073 0.091 0.113 0.139 0.170 0.206 0.247 0.296 0.351 0.413 0.482 0.557 0.637 0.719 0.804 0.890 0.977 1.065 1.152 1.239 1.325 1.409 1.492 1.574 1.654 1.734 1.814 1.893 1.973 2.052 2.133 2.214 2.296 2.380 2.464 2.549 2.634 2.721 2.807 2.893 2.980 3.065 3.149 3.231 3.311 3.388 3.462 3.532 3.599 3.660 3.717 3.770 3.817 3.859 3.895 3.927 3.954 3.975 3.993 4.006 4.015 4.020 4.022 4.021 4.018 4.011 4.002 3.991 3.977 3.961 3.942 3.920 3.896 3.869 3.839 3.805 3.768 3.727 3.683 3.635 3.584 3.529 3.470 3.408 3.342 3.274 3.203 3.129 3.052 2.973 2.892 2.809 2.724 2.637 2.548 2.457 2.365 2.271 2.177 2.081 1.985 1.888 1.791 1.694 1.599 1.505 1.414 1.325 1.239 1.156 1.076 0.999 0.926 0.857 0.792 0.731 0.674 0.622 0.574 0.530 0.490 0.454 0.422 0.393 0.366 0.342 0.319 0.297 0.276 0.256 0.236 0.216 0.197 0.177 0.157 0.138 0.119 0.101 0.084 0.068 0.055 0.043 0.033 0.025 0.019 0.014 0.011 0.006 0.000 0.000 0.000 0.000 0.000 0.000 0.000 0.000
0.007 0.015 0.024 0.034 0.046 0.059 0.074 0.091 0.112 0.136 0.164 0.198 0.237 0.282 0.335 0.395 0.462 0.538 0.621 0.712 0.811 0.918 1.031 1.149 1.273 1.401 1.531 1.663 1.795 1.927 2.057 2.187 2.316 2.444 2.570 2.692 2.811 2.927 3.039 3.147 3.251 3.352 3.448 3.540 3.629 3.714 3.795 3.873 3.947 4.017 4.085 4.149 4.210 4.268 4.323 4.375 4.425 4.471 4.515 4.557 4.596 4.632 4.666 4.698 4.727 4.754 4.778 4.799 4.818 4.835 4.849 4.860 4.869 4.875 4.879 4.880 4.878 4.873 4.866 4.857 4.844 4.829 4.812 4.792 4.770 4.745 4.718 4.689 4.658 4.624 4.588 4.551 4.511 4.470 4.426 4.381 4.334 4.286 4.236 4.185 4.132 4.078 4.023 3.967 3.911 3.853 3.795 3.736 3.677 3.618 3.558 3.499 3.440 3.380 3.321 3.262 3.203 3.144 3.085 3.026 2.967 2.908 2.849 2.789 2.728 2.667 2.605 2.542 2.478 2.413 2.346 2.278 2.209 2.138 2.065 1.991 1.915 1.838 1.760 1.680 1.600 1.518 1.436 1.354 1.272 1.190 1.109 1.028 0.949 0.872 0.797 0.724 0.654 0.587 0.523 0.464 0.407 0.355 0.307 0.264 0.224 0.189 0.157 0.129 0.105 0.084 0.067 0.052 0.041 0.031 0.024 0.018 0.014 0.010 0.000
0.005 0.006 0.007 0.007 0.008 0.008 0.008 0.008 0.008 0.008 0.009 0.009 0.010 0.014 0.019 0.026 0.034 0.045 0.057 0.073 0.091 0.113 0.139 0.170 0.205 0.247 0.296 0.351 0.413 0.482 0.557 0.637 0.719 0.804 0.890 0.977 1.065 1.153 1.239 1.325 1.409 1.492 1.574 1.654 1.734 1.814 1.893 1.973 2.053 2.133 2.214 2.297 2.380 2.464 2.549 2.635 2.721 2.807 2.894 2.980 3.065 3.149 3.231 3.311 3.388 3.462 3.533 3.599 3.661 3.718 3.770 3.817 3.859 3.896 3.928 3.954 3.976 3.994 4.007 4.016 4.021 4.023 4.022 4.019 4.012 4.003 3.992 3.978 3.962 3.943 3.922 3.897 3.870 3.840 3.806 3.769 3.728 3.684 3.636 3.584 3.529 3.470 3.408 3.342 3.274 3.202 3.128 3.052 2.973 2.892 2.809 2.724 2.636 2.547 2.457 2.364 2.271 2.176 2.081 1.984 1.887 1.790 1.694 1.599 1.505 1.414 1.325 1.239 1.155 1.076 0.999 0.926 0.857 0.792 0.731 0.674 0.622 0.574 0.530 0.490 0.454 0.422 0.393 0.366 0.342 0.319 0.297 0.276 0.256 0.236 0.216 0.197 0.177 0.157 0.138 0.119 0.101 0.084 0.068 0.055 0.043 0.033 0.025 0.019 0.014 0.011 0.006 0.000 0.000 0.000 0.000 0.000 0.000 0.000 0.000
0.005 0.006 0.007 0.007 0.007 0.007 0.007 0.008 0.008 0.008 0.009 0.012 0.018 0.025 0.034 0.045 0.059 0.077 0.097 0.121 0.149 0.180 0.214 0.251 0.290 0.331 0.374 0.417 0.462 0.508 0.555 0.605 0.659 0.717 0.779 0.847 0.921 1.000 1.086 1.178 1.275 1.378 1.486 1.597 1.712 1.829 1.947 2.067 2.186 2.305 2.422 2.537 2.650 2.760 2.867 2.970 3.069 3.165 3.256 3.344 3.427 3.506 3.581 3.653 3.720 3.784 3.844 3.900 3.952 4.001 4.046 4.087 4.123 4.155 4.183 4.205 4.221 4.232 4.237 4.236 4.227 4.214 4.199 4.181 4.162 4.140 4.117 4.092 4.065 4.038 4.011 3.983 3.955 3.928 3.901 3.875 3.850 3.825 3.800 3.776 3.752 3.727 3.701 3.675 3.647 3.618 3.588 3.556 3.523 3.489 3.453 3.417 3.380 3.343 3.306 3.269 3.230 3.191 3.151 3.110 3.066 3.019 2.968 2.911 2.848 2.778 2.701 2.617 2.526 2.431 2.330 2.225 2.116 2.004 1.890 1.775 1.657 1.539 1.421 1.303 1.186 1.072 0.960 0.851 0.747 0.648 0.554 0.467 0.388 0.316 0.252 0.197 0.151 0.113 0.082 0.058 0.041 0.028 0.018 0.012 0.007 0.001 0.000 0.000 0.000 0.000 0.000 0.000 0.000 0.000 0.000 0.000 0.000 0.000 0.000
0.005 0.005 0.006 0.006 0.006 0.006 0.006 0.007 0.007 0.007 0.007 0.007 0.007 0.007 0.008 0.009 0.012 0.018 0.025 0.035 0.047 0.063 0.084 0.108 0.138 0.173 0.214 0.260 0.312 0.369 0.431 0.496 0.564 0.634 0.706 0.779 0.852 0.925 0.998 1.071 1.143 1.214 1.285 1.356 1.427 1.497 1.567 1.638 1.708 1.778 1.849 1.920 1.991 2.062 2.134 2.207 2.279 2.353 2.427 2.501 2.575 2.650 2.724 2.799 2.873 2.947 3.020 3.092 3.163 3.232 3.300 3.366 3.430 3.492 3.551 3.608 3.662 3.713 3.761 3.806 3.848 3.883 3.907 3.918 3.917 3.904 3.879 3.843 3.796 3.740 3.673 3.598 3.514 3.423 3.326 3.226 3.121 3.014 2.904 2.793 2.681 2.569 2.457 2.347 2.239 2.132 2.028 1.927 1.828 1.732 1.639 1.548 1.460 1.375 1.293 1.215 1.139 1.068 1.000 0.936 0.877 0.822 0.773 0.729 0.689 0.655 0.625 0.598 0.573 0.549 0.526 0.501 0.476 0.448 0.417 0.384 0.349 0.313 0.275 0.238 0.202 0.168 0.136 0.108 0.083 0.063 0.045 0.032 0.022 0.014 0.009 0.001 0.000 0.000 0.000 0.000 0.000 0.000 0.000 0.000 0.000 0.000 0.000 0.000 0.000 0.000 0.000 0.000 0.000 0.000 0.000 0.000 0.000 0.000 0.000
0.004 0.005 0.005 0.005 0.005 0.005 0.005 0.005 0.005 0.006 0.006 0.006 0.006 0.006 0.006 0.006 0.006 0.007 0.007 0.007 0.008 0.010 0.015 0.021 0.030 0.041 0.055 0.072 0.095 0.123 0.155 0.194 0.238 0.286 0.340 0.398 0.458 0.521 0.584 0.647 0.709 0.767 0.823 0.875 0.923 0.967 1.007 1.045 1.080 1.113 1.144 1.174 1.203 1.232 1.261 1.289 1.318 1.346 1.375 1.403 1.431 1.460 1.487 1.515 1.543 1.570 1.597 1.624 1.650 1.676 1.703 1.728 1.754 1.779 1.804 1.829 1.853 1.876 1.898 1.919 1.938 1.958 1.980 2.005 2.031 2.059 2.088 2.118 2.148 2.178 2.207 2.234 2.260 2.284 2.302 2.314 2.321 2.322 2.318 2.308 2.293 2.274 2.250 2.221 2.187 2.148 2.104 2.055 2.001 1.942 1.878 1.811 1.740 1.666 1.589 1.509 1.427 1.344 1.260 1.176 1.090 1.005 0.919 0.834 0.750 0.668 0.589 0.514 0.444 0.378 0.318 0.263 0.214 0.171 0.134 0.102 0.076 0.055 0.038 0.025 0.016 0.010 0.002 0.000 0.000 0.000 0.000 0.000 0.000 0.000 0.000 0.000 0.000 0.000 0.000 0.000 0.000 0.000 0.000 0.000 0.000 0.000 0.000 0.000 0.000 0.000 0.000 0.000 0.000 0.000 0.000 0.000 0.000 0.000 0.000
0.003 0.003 0.003 0.003 0.004 0.004 0.004 0.004 0.004 0.004 0.004 0.004 0.004 0.004 0.005 0.005 0.005 0.005 0.005 0.005 0.005 0.005 0.006 0.006 0.006 0.006 0.007 0.008 0.010 0.015 0.022 0.030 0.041 0.054 0.070 0.090 0.115 0.146 0.182 0.224 0.272 0.325 0.383 0.445 0.510 0.576 0.644 0.711 0.777 0.840 0.900 0.956 1.008 1.054 1.096 1.132 1.163 1.189 1.210 1.227 1.240 1.249 1.255 1.257 1.257 1.255 1.250 1.243 1.235 1.225 1.214 1.201 1.187 1.172 1.155 1.138 1.119 1.099 1.077 1.054 1.030 1.005 0.979 0.951 0.922 0.892 0.861 0.829 0.796 0.763 0.728 0.693 0.657 0.621 0.586 0.553 0.520 0.488 0.457 0.427 0.397 0.369 0.342 0.317 0.294 0.273 0.252 0.233 0.215 0.199 0.186 0.174 0.164 0.155 0.147 0.140 0.132 0.125 0.118 0.111 0.104 0.096 0.088 0.079 0.070 0.060 0.051 0.042 0.034 0.026 0.020 0.014 0.010 0.004 0.001 0.001 0.000 0.000 0.000 0.000 0.000 0.000 0.000 0.000 0.000 0.000 0.000 0.000 0.000 0.000 0.000 0.000 0.000 0.000 0.000 0.000 0.000 0.000 0.000 0.000 0.000 0.000 0.000 0.000 0.000 0.000 0.000 0.000 0.000 0.000 0.000 0.000 0.000 0.000 0.000
0.002 0.002 0.002 0.002 0.002 0.002 0.002 0.002 0.002 0.002 0.002 0.002 0.002 0.003 0.003 0.003 0.003 0.003 0.003 0.003 0.003 0.003 0.003 0.003 0.003 0.004 0.004 0.004 0.004 0.004 0.004 0.005 0.005 0.005 0.005 0.006 0.006 0.007 0.008 0.011 0.017 0.023 0.030 0.038 0.047 0.058 0.071 0.086 0.103 0.121 0.141 0.163 0.186 0.211 0.236 0.261 0.287 0.313 0.337 0.361 0.384 0.404 0.423 0.440 0.454 0.465 0.474 0.480 0.483 0.484 0.482 0.477 0.470 0.461 0.449 0.435 0.419 0.401 0.382 0.361 0.340 0.318 0.296 0.274 0.251 0.230 0.208 0.187 0.167 0.148 0.130 0.113 0.098 0.084 0.071 0.059 0.049 0.040 0.033 0.026 0.020 0.015 0.011 0.009 0.009 0.009 0.009 0.007 0.001 0.000 0.000 0.000 0.000 0.000 0.000 0.000 0.000 0.000 0.000 0.000 0.000 0.000 0.000 0.000 0.000 0.000 0.000 0.000 0.000 0.000 0.000 0.000 0.000 0.000 0.000 0.000 0.000 0.000 0.000 0.000 0.000 0.000 0.000 0.000 0.000 0.000 0.000 0.000 0.000 0.000 0.000 0.000 0.000 0.000 0.000 0.000 0.000 0.000 0.000 0.000 0.000 0.000 0.000 0.000 0.000 0.000 0.000 0.000 0.000 0.000 0.000 0.000 0.000 0.000 0.000
0.001 0.001 0.001 0.001 0.001 0.001 0.001 0.001 0.001 0.001 0.001 0.001 0.001 0.001 0.001 0.001 0.001 0.001 0.001 0.001 0.001 0.001 0.001 0.001 0.001 0.001 0.001 0.001 0.001 0.001 0.001 0.001 0.001 0.002 0.002 0.002 0.002 0.002 0.002 0.002 0.002 0.002 0.002 0.002 0.002 0.002 0.002 0.002 0.003 0.003 0.003 0.003 0.003 0.003 0.003 0.003 0.003 0.003 0.003 0.003 0.003 0.003 0.003 0.003 0.003 0.003 0.003 0.003 0.003 0.003 0.004 0.005 0.006 0.006 0.007 0.007 0.002 0.000 0.000 0.000 0.000 0.000 0.000 0.000 0.000 0.000 0.000 0.000 0.000 0.000 0.000 0.000 0.000 0.000 0.000 0.000 0.000 0.000 0.000 0.000 0.000 0.000 0.000 0.000 0.000 0.000 0.000 0.000 0.000 0.000 0.000 0.000 0.000 0.000 0.000 0.000 0.000 0.000 0.000 0.000 0.000 0.000 0.000 0.000 0.000 0.000 0.000 0.000 0.000 0.000 0.000 0.000 0.000 0.000 0.000 0.000 0.000 0.000 0.000 0.000 0.000 0.000 0.000 0.000 0.000 0.000 0.000 0.000 0.000 0.000 0.000 0.000 0.000 0.000 0.000 0.000 0.000 0.000 0.000 0.000 0.000 0.000 0.000 0.000 0.000 0.000 0.000 0.000 0.000 0.000 0.000 0.000 0.000 0.000 0.000
