Examples/2023_ISeeSnow/data/CoulombOnly/Results/curv77s/h/1HS_03_curv77s_MoT-Voellmy_h_0012.asc
ncols        90
nrows        39
xllcorner    1107.5
yllcorner    -4347.5
cellsize     5.00
NODATA_value -9999
[rows 0 to 33 of 39, columns 0 to 76 of 90]
0.001 0.001 0.001 0.002 0.002 0.002 0.002 0.003 0.003 0.004 0.004 0.005 0.005 0.006 0.006 0.006 0.007 0.007 0.008 0.007 0.002 0.000 0.000 0.000 0.000 0.000 0.000 0.000 0.000 0.000 0.000 0.000 0.000 0.000 0.000 0.000 0.000 0.000 0.000 0.000 0.000 0.000 0.000 0.000 0.000 0.000 0.000 0.000 0.000 0.000 0.000 0.000 0.000 0.000 0.000 0.000 0.000 0.000 0.000 0.000 0.000 0.000 0.000 0.000 0.000 0.000 0.000 0.000 0.000 0.000 0.000 0.000 0.000 0.000 0.000 0.000 0.000
0.002 0.003 0.004 0.004 0.005 0.005 0.006 0.006 0.007 0.008 0.012 0.020 0.031 0.043 0.057 0.071 0.084 0.094 0.103 0.107 0.108 0.106 0.100 0.092 0.083 0.072 0.062 0.052 0.042 0.034 0.027 0.021 0.016 0.012 0.010 0.009 0.004 0.000 0.000 0.000 0.000 0.000 0.000 0.000 0.000 0.000 0.000 0.000 0.000 0.000 0.000 0.000 0.000 0.000 0.000 0.000 0.000 0.000 0.000 0.000 0.000 0.000 0.000 0.000 0.000 0.000 0.000 0.000 0.000 0.000 0.000 0.000 0.000 0.000 0.000 0.000 0.000
0.003 0.004 0.005 0.006 0.006 0.007 0.009 0.015 0.026 0.042 0.063 0.088 0.117 0.146 0.176 0.204 0.230 0.252 0.271 0.287 0.298 0.306 0.311 0.314 0.313 0.309 0.302 0.291 0.278 0.263 0.245 0.226 0.205 0.184 0.162 0.141 0.120 0.101 0.083 0.068 0.055 0.043 0.034 0.026 0.019 0.014 0.010 0.009 0.009 0.008 0.003 0.000 0.000 0.000 0.000 0.000 0.000 0.000 0.000 0.000 0.000 0.000 0.000 0.000 0.000 0.000 0.000 0.000 0.000 0.000 0.000 0.000 0.000 0.000 0.000 0.000 0.000
0.004 0.005 0.006 0.007 0.009 0.015 0.027 0.043 0.065 0.092 0.124 0.158 0.195 0.233 0.271 0.306 0.339 0.367 0.390 0.409 0.422 0.430 0.433 0.431 0.426 0.417 0.407 0.398 0.391 0.385 0.381 0.378 0.376 0.373 0.370 0.365 0.359 0.351 0.340 0.327 0.311 0.293 0.273 0.252 0.229 0.206 0.184 0.163 0.143 0.123 0.105 0.088 0.074 0.061 0.051 0.042 0.034 0.027 0.022 0.017 0.013 0.009 0.008 0.007 0.007 0.008 0.004 0.000 0.000 0.000 0.000 0.000 0.000 0.000 0.000 0.000 0.000
0.004 0.006 0.008 0.012 0.023 0.039 0.063 0.093 0.130 0.172 0.218 0.265 0.312 0.358 0.401 0.441 0.478 0.512 0.542 0.569 0.593 0.615 0.635 0.654 0.673 0.692 0.709 0.720 0.726 0.727 0.722 0.713 0.701 0.687 0.671 0.653 0.636 0.618 0.601 0.584 0.569 0.554 0.541 0.529 0.516 0.504 0.491 0.477 0.462 0.444 0.424 0.403 0.380 0.355 0.330 0.304 0.278 0.252 0.226 0.201 0.176 0.152 0.130 0.110 0.091 0.074 0.057 0.042 0.031 0.021 0.014 0.010 0.008 0.008 0.003 0.000 0.000
0.004 0.006 0.009 0.017 0.030 0.049 0.076 0.111 0.154 0.206 0.265 0.330 0.397 0.465 0.532 0.595 0.653 0.704 0.749 0.787 0.816 0.837 0.850 0.855 0.852 0.842 0.827 0.809 0.789 0.767 0.747 0.729 0.715 0.704 0.696 0.690 0.687 0.686 0.687 0.688 0.690 0.692 0.692 0.690 0.684 0.676 0.663 0.648 0.630 0.610 0.589 0.567 0.544 0.522 0.499 0.477 0.455 0.432 0.409 0.385 0.360 0.334 0.307 0.279 0.250 0.220 0.190 0.160 0.132 0.107 0.084 0.065 0.050 0.037 0.025 0.017 0.010
0.006 0.013 0.026 0.046 0.073 0.107 0.145 0.187 0.228 0.267 0.304 0.341 0.380 0.424 0.470 0.518 0.565 0.609 0.649 0.685 0.715 0.740 0.759 0.775 0.788 0.799 0.809 0.822 0.843 0.872 0.904 0.934 0.960 0.980 0.994 1.001 1.002 0.997 0.987 0.973 0.955 0.936 0.915 0.894 0.873 0.853 0.834 0.816 0.799 0.782 0.765 0.748 0.731 0.714 0.696 0.677 0.658 0.638 0.616 0.593 0.568 0.541 0.511 0.478 0.443 0.405 0.365 0.324 0.283 0.242 0.203 0.167 0.134 0.105 0.080 0.059 0.042
0.006 0.011 0.023 0.042 0.067 0.101 0.145 0.199 0.263 0.337 0.417 0.497 0.571 0.635 0.690 0.737 0.778 0.816 0.850 0.882 0.913 0.942 0.971 0.997 1.022 1.045 1.063 1.075 1.073 1.055 1.026 0.990 0.952 0.915 0.881 0.853 0.831 0.814 0.804 0.799 0.799 0.805 0.814 0.827 0.843 0.860 0.878 0.894 0.910 0.923 0.933 0.941 0.945 0.947 0.945 0.940 0.931 0.920 0.904 0.885 0.862 0.835 0.802 0.764 0.721 0.674 0.622 0.566 0.509 0.450 0.391 0.334 0.279 0.228 0.181 0.140 0.105
0.007 0.016 0.034 0.059 0.092 0.135 0.186 0.243 0.302 0.362 0.422 0.481 0.541 0.603 0.666 0.728 0.786 0.841 0.890 0.932 0.966 0.994 1.014 1.029 1.040 1.048 1.056 1.067 1.085 1.112 1.146 1.187 1.230 1.273 1.312 1.347 1.375 1.395 1.408 1.412 1.407 1.395 1.376 1.352 1.322 1.290 1.257 1.224 1.193 1.163 1.137 1.114 1.093 1.076 1.061 1.047 1.035 1.023 1.011 0.998 0.982 0.963 0.940 0.911 0.878 0.838 0.793 0.743 0.688 0.629 0.566 0.502 0.436 0.371 0.308 0.249 0.195
0.007 0.016 0.033 0.058 0.092 0.136 0.190 0.254 0.327 0.407 0.492 0.580 0.669 0.756 0.840 0.919 0.993 1.059 1.118 1.170 1.214 1.250 1.278 1.297 1.308 1.311 1.307 1.295 1.276 1.252 1.223 1.192 1.160 1.130 1.104 1.081 1.065 1.054 1.049 1.051 1.058 1.071 1.089 1.111 1.135 1.160 1.185 1.208 1.230 1.249 1.264 1.276 1.285 1.291 1.293 1.293 1.289 1.283 1.273 1.259 1.242 1.219 1.190 1.156 1.115 1.068 1.015 0.957 0.894 0.827 0.757 0.683 0.607 0.530 0.452 0.376 0.304
0.007 0.018 0.036 0.063 0.101 0.150 0.210 0.280 0.359 0.442 0.528 0.615 0.701 0.785 0.865 0.941 1.013 1.080 1.142 1.199 1.250 1.297 1.339 1.376 1.410 1.441 1.469 1.495 1.518 1.540 1.560 1.577 1.591 1.601 1.608 1.611 1.610 1.605 1.597 1.586 1.572 1.555 1.537 1.518 1.498 1.479 1.460 1.443 1.427 1.413 1.402 1.392 1.384 1.378 1.374 1.370 1.367 1.364 1.359 1.352 1.343 1.329 1.310 1.284 1.252 1.213 1.167 1.114 1.055 0.990 0.920 0.844 0.764 0.681 0.594 0.506 0.419
0.007 0.017 0.035 0.062 0.099 0.147 0.205 0.274 0.351 0.433 0.519 0.607 0.695 0.782 0.866 0.945 1.019 1.086 1.147 1.199 1.244 1.280 1.308 1.329 1.343 1.352 1.356 1.357 1.357 1.355 1.353 1.351 1.352 1.353 1.357 1.363 1.371 1.381 1.393 1.407 1.421 1.437 1.453 1.469 1.485 1.499 1.512 1.524 1.534 1.543 1.549 1.555 1.559 1.561 1.562 1.563 1.561 1.558 1.553 1.545 1.533 1.516 1.493 1.464 1.428 1.385 1.336 1.280 1.217 1.149 1.075 0.996 0.912 0.823 0.728 0.631 0.532
0.007 0.017 0.035 0.062 0.101 0.151 0.213 0.286 0.369 0.460 0.555 0.654 0.754 0.853 0.949 1.042 1.130 1.212 1.288 1.357 1.418 1.472 1.518 1.557 1.588 1.613 1.633 1.648 1.658 1.666 1.670 1.672 1.673 1.672 1.669 1.666 1.663 1.658 1.653 1.649 1.644 1.639 1.635 1.631 1.628 1.625 1.623 1.622 1.622 1.623 1.625 1.627 1.630 1.633 1.636 1.639 1.642 1.644 1.644 1.641 1.635 1.624 1.607 1.583 1.551 1.512 1.465 1.411 1.350 1.283 1.209 1.128 1.042 0.948 0.849 0.744 0.636
0.007 0.017 0.035 0.061 0.099 0.148 0.209 0.281 0.362 0.449 0.541 0.634 0.727 0.819 0.907 0.991 1.070 1.143 1.209 1.268 1.319 1.364 1.402 1.434 1.460 1.482 1.500 1.514 1.527 1.538 1.549 1.558 1.568 1.578 1.588 1.598 1.608 1.618 1.628 1.639 1.649 1.659 1.669 1.678 1.688 1.696 1.705 1.712 1.720 1.727 1.733 1.740 1.746 1.752 1.757 1.762 1.766 1.769 1.770 1.768 1.762 1.751 1.733 1.709 1.677 1.637 1.589 1.534 1.472 1.403 1.327 1.244 1.155 1.058 0.953 0.842 0.726
0.007 0.017 0.034 0.061 0.099 0.148 0.210 0.283 0.366 0.457 0.553 0.653 0.753 0.854 0.952 1.047 1.137 1.221 1.298 1.368 1.429 1.483 1.528 1.566 1.596 1.621 1.639 1.654 1.665 1.673 1.679 1.684 1.688 1.692 1.695 1.698 1.702 1.705 1.709 1.713 1.718 1.723 1.728 1.733 1.740 1.746 1.753 1.760 1.768 1.776 1.784 1.792 1.801 1.810 1.818 1.827 1.835 1.842 1.846 1.848 1.846 1.838 1.824 1.803 1.773 1.735 1.689 1.634 1.572 1.502 1.425 1.341 1.249 1.149 1.040 0.924 0.801
0.007 0.016 0.034 0.060 0.098 0.147 0.208 0.281 0.363 0.453 0.547 0.645 0.743 0.841 0.935 1.026 1.111 1.191 1.264 1.330 1.389 1.441 1.485 1.522 1.554 1.579 1.601 1.618 1.633 1.646 1.657 1.667 1.677 1.686 1.695 1.704 1.714 1.723 1.732 1.741 1.751 1.760 1.770 1.779 1.789 1.799 1.809 1.819 1.829 1.840 1.850 1.861 1.871 1.882 1.893 1.904 1.914 1.923 1.930 1.934 1.933 1.927 1.915 1.894 1.865 1.827 1.780 1.725 1.661 1.590 1.510 1.423 1.328 1.224 1.111 0.989 0.861
0.007 0.016 0.034 0.060 0.097 0.146 0.207 0.280 0.363 0.454 0.550 0.650 0.750 0.851 0.949 1.043 1.133 1.217 1.295 1.365 1.427 1.481 1.528 1.567 1.599 1.625 1.646 1.663 1.677 1.689 1.699 1.707 1.716 1.724 1.731 1.739 1.747 1.756 1.764 1.773 1.782 1.792 1.802 1.812 1.823 1.834 1.845 1.857 1.869 1.882 1.895 1.908 1.921 1.935 1.949 1.963 1.976 1.988 1.999 2.006 2.009 2.006 1.996 1.978 1.951 1.914 1.867 1.812 1.746 1.673 1.590 1.499 1.400 1.291 1.172 1.045 0.911
0.007 0.016 0.033 0.060 0.097 0.146 0.207 0.280 0.363 0.454 0.550 0.650 0.750 0.850 0.947 1.041 1.130 1.213 1.289 1.358 1.420 1.474 1.520 1.560 1.593 1.620 1.642 1.661 1.676 1.689 1.701 1.712 1.722 1.731 1.741 1.751 1.760 1.770 1.781 1.791 1.802 1.813 1.825 1.837 1.849 1.862 1.875 1.888 1.902 1.916 1.930 1.945 1.961 1.977 1.993 2.009 2.024 2.039 2.052 2.062 2.068 2.068 2.061 2.045 2.021 1.986 1.942 1.888 1.824 1.750 1.668 1.575 1.473 1.360 1.236 1.103 0.962
0.007 0.016 0.034 0.060 0.097 0.147 0.208 0.281 0.365 0.456 0.552 0.652 0.753 0.853 0.951 1.046 1.135 1.219 1.296 1.366 1.428 1.483 1.530 1.569 1.602 1.629 1.652 1.670 1.685 1.698 1.710 1.720 1.730 1.739 1.749 1.759 1.768 1.779 1.789 1.800 1.811 1.823 1.835 1.847 1.860 1.873 1.887 1.901 1.916 1.931 1.947 1.963 1.980 1.997 2.015 2.032 2.050 2.067 2.082 2.094 2.102 2.104 2.099 2.086 2.064 2.032 1.990 1.938 1.877 1.807 1.727 1.638 1.538 1.427 1.304 1.169 1.024
0.007 0.017 0.035 0.061 0.099 0.149 0.212 0.286 0.370 0.461 0.558 0.659 0.760 0.861 0.960 1.055 1.145 1.229 1.307 1.378 1.441 1.497 1.544 1.585 1.619 1.647 1.671 1.690 1.707 1.721 1.733 1.745 1.756 1.767 1.777 1.788 1.799 1.811 1.823 1.835 1.847 1.860 1.874 1.888 1.902 1.917 1.932 1.948 1.964 1.981 1.999 2.017 2.035 2.054 2.074 2.094 2.113 2.132 2.149 2.163 2.173 2.177 2.174 2.163 2.142 2.111 2.070 2.018 1.957 1.887 1.808 1.719 1.620 1.511 1.391 1.260 1.118
0.007 0.016 0.034 0.060 0.097 0.147 0.208 0.281 0.365 0.456 0.552 0.652 0.753 0.853 0.951 1.046 1.135 1.219 1.296 1.366 1.428 1.483 1.530 1.569 1.602 1.629 1.652 1.670 1.685 1.698 1.710 1.720 1.730 1.739 1.749 1.759 1.768 1.779 1.789 1.800 1.811 1.823 1.835 1.847 1.860 1.873 1.887 1.901 1.916 1.931 1.947 1.963 1.980 1.997 2.015 2.032 2.050 2.066 2.081 2.094 2.101 2.104 2.099 2.086 2.063 2.031 1.990 1.938 1.877 1.807 1.727 1.638 1.538 1.427 1.304 1.169 1.024
0.007 0.016 0.033 0.060 0.097 0.146 0.207 0.280 0.363 0.454 0.550 0.650 0.750 0.850 0.947 1.041 1.130 1.213 1.289 1.358 1.420 1.474 1.520 1.560 1.593 1.620 1.642 1.661 1.676 1.689 1.701 1.711 1.721 1.731 1.741 1.750 1.760 1.770 1.781 1.791 1.802 1.813 1.825 1.837 1.849 1.862 1.875 1.888 1.902 1.916 1.930 1.945 1.961 1.976 1.993 2.009 2.024 2.039 2.052 2.062 2.068 2.068 2.061 2.045 2.020 1.986 1.942 1.887 1.824 1.750 1.667 1.575 1.473 1.360 1.236 1.103 0.961
0.007 0.016 0.034 0.060 0.097 0.146 0.207 0.280 0.363 0.454 0.550 0.650 0.750 0.851 0.949 1.043 1.133 1.217 1.295 1.365 1.427 1.481 1.528 1.567 1.599 1.625 1.646 1.663 1.677 1.689 1.699 1.707 1.716 1.724 1.731 1.739 1.747 1.756 1.764 1.773 1.782 1.792 1.802 1.812 1.823 1.834 1.845 1.857 1.869 1.882 1.895 1.908 1.921 1.935 1.949 1.963 1.976 1.988 1.999 2.006 2.009 2.006 1.996 1.978 1.951 1.914 1.867 1.811 1.746 1.672 1.590 1.499 1.400 1.291 1.172 1.045 0.911
0.007 0.016 0.034 0.060 0.098 0.147 0.208 0.281 0.363 0.453 0.547 0.645 0.743 0.841 0.935 1.026 1.111 1.191 1.264 1.330 1.389 1.441 1.485 1.522 1.553 1.579 1.601 1.618 1.633 1.646 1.657 1.667 1.677 1.686 1.695 1.704 1.713 1.723 1.732 1.741 1.750 1.760 1.770 1.779 1.789 1.799 1.809 1.819 1.829 1.839 1.850 1.861 1.871 1.882 1.893 1.904 1.914 1.923 1.929 1.933 1.933 1.927 1.914 1.894 1.865 1.827 1.780 1.725 1.661 1.589 1.510 1.423 1.327 1.223 1.111 0.989 0.861
0.007 0.017 0.034 0.061 0.099 0.148 0.210 0.283 0.366 0.457 0.553 0.653 0.753 0.854 0.952 1.047 1.137 1.221 1.298 1.368 1.429 1.483 1.528 1.566 1.596 1.621 1.639 1.654 1.665 1.673 1.679 1.684 1.688 1.692 1.695 1.698 1.702 1.705 1.709 1.713 1.718 1.723 1.728 1.733 1.739 1.746 1.753 1.760 1.768 1.775 1.784 1.792 1.801 1.809 1.818 1.827 1.835 1.841 1.846 1.848 1.846 1.838 1.824 1.803 1.773 1.735 1.688 1.634 1.572 1.502 1.425 1.341 1.249 1.149 1.040 0.924 0.801
0.007 0.017 0.035 0.061 0.099 0.148 0.209 0.281 0.362 0.449 0.540 0.634 0.727 0.819 0.907 0.991 1.070 1.143 1.209 1.267 1.319 1.364 1.402 1.434 1.460 1.482 1.499 1.514 1.527 1.538 1.548 1.558 1.568 1.578 1.587 1.597 1.608 1.618 1.628 1.639 1.649 1.659 1.669 1.678 1.687 1.696 1.704 1.712 1.720 1.727 1.733 1.740 1.746 1.751 1.757 1.762 1.766 1.769 1.770 1.767 1.761 1.750 1.733 1.708 1.677 1.637 1.589 1.534 1.472 1.402 1.327 1.244 1.155 1.058 0.953 0.842 0.726
0.007 0.017 0.035 0.062 0.101 0.151 0.213 0.286 0.369 0.460 0.555 0.654 0.754 0.853 0.949 1.042 1.130 1.212 1.288 1.357 1.418 1.472 1.518 1.556 1.588 1.613 1.633 1.648 1.658 1.666 1.670 1.672 1.673 1.672 1.670 1.666 1.663 1.658 1.654 1.649 1.644 1.639 1.635 1.631 1.628 1.625 1.623 1.622 1.622 1.623 1.624 1.627 1.629 1.632 1.636 1.639 1.642 1.644 1.644 1.641 1.635 1.623 1.606 1.582 1.551 1.512 1.465 1.411 1.350 1.282 1.208 1.128 1.041 0.948 0.849 0.744 0.636
0.007 0.017 0.035 0.062 0.099 0.147 0.205 0.274 0.351 0.433 0.519 0.607 0.695 0.782 0.866 0.945 1.019 1.086 1.147 1.199 1.244 1.280 1.308 1.329 1.343 1.352 1.356 1.357 1.356 1.354 1.352 1.351 1.351 1.353 1.357 1.363 1.371 1.381 1.393 1.406 1.421 1.436 1.452 1.468 1.484 1.499 1.512 1.524 1.534 1.542 1.549 1.554 1.558 1.561 1.562 1.562 1.561 1.558 1.553 1.545 1.532 1.516 1.493 1.464 1.428 1.385 1.335 1.279 1.217 1.149 1.075 0.996 0.912 0.822 0.728 0.631 0.532
0.007 0.018 0.036 0.063 0.101 0.150 0.210 0.280 0.359 0.442 0.528 0.615 0.701 0.784 0.865 0.941 1.013 1.080 1.142 1.198 1.250 1.297 1.338 1.376 1.410 1.440 1.469 1.494 1.518 1.540 1.560 1.577 1.591 1.601 1.608 1.611 1.610 1.605 1.597 1.586 1.572 1.556 1.538 1.518 1.499 1.479 1.460 1.443 1.427 1.413 1.402 1.392 1.384 1.378 1.374 1.370 1.367 1.363 1.359 1.352 1.342 1.328 1.309 1.284 1.252 1.213 1.166 1.114 1.055 0.990 0.919 0.844 0.764 0.680 0.594 0.506 0.419
0.007 0.016 0.033 0.058 0.092 0.136 0.190 0.254 0.327 0.407 0.492 0.580 0.669 0.756 0.840 0.919 0.993 1.059 1.118 1.170 1.214 1.250 1.278 1.297 1.308 1.312 1.307 1.295 1.277 1.252 1.223 1.192 1.160 1.131 1.104 1.081 1.065 1.053 1.049 1.050 1.057 1.070 1.088 1.110 1.134 1.159 1.184 1.207 1.229 1.248 1.263 1.276 1.284 1.290 1.293 1.292 1.289 1.282 1.273 1.259 1.241 1.218 1.190 1.155 1.115 1.068 1.015 0.957 0.894 0.827 0.757 0.683 0.607 0.530 0.452 0.376 0.304
0.007 0.016 0.034 0.059 0.092 0.135 0.186 0.243 0.302 0.362 0.422 0.481 0.541 0.603 0.666 0.728 0.786 0.841 0.890 0.932 0.966 0.994 1.014 1.029 1.040 1.048 1.056 1.067 1.084 1.111 1.145 1.186 1.229 1.272 1.312 1.346 1.374 1.395 1.407 1.411 1.407 1.396 1.377 1.352 1.323 1.291 1.258 1.225 1.193 1.164 1.137 1.114 1.093 1.076 1.061 1.047 1.035 1.023 1.011 0.998 0.982 0.963 0.939 0.911 0.877 0.838 0.793 0.743 0.688 0.629 0.566 0.502 0.436 0.371 0.308 0.249 0.195
0.006 0.011 0.023 0.042 0.067 0.101 0.145 0.199 0.264 0.337 0.417 0.496 0.571 0.635 0.690 0.737 0.778 0.815 0.849 0.882 0.912 0.942 0.970 0.997 1.022 1.044 1.063 1.075 1.073 1.055 1.026 0.990 0.952 0.915 0.882 0.853 0.831 0.814 0.804 0.799 0.799 0.804 0.814 0.827 0.842 0.859 0.877 0.894 0.909 0.922 0.933 0.940 0.945 0.946 0.944 0.939 0.931 0.919 0.904 0.885 0.862 0.835 0.802 0.764 0.721 0.674 0.622 0.567 0.509 0.450 0.391 0.334 0.279 0.228 0.181 0.140 0.105
0.006 0.013 0.026 0.046 0.073 0.107 0.145 0.187 0.228 0.267 0.304 0.341 0.380 0.424 0.470 0.518 0.565 0.609 0.649 0.685 0.715 0.740 0.760 0.775 0.788 0.799 0.809 0.822 0.842 0.871 0.903 0.933 0.959 0.980 0.993 1.000 1.001 0.997 0.987 0.973 0.955 0.936 0.915 0.894 0.873 0.853 0.835 0.817 0.799 0.782 0.766 0.749 0.731 0.714 0.696 0.677 0.658 0.638 0.616 0.593 0.568 0.541 0.511 0.479 0.444 0.406 0.366 0.324 0.283 0.242 0.203 0.167 0.135 0.105 0.080 0.059 0.042
0.004 0.006 0.009 0.017 0.030 0.049 0.076 0.111 0.154 0.206 0.265 0.330 0.397 0.466 0.532 0.595 0.653 0.704 0.749 0.787 0.816 0.837 0.850 0.855 0.852 0.842 0.827 0.810 0.789 0.768 0.747 0.729 0.715 0.704 0.696 0.691 0.688 0.686 0.687 0.688 0.690 0.692 0.692 0.690 0.684 0.676 0.664 0.648 0.630 0.610 0.589 0.567 0.545 0.522 0.500 0.477 0.455 0.432 0.409 0.386 0.361 0.335 0.308 0.280 0.251 0.221 0.191 0.161 0.133 0.107 0.084 0.065 0.050 0.037 0.025 0.017 0.010
