Examples/2023_ISeeSnow/data/CoulombOnly/Results/curv77s/h/1HS_03_curv77s_MoT-Voellmy_h_0049.asc
ncols        185
nrows        35
xllcorner    2872.5
yllcorner    -4337.5
cellsize     5.00
NODATA_value -9999
[rows 0 to 33 of 35, columns 0 to 76 of 185]
0.000 0.000 0.000 0.000 0.000 0.000 0.000 0.000 0.000 0.000 0.000 0.000 0.000 0.000 0.000 0.000 0.000 0.000 0.000 0.000 0.000 0.000 0.000 0.000 0.000 0.000 0.000 0.000 0.000 0.000 0.000 0.000 0.000 0.000 0.000 0.000 0.000 0.000 0.000 0.000 0.000 0.000 0.000 0.000 0.000 0.000 0.000 0.000 0.000 0.000 0.000 0.000 0.000 0.000 0.000 0.000 0.000 0.000 0.000 0.000 0.000 0.000 0.000 0.000 0.000 0.000 0.000 0.000 0.000 0.000 0.000 0.000 0.000 0.000 0.000 0.000 0.000
0.000 0.000 0.000 0.000 0.000 0.000 0.000 0.000 0.000 0.000 0.000 0.000 0.000 0.000 0.000 0.000 0.000 0.000 0.000 0.000 0.000 0.000 0.000 0.000 0.000 0.000 0.000 0.000 0.000 0.000 0.000 0.000 0.000 0.000 0.000 0.000 0.000 0.000 0.000 0.000 0.000 0.000 0.000 0.000 0.000 0.000 0.000 0.000 0.000 0.000 0.000 0.000 0.000 0.000 0.000 0.000 0.000 0.000 0.000 0.000 0.000 0.000 0.000 0.000 0.000 0.000 0.000 0.000 0.000 0.000 0.000 0.000 0.000 0.000 0.000 0.000 0.000
0.000 0.000 0.000 0.000 0.000 0.000 0.000 0.000 0.000 0.000 0.000 0.000 0.000 0.000 0.000 0.000 0.000 0.000 0.000 0.000 0.000 0.000 0.000 0.000 0.000 0.000 0.000 0.000 0.000 0.000 0.000 0.000 0.000 0.000 0.000 0.000 0.000 0.000 0.000 0.000 0.000 0.000 0.000 0.000 0.000 0.000 0.000 0.000 0.000 0.000 0.000 0.000 0.000 0.000 0.000 0.000 0.000 0.000 0.000 0.000 0.000 0.000 0.000 0.000 0.000 0.000 0.000 0.000 0.000 0.000 0.000 0.000 0.000 0.000 0.001 0.001 0.001
0.000 0.000 0.000 0.000 0.000 0.000 0.000 0.000 0.000 0.000 0.000 0.000 0.000 0.000 0.000 0.000 0.000 0.000 0.000 0.000 0.000 0.000 0.000 0.000 0.000 0.000 0.000 0.000 0.000 0.000 0.000 0.000 0.000 0.000 0.000 0.000 0.000 0.000 0.000 0.000 0.000 0.000 0.000 0.000 0.000 0.000 0.000 0.000 0.000 0.000 0.000 0.000 0.000 0.000 0.000 0.000 0.000 0.000 0.000 0.000 0.000 0.000 0.000 0.000 0.001 0.001 0.001 0.001 0.001 0.001 0.001 0.002 0.002 0.002 0.002 0.002 0.003
0.000 0.000 0.000 0.000 0.000 0.000 0.000 0.000 0.000 0.000 0.000 0.000 0.000 0.000 0.000 0.000 0.000 0.000 0.000 0.000 0.000 0.000 0.000 0.000 0.000 0.000 0.000 0.000 0.000 0.000 0.000 0.000 0.000 0.000 0.000 0.000 0.000 0.000 0.000 0.000 0.000 0.000 0.000 0.000 0.000 0.000 0.000 0.000 0.000 0.000 0.000 0.000 0.001 0.001 0.001 0.001 0.001 0.001 0.001 0.001 0.001 0.001 0.001 0.001 0.001 0.002 0.002 0.002 0.002 0.003 0.003 0.004 0.005 0.006 0.007 0.008 0.010
0.000 0.000 0.000 0.000 0.000 0.000 0.000 0.000 0.000 0.000 0.000 0.000 0.000 0.000 0.000 0.000 0.000 0.000 0.000 0.000 0.000 0.000 0.000 0.000 0.000 0.000 0.000 0.000 0.000 0.000 0.000 0.000 0.000 0.000 0.000 0.000 0.000 0.000 0.000 0.000 0.001 0.001 0.001 0.001 0.001 0.001 0.001 0.001 0.001 0.001 0.001 0.001 0.001 0.001 0.001 0.001 0.001 0.002 0.002 0.002 0.002 0.003 0.003 0.004 0.005 0.006 0.007 0.008 0.009 0.010 0.011 0.013 0.016 0.020 0.025 0.031 0.037
0.000 0.000 0.000 0.000 0.000 0.000 0.000 0.000 0.000 0.000 0.000 0.000 0.000 0.000 0.000 0.000 0.000 0.000 0.000 0.000 0.000 0.000 0.000 0.000 0.000 0.000 0.000 0.000 0.000 0.000 0.000 0.000 0.000 0.000 0.000 0.000 0.000 0.000 0.000 0.001 0.001 0.001 0.001 0.001 0.001 0.001 0.001 0.001 0.001 0.002 0.002 0.002 0.003 0.003 0.004 0.005 0.005 0.006 0.006 0.007 0.008 0.009 0.009 0.010 0.012 0.014 0.018 0.023 0.028 0.035 0.043 0.053 0.064 0.077 0.091 0.108 0.126
0.000 0.000 0.000 0.000 0.000 0.000 0.000 0.000 0.000 0.000 0.000 0.000 0.000 0.000 0.000 0.000 0.000 0.000 0.000 0.000 0.000 0.000 0.000 0.000 0.000 0.000 0.000 0.000 0.000 0.000 0.000 0.000 0.000 0.000 0.001 0.001 0.001 0.001 0.001 0.002 0.002 0.002 0.003 0.003 0.004 0.004 0.004 0.005 0.005 0.005 0.006 0.006 0.007 0.007 0.008 0.008 0.009 0.010 0.012 0.014 0.018 0.023 0.030 0.037 0.047 0.058 0.070 0.085 0.102 0.121 0.142 0.165 0.190 0.218 0.247 0.277 0.310
0.000 0.000 0.000 0.000 0.000 0.000 0.000 0.000 0.000 0.000 0.000 0.000 0.000 0.000 0.000 0.000 0.000 0.000 0.000 0.000 0.000 0.000 0.000 0.000 0.001 0.001 0.001 0.001 0.001 0.002 0.002 0.002 0.002 0.003 0.003 0.003 0.004 0.004 0.004 0.004 0.005 0.005 0.005 0.006 0.006 0.006 0.007 0.007 0.008 0.008 0.009 0.009 0.011 0.014 0.018 0.023 0.030 0.038 0.048 0.060 0.073 0.089 0.108 0.128 0.151 0.177 0.205 0.235 0.267 0.301 0.337 0.374 0.413 0.452 0.492 0.533 0.573
0.000 0.000 0.000 0.000 0.000 0.000 0.000 0.000 0.000 0.000 0.000 0.000 0.000 0.000 0.000 0.000 0.000 0.001 0.001 0.001 0.001 0.002 0.002 0.002 0.002 0.003 0.003 0.003 0.003 0.004 0.004 0.004 0.004 0.005 0.005 0.005 0.005 0.006 0.006 0.006 0.006 0.007 0.007 0.008 0.008 0.009 0.010 0.012 0.016 0.022 0.028 0.037 0.047 0.059 0.073 0.090 0.109 0.130 0.154 0.181 0.211 0.242 0.277 0.313 0.351 0.391 0.432 0.475 0.518 0.561 0.605 0.649 0.693 0.736 0.778 0.820 0.860
0.000 0.000 0.000 0.000 0.000 0.000 0.000 0.000 0.000 0.000 0.001 0.001 0.001 0.001 0.001 0.002 0.002 0.002 0.002 0.003 0.003 0.003 0.003 0.004 0.004 0.004 0.004 0.005 0.005 0.005 0.005 0.005 0.006 0.006 0.006 0.006 0.007 0.007 0.008 0.008 0.009 0.010 0.013 0.018 0.025 0.033 0.043 0.055 0.069 0.085 0.104 0.126 0.150 0.177 0.207 0.240 0.275 0.313 0.352 0.394 0.437 0.481 0.526 0.572 0.618 0.665 0.711 0.757 0.802 0.847 0.890 0.933 0.974 1.014 1.053 1.090 1.126
0.001 0.001 0.001 0.001 0.001 0.001 0.002 0.002 0.002 0.002 0.002 0.002 0.003 0.003 0.003 0.003 0.003 0.004 0.004 0.004 0.004 0.004 0.005 0.005 0.005 0.005 0.005 0.006 0.006 0.006 0.006 0.007 0.007 0.007 0.008 0.008 0.009 0.012 0.018 0.025 0.034 0.045 0.058 0.073 0.092 0.112 0.136 0.162 0.190 0.221 0.256 0.294 0.334 0.376 0.419 0.465 0.511 0.558 0.606 0.654 0.703 0.751 0.800 0.847 0.895 0.941 0.987 1.032 1.076 1.118 1.160 1.200 1.239 1.276 1.312 1.347 1.381
0.002 0.002 0.002 0.002 0.003 0.003 0.003 0.003 0.003 0.003 0.003 0.004 0.004 0.004 0.004 0.004 0.004 0.005 0.005 0.005 0.005 0.005 0.006 0.006 0.006 0.006 0.006 0.007 0.007 0.008 0.008 0.009 0.011 0.015 0.022 0.030 0.041 0.054 0.069 0.087 0.108 0.132 0.158 0.187 0.219 0.253 0.289 0.328 0.368 0.410 0.456 0.503 0.551 0.600 0.648 0.697 0.745 0.792 0.838 0.882 0.924 0.964 1.002 1.037 1.068 1.097 1.123 1.146 1.166 1.183 1.196 1.207 1.215 1.221 1.224 1.224 1.222
0.003 0.003 0.003 0.004 0.004 0.004 0.004 0.004 0.004 0.004 0.004 0.005 0.005 0.005 0.005 0.005 0.005 0.006 0.006 0.006 0.006 0.006 0.007 0.007 0.007 0.008 0.008 0.010 0.014 0.020 0.028 0.038 0.050 0.064 0.080 0.099 0.120 0.143 0.168 0.196 0.225 0.256 0.288 0.322 0.358 0.395 0.434 0.474 0.515 0.559 0.609 0.662 0.718 0.777 0.840 0.905 0.972 1.041 1.112 1.184 1.257 1.331 1.405 1.479 1.553 1.626 1.698 1.770 1.841 1.911 1.980 2.048 2.114 2.180 2.244 2.307 2.368
0.003 0.004 0.005 0.005 0.005 0.005 0.005 0.005 0.005 0.005 0.005 0.006 0.006 0.006 0.006 0.006 0.006 0.007 0.007 0.008 0.008 0.009 0.011 0.017 0.024 0.034 0.045 0.057 0.072 0.088 0.105 0.123 0.142 0.162 0.181 0.200 0.219 0.237 0.254 0.271 0.287 0.304 0.320 0.337 0.356 0.375 0.397 0.420 0.446 0.475 0.507 0.540 0.573 0.607 0.640 0.673 0.705 0.736 0.765 0.792 0.816 0.838 0.857 0.872 0.884 0.891 0.894 0.892 0.886 0.875 0.859 0.839 0.814 0.786 0.754 0.719 0.682
0.004 0.005 0.006 0.006 0.006 0.006 0.007 0.007 0.007 0.007 0.007 0.007 0.008 0.008 0.010 0.014 0.022 0.031 0.042 0.055 0.072 0.090 0.112 0.137 0.166 0.198 0.234 0.275 0.319 0.369 0.423 0.482 0.546 0.614 0.688 0.765 0.847 0.932 1.019 1.109 1.199 1.289 1.377 1.463 1.545 1.622 1.694 1.760 1.820 1.877 1.937 1.993 2.044 2.092 2.138 2.183 2.228 2.273 2.320 2.370 2.423 2.479 2.540 2.604 2.673 2.746 2.824 2.906 2.993 3.084 3.179 3.277 3.378 3.482 3.588 3.695 3.801
0.004 0.006 0.006 0.006 0.007 0.007 0.007 0.007 0.007 0.007 0.007 0.008 0.008 0.009 0.013 0.018 0.022 0.027 0.032 0.036 0.041 0.045 0.049 0.053 0.057 0.060 0.064 0.067 0.071 0.074 0.078 0.081 0.086 0.090 0.096 0.102 0.109 0.117 0.127 0.138 0.151 0.166 0.183 0.202 0.223 0.246 0.270 0.297 0.324 0.352 0.382 0.412 0.441 0.467 0.491 0.511 0.528 0.541 0.550 0.554 0.555 0.551 0.545 0.535 0.523 0.509 0.494 0.477 0.460 0.442 0.424 0.407 0.389 0.373 0.357 0.342 0.329
0.007 0.013 0.022 0.030 0.039 0.048 0.057 0.067 0.079 0.091 0.106 0.122 0.140 0.160 0.183 0.208 0.236 0.267 0.301 0.338 0.378 0.422 0.468 0.518 0.571 0.627 0.686 0.748 0.812 0.879 0.948 1.019 1.093 1.168 1.244 1.322 1.401 1.481 1.561 1.642 1.723 1.805 1.886 1.967 2.047 2.128 2.207 2.285 2.363 2.446 2.539 2.632 2.723 2.814 2.904 2.993 3.081 3.169 3.256 3.341 3.426 3.510 3.592 3.674 3.754 3.834 3.912 3.989 4.065 4.141 4.215 4.287 4.359 4.430 4.500 4.568 4.636
0.004 0.006 0.006 0.006 0.007 0.007 0.007 0.007 0.007 0.007 0.007 0.008 0.008 0.009 0.013 0.018 0.022 0.027 0.032 0.036 0.041 0.045 0.049 0.053 0.057 0.060 0.064 0.067 0.071 0.074 0.078 0.081 0.086 0.090 0.096 0.102 0.109 0.117 0.127 0.138 0.151 0.166 0.183 0.202 0.223 0.246 0.270 0.296 0.324 0.352 0.382 0.412 0.441 0.467 0.491 0.511 0.528 0.541 0.550 0.554 0.555 0.551 0.545 0.535 0.523 0.509 0.494 0.477 0.460 0.442 0.424 0.407 0.390 0.373 0.357 0.342 0.329
0.004 0.005 0.006 0.006 0.006 0.006 0.007 0.007 0.007 0.007 0.007 0.007 0.008 0.008 0.010 0.014 0.022 0.031 0.042 0.055 0.072 0.090 0.112 0.137 0.166 0.198 0.234 0.275 0.319 0.369 0.423 0.482 0.546 0.614 0.688 0.765 0.847 0.932 1.019 1.109 1.199 1.289 1.377 1.463 1.545 1.622 1.694 1.760 1.820 1.877 1.938 1.993 2.044 2.092 2.138 2.183 2.228 2.274 2.321 2.371 2.423 2.480 2.540 2.605 2.673 2.747 2.825 2.907 2.994 3.085 3.179 3.278 3.379 3.483 3.589 3.696 3.802
0.003 0.004 0.005 0.005 0.005 0.005 0.005 0.005 0.005 0.005 0.005 0.006 0.006 0.006 0.006 0.006 0.006 0.007 0.007 0.008 0.008 0.009 0.011 0.017 0.024 0.034 0.045 0.057 0.072 0.088 0.105 0.123 0.142 0.162 0.181 0.200 0.219 0.237 0.254 0.271 0.287 0.304 0.320 0.337 0.356 0.375 0.397 0.420 0.446 0.475 0.507 0.540 0.573 0.607 0.640 0.673 0.705 0.736 0.765 0.791 0.816 0.838 0.857 0.872 0.883 0.891 0.894 0.892 0.886 0.875 0.859 0.839 0.814 0.785 0.753 0.718 0.682
0.003 0.003 0.003 0.004 0.004 0.004 0.004 0.004 0.004 0.004 0.004 0.005 0.005 0.005 0.005 0.005 0.005 0.006 0.006 0.006 0.006 0.006 0.007 0.007 0.007 0.008 0.008 0.010 0.014 0.020 0.028 0.038 0.050 0.064 0.080 0.099 0.120 0.143 0.168 0.196 0.225 0.256 0.288 0.322 0.358 0.395 0.434 0.474 0.515 0.559 0.609 0.662 0.718 0.777 0.840 0.905 0.972 1.041 1.112 1.184 1.257 1.331 1.405 1.479 1.553 1.626 1.699 1.770 1.841 1.911 1.980 2.048 2.115 2.180 2.244 2.307 2.369
0.002 0.002 0.002 0.002 0.003 0.003 0.003 0.003 0.003 0.003 0.003 0.004 0.004 0.004 0.004 0.004 0.004 0.005 0.005 0.005 0.005 0.005 0.006 0.006 0.006 0.006 0.006 0.007 0.007 0.008 0.008 0.009 0.010 0.015 0.022 0.030 0.041 0.054 0.069 0.087 0.108 0.132 0.158 0.187 0.219 0.253 0.289 0.328 0.368 0.410 0.456 0.503 0.551 0.600 0.648 0.697 0.745 0.792 0.838 0.882 0.924 0.964 1.002 1.037 1.069 1.098 1.124 1.146 1.166 1.183 1.197 1.207 1.216 1.221 1.224 1.224 1.222
0.001 0.001 0.001 0.001 0.001 0.001 0.002 0.002 0.002 0.002 0.002 0.002 0.003 0.003 0.003 0.003 0.003 0.004 0.004 0.004 0.004 0.004 0.005 0.005 0.005 0.005 0.005 0.006 0.006 0.006 0.006 0.007 0.007 0.007 0.008 0.008 0.009 0.012 0.018 0.025 0.034 0.045 0.058 0.073 0.092 0.112 0.136 0.162 0.190 0.221 0.256 0.294 0.334 0.376 0.419 0.465 0.511 0.558 0.606 0.654 0.703 0.751 0.800 0.847 0.895 0.941 0.987 1.032 1.076 1.118 1.160 1.200 1.239 1.276 1.313 1.347 1.381
0.000 0.000 0.000 0.000 0.000 0.000 0.000 0.000 0.000 0.000 0.001 0.001 0.001 0.001 0.001 0.002 0.002 0.002 0.002 0.003 0.003 0.003 0.003 0.004 0.004 0.004 0.004 0.005 0.005 0.005 0.005 0.005 0.006 0.006 0.006 0.006 0.007 0.007 0.008 0.008 0.009 0.010 0.013 0.018 0.025 0.033 0.043 0.055 0.069 0.085 0.104 0.126 0.150 0.177 0.207 0.240 0.275 0.313 0.352 0.394 0.437 0.481 0.526 0.572 0.618 0.665 0.711 0.757 0.802 0.847 0.890 0.933 0.974 1.014 1.053 1.090 1.126
0.000 0.000 0.000 0.000 0.000 0.000 0.000 0.000 0.000 0.000 0.000 0.000 0.000 0.000 0.000 0.000 0.000 0.001 0.001 0.001 0.001 0.002 0.002 0.002 0.002 0.003 0.003 0.003 0.003 0.004 0.004 0.004 0.004 0.005 0.005 0.005 0.005 0.006 0.006 0.006 0.006 0.007 0.007 0.008 0.008 0.009 0.010 0.012 0.016 0.022 0.028 0.037 0.047 0.059 0.073 0.090 0.109 0.130 0.154 0.181 0.211 0.242 0.277 0.313 0.351 0.391 0.432 0.475 0.518 0.561 0.605 0.649 0.693 0.736 0.778 0.820 0.860
0.000 0.000 0.000 0.000 0.000 0.000 0.000 0.000 0.000 0.000 0.000 0.000 0.000 0.000 0.000 0.000 0.000 0.000 0.000 0.000 0.000 0.000 0.000 0.000 0.001 0.001 0.001 0.001 0.001 0.002 0.002 0.002 0.002 0.003 0.003 0.003 0.004 0.004 0.004 0.004 0.005 0.005 0.005 0.006 0.006 0.006 0.007 0.007 0.008 0.008 0.009 0.009 0.011 0.014 0.018 0.023 0.030 0.038 0.048 0.060 0.073 0.089 0.108 0.128 0.151 0.177 0.205 0.235 0.267 0.301 0.337 0.374 0.412 0.452 0.492 0.532 0.573
0.000 0.000 0.000 0.000 0.000 0.000 0.000 0.000 0.000 0.000 0.000 0.000 0.000 0.000 0.000 0.000 0.000 0.000 0.000 0.000 0.000 0.000 0.000 0.000 0.000 0.000 0.000 0.000 0.000 0.000 0.000 0.000 0.000 0.000 0.001 0.001 0.001 0.001 0.001 0.002 0.002 0.002 0.003 0.003 0.004 0.004 0.004 0.005 0.005 0.005 0.006 0.006 0.007 0.007 0.008 0.008 0.009 0.010 0.012 0.014 0.018 0.023 0.030 0.037 0.047 0.058 0.070 0.085 0.102 0.121 0.142 0.165 0.190 0.217 0.247 0.277 0.310
0.000 0.000 0.000 0.000 0.000 0.000 0.000 0.000 0.000 0.000 0.000 0.000 0.000 0.000 0.000 0.000 0.000 0.000 0.000 0.000 0.000 0.000 0.000 0.000 0.000 0.000 0.000 0.000 0.000 0.000 0.000 0.000 0.000 0.000 0.000 0.000 0.000 0.000 0.000 0.001 0.001 0.001 0.001 0.001 0.001 0.001 0.001 0.001 0.001 0.002 0.002 0.002 0.003 0.003 0.004 0.005 0.005 0.006 0.006 0.007 0.008 0.009 0.009 0.010 0.012 0.014 0.018 0.023 0.028 0.035 0.043 0.053 0.064 0.077 0.091 0.108 0.126
0.000 0.000 0.000 0.000 0.000 0.000 0.000 0.000 0.000 0.000 0.000 0.000 0.000 0.000 0.000 0.000 0.000 0.000 0.000 0.000 0.000 0.000 0.000 0.000 0.000 0.000 0.000 0.000 0.000 0.000 0.000 0.000 0.000 0.000 0.000 0.000 0.000 0.000 0.000 0.000 0.001 0.001 0.001 0.001 0.001 0.001 0.001 0.001 0.001 0.001 0.001 0.001 0.001 0.001 0.001 0.001 0.001 0.002 0.002 0.002 0.002 0.003 0.003 0.004 0.005 0.006 0.007 0.008 0.009 0.010 0.011 0.013 0.016 0.020 0.025 0.031 0.037
0.000 0.000 0.000 0.000 0.000 0.000 0.000 0.000 0.000 0.000 0.000 0.000 0.000 0.000 0.000 0.000 0.000 0.000 0.000 0.000 0.000 0.000 0.000 0.000 0.000 0.000 0.000 0.000 0.000 0.000 0.000 0.000 0.000 0.000 0.000 0.000 0.000 0.000 0.000 0.000 0.000 0.000 0.000 0.000 0.000 0.000 0.000 0.000 0.000 0.000 0.000 0.000 0.001 0.001 0.001 0.001 0.001 0.001 0.001 0.001 0.001 0.001 0.001 0.001 0.001 0.002 0.002 0.002 0.002 0.003 0.003 0.004 0.005 0.006 0.007 0.008 0.010
0.000 0.000 0.000 0.000 0.000 0.000 0.000 0.000 0.000 0.000 0.000 0.000 0.000 0.000 0.000 0.000 0.000 0.000 0.000 0.000 0.000 0.000 0.000 0.000 0.000 0.000 0.000 0.000 0.000 0.000 0.000 0.000 0.000 0.000 0.000 0.000 0.000 0.000 0.000 0.000 0.000 0.000 0.000 0.000 0.000 0.000 0.000 0.000 0.000 0.000 0.000 0.000 0.000 0.000 0.000 0.000 0.000 0.000 0.000 0.000 0.000 0.000 0.000 0.000 0.001 0.001 0.001 0.001 0.001 0.001 0.001 0.002 0.002 0.002 0.002 0.002 0.003
0.000 0.000 0.000 0.000 0.000 0.000 0.000 0.000 0.000 0.000 0.000 0.000 0.000 0.000 0.000 0.000 0.000 0.000 0.000 0.000 0.000 0.000 0.000 0.000 0.000 0.000 0.000 0.000 0.000 0.000 0.000 0.000 0.000 0.000 0.000 0.000 0.000 0.000 0.000 0.000 0.000 0.000 0.000 0.000 0.000 0.000 0.000 0.000 0.000 0.000 0.000 0.000 0.000 0.000 0.000 0.000 0.000 0.000 0.000 0.000 0.000 0.000 0.000 0.000 0.000 0.000 0.000 0.000 0.000 0.000 0.000 0.000 0.000 0.000 0.001 0.001 0.001
0.000 0.000 0.000 0.000 0.000 0.000 0.000 0.000 0.000 0.000 0.000 0.000 0.000 0.000 0.000 0.000 0.000 0.000 0.000 0.000 0.000 0.000 0.000 0.000 0.000 0.000 0.000 0.000 0.000 0.000 0.000 0.000 0.000 0.000 0.000 0.000 0.000 0.000 0.000 0.000 0.000 0.000 0.000 0.000 0.000 0.000 0.000 0.000 0.000 0.000 0.000 0.000 0.000 0.000 0.000 0.000 0.000 0.000 0.000 0.000 0.000 0.000 0.000 0.000 0.000 0.000 0.000 0.000 0.000 0.000 0.000 0.000 0.000 0.000 0.000 0.000 0.000
