Examples/2023_ISeeSnow/data/CoulombOnly/Results/curv77s/h/1HS_03_curv77s_MoT-Voellmy_h_0014.asc
ncols        94
nrows        39
xllcorner    1147.5
yllcorner    -4347.5
cellsize     5.00
NODATA_value -9999
[rows 0 to 33 of 39, columns 0 to 76 of 94]
0.002 0.002 0.002 0.002 0.003 0.003 0.003 0.003 0.004 0.004 0.004 0.005 0.005 0.006 0.007 0.006 0.001 0.000 0.000 0.000 0.000 0.000 0.000 0.000 0.000 0.000 0.000 0.000 0.000 0.000 0.000 0.000 0.000 0.000 0.000 0.000 0.000 0.000 0.000 0.000 0.000 0.000 0.000 0.000 0.000 0.000 0.000 0.000 0.000 0.000 0.000 0.000 0.000 0.000 0.000 0.000 0.000 0.000 0.000 0.000 0.000 0.000 0.000 0.000 0.000 0.000 0.000 0.000 0.000 0.000 0.000 0.000 0.000 0.000 0.000 0.000 0.000
0.003 0.004 0.004 0.005 0.005 0.005 0.006 0.006 0.007 0.007 0.009 0.013 0.019 0.028 0.037 0.046 0.055 0.063 0.071 0.076 0.079 0.079 0.077 0.073 0.068 0.061 0.053 0.045 0.037 0.030 0.024 0.019 0.014 0.011 0.010 0.009 0.007 0.001 0.000 0.000 0.000 0.000 0.000 0.000 0.000 0.000 0.000 0.000 0.000 0.000 0.000 0.000 0.000 0.000 0.000 0.000 0.000 0.000 0.000 0.000 0.000 0.000 0.000 0.000 0.000 0.000 0.000 0.000 0.000 0.000 0.000 0.000 0.000 0.000 0.000 0.000 0.000
0.004 0.005 0.006 0.006 0.006 0.007 0.008 0.012 0.020 0.031 0.046 0.064 0.086 0.111 0.138 0.166 0.193 0.219 0.242 0.261 0.277 0.288 0.295 0.297 0.295 0.289 0.279 0.265 0.249 0.231 0.211 0.191 0.170 0.150 0.131 0.112 0.093 0.076 0.062 0.050 0.039 0.030 0.023 0.017 0.012 0.009 0.009 0.009 0.008 0.002 0.000 0.000 0.000 0.000 0.000 0.000 0.000 0.000 0.000 0.000 0.000 0.000 0.000 0.000 0.000 0.000 0.000 0.000 0.000 0.000 0.000 0.000 0.000 0.000 0.000 0.000 0.000
0.005 0.006 0.006 0.007 0.008 0.012 0.021 0.033 0.050 0.071 0.097 0.126 0.158 0.192 0.227 0.261 0.294 0.325 0.353 0.378 0.398 0.414 0.426 0.434 0.439 0.441 0.440 0.437 0.432 0.426 0.419 0.409 0.399 0.386 0.372 0.356 0.338 0.319 0.298 0.276 0.253 0.230 0.206 0.183 0.160 0.139 0.121 0.103 0.086 0.070 0.056 0.045 0.035 0.028 0.022 0.017 0.012 0.008 0.007 0.006 0.007 0.007 0.006 0.001 0.000 0.000 0.000 0.000 0.000 0.000 0.000 0.000 0.000 0.000 0.000 0.000 0.000
0.005 0.006 0.007 0.010 0.018 0.031 0.047 0.069 0.097 0.129 0.165 0.205 0.246 0.289 0.331 0.371 0.410 0.446 0.480 0.511 0.540 0.566 0.589 0.610 0.626 0.638 0.645 0.647 0.643 0.635 0.622 0.607 0.589 0.570 0.550 0.529 0.509 0.490 0.472 0.454 0.438 0.421 0.406 0.390 0.374 0.358 0.340 0.322 0.302 0.281 0.259 0.237 0.215 0.193 0.171 0.151 0.131 0.113 0.096 0.082 0.070 0.058 0.047 0.037 0.028 0.022 0.016 0.011 0.008 0.007 0.007 0.007 0.002 0.000 0.000 0.000 0.000
0.005 0.007 0.009 0.016 0.028 0.044 0.066 0.094 0.128 0.167 0.211 0.258 0.308 0.358 0.408 0.456 0.502 0.545 0.584 0.617 0.646 0.668 0.685 0.696 0.704 0.708 0.710 0.711 0.711 0.712 0.714 0.716 0.718 0.720 0.722 0.722 0.720 0.716 0.710 0.701 0.690 0.676 0.659 0.641 0.620 0.597 0.572 0.546 0.519 0.491 0.463 0.434 0.405 0.377 0.349 0.321 0.294 0.268 0.242 0.217 0.193 0.170 0.148 0.127 0.107 0.088 0.072 0.057 0.045 0.035 0.028 0.021 0.013 0.008 0.007 0.007 0.007
0.007 0.012 0.023 0.038 0.059 0.084 0.114 0.148 0.186 0.226 0.268 0.312 0.358 0.405 0.453 0.502 0.551 0.599 0.646 0.690 0.732 0.769 0.804 0.835 0.863 0.887 0.908 0.925 0.938 0.946 0.949 0.947 0.940 0.928 0.913 0.896 0.876 0.857 0.837 0.818 0.801 0.784 0.769 0.755 0.741 0.728 0.715 0.700 0.685 0.668 0.650 0.630 0.608 0.584 0.559 0.533 0.505 0.476 0.447 0.416 0.384 0.352 0.320 0.287 0.254 0.221 0.190 0.160 0.133 0.109 0.088 0.070 0.053 0.040 0.030 0.023 0.017
0.007 0.012 0.023 0.038 0.059 0.086 0.119 0.160 0.207 0.260 0.318 0.379 0.442 0.504 0.563 0.619 0.671 0.719 0.763 0.803 0.840 0.874 0.905 0.932 0.954 0.972 0.984 0.991 0.994 0.992 0.988 0.982 0.974 0.966 0.957 0.948 0.938 0.930 0.921 0.913 0.906 0.899 0.893 0.887 0.882 0.877 0.871 0.864 0.857 0.848 0.838 0.826 0.812 0.796 0.779 0.759 0.737 0.713 0.687 0.658 0.626 0.591 0.554 0.514 0.472 0.428 0.383 0.338 0.294 0.252 0.212 0.175 0.142 0.113 0.088 0.068 0.051
0.008 0.017 0.032 0.052 0.078 0.110 0.147 0.188 0.232 0.277 0.322 0.368 0.413 0.458 0.504 0.550 0.596 0.642 0.686 0.727 0.763 0.795 0.822 0.844 0.863 0.879 0.894 0.910 0.928 0.949 0.974 1.002 1.032 1.063 1.094 1.123 1.149 1.171 1.187 1.199 1.205 1.206 1.202 1.193 1.181 1.166 1.148 1.129 1.108 1.088 1.067 1.046 1.025 1.004 0.984 0.963 0.942 0.920 0.896 0.870 0.841 0.810 0.775 0.736 0.694 0.648 0.599 0.547 0.493 0.439 0.385 0.332 0.282 0.235 0.192 0.154 0.121
0.009 0.018 0.034 0.056 0.084 0.120 0.164 0.216 0.275 0.340 0.411 0.486 0.563 0.640 0.716 0.789 0.859 0.925 0.987 1.045 1.098 1.148 1.193 1.233 1.267 1.294 1.313 1.324 1.325 1.317 1.300 1.277 1.248 1.218 1.187 1.158 1.133 1.112 1.096 1.086 1.081 1.081 1.085 1.092 1.102 1.113 1.125 1.137 1.148 1.158 1.165 1.170 1.172 1.172 1.168 1.162 1.152 1.139 1.123 1.103 1.078 1.049 1.016 0.978 0.935 0.887 0.835 0.778 0.719 0.656 0.592 0.527 0.462 0.399 0.338 0.281 0.229
0.009 0.020 0.038 0.062 0.093 0.133 0.180 0.234 0.293 0.357 0.422 0.488 0.553 0.617 0.678 0.736 0.792 0.845 0.895 0.941 0.985 1.025 1.062 1.097 1.130 1.162 1.194 1.227 1.262 1.297 1.334 1.370 1.406 1.439 1.468 1.492 1.511 1.524 1.530 1.531 1.527 1.519 1.507 1.492 1.475 1.457 1.439 1.421 1.405 1.390 1.376 1.364 1.353 1.343 1.334 1.325 1.316 1.305 1.293 1.278 1.260 1.237 1.210 1.178 1.140 1.096 1.047 0.993 0.934 0.870 0.803 0.732 0.660 0.586 0.512 0.440 0.370
0.009 0.020 0.037 0.061 0.093 0.132 0.180 0.236 0.298 0.366 0.439 0.515 0.593 0.672 0.751 0.829 0.904 0.976 1.044 1.107 1.164 1.215 1.258 1.294 1.323 1.344 1.357 1.364 1.366 1.362 1.354 1.345 1.335 1.325 1.317 1.311 1.309 1.310 1.315 1.323 1.335 1.349 1.366 1.383 1.401 1.419 1.436 1.452 1.466 1.477 1.487 1.495 1.501 1.504 1.506 1.506 1.503 1.497 1.489 1.477 1.461 1.441 1.416 1.385 1.348 1.305 1.257 1.203 1.144 1.079 1.010 0.937 0.860 0.780 0.697 0.614 0.530
0.009 0.021 0.038 0.063 0.096 0.138 0.190 0.250 0.318 0.392 0.471 0.554 0.638 0.723 0.806 0.888 0.967 1.043 1.115 1.184 1.249 1.309 1.365 1.417 1.465 1.508 1.547 1.581 1.611 1.637 1.658 1.675 1.688 1.697 1.702 1.705 1.704 1.701 1.696 1.690 1.683 1.675 1.667 1.659 1.652 1.645 1.640 1.635 1.632 1.630 1.629 1.629 1.630 1.631 1.632 1.633 1.634 1.633 1.629 1.623 1.613 1.598 1.579 1.553 1.521 1.483 1.439 1.388 1.331 1.269 1.201 1.127 1.049 0.966 0.879 0.788 0.695
0.009 0.020 0.038 0.062 0.095 0.136 0.186 0.245 0.311 0.382 0.459 0.538 0.618 0.698 0.777 0.854 0.928 0.999 1.065 1.127 1.184 1.236 1.282 1.322 1.357 1.387 1.412 1.434 1.452 1.467 1.481 1.493 1.505 1.517 1.529 1.542 1.556 1.570 1.585 1.601 1.617 1.633 1.649 1.664 1.679 1.693 1.707 1.719 1.731 1.741 1.751 1.760 1.768 1.775 1.781 1.786 1.789 1.791 1.790 1.786 1.777 1.765 1.747 1.723 1.692 1.656 1.612 1.563 1.507 1.445 1.378 1.304 1.225 1.141 1.050 0.955 0.855
0.009 0.020 0.037 0.062 0.095 0.137 0.189 0.250 0.319 0.396 0.478 0.565 0.655 0.747 0.838 0.929 1.017 1.103 1.186 1.264 1.337 1.405 1.467 1.523 1.572 1.615 1.652 1.683 1.708 1.729 1.745 1.757 1.766 1.773 1.778 1.781 1.784 1.786 1.788 1.790 1.792 1.795 1.798 1.802 1.807 1.812 1.818 1.825 1.833 1.841 1.850 1.859 1.869 1.879 1.888 1.897 1.905 1.911 1.915 1.916 1.913 1.904 1.891 1.871 1.844 1.810 1.769 1.722 1.667 1.607 1.540 1.466 1.386 1.300 1.208 1.109 1.004
0.009 0.020 0.037 0.061 0.094 0.135 0.186 0.246 0.315 0.390 0.470 0.553 0.639 0.725 0.811 0.894 0.975 1.052 1.126 1.195 1.259 1.319 1.373 1.423 1.468 1.507 1.543 1.574 1.602 1.627 1.650 1.670 1.689 1.707 1.724 1.740 1.756 1.772 1.787 1.802 1.818 1.833 1.848 1.863 1.877 1.892 1.907 1.921 1.935 1.950 1.964 1.978 1.992 2.005 2.019 2.031 2.043 2.053 2.060 2.064 2.063 2.058 2.046 2.028 2.003 1.971 1.931 1.883 1.829 1.767 1.699 1.623 1.541 1.452 1.356 1.252 1.142
0.009 0.020 0.037 0.061 0.093 0.135 0.187 0.247 0.317 0.394 0.477 0.565 0.655 0.747 0.840 0.931 1.021 1.108 1.192 1.272 1.346 1.415 1.478 1.535 1.586 1.631 1.669 1.703 1.731 1.754 1.774 1.791 1.806 1.819 1.830 1.841 1.852 1.862 1.873 1.883 1.895 1.907 1.919 1.932 1.946 1.960 1.975 1.990 2.007 2.023 2.041 2.058 2.077 2.095 2.113 2.131 2.148 2.164 2.176 2.186 2.191 2.191 2.185 2.172 2.152 2.123 2.086 2.041 1.989 1.928 1.859 1.782 1.698 1.605 1.504 1.394 1.276
0.009 0.019 0.036 0.061 0.093 0.135 0.186 0.247 0.316 0.393 0.475 0.562 0.651 0.741 0.830 0.919 1.005 1.088 1.167 1.242 1.312 1.377 1.437 1.491 1.541 1.585 1.624 1.659 1.690 1.717 1.742 1.764 1.784 1.802 1.820 1.836 1.853 1.869 1.885 1.902 1.918 1.935 1.952 1.970 1.988 2.006 2.025 2.044 2.064 2.084 2.105 2.126 2.148 2.169 2.191 2.213 2.234 2.253 2.270 2.284 2.294 2.298 2.297 2.288 2.272 2.249 2.217 2.176 2.128 2.071 2.006 1.932 1.849 1.756 1.653 1.540 1.416
0.009 0.019 0.037 0.061 0.094 0.136 0.187 0.249 0.319 0.396 0.479 0.567 0.658 0.750 0.843 0.934 1.024 1.111 1.194 1.274 1.349 1.418 1.482 1.541 1.593 1.639 1.681 1.716 1.748 1.775 1.799 1.820 1.839 1.856 1.873 1.888 1.904 1.920 1.935 1.952 1.968 1.985 2.003 2.022 2.041 2.061 2.082 2.104 2.126 2.149 2.173 2.198 2.223 2.249 2.275 2.301 2.326 2.350 2.372 2.390 2.404 2.413 2.415 2.410 2.398 2.377 2.348 2.310 2.264 2.210 2.148 2.077 1.997 1.908 1.807 1.695 1.569
0.009 0.020 0.038 0.063 0.097 0.140 0.192 0.254 0.325 0.403 0.487 0.576 0.667 0.759 0.852 0.943 1.032 1.118 1.200 1.279 1.352 1.421 1.484 1.541 1.593 1.640 1.682 1.718 1.751 1.780 1.806 1.829 1.850 1.870 1.889 1.908 1.926 1.944 1.962 1.981 1.999 2.019 2.039 2.060 2.081 2.103 2.125 2.149 2.173 2.197 2.223 2.249 2.276 2.303 2.331 2.358 2.385 2.411 2.434 2.454 2.470 2.481 2.486 2.484 2.475 2.458 2.434 2.401 2.360 2.312 2.255 2.191 2.118 2.036 1.944 1.841 1.727
0.009 0.019 0.037 0.061 0.094 0.136 0.187 0.249 0.319 0.396 0.479 0.567 0.658 0.750 0.843 0.934 1.024 1.111 1.194 1.274 1.349 1.418 1.482 1.540 1.593 1.639 1.680 1.716 1.748 1.775 1.799 1.820 1.839 1.856 1.873 1.888 1.904 1.919 1.935 1.951 1.968 1.985 2.003 2.022 2.041 2.061 2.082 2.103 2.126 2.149 2.173 2.197 2.223 2.249 2.275 2.301 2.326 2.350 2.371 2.390 2.404 2.413 2.415 2.410 2.397 2.377 2.347 2.310 2.264 2.210 2.148 2.077 1.997 1.907 1.807 1.694 1.569
0.009 0.019 0.036 0.061 0.093 0.135 0.186 0.247 0.316 0.393 0.475 0.562 0.651 0.741 0.830 0.919 1.005 1.088 1.167 1.241 1.312 1.377 1.437 1.491 1.541 1.585 1.624 1.659 1.690 1.717 1.742 1.764 1.783 1.802 1.819 1.836 1.853 1.869 1.885 1.902 1.918 1.935 1.952 1.970 1.988 2.006 2.025 2.044 2.064 2.084 2.105 2.126 2.147 2.169 2.191 2.213 2.234 2.253 2.270 2.284 2.294 2.298 2.296 2.288 2.272 2.248 2.216 2.176 2.127 2.071 2.005 1.932 1.849 1.756 1.653 1.539 1.415
0.009 0.020 0.037 0.061 0.093 0.135 0.187 0.247 0.317 0.394 0.477 0.565 0.655 0.747 0.840 0.931 1.021 1.108 1.192 1.272 1.346 1.415 1.478 1.535 1.586 1.631 1.669 1.703 1.731 1.754 1.774 1.791 1.806 1.819 1.830 1.841 1.852 1.862 1.872 1.883 1.895 1.906 1.919 1.932 1.945 1.960 1.975 1.990 2.006 2.023 2.040 2.058 2.076 2.095 2.113 2.131 2.148 2.163 2.176 2.186 2.191 2.191 2.185 2.172 2.151 2.123 2.086 2.041 1.988 1.927 1.858 1.782 1.697 1.605 1.504 1.394 1.276
0.009 0.020 0.037 0.061 0.094 0.135 0.186 0.246 0.315 0.390 0.470 0.553 0.639 0.725 0.810 0.894 0.975 1.052 1.126 1.195 1.259 1.319 1.373 1.423 1.467 1.507 1.543 1.574 1.602 1.627 1.650 1.670 1.689 1.707 1.723 1.740 1.756 1.771 1.787 1.802 1.817 1.832 1.847 1.862 1.877 1.892 1.906 1.921 1.935 1.949 1.963 1.977 1.991 2.005 2.018 2.031 2.042 2.052 2.059 2.063 2.063 2.057 2.046 2.028 2.003 1.970 1.930 1.883 1.828 1.767 1.698 1.623 1.541 1.452 1.356 1.252 1.141
0.009 0.020 0.037 0.062 0.095 0.137 0.189 0.250 0.319 0.396 0.478 0.565 0.655 0.747 0.838 0.929 1.017 1.103 1.186 1.264 1.337 1.405 1.467 1.523 1.572 1.615 1.652 1.683 1.708 1.729 1.745 1.757 1.766 1.773 1.778 1.781 1.784 1.786 1.788 1.790 1.792 1.795 1.798 1.802 1.807 1.812 1.818 1.825 1.833 1.841 1.850 1.859 1.869 1.878 1.888 1.897 1.905 1.911 1.915 1.915 1.912 1.904 1.890 1.870 1.843 1.810 1.769 1.721 1.667 1.606 1.539 1.466 1.386 1.300 1.208 1.109 1.004
0.009 0.020 0.038 0.062 0.095 0.136 0.186 0.245 0.311 0.382 0.459 0.538 0.618 0.698 0.777 0.854 0.928 0.999 1.065 1.127 1.184 1.236 1.281 1.322 1.357 1.387 1.412 1.433 1.451 1.467 1.480 1.493 1.505 1.517 1.529 1.542 1.556 1.570 1.585 1.601 1.616 1.632 1.648 1.664 1.679 1.693 1.706 1.719 1.730 1.741 1.750 1.759 1.767 1.774 1.780 1.785 1.789 1.790 1.789 1.785 1.777 1.764 1.746 1.722 1.692 1.655 1.612 1.562 1.507 1.445 1.377 1.304 1.225 1.140 1.050 0.955 0.855
0.009 0.021 0.038 0.063 0.096 0.138 0.190 0.250 0.318 0.392 0.471 0.554 0.638 0.723 0.806 0.888 0.967 1.043 1.115 1.184 1.248 1.309 1.365 1.417 1.465 1.508 1.547 1.581 1.611 1.637 1.658 1.675 1.688 1.697 1.702 1.705 1.704 1.701 1.696 1.690 1.683 1.675 1.667 1.659 1.652 1.645 1.639 1.635 1.632 1.630 1.629 1.628 1.629 1.630 1.632 1.633 1.633 1.632 1.629 1.623 1.613 1.598 1.578 1.553 1.521 1.483 1.438 1.388 1.331 1.268 1.200 1.127 1.049 0.966 0.879 0.788 0.695
0.009 0.020 0.037 0.061 0.093 0.132 0.180 0.236 0.298 0.366 0.439 0.515 0.593 0.672 0.751 0.829 0.904 0.976 1.044 1.107 1.164 1.215 1.258 1.294 1.323 1.344 1.358 1.365 1.366 1.362 1.355 1.345 1.335 1.325 1.316 1.311 1.308 1.309 1.314 1.323 1.334 1.349 1.365 1.382 1.400 1.418 1.435 1.451 1.465 1.477 1.487 1.495 1.500 1.504 1.506 1.505 1.502 1.497 1.489 1.477 1.461 1.441 1.415 1.384 1.348 1.305 1.257 1.203 1.143 1.079 1.010 0.937 0.860 0.780 0.697 0.614 0.530
0.009 0.020 0.038 0.062 0.093 0.133 0.180 0.234 0.293 0.357 0.422 0.488 0.553 0.616 0.677 0.736 0.792 0.845 0.894 0.941 0.984 1.025 1.062 1.097 1.130 1.162 1.194 1.227 1.261 1.297 1.333 1.370 1.405 1.438 1.467 1.491 1.510 1.523 1.530 1.531 1.527 1.519 1.507 1.492 1.475 1.457 1.439 1.422 1.405 1.390 1.376 1.363 1.353 1.343 1.334 1.325 1.315 1.305 1.292 1.278 1.259 1.237 1.210 1.178 1.140 1.096 1.047 0.993 0.934 0.870 0.803 0.732 0.660 0.586 0.512 0.440 0.370
0.009 0.018 0.034 0.056 0.084 0.120 0.164 0.216 0.275 0.340 0.411 0.486 0.563 0.640 0.716 0.789 0.859 0.925 0.987 1.044 1.098 1.147 1.192 1.232 1.267 1.294 1.313 1.324 1.325 1.317 1.300 1.277 1.249 1.218 1.187 1.158 1.133 1.112 1.096 1.086 1.081 1.080 1.084 1.091 1.101 1.112 1.124 1.136 1.147 1.157 1.165 1.170 1.172 1.172 1.168 1.162 1.152 1.139 1.123 1.102 1.078 1.049 1.016 0.978 0.935 0.887 0.835 0.778 0.719 0.656 0.592 0.527 0.463 0.399 0.338 0.282 0.229
0.008 0.017 0.032 0.052 0.078 0.110 0.147 0.188 0.232 0.277 0.322 0.368 0.413 0.458 0.504 0.550 0.597 0.642 0.686 0.727 0.764 0.796 0.822 0.845 0.863 0.879 0.894 0.910 0.928 0.949 0.973 1.001 1.031 1.062 1.093 1.122 1.148 1.170 1.187 1.198 1.205 1.206 1.202 1.193 1.181 1.166 1.148 1.129 1.109 1.088 1.067 1.046 1.025 1.004 0.984 0.963 0.942 0.920 0.896 0.870 0.842 0.810 0.775 0.736 0.694 0.648 0.599 0.547 0.493 0.439 0.385 0.332 0.282 0.235 0.192 0.154 0.121
0.007 0.012 0.023 0.038 0.059 0.086 0.119 0.160 0.207 0.260 0.318 0.379 0.442 0.504 0.563 0.619 0.671 0.719 0.762 0.803 0.840 0.874 0.905 0.932 0.954 0.971 0.984 0.991 0.993 0.992 0.988 0.982 0.974 0.966 0.957 0.948 0.939 0.930 0.921 0.913 0.906 0.899 0.893 0.887 0.882 0.877 0.871 0.864 0.857 0.848 0.838 0.826 0.812 0.796 0.779 0.759 0.738 0.713 0.687 0.658 0.626 0.592 0.554 0.514 0.472 0.429 0.384 0.339 0.294 0.252 0.212 0.176 0.142 0.113 0.089 0.068 0.051
0.007 0.012 0.023 0.038 0.059 0.084 0.114 0.148 0.186 0.226 0.268 0.312 0.358 0.405 0.453 0.502 0.551 0.599 0.646 0.690 0.732 0.769 0.804 0.835 0.863 0.887 0.908 0.925 0.938 0.946 0.949 0.947 0.940 0.928 0.913 0.896 0.877 0.857 0.837 0.818 0.801 0.784 0.769 0.755 0.741 0.728 0.715 0.700 0.685 0.668 0.650 0.630 0.608 0.585 0.560 0.533 0.506 0.477 0.447 0.416 0.385 0.353 0.320 0.287 0.254 0.222 0.190 0.161 0.134 0.110 0.088 0.070 0.053 0.040 0.030 0.023 0.017
0.005 0.007 0.009 0.016 0.028 0.044 0.066 0.094 0.128 0.167 0.211 0.258 0.308 0.358 0.408 0.456 0.502 0.545 0.584 0.617 0.646 0.668 0.685 0.696 0.704 0.708 0.710 0.710 0.711 0.712 0.714 0.716 0.718 0.720 0.722 0.722 0.720 0.716 0.710 0.701 0.690 0.676 0.660 0.641 0.620 0.597 0.573 0.547 0.520 0.492 0.463 0.434 0.406 0.377 0.349 0.322 0.295 0.268 0.242 0.217 0.194 0.171 0.148 0.127 0.107 0.089 0.072 0.057 0.045 0.036 0.028 0.021 0.013 0.008 0.007 0.007 0.007
