Examples/2023_ISeeSnow/data/CoulombOnly/Results/curv77s/h/1HS_03_curv77s_MoT-Voellmy_h_0063.asc
ncols        99
nrows        67
xllcorner    3782.5
yllcorner    -4417.5
cellsize     5.00
NODATA_value -9999
[rows 0 to 33 of 67, columns 0 to 76 of 99]
0.000 0.000 0.000 0.000 0.000 0.000 0.000 0.000 0.000 0.000 0.000 0.000 0.000 0.000 0.000 0.000 0.000 0.000 0.000 0.000 0.000 0.000 0.000 0.000 0.000 0.000 0.000 0.000 0.001 0.001 0.001 0.001 0.002 0.002 0.003 0.003 0.003 0.004 0.004 0.005 0.005 0.006 0.006 0.007 0.007 0.007 0.007 0.007 0.007 0.007 0.007 0.006 0.005 0.004 0.003 0.002 0.002 0.001 0.001 0.000 0.000 0.000 0.000 0.000 0.000 0.000 0.000 0.000 0.000 0.000 0.000 0.000 0.000 0.000 0.000 0.000 0.000
0.000 0.000 0.000 0.000 0.000 0.000 0.000 0.000 0.000 0.000 0.000 0.000 0.000 0.000 0.000 0.000 0.000 0.000 0.000 0.000 0.001 0.001 0.001 0.002 0.002 0.002 0.003 0.003 0.003 0.004 0.004 0.005 0.005 0.006 0.007 0.007 0.008 0.009 0.011 0.012 0.013 0.015 0.016 0.018 0.019 0.020 0.021 0.021 0.021 0.021 0.021 0.020 0.019 0.017 0.016 0.014 0.013 0.011 0.010 0.007 0.004 0.002 0.001 0.001 0.000 0.000 0.000 0.000 0.000 0.000 0.000 0.000 0.000 0.000 0.000 0.000 0.000
0.000 0.000 0.000 0.000 0.000 0.000 0.000 0.000 0.000 0.000 0.000 0.000 0.001 0.001 0.001 0.002 0.002 0.002 0.002 0.002 0.003 0.003 0.003 0.003 0.004 0.004 0.004 0.005 0.006 0.006 0.007 0.009 0.010 0.012 0.013 0.016 0.018 0.021 0.024 0.027 0.031 0.034 0.037 0.040 0.043 0.045 0.047 0.049 0.049 0.049 0.048 0.047 0.044 0.042 0.039 0.035 0.032 0.028 0.025 0.021 0.018 0.015 0.012 0.010 0.007 0.003 0.001 0.000 0.000 0.000 0.000 0.000 0.000 0.000 0.000 0.000 0.000
0.000 0.000 0.000 0.000 0.001 0.001 0.001 0.002 0.002 0.002 0.002 0.002 0.002 0.002 0.002 0.002 0.003 0.003 0.003 0.003 0.004 0.004 0.004 0.005 0.006 0.007 0.008 0.009 0.010 0.011 0.013 0.016 0.019 0.023 0.027 0.032 0.037 0.043 0.049 0.055 0.062 0.068 0.074 0.080 0.085 0.090 0.093 0.096 0.097 0.097 0.096 0.094 0.090 0.085 0.080 0.074 0.067 0.060 0.053 0.046 0.040 0.034 0.029 0.024 0.019 0.016 0.012 0.010 0.005 0.002 0.001 0.000 0.000 0.000 0.000 0.000 0.000
0.002 0.002 0.002 0.002 0.002 0.002 0.002 0.002 0.002 0.002 0.002 0.002 0.003 0.003 0.003 0.003 0.004 0.004 0.005 0.005 0.006 0.007 0.007 0.008 0.009 0.009 0.011 0.013 0.016 0.020 0.024 0.030 0.036 0.042 0.050 0.058 0.067 0.077 0.087 0.098 0.109 0.119 0.130 0.139 0.148 0.155 0.162 0.166 0.168 0.169 0.167 0.164 0.159 0.152 0.143 0.133 0.123 0.111 0.100 0.088 0.077 0.066 0.056 0.047 0.039 0.032 0.026 0.021 0.016 0.013 0.010 0.005 0.001 0.000 0.000 0.000 0.000
0.002 0.002 0.002 0.002 0.002 0.002 0.002 0.003 0.003 0.003 0.003 0.004 0.004 0.005 0.005 0.006 0.006 0.006 0.007 0.007 0.007 0.008 0.008 0.009 0.011 0.014 0.018 0.022 0.028 0.034 0.041 0.050 0.059 0.070 0.082 0.095 0.108 0.123 0.139 0.154 0.170 0.186 0.201 0.215 0.228 0.239 0.248 0.255 0.259 0.260 0.259 0.255 0.248 0.238 0.227 0.213 0.198 0.182 0.165 0.148 0.131 0.114 0.099 0.084 0.071 0.059 0.048 0.039 0.032 0.025 0.020 0.015 0.012 0.009 0.003 0.000 0.000
0.002 0.002 0.003 0.003 0.003 0.004 0.004 0.004 0.005 0.005 0.006 0.006 0.006 0.006 0.006 0.006 0.007 0.007 0.007 0.007 0.008 0.009 0.010 0.013 0.018 0.023 0.029 0.036 0.044 0.053 0.064 0.076 0.090 0.105 0.122 0.140 0.159 0.179 0.200 0.222 0.243 0.264 0.284 0.303 0.320 0.335 0.347 0.356 0.362 0.364 0.363 0.359 0.351 0.339 0.325 0.308 0.288 0.267 0.245 0.222 0.199 0.176 0.154 0.134 0.114 0.096 0.080 0.066 0.054 0.044 0.035 0.027 0.021 0.017 0.013 0.010 0.004
0.003 0.004 0.005 0.005 0.005 0.005 0.006 0.006 0.006 0.006 0.006 0.006 0.006 0.006 0.006 0.007 0.007 0.007 0.008 0.008 0.009 0.012 0.016 0.021 0.027 0.034 0.043 0.053 0.064 0.077 0.092 0.108 0.126 0.146 0.168 0.191 0.216 0.241 0.268 0.294 0.321 0.346 0.371 0.394 0.415 0.433 0.449 0.460 0.468 0.472 0.472 0.467 0.459 0.446 0.430 0.410 0.387 0.362 0.335 0.307 0.278 0.249 0.221 0.194 0.168 0.144 0.122 0.102 0.084 0.069 0.056 0.045 0.035 0.028 0.022 0.017 0.013
0.005 0.005 0.005 0.005 0.005 0.006 0.006 0.006 0.006 0.006 0.006 0.006 0.006 0.006 0.007 0.007 0.007 0.008 0.008 0.010 0.013 0.018 0.024 0.031 0.039 0.049 0.060 0.073 0.087 0.104 0.123 0.143 0.166 0.190 0.217 0.245 0.274 0.305 0.336 0.367 0.398 0.428 0.457 0.484 0.508 0.530 0.548 0.563 0.573 0.578 0.579 0.575 0.566 0.553 0.535 0.513 0.488 0.459 0.428 0.396 0.362 0.328 0.293 0.260 0.228 0.198 0.170 0.144 0.121 0.100 0.082 0.067 0.054 0.043 0.034 0.026 0.020
0.005 0.005 0.005 0.005 0.006 0.006 0.006 0.006 0.006 0.006 0.006 0.006 0.006 0.007 0.007 0.007 0.008 0.008 0.010 0.014 0.019 0.025 0.033 0.042 0.053 0.065 0.079 0.094 0.112 0.133 0.155 0.179 0.206 0.235 0.265 0.297 0.331 0.365 0.400 0.436 0.470 0.504 0.537 0.568 0.596 0.621 0.642 0.659 0.672 0.679 0.682 0.679 0.670 0.657 0.638 0.614 0.587 0.556 0.521 0.485 0.447 0.408 0.369 0.330 0.292 0.256 0.223 0.191 0.162 0.137 0.114 0.094 0.076 0.061 0.049 0.039 0.030
0.005 0.005 0.005 0.006 0.006 0.006 0.006 0.006 0.006 0.006 0.006 0.006 0.007 0.007 0.007 0.008 0.008 0.010 0.014 0.019 0.026 0.034 0.044 0.055 0.067 0.082 0.098 0.117 0.138 0.161 0.187 0.215 0.245 0.277 0.311 0.347 0.383 0.421 0.460 0.498 0.536 0.574 0.610 0.644 0.675 0.703 0.728 0.748 0.763 0.773 0.777 0.776 0.768 0.755 0.736 0.712 0.683 0.649 0.612 0.572 0.531 0.487 0.444 0.400 0.357 0.316 0.277 0.240 0.207 0.176 0.148 0.123 0.101 0.083 0.067 0.054 0.042
0.005 0.005 0.006 0.006 0.006 0.006 0.006 0.006 0.006 0.006 0.006 0.007 0.007 0.007 0.007 0.008 0.009 0.013 0.019 0.026 0.034 0.044 0.055 0.068 0.082 0.099 0.118 0.139 0.163 0.189 0.217 0.248 0.281 0.316 0.352 0.391 0.430 0.471 0.512 0.554 0.595 0.635 0.674 0.711 0.746 0.777 0.805 0.828 0.846 0.859 0.866 0.866 0.860 0.848 0.829 0.804 0.774 0.739 0.700 0.657 0.612 0.565 0.517 0.469 0.422 0.376 0.332 0.290 0.252 0.216 0.183 0.154 0.129 0.106 0.087 0.070 0.056
0.005 0.005 0.006 0.006 0.006 0.006 0.006 0.006 0.006 0.006 0.006 0.007 0.007 0.007 0.008 0.009 0.013 0.018 0.025 0.033 0.042 0.053 0.066 0.081 0.097 0.116 0.137 0.160 0.186 0.214 0.245 0.278 0.313 0.350 0.389 0.429 0.471 0.514 0.557 0.601 0.645 0.688 0.730 0.770 0.808 0.842 0.873 0.900 0.921 0.937 0.947 0.950 0.946 0.935 0.917 0.892 0.861 0.825 0.784 0.739 0.691 0.640 0.589 0.536 0.485 0.434 0.386 0.340 0.296 0.256 0.219 0.186 0.156 0.130 0.107 0.088 0.071
0.005 0.005 0.006 0.006 0.006 0.006 0.006 0.006 0.006 0.006 0.007 0.007 0.007 0.008 0.009 0.011 0.016 0.023 0.031 0.040 0.051 0.063 0.077 0.093 0.111 0.132 0.155 0.180 0.207 0.237 0.269 0.304 0.341 0.379 0.420 0.462 0.505 0.550 0.595 0.641 0.686 0.732 0.776 0.819 0.860 0.898 0.932 0.962 0.987 1.007 1.019 1.025 1.024 1.015 0.998 0.974 0.944 0.907 0.864 0.817 0.766 0.713 0.658 0.602 0.546 0.491 0.438 0.388 0.340 0.296 0.255 0.218 0.184 0.154 0.128 0.106 0.086
0.005 0.006 0.006 0.006 0.006 0.006 0.006 0.006 0.006 0.007 0.007 0.007 0.007 0.008 0.010 0.014 0.021 0.028 0.037 0.047 0.059 0.072 0.088 0.105 0.125 0.146 0.170 0.197 0.226 0.257 0.290 0.326 0.364 0.404 0.445 0.488 0.533 0.579 0.625 0.672 0.720 0.767 0.814 0.860 0.903 0.944 0.982 1.016 1.044 1.067 1.084 1.093 1.094 1.087 1.073 1.050 1.020 0.983 0.940 0.892 0.839 0.782 0.724 0.665 0.605 0.546 0.489 0.434 0.382 0.334 0.289 0.248 0.211 0.178 0.149 0.124 0.102
0.005 0.006 0.006 0.006 0.006 0.006 0.006 0.006 0.006 0.007 0.007 0.007 0.008 0.009 0.012 0.018 0.025 0.033 0.043 0.054 0.067 0.081 0.097 0.116 0.136 0.159 0.184 0.212 0.241 0.273 0.308 0.344 0.383 0.423 0.465 0.509 0.554 0.601 0.648 0.697 0.746 0.795 0.843 0.891 0.937 0.981 1.022 1.060 1.092 1.119 1.139 1.151 1.156 1.152 1.140 1.119 1.090 1.054 1.011 0.961 0.907 0.849 0.788 0.725 0.662 0.599 0.538 0.479 0.423 0.371 0.322 0.278 0.237 0.201 0.169 0.141 0.117
0.005 0.006 0.006 0.006 0.006 0.006 0.006 0.006 0.007 0.007 0.007 0.007 0.008 0.010 0.015 0.021 0.029 0.038 0.048 0.060 0.074 0.089 0.106 0.125 0.147 0.170 0.196 0.224 0.254 0.287 0.321 0.358 0.397 0.438 0.480 0.524 0.570 0.616 0.665 0.714 0.763 0.814 0.864 0.914 0.962 1.009 1.053 1.094 1.130 1.160 1.184 1.200 1.208 1.208 1.198 1.180 1.153 1.118 1.075 1.026 0.971 0.911 0.848 0.783 0.717 0.651 0.586 0.523 0.463 0.407 0.354 0.306 0.262 0.223 0.188 0.158 0.131
0.005 0.006 0.006 0.006 0.006 0.006 0.006 0.006 0.007 0.007 0.007 0.008 0.009 0.012 0.018 0.025 0.033 0.042 0.053 0.066 0.080 0.096 0.113 0.133 0.155 0.179 0.205 0.234 0.264 0.297 0.332 0.368 0.407 0.448 0.490 0.534 0.579 0.626 0.674 0.723 0.774 0.825 0.876 0.927 0.978 1.027 1.074 1.118 1.157 1.191 1.218 1.238 1.250 1.253 1.246 1.231 1.206 1.173 1.131 1.082 1.028 0.967 0.903 0.836 0.768 0.699 0.631 0.565 0.501 0.441 0.385 0.333 0.286 0.244 0.206 0.173 0.144
0.005 0.006 0.006 0.006 0.006 0.006 0.006 0.006 0.007 0.007 0.007 0.008 0.009 0.014 0.020 0.028 0.037 0.046 0.058 0.071 0.085 0.102 0.120 0.140 0.162 0.186 0.213 0.241 0.272 0.304 0.338 0.375 0.413 0.453 0.495 0.538 0.583 0.629 0.677 0.726 0.777 0.828 0.880 0.932 0.984 1.035 1.085 1.131 1.173 1.210 1.241 1.265 1.280 1.286 1.283 1.270 1.248 1.217 1.177 1.130 1.076 1.017 0.953 0.885 0.815 0.744 0.674 0.604 0.538 0.474 0.414 0.359 0.309 0.264 0.223 0.188 0.156
0.005 0.006 0.006 0.006 0.006 0.006 0.006 0.007 0.007 0.007 0.007 0.008 0.011 0.016 0.023 0.031 0.040 0.050 0.062 0.075 0.090 0.106 0.125 0.145 0.167 0.192 0.218 0.246 0.276 0.308 0.342 0.378 0.415 0.454 0.495 0.538 0.582 0.627 0.674 0.723 0.773 0.824 0.876 0.929 0.982 1.034 1.085 1.134 1.179 1.219 1.253 1.280 1.298 1.307 1.307 1.298 1.278 1.250 1.212 1.167 1.115 1.057 0.994 0.927 0.857 0.785 0.713 0.641 0.572 0.505 0.442 0.384 0.330 0.282 0.239 0.201 0.168
0.005 0.006 0.006 0.006 0.006 0.006 0.006 0.007 0.007 0.007 0.008 0.009 0.012 0.018 0.025 0.033 0.042 0.053 0.065 0.078 0.093 0.110 0.128 0.149 0.171 0.195 0.220 0.248 0.278 0.309 0.342 0.377 0.413 0.451 0.491 0.532 0.575 0.619 0.665 0.712 0.761 0.812 0.863 0.916 0.970 1.023 1.075 1.125 1.171 1.213 1.249 1.278 1.299 1.310 1.313 1.306 1.290 1.264 1.231 1.189 1.140 1.085 1.024 0.959 0.890 0.819 0.747 0.674 0.603 0.534 0.468 0.407 0.350 0.299 0.253 0.213 0.178
0.005 0.006 0.006 0.006 0.006 0.006 0.006 0.007 0.007 0.007 0.008 0.009 0.013 0.019 0.026 0.035 0.044 0.055 0.067 0.080 0.095 0.112 0.130 0.150 0.172 0.196 0.221 0.248 0.276 0.307 0.339 0.372 0.407 0.444 0.482 0.521 0.562 0.604 0.649 0.695 0.742 0.792 0.843 0.895 0.949 1.004 1.058 1.112 1.163 1.210 1.252 1.287 1.314 1.331 1.338 1.335 1.321 1.297 1.264 1.222 1.172 1.117 1.056 0.990 0.921 0.850 0.777 0.704 0.631 0.560 0.492 0.428 0.369 0.315 0.266 0.224 0.186
0.005 0.005 0.006 0.006 0.006 0.006 0.006 0.007 0.007 0.007 0.008 0.009 0.013 0.020 0.027 0.036 0.045 0.056 0.068 0.081 0.096 0.112 0.130 0.150 0.171 0.194 0.218 0.244 0.272 0.301 0.332 0.363 0.397 0.431 0.467 0.505 0.544 0.584 0.626 0.671 0.716 0.764 0.813 0.864 0.914 0.964 1.012 1.057 1.097 1.132 1.161 1.182 1.197 1.205 1.206 1.202 1.191 1.175 1.154 1.127 1.094 1.056 1.012 0.962 0.907 0.847 0.783 0.716 0.647 0.578 0.511 0.446 0.385 0.329 0.278 0.233 0.193
0.004 0.005 0.006 0.006 0.006 0.006 0.006 0.007 0.007 0.007 0.008 0.009 0.013 0.020 0.027 0.035 0.045 0.055 0.067 0.080 0.095 0.111 0.128 0.147 0.168 0.190 0.213 0.238 0.264 0.291 0.320 0.350 0.381 0.414 0.447 0.482 0.518 0.556 0.596 0.638 0.682 0.730 0.782 0.838 0.900 0.966 1.037 1.111 1.188 1.263 1.334 1.398 1.452 1.492 1.518 1.528 1.521 1.498 1.461 1.411 1.350 1.280 1.204 1.122 1.037 0.951 0.865 0.779 0.696 0.616 0.540 0.469 0.403 0.342 0.288 0.241 0.199
0.004 0.005 0.006 0.006 0.006 0.006 0.006 0.007 0.007 0.007 0.008 0.009 0.012 0.018 0.026 0.034 0.043 0.053 0.065 0.078 0.091 0.107 0.123 0.142 0.161 0.182 0.204 0.227 0.252 0.278 0.304 0.332 0.361 0.392 0.423 0.456 0.490 0.525 0.562 0.600 0.639 0.678 0.716 0.752 0.784 0.810 0.830 0.845 0.856 0.862 0.862 0.858 0.849 0.837 0.821 0.804 0.786 0.767 0.750 0.734 0.719 0.705 0.691 0.677 0.662 0.644 0.623 0.598 0.568 0.530 0.487 0.438 0.387 0.336 0.287 0.241 0.200
0.004 0.005 0.006 0.006 0.006 0.006 0.006 0.007 0.007 0.007 0.007 0.008 0.010 0.016 0.023 0.031 0.039 0.049 0.060 0.072 0.085 0.100 0.115 0.132 0.151 0.170 0.190 0.212 0.234 0.257 0.281 0.306 0.332 0.359 0.387 0.417 0.450 0.486 0.525 0.570 0.620 0.678 0.744 0.820 0.907 1.003 1.105 1.206 1.302 1.392 1.472 1.544 1.604 1.653 1.690 1.716 1.730 1.732 1.722 1.700 1.665 1.617 1.555 1.479 1.390 1.288 1.175 1.052 0.925 0.800 0.683 0.576 0.480 0.396 0.323 0.262 0.211
0.004 0.005 0.006 0.006 0.006 0.006 0.006 0.007 0.007 0.007 0.007 0.008 0.009 0.012 0.018 0.026 0.034 0.043 0.053 0.064 0.076 0.089 0.104 0.120 0.136 0.154 0.173 0.193 0.214 0.235 0.257 0.279 0.300 0.320 0.340 0.360 0.383 0.408 0.435 0.464 0.496 0.529 0.563 0.597 0.629 0.658 0.684 0.708 0.730 0.746 0.755 0.757 0.749 0.732 0.705 0.670 0.628 0.582 0.533 0.484 0.437 0.394 0.355 0.323 0.298 0.281 0.270 0.266 0.265 0.265 0.263 0.257 0.246 0.231 0.212 0.190 0.166
0.004 0.005 0.006 0.006 0.006 0.006 0.006 0.007 0.007 0.007 0.007 0.007 0.008 0.009 0.013 0.019 0.026 0.034 0.043 0.053 0.064 0.077 0.090 0.105 0.120 0.137 0.155 0.173 0.192 0.213 0.236 0.261 0.289 0.321 0.356 0.391 0.426 0.463 0.502 0.547 0.600 0.662 0.733 0.813 0.900 0.991 1.082 1.170 1.253 1.329 1.397 1.457 1.512 1.561 1.607 1.649 1.689 1.727 1.760 1.788 1.807 1.816 1.811 1.790 1.751 1.693 1.615 1.516 1.396 1.258 1.105 0.943 0.781 0.628 0.491 0.375 0.280
0.005 0.006 0.006 0.006 0.007 0.007 0.007 0.007 0.007 0.007 0.007 0.007 0.008 0.008 0.009 0.013 0.017 0.022 0.025 0.029 0.032 0.034 0.036 0.037 0.037 0.036 0.035 0.033 0.030 0.028 0.027 0.026 0.026 0.025 0.025 0.027 0.031 0.039 0.052 0.068 0.086 0.105 0.123 0.141 0.157 0.171 0.184 0.197 0.209 0.220 0.230 0.239 0.247 0.252 0.254 0.254 0.251 0.246 0.240 0.233 0.225 0.218 0.212 0.205 0.198 0.190 0.179 0.167 0.152 0.136 0.118 0.101 0.084 0.070 0.060 0.054 0.051
0.005 0.006 0.007 0.007 0.007 0.007 0.007 0.008 0.008 0.008 0.008 0.009 0.011 0.016 0.024 0.034 0.048 0.066 0.091 0.122 0.162 0.213 0.277 0.357 0.454 0.572 0.709 0.866 1.039 1.226 1.424 1.629 1.839 2.052 2.265 2.475 2.680 2.874 3.055 3.225 3.382 3.530 3.667 3.795 3.913 4.022 4.121 4.209 4.287 4.352 4.405 4.446 4.473 4.487 4.488 4.476 4.451 4.413 4.364 4.303 4.231 4.145 4.048 3.937 3.814 3.677 3.526 3.362 3.184 2.992 2.789 2.577 2.358 2.134 1.906 1.675 1.441
0.002 0.003 0.003 0.003 0.003 0.003 0.004 0.004 0.004 0.004 0.004 0.004 0.004 0.004 0.004 0.004 0.004 0.005 0.005 0.005 0.006 0.007 0.007 0.008 0.008 0.009 0.009 0.009 0.010 0.012 0.014 0.016 0.018 0.018 0.017 0.015 0.014 0.015 0.020 0.027 0.037 0.046 0.055 0.063 0.069 0.076 0.084 0.092 0.101 0.111 0.121 0.131 0.140 0.148 0.153 0.156 0.156 0.152 0.145 0.135 0.122 0.108 0.091 0.075 0.058 0.043 0.029 0.019 0.012 0.009 0.008 0.008 0.009 0.011 0.013 0.015 0.016
0.007 0.015 0.025 0.036 0.050 0.066 0.085 0.108 0.136 0.170 0.211 0.260 0.320 0.392 0.478 0.580 0.701 0.844 1.011 1.203 1.423 1.670 1.944 2.244 2.568 2.909 3.262 3.620 3.976 4.326 4.663 4.987 5.293 5.581 5.850 6.100 6.328 6.536 6.722 6.891 7.046 7.190 7.326 7.458 7.584 7.706 7.822 7.935 8.043 8.146 8.245 8.336 8.420 8.494 8.556 8.604 8.635 8.649 8.642 8.614 8.563 8.487 8.385 8.257 8.103 7.920 7.711 7.473 7.208 6.916 6.597 6.253 5.882 5.484 5.061 4.614 4.145
0.002 0.002 0.002 0.002 0.002 0.002 0.003 0.003 0.003 0.003 0.003 0.003 0.003 0.003 0.004 0.004 0.004 0.004 0.005 0.005 0.005 0.006 0.007 0.007 0.007 0.008 0.008 0.008 0.009 0.010 0.010 0.010 0.009 0.008 0.008 0.008 0.009 0.011 0.018 0.029 0.042 0.055 0.068 0.078 0.086 0.092 0.095 0.097 0.096 0.095 0.092 0.088 0.083 0.078 0.073 0.067 0.062 0.057 0.053 0.049 0.045 0.043 0.040 0.038 0.036 0.034 0.033 0.031 0.029 0.026 0.024 0.021 0.018 0.016 0.014 0.014 0.013
0.005 0.006 0.008 0.012 0.022 0.034 0.051 0.073 0.102 0.139 0.187 0.248 0.324 0.420 0.539 0.683 0.855 1.057 1.289 1.552 1.843 2.160 2.500 2.858 3.230 3.613 4.003 4.397 4.791 5.184 5.574 5.959 6.338 6.711 7.076 7.432 7.780 8.118 8.446 8.763 9.069 9.362 9.643 9.910 10.162 10.399 10.618 10.819 11.000 11.161 11.300 11.417 11.510 11.578 11.623 11.642 11.637 11.607 11.553 11.475 11.373 11.249 11.102 10.933 10.743 10.533 10.303 10.054 9.787 9.501 9.197 8.876 8.537 8.182 7.809 7.418 7.010
