Examples/2023_ISeeSnow/data/CoulombOnly/Results/curv77s/h/1HS_03_curv77s_MoT-Voellmy_h_0047.asc
ncols        192
nrows        29
xllcorner    2712.5
yllcorner    -4322.5
cellsize     5.00
NODATA_value -9999
[rows 0 to 28 of 29, columns 0 to 76 of 192]
0.000 0.000 0.000 0.000 0.000 0.000 0.000 0.000 0.000 0.000 0.000 0.000 0.000 0.000 0.000 0.000 0.000 0.000 0.000 0.000 0.000 0.000 0.000 0.000 0.000 0.000 0.000 0.000 0.000 0.000 0.000 0.000 0.000 0.000 0.000 0.000 0.000 0.000 0.000 0.000 0.000 0.000 0.000 0.000 0.000 0.000 0.000 0.000 0.000 0.000 0.000 0.000 0.000 0.000 0.000 0.000 0.000 0.000 0.000 0.000 0.000 0.000 0.000 0.000 0.000 0.000 0.000 0.000 0.000 0.000 0.000 0.000 0.000 0.000 0.000 0.000 0.000
0.000 0.000 0.000 0.000 0.000 0.000 0.000 0.000 0.000 0.000 0.000 0.000 0.000 0.000 0.000 0.000 0.000 0.000 0.000 0.000 0.000 0.000 0.000 0.000 0.000 0.000 0.000 0.000 0.000 0.000 0.000 0.000 0.000 0.000 0.000 0.000 0.000 0.000 0.000 0.000 0.000 0.000 0.000 0.000 0.000 0.000 0.000 0.000 0.000 0.000 0.000 0.000 0.000 0.000 0.000 0.000 0.000 0.000 0.000 0.000 0.000 0.000 0.000 0.000 0.000 0.000 0.000 0.000 0.000 0.000 0.000 0.000 0.000 0.000 0.000 0.000 0.000
0.000 0.000 0.000 0.000 0.000 0.000 0.000 0.000 0.000 0.000 0.000 0.000 0.000 0.000 0.000 0.000 0.000 0.000 0.000 0.000 0.000 0.000 0.000 0.000 0.000 0.000 0.000 0.000 0.000 0.000 0.000 0.000 0.000 0.000 0.000 0.000 0.000 0.000 0.000 0.000 0.000 0.000 0.000 0.000 0.000 0.000 0.000 0.000 0.000 0.000 0.000 0.000 0.000 0.000 0.000 0.000 0.000 0.000 0.000 0.000 0.000 0.000 0.000 0.000 0.000 0.000 0.000 0.000 0.000 0.000 0.001 0.001 0.001 0.001 0.001 0.001 0.001
0.000 0.000 0.000 0.000 0.000 0.000 0.000 0.000 0.000 0.000 0.000 0.000 0.000 0.000 0.000 0.000 0.000 0.000 0.000 0.000 0.000 0.000 0.000 0.000 0.000 0.000 0.000 0.000 0.000 0.000 0.000 0.000 0.000 0.000 0.000 0.000 0.000 0.000 0.000 0.000 0.000 0.000 0.000 0.000 0.000 0.000 0.000 0.000 0.000 0.000 0.000 0.000 0.000 0.000 0.000 0.000 0.000 0.001 0.001 0.001 0.001 0.001 0.001 0.001 0.001 0.001 0.001 0.002 0.002 0.002 0.002 0.002 0.003 0.003 0.004 0.004 0.005
0.000 0.000 0.000 0.000 0.000 0.000 0.000 0.000 0.000 0.000 0.000 0.000 0.000 0.000 0.000 0.000 0.000 0.000 0.000 0.000 0.000 0.000 0.000 0.000 0.000 0.000 0.000 0.000 0.000 0.000 0.000 0.000 0.000 0.000 0.000 0.000 0.000 0.000 0.000 0.000 0.000 0.000 0.000 0.000 0.000 0.000 0.000 0.000 0.000 0.000 0.001 0.001 0.001 0.001 0.001 0.001 0.001 0.001 0.001 0.001 0.002 0.002 0.002 0.003 0.004 0.004 0.005 0.006 0.007 0.008 0.009 0.010 0.012 0.013 0.016 0.019 0.022
0.000 0.000 0.000 0.000 0.000 0.000 0.000 0.000 0.000 0.000 0.000 0.000 0.000 0.000 0.000 0.000 0.000 0.000 0.000 0.000 0.000 0.000 0.000 0.000 0.000 0.000 0.000 0.000 0.000 0.000 0.000 0.000 0.000 0.000 0.000 0.000 0.000 0.000 0.000 0.000 0.000 0.000 0.000 0.000 0.000 0.000 0.000 0.001 0.001 0.001 0.001 0.002 0.002 0.003 0.003 0.004 0.005 0.005 0.006 0.007 0.008 0.009 0.009 0.010 0.012 0.015 0.018 0.023 0.028 0.034 0.040 0.048 0.057 0.067 0.078 0.090 0.103
0.000 0.000 0.000 0.000 0.000 0.000 0.000 0.000 0.000 0.000 0.000 0.000 0.000 0.000 0.000 0.000 0.000 0.000 0.000 0.000 0.000 0.000 0.000 0.000 0.000 0.000 0.000 0.000 0.000 0.000 0.000 0.000 0.000 0.000 0.000 0.000 0.000 0.000 0.000 0.000 0.001 0.001 0.001 0.002 0.002 0.003 0.003 0.004 0.004 0.005 0.006 0.007 0.007 0.008 0.009 0.010 0.011 0.014 0.018 0.022 0.028 0.035 0.043 0.053 0.064 0.077 0.092 0.108 0.126 0.145 0.166 0.189 0.213 0.238 0.264 0.291 0.319
0.000 0.000 0.000 0.000 0.000 0.000 0.000 0.000 0.000 0.000 0.000 0.000 0.000 0.000 0.000 0.000 0.000 0.000 0.000 0.000 0.000 0.000 0.000 0.000 0.000 0.000 0.000 0.000 0.000 0.000 0.000 0.000 0.000 0.000 0.001 0.001 0.001 0.002 0.002 0.003 0.004 0.004 0.005 0.005 0.006 0.007 0.008 0.008 0.009 0.010 0.013 0.018 0.024 0.031 0.040 0.050 0.063 0.077 0.094 0.113 0.135 0.158 0.184 0.212 0.242 0.274 0.308 0.343 0.379 0.416 0.454 0.493 0.531 0.569 0.607 0.645 0.682
0.000 0.000 0.000 0.000 0.000 0.000 0.000 0.000 0.000 0.000 0.000 0.000 0.000 0.000 0.000 0.000 0.000 0.000 0.000 0.000 0.000 0.000 0.000 0.001 0.001 0.001 0.001 0.001 0.002 0.002 0.002 0.003 0.003 0.003 0.004 0.004 0.005 0.005 0.006 0.006 0.007 0.008 0.009 0.010 0.013 0.019 0.026 0.036 0.048 0.063 0.080 0.101 0.124 0.151 0.181 0.214 0.249 0.287 0.327 0.370 0.413 0.458 0.504 0.551 0.597 0.644 0.690 0.735 0.779 0.822 0.864 0.904 0.942 0.979 1.014 1.048 1.079
0.001 0.001 0.001 0.001 0.001 0.001 0.001 0.001 0.001 0.001 0.001 0.001 0.001 0.001 0.001 0.002 0.002 0.002 0.002 0.002 0.002 0.002 0.002 0.003 0.003 0.003 0.003 0.004 0.004 0.004 0.004 0.005 0.005 0.006 0.006 0.007 0.008 0.009 0.010 0.015 0.022 0.032 0.045 0.061 0.081 0.105 0.134 0.167 0.204 0.245 0.290 0.338 0.389 0.443 0.498 0.554 0.611 0.668 0.724 0.780 0.834 0.887 0.937 0.985 1.030 1.073 1.114 1.151 1.186 1.218 1.248 1.275 1.300 1.322 1.343 1.361 1.378
0.002 0.002 0.002 0.002 0.002 0.002 0.002 0.003 0.003 0.003 0.003 0.003 0.003 0.003 0.003 0.003 0.003 0.004 0.004 0.004 0.004 0.004 0.004 0.004 0.005 0.005 0.005 0.005 0.006 0.006 0.007 0.008 0.009 0.011 0.016 0.025 0.036 0.051 0.070 0.094 0.121 0.154 0.191 0.232 0.277 0.326 0.377 0.432 0.489 0.548 0.609 0.672 0.736 0.801 0.867 0.935 1.003 1.072 1.141 1.211 1.281 1.350 1.419 1.486 1.553 1.618 1.681 1.741 1.800 1.856 1.909 1.960 2.008 2.053 2.095 2.135 2.171
0.003 0.004 0.004 0.004 0.004 0.004 0.004 0.004 0.004 0.005 0.005 0.005 0.005 0.005 0.005 0.005 0.005 0.005 0.006 0.006 0.006 0.006 0.006 0.007 0.007 0.008 0.009 0.014 0.021 0.032 0.046 0.063 0.083 0.106 0.132 0.161 0.191 0.223 0.255 0.287 0.318 0.349 0.378 0.405 0.432 0.458 0.483 0.508 0.534 0.561 0.590 0.621 0.654 0.689 0.726 0.765 0.806 0.848 0.891 0.934 0.977 1.021 1.063 1.104 1.144 1.182 1.218 1.252 1.284 1.314 1.341 1.365 1.387 1.407 1.424 1.439 1.452
0.005 0.005 0.006 0.006 0.006 0.006 0.006 0.006 0.007 0.007 0.007 0.007 0.007 0.007 0.007 0.008 0.008 0.009 0.014 0.022 0.032 0.047 0.065 0.089 0.118 0.153 0.194 0.242 0.296 0.357 0.425 0.500 0.581 0.668 0.761 0.859 0.961 1.068 1.177 1.289 1.403 1.516 1.629 1.740 1.848 1.951 2.049 2.140 2.224 2.299 2.366 2.425 2.475 2.518 2.553 2.583 2.607 2.627 2.644 2.659 2.673 2.686 2.699 2.713 2.729 2.745 2.762 2.781 2.801 2.822 2.844 2.867 2.890 2.913 2.935 2.958 2.980
0.005 0.006 0.007 0.007 0.007 0.007 0.007 0.008 0.008 0.008 0.008 0.008 0.010 0.014 0.020 0.026 0.034 0.042 0.052 0.062 0.074 0.086 0.098 0.111 0.124 0.137 0.150 0.163 0.175 0.188 0.200 0.212 0.225 0.238 0.251 0.265 0.281 0.297 0.316 0.337 0.361 0.387 0.417 0.450 0.487 0.527 0.571 0.618 0.668 0.721 0.776 0.832 0.889 0.945 1.000 1.053 1.104 1.151 1.194 1.232 1.266 1.295 1.319 1.338 1.353 1.363 1.370 1.373 1.373 1.371 1.366 1.359 1.351 1.341 1.331 1.319 1.306
0.008 0.015 0.023 0.031 0.039 0.047 0.056 0.066 0.078 0.091 0.107 0.124 0.145 0.168 0.194 0.223 0.255 0.291 0.331 0.374 0.420 0.471 0.524 0.581 0.642 0.705 0.771 0.840 0.912 0.986 1.062 1.140 1.220 1.301 1.384 1.468 1.553 1.639 1.725 1.812 1.898 1.985 2.072 2.158 2.244 2.329 2.413 2.496 2.577 2.658 2.736 2.813 2.889 2.962 3.034 3.103 3.171 3.236 3.299 3.360 3.419 3.475 3.529 3.581 3.631 3.678 3.724 3.767 3.807 3.846 3.883 3.917 3.950 3.980 4.009 4.035 4.060
0.005 0.006 0.007 0.007 0.007 0.007 0.007 0.008 0.008 0.008 0.008 0.008 0.010 0.014 0.020 0.026 0.034 0.042 0.052 0.062 0.074 0.086 0.098 0.111 0.124 0.137 0.150 0.163 0.175 0.188 0.200 0.212 0.225 0.238 0.251 0.265 0.281 0.297 0.316 0.337 0.361 0.387 0.417 0.450 0.487 0.527 0.571 0.618 0.668 0.721 0.776 0.832 0.889 0.945 1.000 1.053 1.104 1.151 1.194 1.232 1.266 1.295 1.319 1.338 1.353 1.363 1.370 1.373 1.373 1.370 1.366 1.359 1.351 1.341 1.330 1.318 1.306
0.005 0.005 0.006 0.006 0.006 0.006 0.006 0.006 0.007 0.007 0.007 0.007 0.007 0.007 0.007 0.008 0.008 0.009 0.014 0.021 0.032 0.047 0.065 0.089 0.118 0.153 0.194 0.242 0.296 0.357 0.425 0.500 0.581 0.668 0.761 0.859 0.961 1.068 1.177 1.289 1.403 1.516 1.629 1.740 1.848 1.952 2.049 2.140 2.224 2.300 2.367 2.425 2.476 2.518 2.554 2.583 2.607 2.627 2.644 2.659 2.673 2.686 2.700 2.714 2.729 2.745 2.763 2.782 2.802 2.823 2.845 2.867 2.890 2.913 2.936 2.958 2.980
0.003 0.004 0.004 0.004 0.004 0.004 0.004 0.004 0.004 0.005 0.005 0.005 0.005 0.005 0.005 0.005 0.005 0.005 0.006 0.006 0.006 0.006 0.006 0.007 0.007 0.008 0.009 0.014 0.021 0.032 0.046 0.063 0.083 0.106 0.132 0.161 0.191 0.223 0.255 0.287 0.318 0.349 0.378 0.405 0.432 0.458 0.483 0.508 0.534 0.562 0.590 0.621 0.654 0.689 0.726 0.765 0.806 0.848 0.891 0.934 0.978 1.021 1.063 1.104 1.144 1.182 1.219 1.253 1.285 1.314 1.341 1.365 1.387 1.407 1.424 1.439 1.452
0.002 0.002 0.002 0.002 0.002 0.002 0.002 0.003 0.003 0.003 0.003 0.003 0.003 0.003 0.003 0.003 0.003 0.004 0.004 0.004 0.004 0.004 0.004 0.004 0.005 0.005 0.005 0.005 0.006 0.006 0.007 0.008 0.009 0.011 0.016 0.025 0.036 0.051 0.070 0.094 0.121 0.154 0.191 0.232 0.277 0.325 0.377 0.432 0.489 0.548 0.609 0.672 0.736 0.801 0.867 0.935 1.003 1.072 1.141 1.211 1.281 1.350 1.419 1.487 1.553 1.618 1.681 1.742 1.800 1.856 1.910 1.960 2.008 2.053 2.096 2.135 2.171
0.001 0.001 0.001 0.001 0.001 0.001 0.001 0.001 0.001 0.001 0.001 0.001 0.001 0.001 0.001 0.002 0.002 0.002 0.002 0.002 0.002 0.002 0.002 0.003 0.003 0.003 0.003 0.004 0.004 0.004 0.004 0.005 0.005 0.006 0.006 0.007 0.008 0.009 0.010 0.015 0.022 0.032 0.045 0.061 0.081 0.105 0.134 0.167 0.204 0.245 0.290 0.338 0.389 0.443 0.498 0.554 0.611 0.668 0.724 0.780 0.834 0.887 0.937 0.985 1.031 1.074 1.114 1.151 1.186 1.218 1.248 1.275 1.300 1.323 1.343 1.362 1.378
0.000 0.000 0.000 0.000 0.000 0.000 0.000 0.000 0.000 0.000 0.000 0.000 0.000 0.000 0.000 0.000 0.000 0.000 0.000 0.000 0.000 0.000 0.000 0.001 0.001 0.001 0.001 0.001 0.002 0.002 0.002 0.003 0.003 0.003 0.004 0.004 0.005 0.005 0.006 0.006 0.007 0.008 0.009 0.010 0.013 0.019 0.026 0.036 0.048 0.062 0.080 0.101 0.124 0.151 0.181 0.213 0.249 0.287 0.327 0.369 0.413 0.458 0.504 0.551 0.597 0.644 0.690 0.735 0.779 0.822 0.864 0.904 0.942 0.979 1.014 1.048 1.079
0.000 0.000 0.000 0.000 0.000 0.000 0.000 0.000 0.000 0.000 0.000 0.000 0.000 0.000 0.000 0.000 0.000 0.000 0.000 0.000 0.000 0.000 0.000 0.000 0.000 0.000 0.000 0.000 0.000 0.000 0.000 0.000 0.000 0.000 0.001 0.001 0.001 0.002 0.002 0.003 0.004 0.004 0.005 0.005 0.006 0.007 0.008 0.008 0.009 0.010 0.013 0.018 0.024 0.031 0.040 0.050 0.063 0.077 0.094 0.113 0.135 0.158 0.184 0.212 0.242 0.274 0.308 0.343 0.379 0.416 0.454 0.492 0.531 0.569 0.607 0.645 0.681
0.000 0.000 0.000 0.000 0.000 0.000 0.000 0.000 0.000 0.000 0.000 0.000 0.000 0.000 0.000 0.000 0.000 0.000 0.000 0.000 0.000 0.000 0.000 0.000 0.000 0.000 0.000 0.000 0.000 0.000 0.000 0.000 0.000 0.000 0.000 0.000 0.000 0.000 0.000 0.000 0.001 0.001 0.001 0.002 0.002 0.003 0.003 0.004 0.004 0.005 0.006 0.007 0.007 0.008 0.009 0.010 0.011 0.014 0.017 0.022 0.028 0.035 0.043 0.053 0.064 0.077 0.092 0.108 0.125 0.145 0.166 0.188 0.212 0.238 0.264 0.291 0.319
0.000 0.000 0.000 0.000 0.000 0.000 0.000 0.000 0.000 0.000 0.000 0.000 0.000 0.000 0.000 0.000 0.000 0.000 0.000 0.000 0.000 0.000 0.000 0.000 0.000 0.000 0.000 0.000 0.000 0.000 0.000 0.000 0.000 0.000 0.000 0.000 0.000 0.000 0.000 0.000 0.000 0.000 0.000 0.000 0.000 0.000 0.000 0.001 0.001 0.001 0.001 0.002 0.002 0.003 0.003 0.004 0.005 0.005 0.006 0.007 0.008 0.009 0.009 0.010 0.012 0.015 0.018 0.023 0.028 0.034 0.040 0.048 0.057 0.067 0.078 0.089 0.102
0.000 0.000 0.000 0.000 0.000 0.000 0.000 0.000 0.000 0.000 0.000 0.000 0.000 0.000 0.000 0.000 0.000 0.000 0.000 0.000 0.000 0.000 0.000 0.000 0.000 0.000 0.000 0.000 0.000 0.000 0.000 0.000 0.000 0.000 0.000 0.000 0.000 0.000 0.000 0.000 0.000 0.000 0.000 0.000 0.000 0.000 0.000 0.000 0.000 0.000 0.001 0.001 0.001 0.001 0.001 0.001 0.001 0.001 0.001 0.001 0.002 0.002 0.002 0.003 0.004 0.004 0.005 0.006 0.007 0.008 0.009 0.010 0.011 0.013 0.016 0.019 0.022
0.000 0.000 0.000 0.000 0.000 0.000 0.000 0.000 0.000 0.000 0.000 0.000 0.000 0.000 0.000 0.000 0.000 0.000 0.000 0.000 0.000 0.000 0.000 0.000 0.000 0.000 0.000 0.000 0.000 0.000 0.000 0.000 0.000 0.000 0.000 0.000 0.000 0.000 0.000 0.000 0.000 0.000 0.000 0.000 0.000 0.000 0.000 0.000 0.000 0.000 0.000 0.000 0.000 0.000 0.000 0.000 0.000 0.001 0.001 0.001 0.001 0.001 0.001 0.001 0.001 0.001 0.001 0.002 0.002 0.002 0.002 0.002 0.003 0.003 0.004 0.004 0.005
0.000 0.000 0.000 0.000 0.000 0.000 0.000 0.000 0.000 0.000 0.000 0.000 0.000 0.000 0.000 0.000 0.000 0.000 0.000 0.000 0.000 0.000 0.000 0.000 0.000 0.000 0.000 0.000 0.000 0.000 0.000 0.000 0.000 0.000 0.000 0.000 0.000 0.000 0.000 0.000 0.000 0.000 0.000 0.000 0.000 0.000 0.000 0.000 0.000 0.000 0.000 0.000 0.000 0.000 0.000 0.000 0.000 0.000 0.000 0.000 0.000 0.000 0.000 0.000 0.000 0.000 0.000 0.000 0.000 0.000 0.001 0.001 0.001 0.001 0.001 0.001 0.001
0.000 0.000 0.000 0.000 0.000 0.000 0.000 0.000 0.000 0.000 0.000 0.000 0.000 0.000 0.000 0.000 0.000 0.000 0.000 0.000 0.000 0.000 0.000 0.000 0.000 0.000 0.000 0.000 0.000 0.000 0.000 0.000 0.000 0.000 0.000 0.000 0.000 0.000 0.000 0.000 0.000 0.000 0.000 0.000 0.000 0.000 0.000 0.000 0.000 0.000 0.000 0.000 0.000 0.000 0.000 0.000 0.000 0.000 0.000 0.000 0.000 0.000 0.000 0.000 0.000 0.000 0.000 0.000 0.000 0.000 0.000 0.000 0.000 0.000 0.000 0.000 0.000
0.000 0.000 0.000 0.000 0.000 0.000 0.000 0.000 0.000 0.000 0.000 0.000 0.000 0.000 0.000 0.000 0.000 0.000 0.000 0.000 0.000 0.000 0.000 0.000 0.000 0.000 0.000 0.000 0.000 0.000 0.000 0.000 0.000 0.000 0.000 0.000 0.000 0.000 0.000 0.000 0.000 0.000 0.000 0.000 0.000 0.000 0.000 0.000 0.000 0.000 0.000 0.000 0.000 0.000 0.000 0.000 0.000 0.000 0.000 0.000 0.000 0.000 0.000 0.000 0.000 0.000 0.000 0.000 0.000 0.000 0.000 0.000 0.000 0.000 0.000 0.000 0.000
