Examples/2023_ISeeSnow/data/CoulombOnly/Results/curv77s/h/1HS_03_curv77s_MoT-Voellmy_h_0029.asc
ncols        137
nrows        17
xllcorner    1642.5
yllcorner    -4292.5
cellsize     5.00
NODATA_value -9999
0.002 0.002 0.002 0.002 0.002 0.002 0.002 0.002 0.002 0.002 0.002 0.002 0.002 0.002 0.002 0.002 0.002 0.002 0.002 0.002 0.002 0.002 0.002 0.002 0.002 0.002 0.002 0.002 0.002 0.002 0.002 0.002 0.002 0.001 0.001 0.001 0.001 0.001 0.001 0.002 0.003 0.004 0.004 0.000 0.000 0.000 0.000 0.000 0.000 0.000 0.000 0.000 0.000 0.000 0.000 0.000 0.000 0.000 0.000 0.000 0.000 0.000 0.000 0.000 0.000 0.000 0.000 0.000 0.000 0.000 0.000 0.000 0.000 0.000 0.000 0.000 0.000 0.000 0.000 0.000 0.000 0.000 0.000 0.000 0.000 0.000 0.000 0.000 0.000 0.000 0.000 0.000 0.000 0.000 0.000 0.000 0.000 0.000 0.000 0.000 0.000 0.000 0.000 0.000 0.000 0.000 0.000 0.000 0.000 0.000 0.000 0.000 0.000 0.000 0.000 0.000 0.000 0.000 0.000 0.000 0.000 0.000 0.000 0.000 0.000 0.000 0.000 0.000 0.000 0.000 0.000 0.000 0.000 0.000 0.000 0.000 0.000
0.003 0.004 0.004 0.004 0.004 0.004 0.004 0.004 0.005 0.005 0.005 0.005 0.005 0.005 0.005 0.005 0.005 0.005 0.005 0.006 0.006 0.006 0.006 0.006 0.006 0.006 0.006 0.007 0.007 0.007 0.006 0.006 0.006 0.006 0.006 0.005 0.005 0.004 0.004 0.004 0.004 0.003 0.002 0.002 0.002 0.002 0.003 0.004 0.005 0.003 0.000 0.000 0.000 0.000 0.000 0.000 0.000 0.000 0.001 0.003 0.005 0.009 0.012 0.017 0.024 0.031 0.039 0.047 0.055 0.062 0.069 0.074 0.077 0.079 0.079 0.077 0.072 0.066 0.058 0.049 0.039 0.030 0.022 0.016 0.012 0.009 0.002 0.000 0.000 0.000 0.000 0.000 0.000 0.000 0.000 0.000 0.000 0.000 0.000 0.000 0.000 0.000 0.000 0.000 0.000 0.000 0.000 0.000 0.000 0.000 0.000 0.000 0.000 0.000 0.000 0.000 0.000 0.000 0.000 0.000 0.000 0.000 0.000 0.000 0.000 0.000 0.000 0.000 0.000 0.000 0.000 0.000 0.000 0.000 0.000 0.000 0.000
0.003 0.005 0.005 0.005 0.006 0.006 0.006 0.006 0.006 0.006 0.006 0.006 0.007 0.007 0.007 0.008 0.008 0.010 0.012 0.013 0.014 0.016 0.017 0.018 0.019 0.020 0.021 0.022 0.022 0.022 0.022 0.022 0.021 0.021 0.020 0.019 0.018 0.017 0.016 0.014 0.013 0.012 0.011 0.010 0.009 0.008 0.007 0.006 0.006 0.004 0.003 0.003 0.002 0.002 0.003 0.006 0.013 0.029 0.054 0.088 0.130 0.178 0.232 0.289 0.347 0.405 0.462 0.515 0.564 0.609 0.647 0.680 0.706 0.726 0.741 0.749 0.752 0.750 0.743 0.731 0.714 0.690 0.657 0.618 0.574 0.525 0.473 0.420 0.367 0.314 0.263 0.213 0.168 0.127 0.093 0.068 0.048 0.034 0.024 0.017 0.012 0.010 0.005 0.000 0.000 0.000 0.000 0.000 0.000 0.000 0.000 0.000 0.000 0.000 0.000 0.000 0.000 0.000 0.000 0.000 0.000 0.000 0.000 0.000 0.000 0.000 0.000 0.000 0.000 0.000 0.000 0.000 0.000 0.000 0.000 0.000 0.000
0.004 0.005 0.006 0.006 0.006 0.007 0.007 0.007 0.007 0.007 0.008 0.009 0.011 0.014 0.018 0.022 0.026 0.031 0.036 0.040 0.045 0.050 0.055 0.060 0.064 0.068 0.072 0.075 0.078 0.080 0.081 0.082 0.083 0.082 0.081 0.080 0.078 0.076 0.073 0.070 0.067 0.064 0.061 0.057 0.054 0.050 0.047 0.044 0.042 0.039 0.040 0.062 0.113 0.195 0.308 0.446 0.597 0.754 0.910 1.061 1.202 1.332 1.448 1.550 1.639 1.714 1.777 1.828 1.868 1.898 1.918 1.930 1.932 1.926 1.911 1.888 1.857 1.817 1.770 1.716 1.655 1.590 1.522 1.452 1.379 1.305 1.231 1.157 1.085 1.020 0.960 0.903 0.849 0.792 0.728 0.658 0.583 0.508 0.433 0.363 0.297 0.238 0.186 0.143 0.107 0.079 0.056 0.040 0.028 0.019 0.013 0.010 0.005 0.000 0.000 0.000 0.000 0.000 0.000 0.000 0.000 0.000 0.000 0.000 0.000 0.000 0.000 0.000 0.000 0.000 0.000 0.000 0.000 0.000 0.000 0.000 0.000
0.004 0.005 0.006 0.006 0.007 0.007 0.008 0.008 0.009 0.013 0.017 0.023 0.030 0.038 0.047 0.057 0.069 0.081 0.094 0.107 0.122 0.136 0.152 0.167 0.183 0.198 0.214 0.229 0.243 0.258 0.271 0.285 0.297 0.310 0.322 0.334 0.346 0.358 0.372 0.386 0.403 0.422 0.444 0.473 0.520 0.611 0.752 0.943 1.180 1.458 1.768 2.067 2.333 2.557 2.733 2.864 2.955 3.012 3.041 3.046 3.034 3.007 2.971 2.927 2.879 2.827 2.774 2.721 2.670 2.620 2.574 2.532 2.496 2.466 2.443 2.427 2.418 2.415 2.419 2.428 2.441 2.456 2.473 2.490 2.504 2.515 2.520 2.518 2.505 2.473 2.422 2.355 2.276 2.188 2.095 1.997 1.895 1.788 1.675 1.556 1.430 1.299 1.164 1.027 0.891 0.757 0.630 0.511 0.404 0.309 0.230 0.165 0.116 0.079 0.053 0.035 0.023 0.015 0.011 0.006 0.000 0.000 0.000 0.000 0.000 0.000 0.000 0.000 0.000 0.000 0.000 0.000 0.000 0.000 0.000 0.000 0.000
0.004 0.005 0.006 0.007 0.007 0.008 0.010 0.014 0.021 0.029 0.040 0.053 0.068 0.085 0.105 0.128 0.153 0.182 0.213 0.247 0.284 0.324 0.367 0.413 0.462 0.515 0.570 0.630 0.693 0.760 0.833 0.911 0.996 1.088 1.190 1.303 1.428 1.569 1.743 1.956 2.208 2.497 2.816 3.160 3.497 3.777 3.983 4.116 4.181 4.183 4.134 4.060 3.978 3.896 3.819 3.752 3.694 3.646 3.607 3.576 3.550 3.529 3.510 3.493 3.476 3.459 3.441 3.421 3.399 3.374 3.346 3.313 3.276 3.233 3.185 3.131 3.070 3.002 2.929 2.849 2.764 2.673 2.578 2.477 2.372 2.262 2.146 2.027 1.904 1.781 1.659 1.536 1.414 1.294 1.179 1.078 0.992 0.921 0.864 0.818 0.781 0.751 0.726 0.701 0.677 0.651 0.621 0.586 0.546 0.500 0.450 0.394 0.334 0.275 0.219 0.170 0.128 0.094 0.067 0.047 0.032 0.022 0.015 0.011 0.005 0.000 0.000 0.000 0.000 0.000 0.000 0.000 0.000 0.000 0.000 0.000 0.000
0.004 0.006 0.007 0.007 0.009 0.012 0.020 0.030 0.043 0.059 0.079 0.103 0.133 0.167 0.208 0.255 0.310 0.372 0.443 0.523 0.613 0.714 0.826 0.951 1.088 1.240 1.405 1.586 1.783 2.000 2.239 2.500 2.779 3.072 3.376 3.686 3.996 4.299 4.560 4.762 4.906 5.001 5.050 5.059 5.040 5.019 5.003 4.992 4.987 4.987 4.991 4.995 4.998 4.998 4.994 4.984 4.969 4.948 4.920 4.886 4.847 4.802 4.751 4.696 4.637 4.574 4.507 4.437 4.363 4.286 4.206 4.123 4.038 3.952 3.866 3.781 3.699 3.621 3.549 3.483 3.424 3.373 3.329 3.293 3.265 3.243 3.229 3.220 3.218 3.220 3.227 3.237 3.248 3.256 3.252 3.223 3.165 3.082 2.978 2.856 2.723 2.580 2.432 2.281 2.129 1.978 1.829 1.682 1.539 1.399 1.263 1.131 1.005 0.884 0.767 0.656 0.551 0.454 0.367 0.290 0.224 0.169 0.124 0.089 0.062 0.043 0.029 0.019 0.013 0.009 0.002 0.000 0.000 0.000 0.000 0.000 0.000
0.004 0.006 0.007 0.009 0.016 0.026 0.040 0.059 0.083 0.115 0.155 0.204 0.266 0.340 0.430 0.537 0.662 0.809 0.976 1.167 1.380 1.615 1.871 2.146 2.437 2.741 3.052 3.367 3.679 3.975 4.245 4.485 4.695 4.875 5.026 5.147 5.242 5.312 5.373 5.433 5.489 5.531 5.556 5.569 5.578 5.586 5.597 5.611 5.624 5.633 5.635 5.629 5.614 5.591 5.558 5.517 5.469 5.413 5.352 5.285 5.215 5.142 5.065 4.986 4.906 4.823 4.739 4.654 4.567 4.480 4.392 4.304 4.214 4.123 4.030 3.935 3.836 3.733 3.625 3.511 3.390 3.264 3.132 2.995 2.854 2.710 2.565 2.419 2.274 2.130 1.989 1.852 1.718 1.590 1.471 1.366 1.277 1.201 1.136 1.078 1.025 0.974 0.925 0.876 0.825 0.774 0.721 0.668 0.614 0.560 0.508 0.457 0.410 0.365 0.324 0.287 0.253 0.222 0.194 0.168 0.144 0.122 0.102 0.084 0.068 0.054 0.042 0.031 0.023 0.017 0.012 0.007 0.001 0.000 0.000 0.000 0.000
0.006 0.013 0.026 0.045 0.072 0.110 0.161 0.226 0.309 0.411 0.535 0.680 0.848 1.039 1.249 1.478 1.722 1.976 2.235 2.494 2.748 2.991 3.219 3.428 3.616 3.781 3.922 4.040 4.138 4.226 4.312 4.397 4.482 4.565 4.647 4.727 4.805 4.882 4.957 5.032 5.110 5.196 5.293 5.391 5.483 5.562 5.624 5.669 5.700 5.722 5.738 5.748 5.755 5.758 5.759 5.757 5.752 5.743 5.731 5.714 5.693 5.666 5.635 5.597 5.555 5.507 5.453 5.395 5.333 5.267 5.197 5.126 5.052 4.977 4.901 4.826 4.751 4.677 4.604 4.533 4.464 4.396 4.330 4.265 4.202 4.140 4.078 4.016 3.954 3.891 3.828 3.763 3.696 3.627 3.556 3.481 3.404 3.323 3.239 3.150 3.058 2.961 2.860 2.755 2.646 2.533 2.416 2.296 2.172 2.046 1.917 1.786 1.654 1.522 1.390 1.259 1.131 1.007 0.887 0.773 0.667 0.568 0.478 0.397 0.326 0.264 0.211 0.166 0.129 0.098 0.074 0.054 0.040 0.028 0.020 0.014 0.010
0.004 0.006 0.007 0.009 0.016 0.026 0.040 0.059 0.083 0.115 0.155 0.204 0.265 0.340 0.430 0.537 0.662 0.808 0.976 1.167 1.380 1.615 1.871 2.146 2.437 2.741 3.052 3.367 3.679 3.975 4.245 4.485 4.695 4.875 5.026 5.147 5.241 5.311 5.372 5.433 5.488 5.530 5.555 5.569 5.578 5.586 5.597 5.611 5.624 5.632 5.634 5.629 5.614 5.591 5.558 5.517 5.468 5.413 5.351 5.285 5.215 5.141 5.065 4.986 4.905 4.823 4.739 4.653 4.567 4.480 4.392 4.303 4.214 4.123 4.030 3.935 3.836 3.733 3.625 3.510 3.390 3.264 3.132 2.995 2.854 2.710 2.564 2.418 2.273 2.130 1.989 1.851 1.718 1.590 1.470 1.366 1.277 1.201 1.136 1.078 1.025 0.974 0.925 0.876 0.826 0.774 0.721 0.668 0.614 0.560 0.508 0.457 0.410 0.365 0.324 0.287 0.253 0.222 0.194 0.168 0.144 0.122 0.102 0.084 0.068 0.054 0.042 0.031 0.023 0.017 0.012 0.007 0.001 0.000 0.000 0.000 0.000
0.004 0.006 0.007 0.007 0.009 0.012 0.020 0.030 0.043 0.059 0.079 0.103 0.133 0.167 0.208 0.255 0.310 0.372 0.443 0.523 0.613 0.714 0.826 0.950 1.088 1.239 1.405 1.586 1.782 1.999 2.239 2.499 2.778 3.072 3.376 3.686 3.996 4.299 4.560 4.762 4.907 5.001 5.050 5.059 5.040 5.019 5.002 4.991 4.986 4.987 4.990 4.994 4.997 4.997 4.993 4.984 4.969 4.947 4.920 4.886 4.847 4.802 4.752 4.697 4.638 4.575 4.508 4.438 4.364 4.287 4.207 4.124 4.039 3.953 3.867 3.782 3.700 3.622 3.550 3.484 3.425 3.374 3.330 3.294 3.266 3.244 3.230 3.221 3.219 3.221 3.228 3.238 3.248 3.256 3.252 3.223 3.165 3.082 2.978 2.856 2.723 2.580 2.432 2.281 2.129 1.978 1.829 1.683 1.539 1.399 1.263 1.132 1.005 0.884 0.767 0.656 0.551 0.454 0.367 0.290 0.224 0.169 0.124 0.089 0.062 0.043 0.029 0.019 0.013 0.009 0.002 0.000 0.000 0.000 0.000 0.000 0.000
0.004 0.005 0.006 0.007 0.007 0.008 0.010 0.014 0.021 0.029 0.040 0.053 0.068 0.085 0.105 0.128 0.153 0.182 0.213 0.247 0.284 0.324 0.367 0.413 0.462 0.514 0.570 0.629 0.693 0.760 0.833 0.911 0.996 1.088 1.190 1.302 1.428 1.569 1.742 1.955 2.208 2.496 2.816 3.160 3.497 3.777 3.983 4.117 4.181 4.183 4.134 4.060 3.978 3.896 3.819 3.751 3.694 3.646 3.607 3.575 3.549 3.528 3.509 3.492 3.475 3.458 3.440 3.420 3.398 3.373 3.344 3.312 3.274 3.232 3.184 3.129 3.068 3.001 2.927 2.848 2.763 2.672 2.577 2.476 2.371 2.261 2.146 2.027 1.903 1.781 1.659 1.536 1.414 1.294 1.179 1.078 0.992 0.922 0.864 0.818 0.782 0.751 0.726 0.702 0.677 0.651 0.621 0.586 0.546 0.501 0.450 0.394 0.334 0.275 0.219 0.170 0.128 0.094 0.067 0.047 0.032 0.022 0.015 0.011 0.005 0.000 0.000 0.000 0.000 0.000 0.000 0.000 0.000 0.000 0.000 0.000 0.000
0.004 0.005 0.006 0.006 0.007 0.007 0.008 0.008 0.009 0.013 0.017 0.023 0.030 0.038 0.047 0.057 0.069 0.081 0.094 0.107 0.122 0.136 0.152 0.167 0.183 0.198 0.214 0.229 0.244 0.258 0.272 0.285 0.298 0.310 0.322 0.334 0.346 0.359 0.372 0.386 0.403 0.422 0.444 0.473 0.520 0.611 0.752 0.942 1.179 1.458 1.768 2.067 2.333 2.557 2.733 2.864 2.955 3.013 3.041 3.046 3.034 3.007 2.971 2.927 2.879 2.827 2.774 2.721 2.670 2.620 2.574 2.532 2.496 2.466 2.443 2.427 2.418 2.415 2.419 2.428 2.440 2.456 2.473 2.489 2.503 2.514 2.519 2.517 2.504 2.472 2.422 2.355 2.276 2.188 2.094 1.997 1.895 1.788 1.675 1.556 1.430 1.299 1.164 1.027 0.891 0.757 0.630 0.511 0.404 0.309 0.230 0.165 0.116 0.079 0.053 0.035 0.023 0.015 0.011 0.006 0.000 0.000 0.000 0.000 0.000 0.000 0.000 0.000 0.000 0.000 0.000 0.000 0.000 0.000 0.000 0.000 0.000
0.004 0.005 0.006 0.006 0.006 0.007 0.007 0.007 0.007 0.007 0.008 0.009 0.011 0.014 0.018 0.022 0.026 0.031 0.036 0.040 0.045 0.050 0.055 0.060 0.064 0.068 0.072 0.075 0.078 0.080 0.082 0.082 0.083 0.082 0.081 0.080 0.078 0.076 0.073 0.070 0.067 0.064 0.061 0.057 0.054 0.051 0.047 0.045 0.042 0.039 0.040 0.062 0.113 0.195 0.308 0.446 0.597 0.754 0.910 1.061 1.202 1.332 1.448 1.550 1.639 1.714 1.777 1.828 1.868 1.898 1.918 1.930 1.932 1.926 1.911 1.888 1.857 1.817 1.770 1.716 1.656 1.590 1.522 1.452 1.379 1.306 1.231 1.157 1.086 1.020 0.960 0.904 0.849 0.792 0.729 0.658 0.584 0.508 0.433 0.363 0.297 0.238 0.186 0.143 0.107 0.079 0.056 0.040 0.028 0.019 0.013 0.010 0.005 0.000 0.000 0.000 0.000 0.000 0.000 0.000 0.000 0.000 0.000 0.000 0.000 0.000 0.000 0.000 0.000 0.000 0.000 0.000 0.000 0.000 0.000 0.000 0.000
0.003 0.005 0.005 0.005 0.006 0.006 0.006 0.006 0.006 0.006 0.006 0.006 0.007 0.007 0.007 0.008 0.008 0.010 0.012 0.013 0.014 0.016 0.017 0.018 0.019 0.020 0.021 0.022 0.022 0.022 0.022 0.022 0.021 0.021 0.020 0.019 0.018 0.017 0.016 0.014 0.013 0.012 0.011 0.010 0.009 0.008 0.007 0.006 0.006 0.004 0.003 0.003 0.002 0.002 0.003 0.006 0.013 0.029 0.054 0.088 0.130 0.178 0.232 0.289 0.347 0.406 0.462 0.515 0.565 0.609 0.647 0.680 0.706 0.726 0.741 0.749 0.752 0.750 0.743 0.731 0.714 0.690 0.658 0.619 0.574 0.525 0.473 0.420 0.367 0.314 0.263 0.213 0.168 0.127 0.094 0.068 0.049 0.034 0.024 0.017 0.012 0.010 0.005 0.000 0.000 0.000 0.000 0.000 0.000 0.000 0.000 0.000 0.000 0.000 0.000 0.000 0.000 0.000 0.000 0.000 0.000 0.000 0.000 0.000 0.000 0.000 0.000 0.000 0.000 0.000 0.000 0.000 0.000 0.000 0.000 0.000 0.000
0.003 0.004 0.004 0.004 0.004 0.004 0.004 0.004 0.005 0.005 0.005 0.005 0.005 0.005 0.005 0.005 0.005 0.005 0.005 0.006 0.006 0.006 0.006 0.006 0.006 0.006 0.006 0.007 0.007 0.007 0.006 0.006 0.006 0.006 0.006 0.005 0.005 0.004 0.004 0.004 0.004 0.003 0.002 0.002 0.002 0.002 0.003 0.004 0.005 0.003 0.000 0.000 0.000 0.000 0.000 0.000 0.000 0.000 0.001 0.003 0.005 0.009 0.012 0.017 0.024 0.031 0.039 0.047 0.055 0.062 0.069 0.074 0.077 0.079 0.079 0.077 0.072 0.066 0.058 0.049 0.039 0.030 0.022 0.016 0.012 0.009 0.003 0.000 0.000 0.000 0.000 0.000 0.000 0.000 0.000 0.000 0.000 0.000 0.000 0.000 0.000 0.000 0.000 0.000 0.000 0.000 0.000 0.000 0.000 0.000 0.000 0.000 0.000 0.000 0.000 0.000 0.000 0.000 0.000 0.000 0.000 0.000 0.000 0.000 0.000 0.000 0.000 0.000 0.000 0.000 0.000 0.000 0.000 0.000 0.000 0.000 0.000
0.002 0.002 0.002 0.002 0.002 0.002 0.002 0.002 0.002 0.002 0.002 0.002 0.002 0.002 0.002 0.002 0.002 0.002 0.002 0.002 0.002 0.002 0.002 0.002 0.002 0.002 0.002 0.002 0.002 0.002 0.002 0.002 0.002 0.001 0.001 0.001 0.001 0.001 0.001 0.001 0.003 0.004 0.004 0.000 0.000 0.000 0.000 0.000 0.000 0.000 0.000 0.000 0.000 0.000 0.000 0.000 0.000 0.000 0.000 0.000 0.000 0.000 0.000 0.000 0.000 0.000 0.000 0.000 0.000 0.000 0.000 0.000 0.000 0.000 0.000 0.000 0.000 0.000 0.000 0.000 0.000 0.000 0.000 0.000 0.000 0.000 0.000 0.000 0.000 0.000 0.000 0.000 0.000 0.000 0.000 0.000 0.000 0.000 0.000 0.000 0.000 0.000 0.000 0.000 0.000 0.000 0.000 0.000 0.000 0.000 0.000 0.000 0.000 0.000 0.000 0.000 0.000 0.000 0.000 0.000 0.000 0.000 0.000 0.000 0.000 0.000 0.000 0.000 0.000 0.000 0.000 0.000 0.000 0.000 0.000 0.000 0.000
