Examples/2023_ISeeSnow/data/CoulombOnly/Results/curv77s/h/1HS_03_curv77s_MoT-Voellmy_h_0020.asc
ncols        109
nrows        37
xllcorner    1307.5
yllcorner    -4342.5
cellsize     5.00
NODATA_value -9999
[rows 0 to 33 of 37, columns 0 to 76 of 109]
0.002 0.002 0.002 0.002 0.002 0.002 0.002 0.002 0.002 0.002 0.003 0.003 0.003 0.003 0.003 0.003 0.002 0.002 0.002 0.002 0.002 0.002 0.003 0.003 0.004 0.005 0.006 0.003 0.000 0.000 0.000 0.000 0.000 0.000 0.000 0.000 0.000 0.000 0.000 0.000 0.000 0.000 0.000 0.000 0.000 0.000 0.000 0.000 0.000 0.000 0.000 0.000 0.000 0.000 0.000 0.000 0.000 0.000 0.000 0.000 0.000 0.000 0.000 0.000 0.000 0.000 0.000 0.000 0.000 0.000 0.000 0.000 0.000 0.000 0.000 0.000 0.000
0.003 0.004 0.004 0.005 0.005 0.005 0.005 0.005 0.005 0.005 0.006 0.006 0.006 0.007 0.007 0.008 0.010 0.013 0.015 0.016 0.018 0.019 0.020 0.021 0.021 0.021 0.021 0.019 0.017 0.015 0.013 0.011 0.008 0.007 0.006 0.006 0.006 0.007 0.007 0.003 0.000 0.000 0.000 0.000 0.000 0.000 0.000 0.000 0.000 0.000 0.000 0.000 0.000 0.000 0.000 0.000 0.000 0.000 0.000 0.000 0.000 0.000 0.000 0.000 0.000 0.000 0.000 0.000 0.000 0.000 0.000 0.000 0.000 0.000 0.000 0.000 0.000
0.004 0.005 0.005 0.006 0.006 0.006 0.006 0.007 0.007 0.008 0.010 0.014 0.019 0.024 0.030 0.037 0.045 0.052 0.060 0.067 0.073 0.079 0.083 0.086 0.088 0.089 0.088 0.085 0.081 0.076 0.070 0.063 0.055 0.048 0.041 0.035 0.031 0.026 0.022 0.017 0.011 0.007 0.006 0.006 0.006 0.007 0.007 0.003 0.000 0.000 0.000 0.000 0.000 0.000 0.000 0.000 0.000 0.000 0.000 0.000 0.000 0.000 0.000 0.000 0.000 0.000 0.000 0.000 0.000 0.000 0.000 0.000 0.000 0.000 0.000 0.000 0.000
0.004 0.005 0.006 0.006 0.007 0.007 0.008 0.010 0.014 0.020 0.028 0.038 0.049 0.062 0.075 0.090 0.106 0.122 0.137 0.152 0.166 0.178 0.189 0.197 0.203 0.206 0.206 0.204 0.199 0.192 0.182 0.171 0.158 0.144 0.129 0.115 0.101 0.088 0.076 0.064 0.053 0.042 0.034 0.028 0.023 0.019 0.015 0.009 0.006 0.005 0.005 0.006 0.007 0.005 0.001 0.000 0.000 0.000 0.000 0.000 0.000 0.000 0.000 0.000 0.000 0.000 0.000 0.000 0.000 0.000 0.000 0.000 0.000 0.000 0.000 0.000 0.000
0.005 0.006 0.006 0.007 0.008 0.009 0.014 0.021 0.031 0.042 0.056 0.071 0.089 0.109 0.130 0.153 0.176 0.199 0.223 0.245 0.266 0.286 0.303 0.318 0.330 0.339 0.344 0.346 0.345 0.340 0.331 0.320 0.306 0.289 0.270 0.250 0.228 0.207 0.185 0.164 0.144 0.124 0.106 0.089 0.075 0.063 0.052 0.041 0.033 0.026 0.021 0.017 0.014 0.009 0.006 0.005 0.005 0.006 0.007 0.004 0.000 0.000 0.000 0.000 0.000 0.000 0.000 0.000 0.000 0.000 0.000 0.000 0.000 0.000 0.000 0.000 0.000
0.005 0.006 0.007 0.008 0.013 0.020 0.030 0.042 0.057 0.074 0.094 0.117 0.142 0.169 0.198 0.228 0.259 0.290 0.321 0.350 0.379 0.405 0.430 0.451 0.470 0.485 0.497 0.505 0.509 0.509 0.505 0.497 0.486 0.470 0.451 0.430 0.406 0.379 0.352 0.323 0.294 0.265 0.237 0.209 0.183 0.159 0.137 0.116 0.098 0.082 0.067 0.056 0.045 0.036 0.028 0.022 0.018 0.015 0.011 0.007 0.005 0.005 0.006 0.007 0.004 0.000 0.000 0.000 0.000 0.000 0.000 0.000 0.000 0.000 0.000 0.000 0.000
0.005 0.007 0.008 0.013 0.021 0.032 0.045 0.062 0.081 0.103 0.128 0.156 0.186 0.218 0.252 0.287 0.323 0.359 0.395 0.430 0.464 0.496 0.526 0.554 0.579 0.601 0.620 0.635 0.647 0.655 0.658 0.658 0.654 0.645 0.633 0.617 0.597 0.574 0.548 0.519 0.489 0.456 0.423 0.388 0.354 0.320 0.287 0.255 0.224 0.195 0.169 0.145 0.123 0.103 0.086 0.071 0.058 0.047 0.038 0.030 0.023 0.018 0.015 0.011 0.007 0.005 0.005 0.006 0.007 0.003 0.000 0.000 0.000 0.000 0.000 0.000 0.000
0.005 0.007 0.011 0.019 0.030 0.043 0.060 0.080 0.102 0.129 0.158 0.190 0.225 0.263 0.302 0.343 0.385 0.428 0.471 0.513 0.555 0.595 0.633 0.669 0.703 0.734 0.761 0.785 0.805 0.821 0.833 0.840 0.843 0.841 0.835 0.825 0.811 0.792 0.770 0.745 0.717 0.685 0.652 0.616 0.579 0.540 0.501 0.461 0.422 0.382 0.344 0.307 0.272 0.238 0.207 0.179 0.152 0.129 0.108 0.089 0.073 0.059 0.048 0.038 0.029 0.023 0.018 0.014 0.010 0.007 0.005 0.006 0.007 0.005 0.001 0.000 0.000
0.006 0.009 0.015 0.026 0.039 0.056 0.076 0.100 0.127 0.158 0.193 0.231 0.271 0.314 0.359 0.405 0.452 0.499 0.546 0.592 0.637 0.681 0.724 0.764 0.802 0.838 0.872 0.902 0.930 0.954 0.975 0.993 1.006 1.015 1.020 1.020 1.016 1.008 0.996 0.979 0.958 0.934 0.906 0.875 0.841 0.804 0.765 0.725 0.682 0.638 0.593 0.548 0.503 0.458 0.414 0.371 0.329 0.290 0.253 0.219 0.187 0.158 0.133 0.110 0.090 0.073 0.058 0.046 0.036 0.028 0.021 0.017 0.013 0.008 0.006 0.006 0.007
0.006 0.010 0.019 0.031 0.047 0.065 0.088 0.114 0.144 0.177 0.214 0.253 0.296 0.340 0.387 0.435 0.484 0.534 0.584 0.633 0.683 0.732 0.780 0.826 0.871 0.913 0.954 0.991 1.026 1.058 1.087 1.112 1.134 1.153 1.167 1.178 1.185 1.188 1.187 1.182 1.174 1.161 1.145 1.125 1.102 1.075 1.045 1.012 0.975 0.936 0.894 0.850 0.803 0.754 0.704 0.653 0.601 0.550 0.498 0.447 0.398 0.351 0.307 0.265 0.226 0.191 0.160 0.132 0.108 0.087 0.069 0.055 0.043 0.032 0.025 0.019 0.015
0.006 0.012 0.022 0.036 0.053 0.074 0.100 0.129 0.163 0.201 0.243 0.288 0.337 0.389 0.443 0.499 0.557 0.615 0.674 0.732 0.791 0.848 0.904 0.959 1.011 1.062 1.109 1.154 1.196 1.235 1.270 1.301 1.329 1.352 1.372 1.387 1.399 1.407 1.411 1.411 1.409 1.403 1.394 1.382 1.367 1.349 1.329 1.305 1.278 1.249 1.216 1.180 1.140 1.097 1.051 1.002 0.950 0.896 0.839 0.780 0.719 0.658 0.597 0.536 0.477 0.420 0.366 0.315 0.268 0.226 0.188 0.154 0.125 0.100 0.079 0.062 0.048
0.007 0.014 0.025 0.040 0.059 0.081 0.109 0.140 0.176 0.217 0.261 0.308 0.358 0.410 0.464 0.519 0.574 0.630 0.686 0.741 0.796 0.850 0.903 0.956 1.008 1.058 1.108 1.157 1.204 1.249 1.293 1.336 1.376 1.413 1.448 1.480 1.509 1.535 1.557 1.576 1.591 1.602 1.609 1.613 1.614 1.611 1.605 1.595 1.582 1.565 1.546 1.522 1.495 1.464 1.430 1.391 1.348 1.301 1.249 1.193 1.133 1.069 1.001 0.931 0.858 0.784 0.709 0.635 0.563 0.493 0.427 0.366 0.309 0.258 0.213 0.173 0.139
0.007 0.014 0.026 0.042 0.062 0.086 0.115 0.149 0.187 0.231 0.278 0.330 0.386 0.445 0.506 0.569 0.635 0.701 0.768 0.835 0.903 0.970 1.036 1.101 1.164 1.226 1.285 1.341 1.395 1.446 1.494 1.538 1.579 1.616 1.651 1.682 1.710 1.736 1.759 1.780 1.798 1.815 1.829 1.841 1.852 1.860 1.866 1.870 1.872 1.871 1.867 1.860 1.850 1.836 1.819 1.797 1.770 1.739 1.702 1.659 1.611 1.556 1.495 1.428 1.355 1.277 1.194 1.107 1.017 0.925 0.832 0.741 0.652 0.567 0.487 0.413 0.346
0.007 0.015 0.027 0.044 0.064 0.090 0.120 0.156 0.197 0.244 0.295 0.350 0.409 0.472 0.536 0.602 0.669 0.736 0.803 0.870 0.935 1.000 1.064 1.127 1.189 1.249 1.309 1.368 1.426 1.483 1.538 1.593 1.646 1.697 1.747 1.794 1.839 1.881 1.921 1.958 1.992 2.023 2.052 2.078 2.102 2.124 2.144 2.161 2.177 2.191 2.203 2.213 2.220 2.224 2.226 2.224 2.217 2.206 2.190 2.168 2.140 2.105 2.062 2.011 1.952 1.885 1.809 1.724 1.632 1.533 1.427 1.316 1.202 1.086 0.970 0.857 0.747
0.007 0.015 0.027 0.044 0.065 0.091 0.122 0.158 0.201 0.248 0.301 0.359 0.420 0.486 0.554 0.624 0.696 0.769 0.843 0.917 0.991 1.064 1.137 1.209 1.280 1.349 1.417 1.482 1.545 1.606 1.665 1.721 1.775 1.826 1.876 1.923 1.968 2.012 2.055 2.096 2.136 2.176 2.214 2.252 2.290 2.327 2.363 2.399 2.434 2.468 2.502 2.534 2.564 2.593 2.619 2.643 2.663 2.679 2.691 2.698 2.698 2.692 2.678 2.656 2.625 2.585 2.534 2.472 2.399 2.314 2.218 2.111 1.993 1.865 1.729 1.585 1.437
0.007 0.015 0.028 0.044 0.066 0.092 0.125 0.163 0.208 0.258 0.315 0.377 0.444 0.514 0.589 0.666 0.745 0.825 0.906 0.988 1.069 1.149 1.229 1.308 1.385 1.462 1.537 1.610 1.682 1.753 1.822 1.889 1.955 2.018 2.079 2.139 2.195 2.250 2.303 2.353 2.402 2.449 2.495 2.540 2.584 2.628 2.672 2.716 2.760 2.804 2.849 2.894 2.938 2.983 3.027 3.069 3.110 3.148 3.183 3.214 3.241 3.263 3.279 3.289 3.291 3.286 3.272 3.249 3.217 3.173 3.118 3.050 2.969 2.872 2.760 2.631 2.486
0.007 0.015 0.027 0.044 0.066 0.092 0.125 0.164 0.208 0.259 0.316 0.378 0.445 0.517 0.591 0.668 0.748 0.828 0.909 0.991 1.073 1.154 1.234 1.314 1.392 1.469 1.545 1.619 1.692 1.763 1.832 1.900 1.966 2.030 2.093 2.155 2.215 2.275 2.334 2.392 2.451 2.509 2.567 2.625 2.683 2.742 2.800 2.859 2.918 2.977 3.035 3.093 3.151 3.208 3.263 3.317 3.368 3.417 3.463 3.506 3.544 3.578 3.608 3.633 3.653 3.668 3.678 3.683 3.684 3.679 3.670 3.655 3.635 3.608 3.573 3.527 3.469
0.007 0.015 0.028 0.046 0.068 0.096 0.130 0.171 0.218 0.273 0.335 0.402 0.476 0.555 0.638 0.725 0.815 0.907 1.000 1.094 1.188 1.281 1.374 1.465 1.555 1.643 1.729 1.813 1.894 1.972 2.048 2.121 2.191 2.257 2.321 2.382 2.440 2.496 2.549 2.600 2.649 2.697 2.744 2.790 2.836 2.882 2.929 2.976 3.024 3.073 3.123 3.174 3.226 3.278 3.330 3.381 3.432 3.480 3.527 3.571 3.611 3.647 3.679 3.706 3.728 3.744 3.754 3.758 3.755 3.747 3.734 3.715 3.691 3.663 3.632 3.599 3.566
0.008 0.018 0.032 0.051 0.076 0.106 0.142 0.185 0.235 0.291 0.353 0.421 0.493 0.570 0.649 0.730 0.813 0.896 0.979 1.062 1.145 1.226 1.306 1.386 1.463 1.540 1.615 1.690 1.763 1.835 1.906 1.975 2.044 2.113 2.180 2.247 2.313 2.379 2.445 2.511 2.577 2.642 2.709 2.775 2.841 2.908 2.976 3.043 3.111 3.180 3.248 3.316 3.384 3.452 3.518 3.583 3.646 3.706 3.764 3.818 3.867 3.913 3.953 3.987 4.016 4.038 4.054 4.063 4.065 4.059 4.044 4.021 3.989 3.946 3.893 3.827 3.747
0.007 0.015 0.028 0.046 0.068 0.096 0.130 0.171 0.218 0.273 0.334 0.402 0.476 0.555 0.638 0.725 0.815 0.907 1.000 1.094 1.188 1.281 1.374 1.465 1.555 1.643 1.729 1.813 1.894 1.972 2.048 2.121 2.190 2.257 2.321 2.382 2.440 2.496 2.549 2.600 2.649 2.697 2.744 2.790 2.836 2.882 2.929 2.976 3.024 3.073 3.123 3.174 3.226 3.278 3.329 3.381 3.431 3.480 3.527 3.570 3.611 3.647 3.679 3.706 3.727 3.743 3.753 3.757 3.755 3.747 3.733 3.714 3.690 3.663 3.632 3.599 3.566
0.007 0.015 0.027 0.044 0.066 0.092 0.125 0.164 0.208 0.259 0.316 0.378 0.445 0.517 0.591 0.668 0.748 0.828 0.909 0.991 1.072 1.154 1.234 1.314 1.392 1.469 1.545 1.619 1.692 1.763 1.832 1.899 1.965 2.030 2.092 2.154 2.215 2.274 2.333 2.392 2.450 2.508 2.566 2.624 2.682 2.741 2.799 2.858 2.917 2.976 3.034 3.093 3.150 3.207 3.262 3.316 3.368 3.417 3.462 3.505 3.543 3.577 3.607 3.632 3.652 3.667 3.677 3.682 3.683 3.678 3.669 3.654 3.634 3.607 3.572 3.527 3.468
0.007 0.015 0.028 0.044 0.066 0.092 0.125 0.163 0.208 0.258 0.315 0.377 0.444 0.514 0.589 0.666 0.745 0.825 0.906 0.988 1.069 1.149 1.229 1.308 1.385 1.461 1.536 1.610 1.682 1.753 1.822 1.889 1.954 2.017 2.079 2.138 2.195 2.250 2.302 2.353 2.401 2.449 2.494 2.539 2.584 2.627 2.671 2.715 2.759 2.803 2.848 2.892 2.937 2.982 3.025 3.068 3.108 3.147 3.182 3.213 3.240 3.262 3.278 3.287 3.290 3.284 3.271 3.248 3.215 3.172 3.117 3.049 2.967 2.871 2.759 2.630 2.484
0.007 0.015 0.027 0.044 0.065 0.091 0.122 0.158 0.201 0.248 0.301 0.359 0.420 0.486 0.554 0.624 0.696 0.769 0.843 0.917 0.991 1.064 1.137 1.209 1.280 1.349 1.416 1.482 1.545 1.606 1.665 1.721 1.775 1.826 1.875 1.922 1.968 2.012 2.054 2.095 2.135 2.175 2.214 2.252 2.289 2.326 2.362 2.398 2.433 2.467 2.500 2.532 2.563 2.591 2.618 2.641 2.661 2.678 2.690 2.696 2.697 2.691 2.677 2.655 2.624 2.583 2.532 2.471 2.398 2.313 2.217 2.110 1.992 1.864 1.728 1.585 1.437
0.007 0.015 0.027 0.044 0.064 0.090 0.120 0.156 0.197 0.244 0.295 0.350 0.409 0.471 0.536 0.602 0.669 0.736 0.803 0.869 0.935 1.000 1.064 1.127 1.188 1.249 1.309 1.367 1.425 1.482 1.538 1.592 1.645 1.697 1.746 1.793 1.838 1.880 1.920 1.957 1.991 2.022 2.051 2.077 2.101 2.123 2.143 2.161 2.176 2.190 2.202 2.212 2.219 2.223 2.225 2.223 2.216 2.206 2.189 2.168 2.139 2.104 2.061 2.011 1.952 1.884 1.808 1.724 1.632 1.532 1.427 1.316 1.202 1.086 0.971 0.857 0.747
0.007 0.014 0.026 0.042 0.062 0.086 0.115 0.149 0.187 0.231 0.278 0.330 0.386 0.445 0.506 0.569 0.635 0.701 0.768 0.835 0.903 0.969 1.036 1.101 1.164 1.225 1.285 1.341 1.395 1.446 1.493 1.538 1.578 1.616 1.650 1.681 1.710 1.735 1.758 1.779 1.798 1.814 1.828 1.841 1.851 1.859 1.866 1.870 1.871 1.870 1.866 1.860 1.850 1.836 1.818 1.796 1.770 1.738 1.701 1.659 1.610 1.556 1.495 1.428 1.355 1.277 1.194 1.107 1.017 0.925 0.833 0.742 0.653 0.568 0.488 0.413 0.346
0.007 0.014 0.025 0.040 0.059 0.081 0.109 0.140 0.176 0.217 0.261 0.308 0.358 0.410 0.464 0.519 0.574 0.630 0.686 0.741 0.796 0.850 0.903 0.956 1.007 1.058 1.108 1.156 1.203 1.249 1.293 1.335 1.375 1.413 1.448 1.480 1.509 1.534 1.557 1.575 1.590 1.601 1.609 1.613 1.613 1.610 1.604 1.594 1.581 1.565 1.545 1.522 1.495 1.464 1.430 1.391 1.348 1.301 1.249 1.193 1.133 1.069 1.001 0.931 0.858 0.784 0.710 0.636 0.564 0.494 0.428 0.366 0.310 0.258 0.213 0.173 0.139
0.006 0.012 0.022 0.036 0.053 0.074 0.100 0.129 0.163 0.201 0.243 0.288 0.337 0.389 0.443 0.499 0.556 0.615 0.673 0.732 0.790 0.848 0.904 0.958 1.011 1.061 1.109 1.154 1.196 1.235 1.270 1.301 1.328 1.352 1.371 1.387 1.399 1.406 1.410 1.411 1.408 1.403 1.394 1.382 1.367 1.349 1.329 1.305 1.278 1.249 1.216 1.180 1.140 1.098 1.052 1.003 0.951 0.896 0.839 0.780 0.720 0.659 0.598 0.537 0.478 0.421 0.367 0.316 0.269 0.226 0.188 0.154 0.125 0.100 0.079 0.062 0.048
0.006 0.010 0.019 0.031 0.047 0.065 0.088 0.114 0.144 0.177 0.214 0.253 0.296 0.340 0.387 0.435 0.484 0.533 0.583 0.633 0.683 0.732 0.779 0.826 0.871 0.913 0.954 0.991 1.026 1.058 1.087 1.112 1.134 1.152 1.167 1.178 1.184 1.187 1.187 1.182 1.173 1.161 1.145 1.125 1.102 1.075 1.045 1.012 0.976 0.936 0.894 0.850 0.803 0.755 0.705 0.654 0.602 0.550 0.499 0.448 0.399 0.352 0.307 0.265 0.227 0.192 0.160 0.132 0.108 0.087 0.070 0.055 0.043 0.033 0.025 0.019 0.015
0.006 0.009 0.015 0.026 0.039 0.056 0.076 0.100 0.127 0.158 0.193 0.230 0.271 0.314 0.359 0.405 0.451 0.499 0.545 0.592 0.637 0.681 0.723 0.764 0.802 0.838 0.872 0.902 0.930 0.954 0.975 0.992 1.006 1.015 1.020 1.020 1.016 1.008 0.996 0.979 0.958 0.934 0.906 0.875 0.841 0.805 0.766 0.725 0.682 0.639 0.594 0.549 0.503 0.458 0.414 0.371 0.330 0.291 0.253 0.219 0.187 0.159 0.133 0.110 0.090 0.073 0.059 0.047 0.036 0.028 0.021 0.017 0.013 0.008 0.006 0.006 0.007
0.005 0.007 0.011 0.019 0.030 0.043 0.060 0.079 0.102 0.129 0.158 0.190 0.225 0.263 0.302 0.343 0.385 0.428 0.471 0.513 0.555 0.595 0.633 0.669 0.703 0.734 0.761 0.785 0.805 0.821 0.833 0.840 0.843 0.841 0.835 0.825 0.811 0.792 0.770 0.745 0.717 0.686 0.652 0.617 0.579 0.541 0.501 0.462 0.422 0.383 0.345 0.308 0.272 0.239 0.208 0.179 0.153 0.129 0.108 0.089 0.073 0.059 0.048 0.038 0.029 0.023 0.018 0.014 0.010 0.007 0.005 0.006 0.007 0.005 0.001 0.000 0.000
0.005 0.007 0.008 0.013 0.021 0.032 0.045 0.062 0.081 0.103 0.128 0.156 0.186 0.218 0.252 0.287 0.323 0.359 0.395 0.430 0.464 0.496 0.526 0.554 0.579 0.601 0.620 0.635 0.647 0.655 0.658 0.658 0.654 0.645 0.633 0.617 0.597 0.574 0.548 0.520 0.489 0.457 0.423 0.389 0.354 0.320 0.287 0.255 0.225 0.196 0.169 0.145 0.123 0.104 0.086 0.071 0.058 0.047 0.038 0.030 0.023 0.018 0.015 0.011 0.007 0.005 0.005 0.006 0.007 0.003 0.000 0.000 0.000 0.000 0.000 0.000 0.000
0.005 0.006 0.007 0.008 0.013 0.020 0.030 0.042 0.057 0.074 0.094 0.117 0.142 0.169 0.198 0.228 0.259 0.290 0.321 0.350 0.379 0.405 0.430 0.451 0.470 0.485 0.497 0.505 0.509 0.509 0.505 0.498 0.486 0.471 0.452 0.430 0.406 0.380 0.352 0.324 0.295 0.266 0.237 0.210 0.184 0.159 0.137 0.117 0.098 0.082 0.068 0.056 0.046 0.036 0.029 0.022 0.018 0.015 0.011 0.007 0.005 0.005 0.006 0.007 0.004 0.000 0.000 0.000 0.000 0.000 0.000 0.000 0.000 0.000 0.000 0.000 0.000
0.005 0.006 0.006 0.007 0.008 0.009 0.014 0.021 0.031 0.042 0.056 0.071 0.089 0.109 0.130 0.153 0.176 0.199 0.223 0.245 0.266 0.286 0.303 0.318 0.330 0.339 0.344 0.346 0.345 0.340 0.332 0.320 0.306 0.289 0.270 0.250 0.229 0.207 0.186 0.164 0.144 0.124 0.106 0.090 0.075 0.063 0.052 0.042 0.033 0.026 0.021 0.017 0.014 0.009 0.006 0.005 0.005 0.006 0.007 0.004 0.000 0.000 0.000 0.000 0.000 0.000 0.000 0.000 0.000 0.000 0.000 0.000 0.000 0.000 0.000 0.000 0.000
0.004 0.005 0.006 0.006 0.007 0.007 0.008 0.010 0.014 0.020 0.028 0.038 0.049 0.062 0.076 0.090 0.106 0.122 0.137 0.152 0.166 0.179 0.189 0.197 0.203 0.206 0.206 0.204 0.199 0.192 0.182 0.171 0.158 0.144 0.129 0.115 0.101 0.088 0.076 0.064 0.053 0.043 0.034 0.028 0.023 0.019 0.015 0.009 0.006 0.005 0.005 0.006 0.007 0.005 0.001 0.000 0.000 0.000 0.000 0.000 0.000 0.000 0.000 0.000 0.000 0.000 0.000 0.000 0.000 0.000 0.000 0.000 0.000 0.000 0.000 0.000 0.000
