Examples/2023_ISeeSnow/data/CoulombOnly/Results/curv77s/h/1HS_03_curv77s_MoT-Voellmy_h_0043.asc
ncols        189
nrows        19
xllcorner    2427.5
yllcorner    -4297.5
cellsize     5.00
NODATA_value -9999
[rows 0 to 18 of 19, columns 0 to 76 of 189]
0.000 0.000 0.000 0.000 0.000 0.000 0.000 0.000 0.000 0.000 0.000 0.000 0.000 0.000 0.000 0.000 0.000 0.000 0.000 0.000 0.000 0.000 0.000 0.000 0.000 0.000 0.000 0.000 0.000 0.000 0.000 0.000 0.000 0.000 0.000 0.000 0.000 0.000 0.000 0.000 0.000 0.000 0.000 0.000 0.000 0.000 0.000 0.000 0.000 0.000 0.000 0.000 0.000 0.000 0.000 0.000 0.000 0.000 0.000 0.000 0.000 0.000 0.000 0.000 0.000 0.000 0.000 0.000 0.000 0.000 0.000 0.000 0.000 0.000 0.000 0.000 0.000
0.000 0.000 0.000 0.000 0.000 0.000 0.000 0.000 0.000 0.000 0.000 0.000 0.000 0.000 0.000 0.000 0.000 0.000 0.000 0.000 0.000 0.000 0.000 0.000 0.000 0.000 0.000 0.000 0.000 0.000 0.000 0.000 0.000 0.000 0.000 0.000 0.000 0.000 0.000 0.000 0.000 0.000 0.000 0.000 0.000 0.000 0.000 0.000 0.000 0.000 0.000 0.000 0.000 0.000 0.000 0.000 0.000 0.000 0.000 0.000 0.000 0.000 0.000 0.000 0.000 0.000 0.000 0.000 0.000 0.000 0.000 0.000 0.000 0.000 0.000 0.000 0.000
0.000 0.000 0.000 0.000 0.000 0.000 0.000 0.000 0.000 0.000 0.000 0.000 0.000 0.000 0.000 0.000 0.000 0.000 0.000 0.000 0.000 0.000 0.000 0.000 0.000 0.001 0.001 0.002 0.004 0.002 0.000 0.000 0.000 0.000 0.000 0.000 0.000 0.000 0.000 0.000 0.000 0.000 0.000 0.000 0.000 0.000 0.000 0.000 0.000 0.000 0.000 0.000 0.000 0.000 0.000 0.000 0.000 0.000 0.000 0.000 0.000 0.000 0.000 0.000 0.000 0.000 0.000 0.000 0.000 0.000 0.000 0.000 0.000 0.000 0.000 0.000 0.000
0.001 0.001 0.001 0.001 0.001 0.001 0.001 0.001 0.001 0.001 0.001 0.001 0.001 0.001 0.001 0.001 0.001 0.001 0.001 0.001 0.001 0.001 0.001 0.002 0.002 0.002 0.002 0.002 0.002 0.002 0.002 0.002 0.002 0.002 0.002 0.002 0.002 0.002 0.002 0.002 0.002 0.002 0.002 0.003 0.003 0.003 0.003 0.003 0.003 0.003 0.003 0.003 0.004 0.004 0.004 0.004 0.004 0.004 0.005 0.005 0.005 0.005 0.006 0.006 0.006 0.006 0.007 0.007 0.008 0.008 0.010 0.015 0.023 0.037 0.056 0.081 0.112
0.002 0.002 0.002 0.002 0.002 0.002 0.002 0.002 0.002 0.002 0.003 0.003 0.003 0.003 0.003 0.003 0.003 0.003 0.003 0.003 0.003 0.003 0.003 0.003 0.003 0.004 0.004 0.004 0.004 0.004 0.004 0.004 0.004 0.005 0.005 0.005 0.005 0.005 0.005 0.006 0.006 0.006 0.007 0.007 0.008 0.010 0.013 0.016 0.019 0.021 0.024 0.028 0.031 0.035 0.039 0.043 0.048 0.053 0.059 0.064 0.071 0.080 0.096 0.120 0.155 0.200 0.257 0.324 0.404 0.494 0.595 0.699 0.804 0.908 1.008 1.102 1.190
0.003 0.003 0.003 0.004 0.004 0.004 0.004 0.004 0.004 0.004 0.004 0.004 0.004 0.004 0.004 0.004 0.004 0.005 0.005 0.005 0.005 0.005 0.005 0.005 0.005 0.006 0.006 0.006 0.006 0.006 0.007 0.007 0.008 0.008 0.011 0.014 0.018 0.022 0.027 0.032 0.038 0.045 0.054 0.064 0.075 0.089 0.103 0.119 0.137 0.157 0.183 0.219 0.267 0.329 0.404 0.494 0.598 0.717 0.850 0.997 1.156 1.323 1.489 1.649 1.800 1.939 2.064 2.175 2.271 2.350 2.415 2.467 2.509 2.542 2.569 2.589 2.606
0.004 0.005 0.005 0.005 0.005 0.005 0.005 0.005 0.005 0.006 0.006 0.006 0.006 0.006 0.006 0.006 0.006 0.006 0.006 0.007 0.007 0.007 0.007 0.008 0.010 0.013 0.018 0.022 0.027 0.034 0.042 0.051 0.063 0.078 0.096 0.117 0.143 0.172 0.207 0.247 0.294 0.348 0.410 0.481 0.561 0.651 0.752 0.864 0.988 1.124 1.266 1.405 1.538 1.663 1.777 1.880 1.971 2.048 2.112 2.162 2.198 2.222 2.238 2.248 2.255 2.258 2.258 2.256 2.252 2.247 2.239 2.229 2.219 2.208 2.196 2.184 2.170
0.004 0.005 0.006 0.006 0.006 0.006 0.007 0.007 0.007 0.007 0.007 0.007 0.007 0.007 0.007 0.008 0.008 0.010 0.013 0.017 0.022 0.028 0.036 0.045 0.059 0.077 0.102 0.137 0.183 0.242 0.313 0.398 0.497 0.610 0.736 0.874 1.023 1.182 1.348 1.520 1.696 1.874 2.051 2.225 2.394 2.555 2.707 2.846 2.971 3.081 3.176 3.260 3.335 3.401 3.458 3.509 3.552 3.591 3.626 3.659 3.690 3.721 3.753 3.786 3.823 3.862 3.905 3.952 4.002 4.056 4.113 4.173 4.232 4.289 4.342 4.392 4.437
0.005 0.006 0.007 0.007 0.007 0.008 0.008 0.008 0.008 0.008 0.009 0.010 0.014 0.019 0.026 0.035 0.047 0.062 0.082 0.106 0.137 0.175 0.221 0.277 0.342 0.416 0.495 0.577 0.659 0.741 0.823 0.902 0.980 1.054 1.126 1.194 1.260 1.323 1.385 1.445 1.503 1.561 1.619 1.677 1.736 1.797 1.859 1.923 1.990 2.059 2.131 2.206 2.284 2.364 2.445 2.527 2.608 2.689 2.767 2.841 2.912 2.976 3.035 3.086 3.130 3.166 3.193 3.213 3.224 3.228 3.224 3.214 3.198 3.179 3.157 3.133 3.107
0.007 0.014 0.023 0.033 0.043 0.055 0.069 0.084 0.102 0.123 0.149 0.179 0.214 0.256 0.303 0.358 0.419 0.486 0.559 0.638 0.721 0.806 0.892 0.979 1.063 1.146 1.229 1.315 1.403 1.493 1.586 1.681 1.778 1.877 1.978 2.079 2.181 2.283 2.384 2.485 2.585 2.683 2.780 2.875 2.967 3.057 3.144 3.229 3.311 3.390 3.466 3.540 3.610 3.677 3.742 3.803 3.862 3.918 3.971 4.021 4.068 4.113 4.156 4.195 4.233 4.268 4.301 4.331 4.359 4.385 4.409 4.431 4.451 4.469 4.484 4.498 4.510
0.005 0.006 0.007 0.007 0.007 0.008 0.008 0.008 0.008 0.008 0.009 0.010 0.014 0.019 0.026 0.035 0.047 0.062 0.082 0.106 0.137 0.175 0.221 0.277 0.342 0.416 0.495 0.577 0.659 0.742 0.823 0.902 0.980 1.054 1.126 1.194 1.260 1.324 1.385 1.445 1.503 1.561 1.619 1.678 1.737 1.797 1.859 1.923 1.990 2.059 2.131 2.207 2.284 2.364 2.445 2.527 2.609 2.689 2.767 2.842 2.912 2.977 3.035 3.087 3.130 3.166 3.194 3.213 3.225 3.229 3.225 3.214 3.199 3.180 3.158 3.134 3.107
0.004 0.005 0.006 0.006 0.006 0.006 0.007 0.007 0.007 0.007 0.007 0.007 0.007 0.007 0.007 0.008 0.008 0.010 0.013 0.017 0.022 0.028 0.036 0.045 0.059 0.077 0.102 0.137 0.183 0.242 0.313 0.398 0.497 0.610 0.736 0.874 1.023 1.182 1.348 1.520 1.697 1.874 2.051 2.225 2.394 2.556 2.707 2.846 2.972 3.081 3.177 3.261 3.336 3.402 3.459 3.509 3.553 3.592 3.627 3.659 3.691 3.722 3.754 3.787 3.824 3.863 3.906 3.952 4.003 4.056 4.114 4.174 4.233 4.290 4.343 4.393 4.438
0.004 0.005 0.005 0.005 0.005 0.005 0.005 0.005 0.005 0.006 0.006 0.006 0.006 0.006 0.006 0.006 0.006 0.006 0.006 0.007 0.007 0.007 0.007 0.008 0.010 0.013 0.018 0.022 0.027 0.034 0.042 0.051 0.063 0.078 0.096 0.117 0.143 0.172 0.207 0.247 0.294 0.348 0.410 0.481 0.561 0.651 0.752 0.864 0.988 1.123 1.266 1.405 1.538 1.663 1.777 1.880 1.971 2.049 2.113 2.162 2.198 2.222 2.238 2.249 2.255 2.258 2.258 2.256 2.253 2.247 2.239 2.229 2.219 2.208 2.196 2.184 2.170
0.003 0.003 0.003 0.004 0.004 0.004 0.004 0.004 0.004 0.004 0.004 0.004 0.004 0.004 0.004 0.004 0.004 0.005 0.005 0.005 0.005 0.005 0.005 0.005 0.005 0.006 0.006 0.006 0.006 0.006 0.007 0.007 0.008 0.008 0.011 0.014 0.018 0.022 0.027 0.032 0.038 0.045 0.054 0.064 0.075 0.089 0.103 0.119 0.137 0.157 0.183 0.219 0.267 0.328 0.404 0.494 0.598 0.717 0.850 0.996 1.155 1.323 1.489 1.648 1.799 1.938 2.064 2.175 2.271 2.351 2.416 2.468 2.510 2.544 2.570 2.591 2.607
0.002 0.002 0.002 0.002 0.002 0.002 0.002 0.002 0.002 0.002 0.003 0.003 0.003 0.003 0.003 0.003 0.003 0.003 0.003 0.003 0.003 0.003 0.003 0.003 0.003 0.004 0.004 0.004 0.004 0.004 0.004 0.004 0.004 0.005 0.005 0.005 0.005 0.005 0.005 0.006 0.006 0.006 0.007 0.007 0.008 0.010 0.013 0.016 0.019 0.021 0.024 0.028 0.031 0.035 0.039 0.043 0.048 0.053 0.058 0.064 0.071 0.080 0.096 0.120 0.155 0.200 0.256 0.324 0.403 0.493 0.594 0.698 0.803 0.907 1.006 1.101 1.189
0.001 0.001 0.001 0.001 0.001 0.001 0.001 0.001 0.001 0.001 0.001 0.001 0.001 0.001 0.001 0.001 0.001 0.001 0.001 0.001 0.001 0.001 0.001 0.002 0.002 0.002 0.002 0.002 0.002 0.002 0.002 0.002 0.002 0.002 0.002 0.002 0.002 0.002 0.002 0.002 0.002 0.002 0.002 0.003 0.003 0.003 0.003 0.003 0.003 0.003 0.003 0.003 0.004 0.004 0.004 0.004 0.004 0.004 0.005 0.005 0.005 0.005 0.006 0.006 0.006 0.006 0.007 0.007 0.008 0.008 0.010 0.014 0.023 0.036 0.055 0.080 0.111
0.000 0.000 0.000 0.000 0.000 0.000 0.000 0.000 0.000 0.000 0.000 0.000 0.000 0.000 0.000 0.000 0.000 0.000 0.000 0.000 0.000 0.000 0.000 0.000 0.000 0.001 0.001 0.002 0.004 0.002 0.000 0.000 0.000 0.000 0.000 0.000 0.000 0.000 0.000 0.000 0.000 0.000 0.000 0.000 0.000 0.000 0.000 0.000 0.000 0.000 0.000 0.000 0.000 0.000 0.000 0.000 0.000 0.000 0.000 0.000 0.000 0.000 0.000 0.000 0.000 0.000 0.000 0.000 0.000 0.000 0.000 0.000 0.000 0.000 0.000 0.000 0.000
0.000 0.000 0.000 0.000 0.000 0.000 0.000 0.000 0.000 0.000 0.000 0.000 0.000 0.000 0.000 0.000 0.000 0.000 0.000 0.000 0.000 0.000 0.000 0.000 0.000 0.000 0.000 0.000 0.000 0.000 0.000 0.000 0.000 0.000 0.000 0.000 0.000 0.000 0.000 0.000 0.000 0.000 0.000 0.000 0.000 0.000 0.000 0.000 0.000 0.000 0.000 0.000 0.000 0.000 0.000 0.000 0.000 0.000 0.000 0.000 0.000 0.000 0.000 0.000 0.000 0.000 0.000 0.000 0.000 0.000 0.000 0.000 0.000 0.000 0.000 0.000 0.000
0.000 0.000 0.000 0.000 0.000 0.000 0.000 0.000 0.000 0.000 0.000 0.000 0.000 0.000 0.000 0.000 0.000 0.000 0.000 0.000 0.000 0.000 0.000 0.000 0.000 0.000 0.000 0.000 0.000 0.000 0.000 0.000 0.000 0.000 0.000 0.000 0.000 0.000 0.000 0.000 0.000 0.000 0.000 0.000 0.000 0.000 0.000 0.000 0.000 0.000 0.000 0.000 0.000 0.000 0.000 0.000 0.000 0.000 0.000 0.000 0.000 0.000 0.000 0.000 0.000 0.000 0.000 0.000 0.000 0.000 0.000 0.000 0.000 0.000 0.000 0.000 0.000
