Examples/2023_ISeeSnow/data/CoulombOnly/Results/curv77s/h/1HS_03_curv77s_MoT-Voellmy_h_0033.asc
ncols        154
nrows        17
xllcorner    1817.5
yllcorner    -4292.5
cellsize     5.00
NODATA_value -9999
0.000 0.000 0.000 0.000 0.000 0.000 0.000 0.000 0.001 0.002 0.001 0.000 0.000 0.000 0.000 0.000 0.000 0.000 0.000 0.000 0.000 0.000 0.000 0.000 0.000 0.000 0.000 0.000 0.000 0.000 0.000 0.000 0.000 0.000 0.000 0.000 0.000 0.000 0.000 0.000 0.000 0.000 0.000 0.000 0.000 0.000 0.000 0.000 0.000 0.000 0.000 0.000 0.000 0.000 0.000 0.000 0.000 0.000 0.000 0.000 0.000 0.000 0.000 0.000 0.000 0.000 0.000 0.000 0.000 0.000 0.000 0.000 0.000 0.000 0.000 0.000 0.000 0.000 0.000 0.000 0.000 0.000 0.000 0.000 0.000 0.000 0.000 0.000 0.000 0.000 0.000 0.000 0.000 0.000 0.000 0.000 0.000 0.000 0.000 0.000 0.000 0.000 0.000 0.000 0.000 0.000 0.000 0.000 0.000 0.000 0.000 0.000 0.000 0.000 0.000 0.000 0.000 0.000 0.000 0.000 0.000 0.000 0.000 0.000 0.000 0.000 0.000 0.000 0.000 0.000 0.000 0.000 0.000 0.000 0.000 0.000 0.000 0.000 0.000 0.000 0.000 0.000 0.000 0.000 0.000 0.000 0.000 0.000 0.000 0.000 0.000 0.000 0.000 0.000
0.000 0.000 0.000 0.000 0.000 0.000 0.000 0.000 0.000 0.000 0.000 0.000 0.000 0.000 0.001 0.001 0.002 0.002 0.000 0.000 0.000 0.000 0.000 0.000 0.000 0.000 0.000 0.000 0.000 0.000 0.000 0.000 0.000 0.001 0.001 0.002 0.003 0.004 0.005 0.007 0.008 0.009 0.012 0.017 0.023 0.031 0.042 0.055 0.070 0.087 0.107 0.128 0.152 0.177 0.204 0.231 0.258 0.284 0.309 0.332 0.353 0.370 0.384 0.392 0.396 0.395 0.388 0.376 0.358 0.336 0.313 0.289 0.264 0.239 0.214 0.190 0.167 0.144 0.124 0.105 0.088 0.072 0.059 0.048 0.038 0.030 0.023 0.017 0.012 0.010 0.009 0.009 0.009 0.004 0.000 0.000 0.000 0.000 0.000 0.000 0.000 0.000 0.000 0.000 0.000 0.000 0.000 0.000 0.000 0.000 0.000 0.000 0.000 0.000 0.000 0.000 0.000 0.000 0.000 0.000 0.000 0.000 0.000 0.000 0.000 0.000 0.000 0.000 0.000 0.000 0.000 0.000 0.000 0.000 0.000 0.000 0.000 0.000 0.000 0.000 0.000 0.000 0.000 0.000 0.000 0.000 0.000 0.000 0.000 0.000 0.000 0.000 0.000 0.000
0.001 0.001 0.001 0.001 0.001 0.001 0.001 0.001 0.001 0.001 0.000 0.000 0.000 0.000 0.000 0.001 0.001 0.000 0.000 0.000 0.000 0.000 0.000 0.000 0.000 0.000 0.000 0.000 0.001 0.001 0.003 0.004 0.006 0.007 0.009 0.012 0.019 0.029 0.043 0.061 0.085 0.114 0.149 0.190 0.238 0.291 0.350 0.414 0.483 0.555 0.631 0.708 0.787 0.866 0.945 1.023 1.100 1.176 1.249 1.321 1.390 1.456 1.521 1.582 1.640 1.695 1.747 1.795 1.839 1.874 1.899 1.910 1.909 1.896 1.870 1.833 1.783 1.723 1.652 1.573 1.485 1.391 1.294 1.195 1.096 0.999 0.904 0.812 0.724 0.641 0.563 0.491 0.424 0.362 0.306 0.256 0.213 0.175 0.142 0.114 0.091 0.071 0.055 0.042 0.031 0.023 0.017 0.012 0.010 0.009 0.009 0.005 0.000 0.000 0.000 0.000 0.000 0.000 0.000 0.000 0.000 0.000 0.000 0.000 0.000 0.000 0.000 0.000 0.000 0.000 0.000 0.000 0.000 0.000 0.000 0.000 0.000 0.000 0.000 0.000 0.000 0.000 0.000 0.000 0.000 0.000 0.000 0.000 0.000 0.000 0.000 0.000 0.000 0.000
0.001 0.002 0.002 0.002 0.002 0.002 0.002 0.002 0.002 0.001 0.001 0.001 0.001 0.001 0.001 0.001 0.001 0.001 0.001 0.001 0.001 0.001 0.001 0.001 0.001 0.002 0.003 0.005 0.007 0.009 0.013 0.021 0.035 0.055 0.083 0.119 0.165 0.221 0.287 0.363 0.447 0.537 0.634 0.735 0.838 0.943 1.047 1.149 1.249 1.346 1.439 1.528 1.611 1.689 1.762 1.829 1.890 1.946 1.996 2.040 2.080 2.114 2.142 2.165 2.183 2.195 2.200 2.200 2.193 2.181 2.165 2.148 2.135 2.131 2.134 2.145 2.161 2.181 2.204 2.228 2.252 2.272 2.285 2.288 2.278 2.257 2.224 2.180 2.124 2.058 1.982 1.897 1.804 1.703 1.598 1.489 1.377 1.264 1.151 1.040 0.932 0.827 0.727 0.632 0.544 0.463 0.390 0.325 0.267 0.218 0.175 0.137 0.106 0.081 0.061 0.046 0.033 0.024 0.017 0.012 0.010 0.010 0.009 0.003 0.000 0.000 0.000 0.000 0.000 0.000 0.000 0.000 0.000 0.000 0.000 0.000 0.000 0.000 0.000 0.000 0.000 0.000 0.000 0.000 0.000 0.000 0.000 0.000 0.000 0.000 0.000 0.000 0.000 0.000
0.002 0.003 0.003 0.003 0.003 0.003 0.003 0.003 0.003 0.003 0.003 0.003 0.003 0.003 0.003 0.003 0.003 0.003 0.003 0.003 0.003 0.003 0.004 0.005 0.007 0.009 0.017 0.031 0.053 0.086 0.131 0.190 0.263 0.350 0.450 0.562 0.683 0.810 0.941 1.072 1.202 1.327 1.446 1.560 1.666 1.764 1.856 1.942 2.022 2.098 2.170 2.238 2.305 2.369 2.432 2.494 2.555 2.615 2.675 2.735 2.794 2.854 2.915 2.977 3.041 3.107 3.176 3.248 3.323 3.402 3.484 3.564 3.628 3.669 3.688 3.685 3.661 3.620 3.563 3.492 3.410 3.319 3.222 3.122 3.020 2.918 2.815 2.711 2.608 2.505 2.402 2.301 2.205 2.112 2.021 1.933 1.845 1.759 1.673 1.587 1.501 1.415 1.330 1.244 1.159 1.075 0.991 0.908 0.827 0.748 0.670 0.595 0.524 0.457 0.394 0.336 0.284 0.237 0.196 0.160 0.129 0.103 0.081 0.062 0.046 0.034 0.025 0.018 0.013 0.010 0.010 0.009 0.004 0.000 0.000 0.000 0.000 0.000 0.000 0.000 0.000 0.000 0.000 0.000 0.000 0.000 0.000 0.000 0.000 0.000 0.000 0.000 0.000 0.000
0.003 0.004 0.004 0.004 0.005 0.005 0.005 0.005 0.005 0.005 0.005 0.005 0.005 0.005 0.005 0.005 0.005 0.005 0.006 0.006 0.007 0.010 0.023 0.046 0.083 0.137 0.207 0.296 0.401 0.520 0.650 0.788 0.930 1.074 1.216 1.355 1.490 1.620 1.745 1.864 1.978 2.086 2.188 2.283 2.372 2.453 2.526 2.591 2.648 2.697 2.738 2.771 2.798 2.818 2.832 2.841 2.845 2.844 2.838 2.827 2.809 2.786 2.755 2.718 2.673 2.623 2.570 2.513 2.454 2.392 2.328 2.265 2.212 2.171 2.144 2.130 2.128 2.139 2.161 2.192 2.233 2.282 2.337 2.397 2.462 2.528 2.596 2.663 2.729 2.791 2.850 2.897 2.929 2.946 2.949 2.938 2.915 2.880 2.834 2.778 2.712 2.638 2.556 2.467 2.371 2.269 2.163 2.053 1.939 1.824 1.707 1.589 1.470 1.353 1.236 1.121 1.009 0.901 0.796 0.697 0.604 0.517 0.437 0.365 0.300 0.244 0.196 0.155 0.122 0.094 0.072 0.054 0.039 0.028 0.020 0.015 0.011 0.010 0.007 0.001 0.000 0.000 0.000 0.000 0.000 0.000 0.000 0.000 0.000 0.000 0.000 0.000 0.000 0.000
0.003 0.005 0.005 0.006 0.006 0.006 0.006 0.006 0.006 0.006 0.006 0.007 0.007 0.007 0.007 0.008 0.009 0.017 0.037 0.072 0.128 0.208 0.312 0.440 0.588 0.754 0.932 1.118 1.306 1.492 1.671 1.840 1.997 2.139 2.268 2.381 2.482 2.571 2.651 2.725 2.795 2.863 2.932 3.004 3.078 3.157 3.240 3.326 3.415 3.506 3.598 3.691 3.783 3.874 3.963 4.050 4.134 4.217 4.299 4.378 4.457 4.534 4.611 4.688 4.764 4.833 4.894 4.945 4.987 5.020 5.042 5.055 5.058 5.051 5.032 5.001 4.958 4.903 4.834 4.753 4.659 4.553 4.437 4.311 4.177 4.036 3.889 3.740 3.588 3.437 3.287 3.143 3.007 2.880 2.764 2.656 2.559 2.470 2.391 2.320 2.257 2.201 2.151 2.107 2.066 2.029 1.993 1.958 1.921 1.881 1.838 1.791 1.738 1.678 1.613 1.541 1.462 1.378 1.288 1.193 1.095 0.994 0.893 0.792 0.694 0.600 0.512 0.431 0.359 0.296 0.242 0.197 0.158 0.126 0.100 0.078 0.060 0.046 0.034 0.025 0.018 0.014 0.011 0.010 0.007 0.001 0.000 0.000 0.000 0.000 0.000 0.000 0.000 0.000
0.004 0.005 0.006 0.007 0.007 0.007 0.008 0.008 0.008 0.009 0.010 0.014 0.021 0.031 0.046 0.068 0.102 0.146 0.198 0.255 0.314 0.373 0.430 0.484 0.535 0.583 0.629 0.675 0.721 0.771 0.825 0.885 0.951 1.023 1.102 1.184 1.269 1.355 1.438 1.516 1.587 1.650 1.703 1.746 1.779 1.803 1.819 1.827 1.829 1.826 1.819 1.809 1.797 1.784 1.768 1.752 1.736 1.719 1.702 1.684 1.667 1.651 1.635 1.620 1.606 1.597 1.592 1.593 1.599 1.609 1.625 1.644 1.668 1.695 1.727 1.763 1.803 1.848 1.897 1.950 2.007 2.068 2.131 2.197 2.264 2.332 2.400 2.468 2.534 2.597 2.657 2.713 2.764 2.809 2.848 2.879 2.903 2.918 2.924 2.922 2.909 2.888 2.857 2.818 2.770 2.714 2.652 2.583 2.510 2.432 2.351 2.267 2.182 2.096 2.010 1.925 1.839 1.755 1.671 1.587 1.504 1.421 1.337 1.253 1.167 1.080 0.992 0.902 0.810 0.717 0.625 0.535 0.452 0.377 0.310 0.252 0.202 0.160 0.125 0.097 0.075 0.057 0.043 0.032 0.023 0.017 0.012 0.009 0.002 0.000 0.000 0.000 0.000 0.000
0.005 0.010 0.018 0.027 0.038 0.052 0.070 0.094 0.126 0.168 0.223 0.293 0.381 0.487 0.611 0.752 0.907 1.074 1.251 1.436 1.626 1.818 2.008 2.195 2.376 2.549 2.714 2.871 3.018 3.156 3.285 3.407 3.521 3.628 3.729 3.825 3.917 4.004 4.089 4.170 4.250 4.328 4.404 4.478 4.551 4.623 4.693 4.761 4.827 4.891 4.953 5.012 5.068 5.121 5.170 5.216 5.258 5.295 5.329 5.358 5.383 5.402 5.418 5.428 5.434 5.434 5.430 5.422 5.409 5.391 5.369 5.344 5.314 5.282 5.245 5.206 5.164 5.119 5.072 5.022 4.971 4.917 4.861 4.803 4.744 4.683 4.621 4.557 4.492 4.426 4.359 4.292 4.224 4.155 4.087 4.018 3.950 3.883 3.815 3.749 3.683 3.617 3.552 3.488 3.423 3.359 3.294 3.228 3.162 3.094 3.025 2.954 2.880 2.804 2.725 2.643 2.557 2.469 2.376 2.280 2.181 2.079 1.975 1.868 1.761 1.653 1.546 1.440 1.338 1.238 1.143 1.050 0.957 0.865 0.775 0.686 0.601 0.521 0.446 0.377 0.315 0.259 0.211 0.169 0.134 0.104 0.080 0.060 0.044 0.033 0.024 0.017 0.013 0.009
0.004 0.005 0.006 0.007 0.007 0.007 0.008 0.008 0.008 0.009 0.010 0.014 0.021 0.031 0.046 0.069 0.102 0.146 0.198 0.255 0.314 0.373 0.430 0.484 0.535 0.583 0.629 0.675 0.721 0.771 0.825 0.885 0.951 1.023 1.102 1.184 1.269 1.355 1.438 1.516 1.587 1.650 1.703 1.746 1.780 1.804 1.819 1.827 1.829 1.827 1.820 1.810 1.798 1.784 1.769 1.753 1.736 1.719 1.702 1.685 1.668 1.651 1.635 1.620 1.606 1.597 1.592 1.592 1.598 1.609 1.624 1.643 1.667 1.694 1.726 1.761 1.801 1.846 1.895 1.948 2.005 2.065 2.129 2.194 2.262 2.330 2.398 2.466 2.532 2.595 2.655 2.711 2.762 2.808 2.846 2.878 2.902 2.917 2.924 2.921 2.909 2.887 2.857 2.817 2.770 2.714 2.652 2.583 2.510 2.432 2.351 2.267 2.182 2.097 2.011 1.925 1.840 1.755 1.671 1.587 1.504 1.421 1.337 1.253 1.167 1.080 0.992 0.902 0.810 0.717 0.625 0.536 0.452 0.377 0.310 0.252 0.202 0.160 0.125 0.097 0.075 0.057 0.043 0.032 0.023 0.017 0.012 0.009 0.002 0.000 0.000 0.000 0.000 0.000
0.003 0.005 0.005 0.006 0.006 0.006 0.006 0.006 0.006 0.006 0.006 0.007 0.007 0.007 0.007 0.008 0.009 0.017 0.037 0.072 0.128 0.208 0.312 0.440 0.588 0.754 0.932 1.118 1.306 1.491 1.671 1.840 1.997 2.139 2.268 2.381 2.482 2.571 2.651 2.725 2.795 2.863 2.932 3.004 3.078 3.157 3.240 3.326 3.415 3.506 3.598 3.691 3.783 3.874 3.963 4.050 4.135 4.218 4.299 4.379 4.457 4.535 4.611 4.688 4.763 4.833 4.893 4.945 4.987 5.019 5.041 5.054 5.057 5.050 5.031 5.000 4.957 4.902 4.833 4.752 4.659 4.553 4.437 4.311 4.177 4.036 3.890 3.741 3.590 3.438 3.289 3.144 3.009 2.882 2.765 2.658 2.560 2.472 2.392 2.321 2.258 2.202 2.152 2.108 2.067 2.030 1.994 1.958 1.921 1.882 1.839 1.791 1.738 1.679 1.613 1.541 1.462 1.378 1.288 1.193 1.095 0.994 0.893 0.792 0.694 0.600 0.512 0.431 0.359 0.296 0.242 0.197 0.158 0.126 0.100 0.078 0.060 0.046 0.034 0.025 0.018 0.014 0.011 0.010 0.007 0.001 0.000 0.000 0.000 0.000 0.000 0.000 0.000 0.000
0.003 0.004 0.004 0.004 0.005 0.005 0.005 0.005 0.005 0.005 0.005 0.005 0.005 0.005 0.005 0.005 0.005 0.005 0.006 0.006 0.007 0.010 0.023 0.046 0.083 0.137 0.207 0.296 0.401 0.520 0.650 0.788 0.930 1.073 1.216 1.355 1.490 1.620 1.745 1.864 1.978 2.086 2.188 2.283 2.371 2.452 2.526 2.591 2.648 2.697 2.737 2.771 2.797 2.817 2.832 2.841 2.845 2.844 2.838 2.826 2.809 2.785 2.755 2.718 2.673 2.623 2.570 2.514 2.455 2.393 2.329 2.266 2.213 2.173 2.145 2.131 2.130 2.141 2.162 2.194 2.235 2.284 2.339 2.399 2.463 2.529 2.597 2.664 2.729 2.792 2.850 2.897 2.929 2.946 2.949 2.938 2.915 2.880 2.834 2.778 2.713 2.638 2.556 2.467 2.371 2.269 2.163 2.053 1.940 1.824 1.707 1.589 1.470 1.353 1.236 1.121 1.009 0.901 0.796 0.697 0.604 0.517 0.437 0.365 0.300 0.244 0.196 0.155 0.122 0.094 0.072 0.054 0.039 0.028 0.020 0.015 0.011 0.010 0.007 0.001 0.000 0.000 0.000 0.000 0.000 0.000 0.000 0.000 0.000 0.000 0.000 0.000 0.000 0.000
0.002 0.003 0.003 0.003 0.003 0.003 0.003 0.003 0.003 0.003 0.003 0.003 0.003 0.003 0.003 0.003 0.003 0.003 0.003 0.003 0.003 0.003 0.004 0.005 0.007 0.009 0.017 0.031 0.053 0.086 0.131 0.190 0.263 0.350 0.450 0.562 0.683 0.810 0.941 1.072 1.201 1.327 1.446 1.559 1.665 1.764 1.856 1.942 2.022 2.098 2.170 2.238 2.305 2.369 2.432 2.494 2.555 2.615 2.675 2.735 2.794 2.854 2.915 2.977 3.041 3.107 3.176 3.248 3.323 3.402 3.483 3.564 3.628 3.669 3.688 3.684 3.661 3.620 3.563 3.492 3.410 3.319 3.222 3.122 3.020 2.918 2.815 2.711 2.608 2.505 2.402 2.301 2.205 2.111 2.021 1.932 1.845 1.758 1.672 1.586 1.501 1.415 1.330 1.244 1.159 1.075 0.991 0.908 0.827 0.748 0.670 0.595 0.524 0.457 0.394 0.336 0.284 0.237 0.196 0.160 0.129 0.103 0.081 0.062 0.046 0.034 0.025 0.018 0.013 0.010 0.010 0.009 0.004 0.000 0.000 0.000 0.000 0.000 0.000 0.000 0.000 0.000 0.000 0.000 0.000 0.000 0.000 0.000 0.000 0.000 0.000 0.000 0.000 0.000
0.001 0.002 0.002 0.002 0.002 0.002 0.002 0.002 0.002 0.001 0.001 0.001 0.001 0.001 0.001 0.001 0.001 0.001 0.001 0.001 0.001 0.001 0.001 0.001 0.001 0.002 0.003 0.005 0.007 0.009 0.013 0.021 0.035 0.055 0.083 0.119 0.165 0.221 0.287 0.363 0.447 0.537 0.634 0.735 0.838 0.942 1.047 1.149 1.249 1.346 1.439 1.528 1.611 1.689 1.762 1.829 1.890 1.946 1.996 2.040 2.080 2.113 2.142 2.165 2.183 2.194 2.200 2.200 2.193 2.181 2.165 2.147 2.135 2.131 2.134 2.144 2.160 2.180 2.203 2.227 2.251 2.271 2.284 2.287 2.278 2.257 2.224 2.180 2.124 2.058 1.982 1.897 1.804 1.703 1.598 1.489 1.377 1.264 1.151 1.040 0.932 0.827 0.727 0.632 0.544 0.463 0.390 0.325 0.267 0.218 0.175 0.137 0.106 0.081 0.061 0.046 0.033 0.024 0.017 0.012 0.010 0.010 0.009 0.003 0.000 0.000 0.000 0.000 0.000 0.000 0.000 0.000 0.000 0.000 0.000 0.000 0.000 0.000 0.000 0.000 0.000 0.000 0.000 0.000 0.000 0.000 0.000 0.000 0.000 0.000 0.000 0.000 0.000 0.000
0.001 0.001 0.001 0.001 0.001 0.001 0.001 0.001 0.001 0.001 0.000 0.000 0.000 0.000 0.000 0.001 0.001 0.000 0.000 0.000 0.000 0.000 0.000 0.000 0.000 0.000 0.000 0.000 0.001 0.001 0.003 0.004 0.006 0.007 0.009 0.012 0.019 0.029 0.043 0.061 0.085 0.114 0.149 0.190 0.238 0.291 0.350 0.414 0.483 0.556 0.631 0.708 0.787 0.866 0.945 1.023 1.100 1.176 1.249 1.321 1.390 1.456 1.521 1.582 1.640 1.695 1.747 1.795 1.839 1.875 1.899 1.910 1.909 1.896 1.871 1.833 1.784 1.723 1.653 1.573 1.485 1.391 1.294 1.195 1.097 0.999 0.904 0.812 0.724 0.641 0.563 0.491 0.424 0.362 0.306 0.256 0.213 0.175 0.142 0.114 0.091 0.071 0.055 0.042 0.031 0.023 0.017 0.012 0.010 0.009 0.009 0.005 0.000 0.000 0.000 0.000 0.000 0.000 0.000 0.000 0.000 0.000 0.000 0.000 0.000 0.000 0.000 0.000 0.000 0.000 0.000 0.000 0.000 0.000 0.000 0.000 0.000 0.000 0.000 0.000 0.000 0.000 0.000 0.000 0.000 0.000 0.000 0.000 0.000 0.000 0.000 0.000 0.000 0.000
0.000 0.000 0.000 0.000 0.000 0.000 0.000 0.000 0.000 0.000 0.000 0.000 0.000 0.000 0.001 0.001 0.002 0.002 0.000 0.000 0.000 0.000 0.000 0.000 0.000 0.000 0.000 0.000 0.000 0.000 0.000 0.000 0.000 0.001 0.001 0.002 0.003 0.004 0.005 0.007 0.008 0.009 0.012 0.017 0.023 0.032 0.042 0.055 0.070 0.087 0.107 0.128 0.152 0.177 0.204 0.231 0.258 0.284 0.309 0.333 0.353 0.370 0.384 0.393 0.397 0.395 0.388 0.376 0.358 0.337 0.313 0.289 0.264 0.239 0.214 0.190 0.167 0.145 0.124 0.105 0.088 0.073 0.059 0.048 0.038 0.030 0.023 0.017 0.012 0.010 0.009 0.009 0.009 0.004 0.000 0.000 0.000 0.000 0.000 0.000 0.000 0.000 0.000 0.000 0.000 0.000 0.000 0.000 0.000 0.000 0.000 0.000 0.000 0.000 0.000 0.000 0.000 0.000 0.000 0.000 0.000 0.000 0.000 0.000 0.000 0.000 0.000 0.000 0.000 0.000 0.000 0.000 0.000 0.000 0.000 0.000 0.000 0.000 0.000 0.000 0.000 0.000 0.000 0.000 0.000 0.000 0.000 0.000 0.000 0.000 0.000 0.000 0.000 0.000
0.000 0.000 0.000 0.000 0.000 0.000 0.000 0.000 0.001 0.002 0.001 0.000 0.000 0.000 0.000 0.000 0.000 0.000 0.000 0.000 0.000 0.000 0.000 0.000 0.000 0.000 0.000 0.000 0.000 0.000 0.000 0.000 0.000 0.000 0.000 0.000 0.000 0.000 0.000 0.000 0.000 0.000 0.000 0.000 0.000 0.000 0.000 0.000 0.000 0.000 0.000 0.000 0.000 0.000 0.000 0.000 0.000 0.000 0.000 0.000 0.000 0.000 0.000 0.000 0.000 0.000 0.000 0.000 0.000 0.000 0.000 0.000 0.000 0.000 0.000 0.000 0.000 0.000 0.000 0.000 0.000 0.000 0.000 0.000 0.000 0.000 0.000 0.000 0.000 0.000 0.000 0.000 0.000 0.000 0.000 0.000 0.000 0.000 0.000 0.000 0.000 0.000 0.000 0.000 0.000 0.000 0.000 0.000 0.000 0.000 0.000 0.000 0.000 0.000 0.000 0.000 0.000 0.000 0.000 0.000 0.000 0.000 0.000 0.000 0.000 0.000 0.000 0.000 0.000 0.000 0.000 0.000 0.000 0.000 0.000 0.000 0.000 0.000 0.000 0.000 0.000 0.000 0.000 0.000 0.000 0.000 0.000 0.000 0.000 0.000 0.000 0.000 0.000 0.000
