Examples/2023_ISeeSnow/data/CoulombOnly/Results/curv77s/h/1HS_03_curv77s_MoT-Voellmy_h_0053.asc
ncols        157
nrows        47
xllcorner    3222.5
yllcorner    -4367.5
cellsize     5.00
NODATA_value -9999
[rows 0 to 33 of 47, columns 77 to 153 of 157]
0.003 0.003 0.003 0.003 0.004 0.004 0.004 0.004 0.005 0.005 0.005 0.005 0.005 0.005 0.005 0.005 0.004 0.004 0.004 0.003 0.003 0.002 0.002 0.001 0.001 0.001 0.000 0.000 0.000 0.000 0.000 0.000 0.000 0.000 0.000 0.000 0.000 0.000 0.000 0.000 0.000 0.000 0.000 0.000 0.000 0.000 0.000 0.000 0.000 0.000 0.000 0.000 0.000 0.000 0.000 0.000 0.000 0.000 0.000 0.000 0.000 0.000 0.000 0.000 0.000 0.000 0.000 0.000 0.000 0.000 0.000 0.000 0.000 0.000 0.000 0.000 0.000
0.008 0.009 0.010 0.010 0.011 0.012 0.013 0.014 0.015 0.015 0.016 0.017 0.017 0.017 0.017 0.017 0.017 0.017 0.016 0.016 0.015 0.014 0.013 0.012 0.011 0.010 0.008 0.006 0.004 0.003 0.002 0.001 0.001 0.000 0.000 0.000 0.000 0.000 0.000 0.000 0.000 0.000 0.000 0.000 0.000 0.000 0.000 0.000 0.000 0.000 0.000 0.000 0.000 0.000 0.000 0.000 0.000 0.000 0.000 0.000 0.000 0.000 0.000 0.000 0.000 0.000 0.000 0.000 0.000 0.000 0.000 0.000 0.000 0.000 0.000 0.000 0.000
0.022 0.024 0.026 0.029 0.031 0.033 0.035 0.037 0.039 0.041 0.042 0.044 0.044 0.045 0.045 0.045 0.045 0.044 0.043 0.041 0.039 0.037 0.035 0.033 0.030 0.028 0.025 0.023 0.020 0.018 0.015 0.013 0.011 0.010 0.006 0.003 0.002 0.001 0.000 0.000 0.000 0.000 0.000 0.000 0.000 0.000 0.000 0.000 0.000 0.000 0.000 0.000 0.000 0.000 0.000 0.000 0.000 0.000 0.000 0.000 0.000 0.000 0.000 0.000 0.000 0.000 0.000 0.000 0.000 0.000 0.000 0.000 0.000 0.000 0.000 0.000 0.000
0.055 0.059 0.064 0.069 0.074 0.079 0.083 0.087 0.090 0.094 0.096 0.098 0.100 0.101 0.101 0.101 0.100 0.098 0.095 0.092 0.089 0.085 0.080 0.076 0.070 0.065 0.060 0.054 0.049 0.043 0.038 0.033 0.029 0.025 0.021 0.018 0.015 0.012 0.010 0.006 0.002 0.001 0.000 0.000 0.000 0.000 0.000 0.000 0.000 0.000 0.000 0.000 0.000 0.000 0.000 0.000 0.000 0.000 0.000 0.000 0.000 0.000 0.000 0.000 0.000 0.000 0.000 0.000 0.000 0.000 0.000 0.000 0.000 0.000 0.000 0.000 0.000
0.118 0.127 0.136 0.144 0.152 0.160 0.167 0.173 0.179 0.184 0.188 0.191 0.193 0.194 0.194 0.193 0.191 0.188 0.184 0.178 0.172 0.165 0.157 0.149 0.140 0.131 0.121 0.111 0.101 0.091 0.082 0.072 0.064 0.055 0.048 0.041 0.035 0.029 0.024 0.020 0.016 0.013 0.010 0.007 0.002 0.001 0.000 0.000 0.000 0.000 0.000 0.000 0.000 0.000 0.000 0.000 0.000 0.000 0.000 0.000 0.000 0.000 0.000 0.000 0.000 0.000 0.000 0.000 0.000 0.000 0.000 0.000 0.000 0.000 0.000 0.000 0.000
0.220 0.234 0.246 0.258 0.270 0.280 0.290 0.298 0.306 0.312 0.317 0.320 0.323 0.323 0.323 0.321 0.317 0.312 0.306 0.298 0.289 0.279 0.267 0.255 0.241 0.227 0.212 0.197 0.181 0.166 0.150 0.135 0.121 0.107 0.094 0.081 0.070 0.060 0.050 0.042 0.035 0.029 0.023 0.019 0.015 0.012 0.009 0.004 0.001 0.000 0.000 0.000 0.000 0.000 0.000 0.000 0.000 0.000 0.000 0.000 0.000 0.000 0.000 0.000 0.000 0.000 0.000 0.000 0.000 0.000 0.000 0.000 0.000 0.000 0.000 0.000 0.000
0.359 0.375 0.391 0.405 0.419 0.431 0.441 0.451 0.459 0.465 0.470 0.473 0.475 0.474 0.473 0.469 0.464 0.457 0.449 0.439 0.427 0.413 0.399 0.382 0.365 0.346 0.327 0.306 0.286 0.264 0.243 0.222 0.201 0.180 0.161 0.142 0.124 0.108 0.093 0.079 0.067 0.056 0.046 0.038 0.031 0.025 0.020 0.016 0.012 0.010 0.004 0.001 0.000 0.000 0.000 0.000 0.000 0.000 0.000 0.000 0.000 0.000 0.000 0.000 0.000 0.000 0.000 0.000 0.000 0.000 0.000 0.000 0.000 0.000 0.000 0.000 0.000
0.517 0.535 0.551 0.566 0.579 0.591 0.601 0.610 0.616 0.622 0.625 0.627 0.628 0.626 0.623 0.618 0.611 0.603 0.593 0.581 0.567 0.551 0.534 0.515 0.495 0.474 0.451 0.427 0.402 0.376 0.350 0.324 0.297 0.271 0.245 0.220 0.196 0.173 0.152 0.132 0.113 0.097 0.082 0.068 0.056 0.046 0.038 0.030 0.024 0.019 0.015 0.012 0.009 0.003 0.000 0.000 0.000 0.000 0.000 0.000 0.000 0.000 0.000 0.000 0.000 0.000 0.000 0.000 0.000 0.000 0.000 0.000 0.000 0.000 0.000 0.000 0.000
0.674 0.691 0.706 0.719 0.730 0.740 0.749 0.755 0.760 0.764 0.766 0.766 0.765 0.762 0.757 0.750 0.742 0.733 0.721 0.708 0.693 0.676 0.658 0.638 0.617 0.593 0.569 0.543 0.516 0.488 0.459 0.429 0.399 0.368 0.338 0.308 0.279 0.251 0.223 0.197 0.173 0.150 0.129 0.110 0.093 0.078 0.064 0.053 0.043 0.035 0.028 0.022 0.017 0.014 0.011 0.006 0.001 0.000 0.000 0.000 0.000 0.000 0.000 0.000 0.000 0.000 0.000 0.000 0.000 0.000 0.000 0.000 0.000 0.000 0.000 0.000 0.000
0.814 0.828 0.840 0.850 0.859 0.866 0.872 0.877 0.880 0.881 0.881 0.879 0.876 0.872 0.866 0.858 0.849 0.839 0.827 0.813 0.798 0.780 0.762 0.742 0.720 0.696 0.671 0.645 0.617 0.588 0.558 0.527 0.495 0.462 0.429 0.396 0.364 0.332 0.300 0.269 0.240 0.212 0.186 0.161 0.139 0.119 0.100 0.084 0.070 0.057 0.047 0.038 0.030 0.024 0.019 0.015 0.011 0.008 0.002 0.000 0.000 0.000 0.000 0.000 0.000 0.000 0.000 0.000 0.000 0.000 0.000 0.000 0.000 0.000 0.000 0.000 0.000
0.927 0.938 0.947 0.954 0.960 0.965 0.968 0.970 0.971 0.971 0.969 0.966 0.962 0.956 0.949 0.941 0.931 0.920 0.908 0.894 0.878 0.862 0.843 0.823 0.802 0.778 0.754 0.728 0.700 0.671 0.641 0.610 0.578 0.545 0.511 0.477 0.443 0.409 0.375 0.341 0.309 0.277 0.247 0.218 0.191 0.166 0.143 0.122 0.103 0.086 0.072 0.059 0.048 0.039 0.031 0.025 0.019 0.015 0.012 0.009 0.003 0.000 0.000 0.000 0.000 0.000 0.000 0.000 0.000 0.000 0.000 0.000 0.000 0.000 0.000 0.000 0.000
1.012 1.020 1.026 1.031 1.034 1.036 1.038 1.038 1.037 1.035 1.032 1.027 1.022 1.016 1.008 1.000 0.990 0.979 0.967 0.953 0.938 0.921 0.903 0.884 0.863 0.841 0.817 0.792 0.765 0.737 0.708 0.677 0.646 0.613 0.580 0.546 0.511 0.477 0.442 0.407 0.373 0.339 0.306 0.274 0.244 0.216 0.189 0.164 0.141 0.120 0.102 0.085 0.071 0.058 0.047 0.038 0.031 0.024 0.019 0.015 0.012 0.009 0.003 0.000 0.000 0.000 0.000 0.000 0.000 0.000 0.000 0.000 0.000 0.000 0.000 0.000 0.000
1.071 1.075 1.079 1.081 1.082 1.083 1.082 1.081 1.079 1.076 1.072 1.067 1.061 1.055 1.047 1.039 1.029 1.018 1.007 0.993 0.979 0.963 0.946 0.927 0.907 0.886 0.863 0.838 0.813 0.786 0.758 0.728 0.698 0.666 0.634 0.600 0.566 0.532 0.497 0.463 0.428 0.393 0.359 0.326 0.294 0.263 0.234 0.206 0.180 0.156 0.134 0.114 0.096 0.080 0.067 0.055 0.045 0.036 0.029 0.023 0.018 0.014 0.011 0.008 0.002 0.000 0.000 0.000 0.000 0.000 0.000 0.000 0.000 0.000 0.000 0.000 0.000
1.103 1.105 1.106 1.107 1.107 1.106 1.104 1.102 1.099 1.096 1.092 1.088 1.082 1.076 1.070 1.062 1.053 1.044 1.033 1.020 1.007 0.992 0.975 0.957 0.938 0.917 0.895 0.871 0.846 0.820 0.792 0.764 0.734 0.703 0.672 0.640 0.607 0.573 0.540 0.506 0.471 0.437 0.403 0.370 0.337 0.305 0.274 0.244 0.216 0.190 0.165 0.143 0.122 0.104 0.087 0.073 0.060 0.049 0.040 0.032 0.026 0.021 0.016 0.013 0.010 0.006 0.001 0.000 0.000 0.000 0.000 0.000 0.000 0.000 0.000 0.000 0.000
1.109 1.110 1.110 1.110 1.109 1.108 1.106 1.105 1.103 1.100 1.098 1.095 1.091 1.087 1.082 1.076 1.069 1.061 1.052 1.041 1.028 1.014 0.998 0.981 0.962 0.941 0.919 0.895 0.869 0.843 0.815 0.787 0.757 0.727 0.696 0.665 0.633 0.600 0.568 0.535 0.501 0.468 0.435 0.402 0.369 0.337 0.306 0.275 0.246 0.219 0.193 0.168 0.146 0.125 0.107 0.090 0.075 0.063 0.052 0.042 0.034 0.028 0.022 0.018 0.014 0.011 0.008 0.002 0.000 0.000 0.000 0.000 0.000 0.000 0.000 0.000 0.000
1.090 1.090 1.090 1.091 1.091 1.091 1.092 1.093 1.094 1.095 1.095 1.096 1.096 1.095 1.093 1.091 1.087 1.081 1.074 1.065 1.054 1.040 1.025 1.007 0.988 0.966 0.943 0.917 0.891 0.863 0.833 0.803 0.773 0.741 0.710 0.678 0.646 0.614 0.582 0.550 0.517 0.485 0.453 0.421 0.390 0.358 0.327 0.297 0.268 0.240 0.213 0.188 0.164 0.142 0.122 0.104 0.088 0.074 0.061 0.051 0.042 0.034 0.027 0.022 0.018 0.014 0.011 0.009 0.002 0.000 0.000 0.000 0.000 0.000 0.000 0.000 0.000
1.051 1.053 1.056 1.060 1.064 1.069 1.075 1.081 1.088 1.094 1.101 1.107 1.112 1.116 1.119 1.120 1.119 1.116 1.111 1.103 1.093 1.080 1.065 1.047 1.026 1.003 0.977 0.949 0.919 0.888 0.855 0.822 0.787 0.753 0.718 0.684 0.650 0.617 0.584 0.552 0.520 0.489 0.458 0.427 0.397 0.366 0.337 0.308 0.279 0.252 0.225 0.199 0.176 0.153 0.133 0.114 0.097 0.082 0.068 0.057 0.047 0.038 0.031 0.025 0.021 0.017 0.013 0.011 0.008 0.001 0.000 0.000 0.000 0.000 0.000 0.000 0.000
0.895 0.907 0.921 0.935 0.950 0.965 0.980 0.995 1.010 1.023 1.036 1.048 1.059 1.068 1.076 1.082 1.086 1.089 1.089 1.087 1.083 1.076 1.066 1.054 1.039 1.020 0.999 0.975 0.947 0.917 0.885 0.850 0.814 0.776 0.738 0.699 0.660 0.622 0.585 0.550 0.515 0.482 0.450 0.420 0.390 0.361 0.333 0.305 0.278 0.251 0.226 0.201 0.178 0.156 0.135 0.117 0.100 0.085 0.071 0.060 0.049 0.041 0.034 0.027 0.022 0.018 0.015 0.012 0.010 0.005 0.000 0.000 0.000 0.000 0.000 0.000 0.000
0.179 0.188 0.198 0.210 0.223 0.237 0.252 0.267 0.284 0.302 0.320 0.340 0.360 0.380 0.401 0.422 0.443 0.464 0.484 0.504 0.522 0.539 0.555 0.568 0.580 0.589 0.595 0.598 0.598 0.595 0.589 0.580 0.570 0.557 0.543 0.527 0.511 0.495 0.477 0.460 0.441 0.422 0.401 0.379 0.357 0.333 0.308 0.283 0.257 0.232 0.208 0.185 0.164 0.144 0.125 0.109 0.094 0.080 0.068 0.058 0.048 0.040 0.034 0.028 0.023 0.019 0.016 0.013 0.011 0.009 0.002 0.000 0.000 0.000 0.000 0.000 0.000
3.464 3.488 3.504 3.513 3.514 3.508 3.494 3.474 3.446 3.411 3.370 3.323 3.270 3.212 3.149 3.080 3.008 2.931 2.851 2.768 2.682 2.593 2.501 2.408 2.312 2.215 2.116 2.015 1.913 1.808 1.702 1.595 1.485 1.375 1.264 1.153 1.043 0.934 0.829 0.728 0.634 0.546 0.467 0.396 0.335 0.282 0.238 0.203 0.173 0.150 0.131 0.116 0.103 0.092 0.083 0.074 0.066 0.059 0.053 0.047 0.041 0.036 0.031 0.027 0.023 0.020 0.017 0.014 0.012 0.010 0.008 0.001 0.000 0.000 0.000 0.000 0.000
0.026 0.024 0.023 0.022 0.021 0.021 0.020 0.021 0.022 0.023 0.025 0.027 0.029 0.031 0.034 0.035 0.037 0.038 0.038 0.039 0.039 0.039 0.039 0.040 0.041 0.042 0.042 0.043 0.044 0.044 0.045 0.045 0.044 0.044 0.042 0.041 0.039 0.037 0.034 0.031 0.027 0.024 0.020 0.017 0.014 0.012 0.011 0.010 0.010 0.011 0.012 0.013 0.014 0.016 0.017 0.019 0.020 0.021 0.021 0.021 0.021 0.021 0.020 0.020 0.019 0.017 0.016 0.014 0.013 0.011 0.010 0.008 0.002 0.000 0.000 0.000 0.000
5.914 5.911 5.900 5.881 5.856 5.823 5.785 5.741 5.692 5.638 5.580 5.519 5.456 5.391 5.325 5.258 5.191 5.123 5.054 4.984 4.914 4.841 4.766 4.689 4.608 4.524 4.438 4.348 4.255 4.158 4.056 3.949 3.838 3.722 3.601 3.475 3.344 3.208 3.066 2.918 2.765 2.607 2.444 2.280 2.115 1.951 1.790 1.632 1.479 1.332 1.192 1.060 0.937 0.823 0.718 0.622 0.536 0.458 0.388 0.327 0.272 0.225 0.184 0.149 0.119 0.095 0.074 0.058 0.045 0.035 0.026 0.020 0.015 0.012 0.009 0.002 0.000
0.047 0.056 0.066 0.077 0.088 0.099 0.111 0.123 0.136 0.150 0.164 0.177 0.191 0.204 0.216 0.228 0.238 0.247 0.254 0.260 0.263 0.264 0.263 0.259 0.253 0.244 0.232 0.217 0.200 0.180 0.159 0.137 0.115 0.094 0.075 0.057 0.043 0.031 0.023 0.017 0.014 0.012 0.011 0.011 0.010 0.010 0.010 0.010 0.011 0.013 0.014 0.015 0.015 0.014 0.013 0.011 0.009 0.005 0.001 0.000 0.000 0.000 0.000 0.000 0.000 0.000 0.000 0.000 0.000 0.000 0.000 0.000 0.000 0.000 0.000 0.000 0.000
6.775 6.817 6.855 6.889 6.919 6.945 6.967 6.985 6.999 7.010 7.016 7.018 7.016 7.010 7.000 6.986 6.967 6.944 6.916 6.884 6.846 6.803 6.754 6.700 6.639 6.571 6.497 6.415 6.326 6.229 6.124 6.011 5.890 5.761 5.623 5.478 5.325 5.164 4.997 4.822 4.641 4.455 4.263 4.067 3.867 3.664 3.458 3.250 3.042 2.833 2.626 2.421 2.218 2.020 1.827 1.641 1.463 1.294 1.135 0.986 0.850 0.725 0.613 0.513 0.425 0.349 0.283 0.228 0.182 0.144 0.112 0.087 0.067 0.051 0.039 0.029 0.022
0.047 0.056 0.066 0.077 0.088 0.099 0.111 0.123 0.136 0.150 0.164 0.177 0.191 0.204 0.216 0.228 0.238 0.247 0.254 0.259 0.262 0.264 0.262 0.259 0.253 0.244 0.232 0.217 0.199 0.180 0.159 0.137 0.115 0.094 0.075 0.058 0.043 0.032 0.023 0.017 0.014 0.012 0.011 0.011 0.010 0.010 0.010 0.011 0.012 0.013 0.014 0.015 0.015 0.014 0.013 0.011 0.009 0.005 0.001 0.000 0.000 0.000 0.000 0.000 0.000 0.000 0.000 0.000 0.000 0.000 0.000 0.000 0.000 0.000 0.000 0.000 0.000
5.916 5.913 5.902 5.883 5.857 5.824 5.786 5.742 5.693 5.639 5.581 5.521 5.458 5.393 5.327 5.260 5.193 5.125 5.056 4.987 4.916 4.844 4.769 4.691 4.610 4.527 4.440 4.350 4.257 4.159 4.057 3.950 3.839 3.722 3.601 3.475 3.344 3.207 3.065 2.918 2.764 2.606 2.444 2.279 2.114 1.950 1.789 1.631 1.478 1.331 1.192 1.060 0.937 0.823 0.718 0.622 0.536 0.458 0.388 0.327 0.272 0.225 0.184 0.149 0.119 0.095 0.074 0.058 0.045 0.035 0.026 0.020 0.015 0.012 0.009 0.002 0.000
0.026 0.024 0.023 0.022 0.021 0.020 0.020 0.021 0.022 0.023 0.025 0.027 0.029 0.031 0.033 0.035 0.037 0.038 0.038 0.039 0.039 0.039 0.039 0.040 0.040 0.041 0.042 0.043 0.044 0.044 0.044 0.044 0.044 0.043 0.042 0.041 0.039 0.036 0.034 0.031 0.027 0.024 0.020 0.017 0.014 0.012 0.011 0.010 0.010 0.011 0.012 0.013 0.014 0.016 0.017 0.019 0.020 0.021 0.021 0.021 0.021 0.021 0.020 0.020 0.018 0.017 0.016 0.014 0.013 0.011 0.010 0.008 0.002 0.000 0.000 0.000 0.000
3.465 3.489 3.506 3.514 3.516 3.509 3.496 3.475 3.447 3.413 3.372 3.325 3.272 3.213 3.150 3.082 3.009 2.933 2.853 2.769 2.683 2.594 2.503 2.409 2.314 2.216 2.117 2.016 1.913 1.809 1.703 1.595 1.486 1.375 1.264 1.153 1.043 0.934 0.829 0.728 0.634 0.546 0.466 0.396 0.334 0.282 0.238 0.202 0.173 0.150 0.131 0.116 0.103 0.092 0.083 0.074 0.066 0.059 0.053 0.047 0.041 0.036 0.031 0.027 0.023 0.020 0.017 0.014 0.012 0.010 0.008 0.001 0.000 0.000 0.000 0.000 0.000
0.179 0.188 0.198 0.210 0.223 0.237 0.251 0.267 0.284 0.302 0.320 0.339 0.359 0.379 0.400 0.421 0.442 0.463 0.483 0.503 0.521 0.538 0.554 0.567 0.579 0.587 0.593 0.596 0.597 0.594 0.588 0.579 0.569 0.556 0.542 0.527 0.511 0.494 0.477 0.459 0.441 0.421 0.401 0.379 0.356 0.332 0.308 0.282 0.257 0.232 0.208 0.185 0.164 0.144 0.125 0.109 0.094 0.080 0.068 0.058 0.048 0.040 0.034 0.028 0.023 0.019 0.016 0.013 0.011 0.009 0.002 0.000 0.000 0.000 0.000 0.000 0.000
0.895 0.907 0.921 0.935 0.950 0.965 0.980 0.995 1.009 1.023 1.036 1.048 1.058 1.068 1.075 1.082 1.086 1.088 1.089 1.087 1.082 1.075 1.066 1.053 1.038 1.020 0.998 0.974 0.947 0.917 0.885 0.850 0.814 0.776 0.737 0.699 0.660 0.622 0.585 0.549 0.515 0.482 0.450 0.420 0.390 0.361 0.333 0.305 0.278 0.251 0.226 0.201 0.178 0.156 0.135 0.117 0.100 0.085 0.071 0.060 0.049 0.041 0.034 0.027 0.022 0.018 0.015 0.012 0.010 0.005 0.000 0.000 0.000 0.000 0.000 0.000 0.000
1.051 1.053 1.056 1.060 1.064 1.069 1.075 1.081 1.088 1.094 1.100 1.106 1.112 1.116 1.118 1.119 1.119 1.116 1.111 1.103 1.093 1.080 1.065 1.046 1.026 1.002 0.977 0.949 0.919 0.888 0.855 0.821 0.787 0.753 0.718 0.684 0.650 0.617 0.584 0.552 0.520 0.489 0.458 0.427 0.396 0.366 0.337 0.308 0.279 0.251 0.225 0.199 0.176 0.153 0.133 0.114 0.097 0.082 0.068 0.057 0.047 0.038 0.031 0.025 0.021 0.017 0.013 0.011 0.008 0.001 0.000 0.000 0.000 0.000 0.000 0.000 0.000
1.090 1.090 1.090 1.090 1.091 1.091 1.092 1.093 1.093 1.094 1.095 1.096 1.096 1.095 1.093 1.091 1.086 1.081 1.074 1.064 1.053 1.040 1.025 1.007 0.988 0.966 0.942 0.917 0.890 0.862 0.833 0.803 0.772 0.741 0.710 0.678 0.646 0.614 0.582 0.550 0.517 0.485 0.453 0.421 0.390 0.358 0.327 0.297 0.268 0.240 0.213 0.188 0.164 0.142 0.122 0.104 0.088 0.074 0.061 0.051 0.042 0.034 0.027 0.022 0.018 0.014 0.011 0.009 0.002 0.000 0.000 0.000 0.000 0.000 0.000 0.000 0.000
1.109 1.110 1.110 1.109 1.109 1.107 1.106 1.104 1.102 1.100 1.098 1.095 1.091 1.087 1.082 1.076 1.069 1.061 1.052 1.041 1.028 1.014 0.998 0.981 0.962 0.941 0.918 0.895 0.869 0.843 0.815 0.787 0.757 0.727 0.696 0.665 0.633 0.600 0.568 0.535 0.501 0.468 0.435 0.402 0.369 0.337 0.306 0.275 0.246 0.219 0.193 0.168 0.146 0.125 0.107 0.090 0.075 0.063 0.052 0.042 0.034 0.028 0.022 0.018 0.014 0.011 0.008 0.002 0.000 0.000 0.000 0.000 0.000 0.000 0.000 0.000 0.000
1.103 1.105 1.106 1.107 1.107 1.106 1.104 1.102 1.099 1.096 1.092 1.088 1.082 1.076 1.070 1.062 1.053 1.043 1.032 1.020 1.007 0.992 0.975 0.957 0.938 0.917 0.895 0.871 0.846 0.820 0.792 0.764 0.734 0.703 0.672 0.640 0.607 0.573 0.540 0.506 0.471 0.437 0.403 0.370 0.337 0.305 0.274 0.244 0.216 0.190 0.165 0.143 0.122 0.104 0.087 0.073 0.060 0.049 0.040 0.032 0.026 0.021 0.016 0.013 0.010 0.006 0.001 0.000 0.000 0.000 0.000 0.000 0.000 0.000 0.000 0.000 0.000
