Examples/2023_ISeeSnow/data/CoulombOnly/Results/curv77s/h/1HS_03_curv77s_MoT-Voellmy_h_0043.asc
ncols        189
nrows        19
xllcorner    2427.5
yllcorner    -4297.5
cellsize     5.00
NODATA_value -9999
[rows 0 to 18 of 19, columns 77 to 153 of 189]
0.000 0.000 0.000 0.000 0.000 0.000 0.000 0.000 0.000 0.000 0.000 0.001 0.001 0.001 0.001 0.001 0.002 0.002 0.002 0.002 0.003 0.003 0.003 0.003 0.004 0.004 0.004 0.004 0.004 0.004 0.004 0.004 0.004 0.004 0.004 0.004 0.004 0.004 0.003 0.003 0.003 0.003 0.003 0.002 0.002 0.002 0.002 0.001 0.001 0.001 0.001 0.001 0.001 0.001 0.000 0.000 0.000 0.000 0.000 0.000 0.000 0.000 0.000 0.000 0.000 0.000 0.000 0.000 0.000 0.000 0.000 0.000 0.000 0.000 0.000 0.000 0.000
0.000 0.001 0.001 0.001 0.001 0.002 0.002 0.003 0.004 0.005 0.006 0.008 0.009 0.011 0.013 0.015 0.018 0.020 0.023 0.026 0.029 0.032 0.034 0.037 0.039 0.042 0.043 0.045 0.047 0.048 0.049 0.049 0.049 0.049 0.049 0.049 0.048 0.047 0.046 0.045 0.043 0.041 0.040 0.038 0.036 0.034 0.032 0.030 0.028 0.025 0.023 0.021 0.019 0.017 0.016 0.014 0.012 0.011 0.009 0.006 0.003 0.003 0.002 0.002 0.001 0.001 0.001 0.000 0.000 0.000 0.000 0.000 0.000 0.000 0.000 0.000 0.000
0.001 0.004 0.007 0.010 0.015 0.022 0.030 0.040 0.051 0.064 0.077 0.092 0.107 0.123 0.138 0.154 0.169 0.184 0.198 0.211 0.223 0.234 0.243 0.252 0.259 0.265 0.270 0.273 0.276 0.277 0.277 0.276 0.274 0.272 0.268 0.264 0.259 0.254 0.248 0.241 0.234 0.226 0.218 0.210 0.201 0.192 0.183 0.174 0.164 0.154 0.144 0.134 0.125 0.115 0.105 0.096 0.087 0.078 0.070 0.062 0.055 0.048 0.042 0.036 0.031 0.027 0.022 0.019 0.016 0.013 0.010 0.006 0.002 0.001 0.001 0.001 0.000
0.148 0.188 0.232 0.278 0.326 0.375 0.423 0.471 0.517 0.561 0.603 0.642 0.678 0.710 0.739 0.764 0.786 0.804 0.820 0.831 0.840 0.847 0.850 0.851 0.850 0.847 0.843 0.836 0.828 0.819 0.809 0.797 0.785 0.772 0.758 0.743 0.727 0.711 0.694 0.677 0.659 0.641 0.622 0.603 0.583 0.562 0.541 0.520 0.498 0.475 0.452 0.429 0.405 0.381 0.357 0.333 0.309 0.285 0.261 0.238 0.216 0.195 0.175 0.156 0.139 0.122 0.107 0.093 0.080 0.068 0.057 0.048 0.040 0.033 0.026 0.021 0.017
1.270 1.342 1.406 1.461 1.508 1.547 1.579 1.603 1.620 1.631 1.637 1.638 1.634 1.627 1.616 1.603 1.587 1.570 1.551 1.531 1.510 1.489 1.467 1.445 1.424 1.403 1.382 1.361 1.341 1.320 1.300 1.281 1.261 1.241 1.221 1.201 1.181 1.161 1.140 1.119 1.098 1.076 1.053 1.030 1.006 0.982 0.956 0.929 0.901 0.872 0.841 0.809 0.776 0.741 0.705 0.669 0.631 0.593 0.555 0.517 0.479 0.441 0.406 0.372 0.339 0.308 0.277 0.249 0.222 0.197 0.173 0.151 0.131 0.113 0.097 0.082 0.069
2.619 2.629 2.639 2.647 2.656 2.664 2.672 2.680 2.688 2.695 2.703 2.709 2.715 2.720 2.723 2.725 2.725 2.722 2.718 2.711 2.702 2.690 2.675 2.658 2.638 2.615 2.590 2.563 2.532 2.500 2.466 2.429 2.391 2.350 2.308 2.264 2.219 2.172 2.123 2.072 2.019 1.965 1.908 1.850 1.790 1.727 1.663 1.597 1.530 1.461 1.391 1.321 1.250 1.180 1.110 1.041 0.973 0.907 0.843 0.781 0.722 0.666 0.616 0.569 0.526 0.486 0.448 0.412 0.379 0.348 0.318 0.290 0.264 0.238 0.214 0.191 0.170
2.155 2.139 2.122 2.104 2.085 2.066 2.047 2.027 2.008 1.990 1.973 1.957 1.942 1.929 1.918 1.909 1.903 1.898 1.895 1.893 1.894 1.896 1.899 1.903 1.907 1.911 1.915 1.918 1.920 1.920 1.917 1.912 1.903 1.891 1.875 1.856 1.832 1.805 1.773 1.738 1.699 1.657 1.613 1.566 1.516 1.465 1.413 1.360 1.306 1.251 1.196 1.141 1.085 1.030 0.975 0.920 0.866 0.812 0.759 0.707 0.657 0.608 0.564 0.521 0.481 0.443 0.408 0.376 0.347 0.321 0.298 0.277 0.259 0.243 0.229 0.216 0.204
4.477 4.512 4.540 4.563 4.578 4.586 4.586 4.580 4.566 4.544 4.515 4.479 4.437 4.387 4.332 4.270 4.203 4.132 4.055 3.975 3.891 3.805 3.716 3.625 3.532 3.439 3.345 3.252 3.158 3.065 2.973 2.883 2.794 2.707 2.622 2.539 2.459 2.382 2.308 2.237 2.169 2.104 2.044 1.987 1.933 1.884 1.839 1.798 1.761 1.728 1.701 1.677 1.658 1.643 1.633 1.626 1.622 1.620 1.620 1.620 1.619 1.619 1.622 1.621 1.613 1.598 1.575 1.544 1.505 1.458 1.403 1.341 1.273 1.201 1.125 1.046 0.966
3.079 3.050 3.021 2.991 2.961 2.931 2.902 2.873 2.844 2.816 2.788 2.760 2.732 2.704 2.676 2.647 2.618 2.588 2.558 2.526 2.494 2.460 2.425 2.388 2.351 2.311 2.271 2.230 2.188 2.145 2.102 2.058 2.015 1.971 1.928 1.886 1.844 1.803 1.763 1.724 1.686 1.649 1.613 1.577 1.542 1.508 1.473 1.438 1.402 1.366 1.328 1.288 1.246 1.202 1.155 1.105 1.053 0.998 0.940 0.880 0.819 0.758 0.698 0.638 0.580 0.522 0.468 0.416 0.368 0.324 0.283 0.247 0.215 0.187 0.163 0.142 0.125
4.520 4.528 4.534 4.538 4.541 4.541 4.540 4.536 4.531 4.524 4.515 4.505 4.492 4.477 4.461 4.443 4.422 4.400 4.377 4.351 4.323 4.294 4.263 4.231 4.197 4.161 4.124 4.085 4.045 4.004 3.961 3.917 3.872 3.825 3.778 3.730 3.681 3.631 3.581 3.530 3.478 3.426 3.374 3.321 3.268 3.215 3.162 3.109 3.055 3.002 2.948 2.895 2.841 2.787 2.733 2.679 2.624 2.569 2.514 2.458 2.402 2.349 2.305 2.258 2.210 2.160 2.109 2.055 2.001 1.944 1.885 1.825 1.763 1.698 1.633 1.565 1.496
3.079 3.051 3.021 2.992 2.962 2.932 2.903 2.874 2.845 2.817 2.788 2.760 2.732 2.704 2.676 2.648 2.618 2.589 2.558 2.526 2.493 2.459 2.424 2.388 2.350 2.311 2.271 2.229 2.187 2.144 2.101 2.058 2.014 1.971 1.928 1.886 1.844 1.804 1.764 1.725 1.687 1.650 1.614 1.579 1.544 1.509 1.474 1.439 1.404 1.367 1.329 1.289 1.247 1.203 1.156 1.106 1.054 0.998 0.941 0.881 0.820 0.758 0.698 0.639 0.580 0.523 0.468 0.416 0.368 0.324 0.284 0.247 0.216 0.188 0.163 0.142 0.125
4.478 4.513 4.541 4.563 4.578 4.586 4.587 4.580 4.566 4.544 4.515 4.479 4.436 4.387 4.331 4.270 4.203 4.131 4.054 3.974 3.890 3.804 3.715 3.624 3.531 3.438 3.344 3.250 3.157 3.064 2.972 2.882 2.793 2.706 2.621 2.539 2.459 2.382 2.308 2.237 2.169 2.105 2.044 1.987 1.934 1.884 1.839 1.798 1.762 1.729 1.701 1.678 1.659 1.644 1.634 1.626 1.622 1.621 1.620 1.620 1.620 1.619 1.623 1.621 1.614 1.599 1.576 1.545 1.505 1.458 1.403 1.341 1.274 1.201 1.125 1.046 0.966
2.155 2.139 2.122 2.104 2.085 2.066 2.047 2.027 2.009 1.990 1.973 1.957 1.943 1.931 1.920 1.911 1.904 1.899 1.897 1.895 1.896 1.898 1.901 1.905 1.909 1.914 1.917 1.920 1.922 1.921 1.919 1.913 1.904 1.892 1.876 1.856 1.833 1.805 1.773 1.738 1.699 1.658 1.613 1.566 1.516 1.465 1.413 1.360 1.305 1.251 1.196 1.141 1.085 1.030 0.975 0.920 0.866 0.812 0.759 0.707 0.657 0.608 0.564 0.521 0.481 0.443 0.408 0.376 0.347 0.321 0.298 0.277 0.259 0.243 0.229 0.216 0.204
2.620 2.631 2.641 2.649 2.658 2.666 2.674 2.682 2.690 2.697 2.705 2.711 2.717 2.722 2.725 2.727 2.726 2.724 2.720 2.713 2.703 2.691 2.676 2.659 2.639 2.616 2.591 2.563 2.533 2.501 2.466 2.430 2.391 2.351 2.309 2.265 2.220 2.172 2.123 2.073 2.020 1.965 1.909 1.850 1.790 1.728 1.663 1.597 1.530 1.461 1.391 1.321 1.250 1.180 1.110 1.041 0.973 0.907 0.843 0.781 0.722 0.666 0.616 0.569 0.526 0.486 0.448 0.412 0.379 0.348 0.318 0.290 0.264 0.238 0.214 0.191 0.170
1.269 1.341 1.405 1.461 1.508 1.547 1.578 1.602 1.620 1.631 1.637 1.638 1.634 1.627 1.616 1.603 1.587 1.570 1.551 1.531 1.510 1.489 1.467 1.446 1.424 1.403 1.382 1.361 1.341 1.321 1.301 1.281 1.261 1.241 1.222 1.202 1.181 1.161 1.140 1.119 1.098 1.076 1.054 1.030 1.007 0.982 0.956 0.929 0.901 0.872 0.841 0.809 0.776 0.741 0.705 0.669 0.631 0.593 0.555 0.517 0.478 0.441 0.406 0.372 0.339 0.308 0.277 0.249 0.222 0.197 0.173 0.151 0.131 0.113 0.097 0.082 0.068
0.147 0.188 0.231 0.277 0.325 0.374 0.422 0.470 0.516 0.560 0.602 0.641 0.677 0.709 0.738 0.763 0.785 0.803 0.819 0.831 0.840 0.846 0.849 0.851 0.850 0.847 0.842 0.836 0.828 0.819 0.808 0.797 0.785 0.771 0.757 0.742 0.727 0.711 0.694 0.677 0.659 0.641 0.622 0.602 0.582 0.562 0.541 0.519 0.497 0.475 0.452 0.429 0.405 0.381 0.357 0.333 0.308 0.285 0.261 0.238 0.216 0.195 0.175 0.156 0.139 0.122 0.107 0.093 0.080 0.068 0.057 0.048 0.040 0.032 0.026 0.021 0.017
0.001 0.004 0.007 0.010 0.015 0.022 0.030 0.040 0.051 0.064 0.077 0.092 0.107 0.122 0.138 0.153 0.169 0.183 0.197 0.210 0.222 0.233 0.243 0.251 0.259 0.264 0.269 0.273 0.275 0.276 0.277 0.276 0.274 0.271 0.268 0.264 0.259 0.253 0.247 0.241 0.234 0.226 0.218 0.210 0.201 0.192 0.183 0.173 0.164 0.154 0.144 0.134 0.124 0.115 0.105 0.096 0.087 0.078 0.070 0.062 0.055 0.048 0.042 0.036 0.031 0.027 0.022 0.019 0.016 0.013 0.010 0.006 0.002 0.001 0.001 0.001 0.000
0.000 0.001 0.001 0.001 0.001 0.002 0.002 0.003 0.004 0.005 0.006 0.008 0.009 0.011 0.013 0.015 0.018 0.020 0.023 0.026 0.029 0.032 0.034 0.037 0.039 0.041 0.043 0.045 0.046 0.048 0.048 0.049 0.049 0.049 0.049 0.048 0.048 0.047 0.046 0.044 0.043 0.041 0.040 0.038 0.036 0.034 0.032 0.030 0.027 0.025 0.023 0.021 0.019 0.017 0.016 0.014 0.012 0.011 0.009 0.006 0.003 0.003 0.002 0.002 0.001 0.001 0.001 0.000 0.000 0.000 0.000 0.000 0.000 0.000 0.000 0.000 0.000
0.000 0.000 0.000 0.000 0.000 0.000 0.000 0.000 0.000 0.000 0.000 0.001 0.001 0.001 0.001 0.001 0.002 0.002 0.002 0.002 0.003 0.003 0.003 0.003 0.004 0.004 0.004 0.004 0.004 0.004 0.004 0.004 0.004 0.004 0.004 0.004 0.004 0.004 0.003 0.003 0.003 0.003 0.003 0.002 0.002 0.002 0.002 0.001 0.001 0.001 0.001 0.001 0.001 0.001 0.000 0.000 0.000 0.000 0.000 0.000 0.000 0.000 0.000 0.000 0.000 0.000 0.000 0.000 0.000 0.000 0.000 0.000 0.000 0.000 0.000 0.000 0.000
