Examples/2023_ISeeSnow/data/CoulombOnly/Results/curv77s/h/1HS_03_curv77s_MoT-Voellmy_h_0030.asc
ncols        141
nrows        17
xllcorner    1687.5
yllcorner    -4292.5
cellsize     5.00
NODATA_value -9999
0.001 0.001 0.001 0.001 0.001 0.001 0.001 0.001 0.001 0.001 0.001 0.001 0.001 0.001 0.001 0.001 0.001 0.001 0.001 0.001 0.001 0.001 0.001 0.001 0.000 0.000 0.000 0.000 0.000 0.000 0.000 0.001 0.002 0.003 0.003 0.000 0.000 0.000 0.000 0.000 0.000 0.000 0.000 0.000 0.000 0.000 0.000 0.000 0.000 0.000 0.000 0.000 0.000 0.000 0.000 0.000 0.000 0.000 0.000 0.000 0.000 0.000 0.000 0.000 0.000 0.000 0.000 0.000 0.000 0.000 0.000 0.000 0.000 0.000 0.000 0.000 0.000 0.000 0.000 0.000 0.000 0.000 0.000 0.000 0.000 0.000 0.000 0.000 0.000 0.000 0.000 0.000 0.000 0.000 0.000 0.000 0.000 0.000 0.000 0.000 0.000 0.000 0.000 0.000 0.000 0.000 0.000 0.000 0.000 0.000 0.000 0.000 0.000 0.000 0.000 0.000 0.000 0.000 0.000 0.000 0.000 0.000 0.000 0.000 0.000 0.000 0.000 0.000 0.000 0.000 0.000 0.000 0.000 0.000 0.000 0.000 0.000 0.000 0.000 0.000 0.000
0.002 0.003 0.003 0.003 0.003 0.003 0.003 0.003 0.003 0.003 0.003 0.003 0.003 0.003 0.003 0.003 0.003 0.003 0.003 0.003 0.003 0.002 0.002 0.002 0.002 0.002 0.002 0.002 0.002 0.002 0.002 0.002 0.002 0.001 0.001 0.001 0.001 0.001 0.002 0.003 0.004 0.003 0.000 0.000 0.000 0.000 0.000 0.000 0.000 0.000 0.000 0.001 0.002 0.004 0.007 0.010 0.015 0.021 0.029 0.039 0.051 0.064 0.078 0.093 0.108 0.122 0.135 0.147 0.156 0.163 0.166 0.166 0.163 0.157 0.147 0.134 0.119 0.101 0.083 0.067 0.053 0.041 0.031 0.024 0.018 0.013 0.011 0.009 0.003 0.000 0.000 0.000 0.000 0.000 0.000 0.000 0.000 0.000 0.000 0.000 0.000 0.000 0.000 0.000 0.000 0.000 0.000 0.000 0.000 0.000 0.000 0.000 0.000 0.000 0.000 0.000 0.000 0.000 0.000 0.000 0.000 0.000 0.000 0.000 0.000 0.000 0.000 0.000 0.000 0.000 0.000 0.000 0.000 0.000 0.000 0.000 0.000 0.000 0.000 0.000 0.000
0.003 0.004 0.004 0.004 0.004 0.004 0.004 0.004 0.004 0.004 0.004 0.004 0.005 0.005 0.005 0.005 0.005 0.005 0.005 0.005 0.005 0.005 0.005 0.005 0.005 0.005 0.005 0.005 0.005 0.005 0.005 0.005 0.005 0.004 0.004 0.004 0.004 0.003 0.003 0.003 0.003 0.002 0.002 0.001 0.001 0.001 0.002 0.002 0.003 0.007 0.015 0.029 0.050 0.079 0.116 0.161 0.214 0.274 0.338 0.406 0.476 0.546 0.616 0.683 0.747 0.807 0.861 0.910 0.953 0.990 1.020 1.045 1.063 1.075 1.082 1.084 1.080 1.072 1.057 1.031 0.995 0.950 0.898 0.840 0.779 0.714 0.648 0.580 0.512 0.445 0.380 0.317 0.257 0.202 0.154 0.115 0.085 0.061 0.044 0.031 0.022 0.015 0.011 0.010 0.007 0.001 0.000 0.000 0.000 0.000 0.000 0.000 0.000 0.000 0.000 0.000 0.000 0.000 0.000 0.000 0.000 0.000 0.000 0.000 0.000 0.000 0.000 0.000 0.000 0.000 0.000 0.000 0.000 0.000 0.000 0.000 0.000 0.000 0.000 0.000 0.000
0.004 0.005 0.005 0.005 0.005 0.006 0.006 0.006 0.006 0.006 0.006 0.006 0.006 0.006 0.006 0.007 0.007 0.007 0.008 0.008 0.009 0.010 0.011 0.011 0.012 0.013 0.013 0.014 0.014 0.014 0.015 0.015 0.015 0.014 0.014 0.014 0.013 0.013 0.012 0.012 0.011 0.011 0.010 0.009 0.009 0.020 0.049 0.101 0.177 0.275 0.391 0.521 0.660 0.804 0.947 1.087 1.221 1.346 1.461 1.565 1.658 1.740 1.812 1.874 1.928 1.974 2.012 2.044 2.069 2.089 2.102 2.110 2.111 2.105 2.091 2.070 2.041 2.002 1.956 1.904 1.845 1.779 1.706 1.626 1.539 1.448 1.360 1.278 1.204 1.137 1.076 1.020 0.966 0.912 0.852 0.784 0.709 0.630 0.551 0.473 0.399 0.331 0.270 0.216 0.169 0.129 0.098 0.072 0.053 0.038 0.027 0.019 0.014 0.011 0.009 0.003 0.000 0.000 0.000 0.000 0.000 0.000 0.000 0.000 0.000 0.000 0.000 0.000 0.000 0.000 0.000 0.000 0.000 0.000 0.000 0.000 0.000 0.000 0.000 0.000 0.000
0.004 0.005 0.006 0.006 0.006 0.006 0.007 0.007 0.007 0.007 0.007 0.008 0.008 0.009 0.012 0.014 0.017 0.020 0.023 0.027 0.031 0.035 0.038 0.042 0.046 0.050 0.054 0.057 0.061 0.065 0.068 0.072 0.075 0.079 0.083 0.087 0.092 0.098 0.106 0.128 0.185 0.285 0.431 0.624 0.864 1.130 1.401 1.664 1.910 2.132 2.327 2.494 2.631 2.742 2.827 2.891 2.936 2.964 2.980 2.986 2.983 2.974 2.959 2.941 2.920 2.896 2.871 2.844 2.815 2.786 2.757 2.728 2.700 2.673 2.648 2.627 2.609 2.595 2.586 2.582 2.584 2.591 2.603 2.620 2.641 2.661 2.666 2.651 2.616 2.565 2.499 2.422 2.337 2.246 2.154 2.061 1.969 1.876 1.780 1.680 1.575 1.464 1.348 1.227 1.102 0.976 0.849 0.726 0.607 0.497 0.397 0.311 0.238 0.178 0.130 0.092 0.064 0.044 0.030 0.021 0.014 0.011 0.007 0.001 0.000 0.000 0.000 0.000 0.000 0.000 0.000 0.000 0.000 0.000 0.000 0.000 0.000 0.000 0.000 0.000 0.000
0.005 0.006 0.006 0.007 0.007 0.007 0.007 0.008 0.008 0.010 0.013 0.017 0.023 0.029 0.036 0.045 0.054 0.064 0.076 0.089 0.103 0.119 0.136 0.155 0.175 0.198 0.224 0.253 0.286 0.324 0.368 0.422 0.497 0.617 0.788 1.013 1.292 1.623 2.000 2.392 2.756 3.070 3.323 3.509 3.628 3.690 3.710 3.699 3.668 3.625 3.578 3.532 3.491 3.456 3.428 3.408 3.392 3.381 3.373 3.366 3.359 3.350 3.340 3.327 3.311 3.292 3.271 3.247 3.222 3.195 3.167 3.138 3.109 3.080 3.050 3.019 2.986 2.951 2.912 2.868 2.819 2.763 2.700 2.628 2.546 2.458 2.366 2.274 2.179 2.080 1.976 1.867 1.759 1.651 1.546 1.446 1.350 1.262 1.181 1.108 1.044 0.987 0.937 0.893 0.852 0.815 0.779 0.742 0.704 0.662 0.615 0.561 0.500 0.436 0.370 0.308 0.249 0.197 0.153 0.116 0.086 0.062 0.043 0.030 0.021 0.015 0.011 0.007 0.001 0.000 0.000 0.000 0.000 0.000 0.000 0.000 0.000 0.000 0.000 0.000 0.000
0.005 0.006 0.006 0.007 0.007 0.008 0.009 0.013 0.019 0.027 0.036 0.048 0.063 0.081 0.102 0.127 0.157 0.192 0.233 0.282 0.339 0.407 0.488 0.588 0.720 0.892 1.107 1.362 1.658 1.991 2.357 2.749 3.137 3.478 3.753 3.957 4.090 4.155 4.161 4.129 4.086 4.049 4.025 4.020 4.032 4.059 4.098 4.143 4.190 4.235 4.275 4.309 4.335 4.356 4.370 4.380 4.386 4.388 4.389 4.387 4.384 4.379 4.372 4.363 4.351 4.337 4.320 4.299 4.274 4.245 4.212 4.173 4.129 4.080 4.027 3.969 3.909 3.846 3.783 3.721 3.661 3.605 3.553 3.508 3.469 3.437 3.412 3.395 3.386 3.385 3.390 3.393 3.387 3.368 3.334 3.283 3.216 3.132 3.032 2.919 2.793 2.658 2.516 2.369 2.220 2.071 1.923 1.778 1.637 1.502 1.372 1.250 1.134 1.024 0.918 0.816 0.718 0.623 0.533 0.449 0.371 0.301 0.239 0.186 0.142 0.107 0.078 0.056 0.039 0.028 0.019 0.014 0.010 0.005 0.000 0.000 0.000 0.000 0.000 0.000 0.000
0.005 0.006 0.007 0.008 0.010 0.016 0.025 0.037 0.054 0.076 0.104 0.141 0.188 0.248 0.323 0.416 0.532 0.674 0.845 1.049 1.289 1.566 1.878 2.217 2.554 2.872 3.166 3.430 3.661 3.858 4.019 4.146 4.251 4.355 4.464 4.579 4.700 4.821 4.939 5.048 5.143 5.220 5.278 5.317 5.340 5.350 5.349 5.340 5.325 5.306 5.281 5.252 5.217 5.176 5.128 5.073 5.012 4.943 4.868 4.788 4.703 4.614 4.522 4.428 4.331 4.234 4.136 4.038 3.940 3.842 3.746 3.650 3.555 3.462 3.370 3.280 3.191 3.102 3.014 2.926 2.838 2.748 2.657 2.564 2.469 2.372 2.273 2.173 2.073 1.972 1.871 1.774 1.686 1.606 1.536 1.475 1.423 1.379 1.341 1.308 1.278 1.249 1.220 1.190 1.156 1.119 1.077 1.030 0.979 0.923 0.863 0.801 0.738 0.674 0.611 0.549 0.491 0.436 0.384 0.337 0.293 0.253 0.216 0.182 0.151 0.124 0.100 0.079 0.062 0.047 0.036 0.026 0.019 0.013 0.009 0.002 0.000 0.000 0.000 0.000 0.000
0.008 0.018 0.031 0.051 0.079 0.118 0.172 0.242 0.332 0.445 0.583 0.746 0.937 1.154 1.395 1.655 1.930 2.210 2.487 2.751 2.991 3.197 3.363 3.490 3.600 3.702 3.799 3.891 3.981 4.068 4.154 4.237 4.320 4.401 4.481 4.560 4.639 4.717 4.795 4.874 4.955 5.037 5.121 5.203 5.283 5.357 5.424 5.484 5.534 5.576 5.611 5.638 5.658 5.673 5.683 5.689 5.690 5.687 5.680 5.669 5.654 5.634 5.609 5.580 5.546 5.507 5.463 5.416 5.364 5.309 5.250 5.188 5.124 5.058 4.989 4.920 4.850 4.779 4.707 4.636 4.564 4.494 4.424 4.354 4.286 4.218 4.151 4.086 4.020 3.956 3.891 3.827 3.763 3.698 3.632 3.565 3.496 3.425 3.353 3.277 3.199 3.117 3.032 2.944 2.851 2.754 2.653 2.548 2.439 2.326 2.209 2.089 1.966 1.841 1.714 1.586 1.458 1.331 1.205 1.082 0.964 0.850 0.742 0.642 0.550 0.467 0.391 0.324 0.265 0.214 0.171 0.134 0.103 0.079 0.059 0.043 0.031 0.023 0.016 0.011 0.006
0.005 0.006 0.007 0.008 0.010 0.016 0.025 0.037 0.054 0.076 0.104 0.141 0.188 0.248 0.323 0.416 0.532 0.674 0.845 1.049 1.289 1.566 1.878 2.217 2.554 2.872 3.166 3.430 3.661 3.858 4.019 4.146 4.251 4.354 4.463 4.579 4.699 4.821 4.938 5.047 5.142 5.219 5.277 5.317 5.340 5.349 5.348 5.340 5.325 5.305 5.281 5.252 5.217 5.176 5.128 5.073 5.011 4.943 4.868 4.788 4.703 4.614 4.522 4.428 4.332 4.235 4.137 4.039 3.941 3.843 3.747 3.651 3.556 3.463 3.372 3.281 3.192 3.104 3.016 2.928 2.839 2.749 2.658 2.565 2.470 2.373 2.274 2.174 2.073 1.972 1.871 1.775 1.686 1.606 1.536 1.476 1.423 1.379 1.341 1.308 1.278 1.249 1.220 1.190 1.156 1.119 1.077 1.030 0.979 0.923 0.863 0.801 0.738 0.674 0.611 0.549 0.491 0.436 0.384 0.337 0.293 0.253 0.216 0.182 0.151 0.124 0.100 0.079 0.062 0.047 0.036 0.026 0.019 0.013 0.009 0.002 0.000 0.000 0.000 0.000 0.000
0.005 0.006 0.006 0.007 0.007 0.008 0.009 0.013 0.019 0.027 0.036 0.048 0.063 0.081 0.102 0.127 0.157 0.192 0.233 0.282 0.339 0.407 0.488 0.587 0.720 0.892 1.106 1.362 1.658 1.991 2.357 2.748 3.137 3.478 3.753 3.957 4.090 4.155 4.161 4.129 4.086 4.049 4.025 4.019 4.031 4.059 4.098 4.143 4.190 4.234 4.274 4.308 4.335 4.355 4.370 4.379 4.385 4.388 4.388 4.387 4.384 4.379 4.372 4.363 4.351 4.337 4.320 4.299 4.274 4.245 4.212 4.173 4.129 4.080 4.027 3.969 3.909 3.846 3.783 3.721 3.662 3.606 3.554 3.509 3.470 3.438 3.413 3.397 3.388 3.386 3.391 3.394 3.388 3.369 3.334 3.283 3.216 3.132 3.032 2.919 2.793 2.658 2.516 2.370 2.220 2.071 1.923 1.778 1.638 1.502 1.372 1.250 1.134 1.024 0.918 0.816 0.718 0.623 0.533 0.449 0.371 0.301 0.239 0.186 0.142 0.107 0.078 0.056 0.039 0.028 0.019 0.014 0.010 0.005 0.000 0.000 0.000 0.000 0.000 0.000 0.000
0.005 0.006 0.006 0.007 0.007 0.007 0.007 0.008 0.008 0.010 0.013 0.017 0.023 0.029 0.036 0.045 0.054 0.064 0.076 0.089 0.103 0.119 0.136 0.155 0.175 0.198 0.224 0.253 0.286 0.324 0.368 0.422 0.497 0.616 0.788 1.013 1.292 1.623 1.999 2.392 2.756 3.070 3.323 3.509 3.628 3.690 3.711 3.700 3.668 3.626 3.578 3.532 3.491 3.456 3.429 3.408 3.392 3.381 3.373 3.366 3.358 3.350 3.339 3.326 3.310 3.291 3.270 3.246 3.220 3.193 3.165 3.136 3.107 3.078 3.048 3.017 2.984 2.949 2.910 2.867 2.818 2.762 2.698 2.626 2.545 2.456 2.365 2.273 2.178 2.079 1.975 1.867 1.758 1.651 1.546 1.445 1.350 1.262 1.181 1.108 1.044 0.987 0.937 0.893 0.852 0.815 0.779 0.742 0.704 0.662 0.615 0.561 0.500 0.436 0.371 0.308 0.249 0.197 0.153 0.116 0.086 0.062 0.043 0.030 0.021 0.015 0.011 0.007 0.001 0.000 0.000 0.000 0.000 0.000 0.000 0.000 0.000 0.000 0.000 0.000 0.000
0.004 0.005 0.006 0.006 0.006 0.006 0.007 0.007 0.007 0.007 0.007 0.008 0.008 0.009 0.012 0.014 0.017 0.020 0.023 0.027 0.031 0.035 0.038 0.042 0.046 0.050 0.054 0.058 0.061 0.065 0.068 0.072 0.075 0.079 0.083 0.087 0.092 0.098 0.106 0.128 0.185 0.285 0.430 0.624 0.864 1.130 1.401 1.664 1.909 2.132 2.327 2.493 2.631 2.742 2.827 2.891 2.936 2.964 2.980 2.986 2.983 2.974 2.959 2.941 2.920 2.896 2.871 2.844 2.816 2.787 2.757 2.728 2.700 2.673 2.649 2.627 2.609 2.596 2.586 2.583 2.584 2.591 2.603 2.621 2.641 2.661 2.666 2.651 2.616 2.565 2.499 2.422 2.336 2.246 2.153 2.061 1.969 1.876 1.780 1.680 1.575 1.464 1.348 1.227 1.102 0.976 0.849 0.726 0.607 0.497 0.397 0.311 0.238 0.178 0.130 0.092 0.064 0.044 0.030 0.021 0.014 0.011 0.007 0.001 0.000 0.000 0.000 0.000 0.000 0.000 0.000 0.000 0.000 0.000 0.000 0.000 0.000 0.000 0.000 0.000 0.000
0.004 0.005 0.005 0.005 0.005 0.006 0.006 0.006 0.006 0.006 0.006 0.006 0.006 0.006 0.006 0.007 0.007 0.007 0.008 0.008 0.009 0.010 0.011 0.011 0.012 0.013 0.013 0.014 0.014 0.014 0.015 0.015 0.015 0.014 0.014 0.014 0.013 0.013 0.012 0.012 0.011 0.011 0.010 0.009 0.009 0.020 0.049 0.101 0.177 0.275 0.391 0.521 0.660 0.804 0.947 1.088 1.221 1.346 1.461 1.565 1.658 1.740 1.812 1.874 1.928 1.974 2.012 2.044 2.069 2.089 2.102 2.109 2.110 2.104 2.091 2.070 2.040 2.002 1.956 1.903 1.845 1.779 1.706 1.626 1.539 1.448 1.360 1.278 1.205 1.138 1.077 1.020 0.966 0.912 0.852 0.784 0.709 0.631 0.551 0.473 0.399 0.331 0.270 0.216 0.169 0.129 0.098 0.072 0.053 0.038 0.027 0.019 0.014 0.011 0.009 0.003 0.000 0.000 0.000 0.000 0.000 0.000 0.000 0.000 0.000 0.000 0.000 0.000 0.000 0.000 0.000 0.000 0.000 0.000 0.000 0.000 0.000 0.000 0.000 0.000 0.000
0.003 0.004 0.004 0.004 0.004 0.004 0.004 0.004 0.004 0.004 0.004 0.004 0.005 0.005 0.005 0.005 0.005 0.005 0.005 0.005 0.005 0.005 0.005 0.005 0.005 0.005 0.005 0.005 0.005 0.005 0.005 0.005 0.005 0.004 0.004 0.004 0.004 0.003 0.003 0.003 0.003 0.002 0.002 0.001 0.001 0.001 0.002 0.002 0.003 0.007 0.015 0.029 0.050 0.079 0.116 0.161 0.214 0.274 0.338 0.406 0.476 0.547 0.616 0.683 0.747 0.807 0.861 0.910 0.953 0.990 1.020 1.045 1.063 1.075 1.082 1.084 1.081 1.072 1.057 1.031 0.995 0.950 0.898 0.841 0.779 0.714 0.648 0.580 0.512 0.445 0.380 0.317 0.257 0.202 0.154 0.115 0.085 0.061 0.044 0.031 0.022 0.015 0.011 0.010 0.007 0.001 0.000 0.000 0.000 0.000 0.000 0.000 0.000 0.000 0.000 0.000 0.000 0.000 0.000 0.000 0.000 0.000 0.000 0.000 0.000 0.000 0.000 0.000 0.000 0.000 0.000 0.000 0.000 0.000 0.000 0.000 0.000 0.000 0.000 0.000 0.000
0.002 0.003 0.003 0.003 0.003 0.003 0.003 0.003 0.003 0.003 0.003 0.003 0.003 0.003 0.003 0.003 0.003 0.003 0.003 0.003 0.003 0.002 0.002 0.002 0.002 0.002 0.002 0.002 0.002 0.002 0.002 0.002 0.002 0.002 0.001 0.001 0.001 0.001 0.002 0.003 0.004 0.003 0.000 0.000 0.000 0.000 0.000 0.000 0.000 0.000 0.000 0.001 0.002 0.004 0.007 0.010 0.015 0.021 0.029 0.039 0.051 0.064 0.078 0.093 0.108 0.122 0.135 0.147 0.156 0.163 0.166 0.166 0.163 0.157 0.147 0.134 0.119 0.101 0.083 0.067 0.053 0.041 0.031 0.024 0.018 0.013 0.011 0.009 0.003 0.000 0.000 0.000 0.000 0.000 0.000 0.000 0.000 0.000 0.000 0.000 0.000 0.000 0.000 0.000 0.000 0.000 0.000 0.000 0.000 0.000 0.000 0.000 0.000 0.000 0.000 0.000 0.000 0.000 0.000 0.000 0.000 0.000 0.000 0.000 0.000 0.000 0.000 0.000 0.000 0.000 0.000 0.000 0.000 0.000 0.000 0.000 0.000 0.000 0.000 0.000 0.000
0.001 0.001 0.001 0.001 0.001 0.001 0.001 0.001 0.001 0.001 0.001 0.001 0.001 0.001 0.001 0.001 0.001 0.001 0.001 0.001 0.001 0.001 0.001 0.001 0.000 0.000 0.000 0.000 0.000 0.000 0.000 0.001 0.002 0.003 0.003 0.000 0.000 0.000 0.000 0.000 0.000 0.000 0.000 0.000 0.000 0.000 0.000 0.000 0.000 0.000 0.000 0.000 0.000 0.000 0.000 0.000 0.000 0.000 0.000 0.000 0.000 0.000 0.000 0.000 0.000 0.000 0.000 0.000 0.000 0.000 0.000 0.000 0.000 0.000 0.000 0.000 0.000 0.000 0.000 0.000 0.000 0.000 0.000 0.000 0.000 0.000 0.000 0.000 0.000 0.000 0.000 0.000 0.000 0.000 0.000 0.000 0.000 0.000 0.000 0.000 0.000 0.000 0.000 0.000 0.000 0.000 0.000 0.000 0.000 0.000 0.000 0.000 0.000 0.000 0.000 0.000 0.000 0.000 0.000 0.000 0.000 0.000 0.000 0.000 0.000 0.000 0.000 0.000 0.000 0.000 0.000 0.000 0.000 0.000 0.000 0.000 0.000 0.000 0.000 0.000 0.000
