Examples/2023_ISeeSnow/data/CoulombOnly/Results/curv77s/h/1HS_03_curv77s_MoT-Voellmy_h_0009.asc
ncols        83
nrows        39
xllcorner    1062.5
yllcorner    -4347.5
cellsize     5.00
NODATA_value -9999
0.000 0.000 0.000 0.000 0.001 0.001 0.001 0.001 0.002 0.002 0.003 0.004 0.005 0.006 0.006 0.007 0.007 0.006 0.006 0.005 0.003 0.002 0.001 0.000 0.000 0.000 0.000 0.000 0.000 0.000 0.000 0.000 0.000 0.000 0.000 0.000 0.000 0.000 0.000 0.000 0.000 0.000 0.000 0.000 0.000 0.000 0.000 0.000 0.000 0.000 0.000 0.000 0.000 0.000 0.000 0.000 0.000 0.000 0.000 0.000 0.000 0.000 0.000 0.000 0.000 0.000 0.000 0.000 0.000 0.000 0.000 0.000 0.000 0.000 0.000 0.000 0.000 0.000 0.000 0.000 0.000 0.000 0.000
0.001 0.001 0.001 0.002 0.002 0.003 0.005 0.006 0.008 0.011 0.017 0.025 0.035 0.044 0.052 0.058 0.063 0.065 0.065 0.064 0.062 0.059 0.055 0.051 0.047 0.043 0.038 0.033 0.029 0.024 0.020 0.016 0.013 0.010 0.005 0.000 0.000 0.000 0.000 0.000 0.000 0.000 0.000 0.000 0.000 0.000 0.000 0.000 0.000 0.000 0.000 0.000 0.000 0.000 0.000 0.000 0.000 0.000 0.000 0.000 0.000 0.000 0.000 0.000 0.000 0.000 0.000 0.000 0.000 0.000 0.000 0.000 0.000 0.000 0.000 0.000 0.000 0.000 0.000 0.000 0.000 0.000 0.000
0.001 0.002 0.003 0.005 0.006 0.007 0.011 0.021 0.036 0.057 0.082 0.109 0.137 0.163 0.185 0.203 0.216 0.224 0.229 0.230 0.228 0.225 0.221 0.216 0.210 0.204 0.198 0.191 0.185 0.178 0.170 0.163 0.154 0.144 0.132 0.120 0.108 0.095 0.083 0.070 0.057 0.046 0.037 0.029 0.022 0.017 0.013 0.010 0.009 0.008 0.003 0.000 0.000 0.000 0.000 0.000 0.000 0.000 0.000 0.000 0.000 0.000 0.000 0.000 0.000 0.000 0.000 0.000 0.000 0.000 0.000 0.000 0.000 0.000 0.000 0.000 0.000 0.000 0.000 0.000 0.000 0.000 0.000
0.002 0.004 0.005 0.007 0.011 0.021 0.040 0.067 0.102 0.143 0.188 0.234 0.278 0.319 0.354 0.382 0.404 0.419 0.428 0.433 0.434 0.433 0.430 0.425 0.420 0.414 0.407 0.400 0.393 0.385 0.377 0.368 0.360 0.351 0.343 0.335 0.327 0.320 0.314 0.309 0.303 0.296 0.287 0.275 0.262 0.247 0.232 0.216 0.199 0.182 0.165 0.149 0.134 0.120 0.106 0.093 0.081 0.070 0.060 0.050 0.041 0.034 0.027 0.020 0.015 0.011 0.009 0.008 0.004 0.000 0.000 0.000 0.000 0.000 0.000 0.000 0.000 0.000 0.000 0.000 0.000 0.000 0.000
0.003 0.005 0.007 0.014 0.030 0.056 0.094 0.141 0.198 0.260 0.324 0.388 0.448 0.503 0.552 0.592 0.625 0.651 0.671 0.685 0.695 0.702 0.707 0.711 0.714 0.717 0.720 0.723 0.726 0.728 0.731 0.734 0.737 0.739 0.741 0.742 0.741 0.738 0.731 0.721 0.707 0.691 0.672 0.650 0.625 0.600 0.577 0.555 0.534 0.513 0.493 0.472 0.452 0.432 0.411 0.390 0.369 0.348 0.326 0.304 0.281 0.257 0.231 0.204 0.175 0.145 0.116 0.088 0.063 0.042 0.027 0.016 0.011 0.008 0.001 0.000 0.000 0.000 0.000 0.000 0.000 0.000 0.000
0.003 0.006 0.010 0.021 0.040 0.070 0.111 0.163 0.224 0.292 0.363 0.434 0.501 0.564 0.619 0.664 0.700 0.726 0.743 0.752 0.754 0.752 0.745 0.736 0.724 0.711 0.697 0.682 0.666 0.650 0.632 0.615 0.597 0.579 0.561 0.543 0.527 0.513 0.504 0.504 0.514 0.532 0.560 0.595 0.637 0.678 0.712 0.740 0.761 0.777 0.787 0.793 0.796 0.795 0.791 0.784 0.776 0.766 0.754 0.739 0.721 0.698 0.669 0.634 0.591 0.542 0.486 0.426 0.363 0.301 0.241 0.186 0.137 0.096 0.063 0.039 0.023 0.014 0.009 0.004 0.000 0.000 0.000
0.005 0.011 0.029 0.060 0.107 0.166 0.232 0.299 0.363 0.421 0.475 0.527 0.577 0.625 0.670 0.709 0.743 0.771 0.794 0.813 0.828 0.842 0.855 0.869 0.884 0.903 0.925 0.951 0.978 1.005 1.033 1.061 1.089 1.117 1.144 1.171 1.196 1.219 1.232 1.233 1.220 1.194 1.157 1.111 1.058 1.006 0.956 0.912 0.872 0.838 0.809 0.784 0.762 0.745 0.730 0.718 0.707 0.698 0.690 0.682 0.673 0.662 0.647 0.628 0.602 0.571 0.534 0.492 0.445 0.393 0.339 0.283 0.226 0.172 0.124 0.084 0.053 0.032 0.018 0.010 0.003 0.000 0.000
0.004 0.010 0.025 0.052 0.093 0.151 0.225 0.314 0.417 0.529 0.642 0.747 0.841 0.923 0.993 1.052 1.101 1.140 1.169 1.191 1.205 1.212 1.213 1.208 1.197 1.180 1.156 1.127 1.096 1.065 1.035 1.007 0.979 0.953 0.929 0.907 0.887 0.870 0.860 0.860 0.868 0.885 0.910 0.941 0.974 1.009 1.044 1.076 1.107 1.134 1.158 1.179 1.196 1.209 1.219 1.225 1.228 1.228 1.224 1.215 1.201 1.179 1.148 1.106 1.052 0.987 0.913 0.831 0.745 0.655 0.564 0.472 0.381 0.295 0.217 0.150 0.097 0.059 0.034 0.018 0.009 0.002 0.000
0.005 0.013 0.032 0.067 0.121 0.193 0.282 0.381 0.485 0.588 0.689 0.788 0.882 0.971 1.051 1.121 1.181 1.231 1.270 1.301 1.325 1.344 1.359 1.373 1.387 1.402 1.418 1.436 1.452 1.467 1.480 1.491 1.499 1.505 1.508 1.509 1.506 1.500 1.490 1.475 1.457 1.433 1.407 1.377 1.347 1.317 1.287 1.259 1.233 1.209 1.187 1.168 1.151 1.136 1.124 1.114 1.106 1.100 1.095 1.090 1.084 1.075 1.062 1.042 1.015 0.979 0.934 0.881 0.819 0.749 0.670 0.583 0.490 0.394 0.300 0.215 0.144 0.089 0.051 0.027 0.014 0.006 0.000
0.005 0.012 0.031 0.065 0.116 0.186 0.271 0.369 0.476 0.587 0.698 0.808 0.911 1.006 1.090 1.161 1.219 1.264 1.295 1.316 1.327 1.330 1.329 1.323 1.316 1.307 1.299 1.291 1.285 1.279 1.275 1.272 1.271 1.272 1.274 1.278 1.283 1.291 1.300 1.312 1.325 1.340 1.356 1.372 1.387 1.402 1.415 1.426 1.436 1.444 1.450 1.455 1.458 1.460 1.460 1.459 1.457 1.454 1.448 1.440 1.428 1.409 1.382 1.344 1.295 1.236 1.167 1.089 1.005 0.915 0.819 0.715 0.606 0.493 0.381 0.277 0.189 0.119 0.070 0.038 0.019 0.009 0.001
0.005 0.012 0.032 0.067 0.121 0.196 0.289 0.397 0.515 0.638 0.761 0.882 0.997 1.103 1.199 1.284 1.356 1.415 1.462 1.498 1.524 1.544 1.557 1.566 1.573 1.577 1.579 1.580 1.581 1.580 1.578 1.576 1.573 1.569 1.564 1.559 1.552 1.546 1.539 1.531 1.523 1.515 1.507 1.500 1.493 1.487 1.481 1.476 1.472 1.469 1.466 1.464 1.462 1.461 1.461 1.460 1.461 1.461 1.461 1.459 1.454 1.444 1.426 1.399 1.362 1.312 1.253 1.183 1.104 1.016 0.919 0.812 0.695 0.572 0.447 0.330 0.227 0.145 0.086 0.047 0.024 0.011 0.003
0.005 0.012 0.031 0.066 0.120 0.193 0.284 0.389 0.503 0.622 0.740 0.855 0.964 1.064 1.154 1.231 1.296 1.349 1.389 1.420 1.441 1.456 1.467 1.474 1.479 1.483 1.487 1.490 1.494 1.498 1.503 1.507 1.512 1.518 1.523 1.529 1.535 1.541 1.547 1.553 1.559 1.565 1.571 1.576 1.581 1.586 1.590 1.594 1.598 1.601 1.604 1.606 1.608 1.610 1.612 1.613 1.614 1.615 1.614 1.612 1.605 1.592 1.571 1.539 1.495 1.439 1.372 1.294 1.208 1.113 1.009 0.894 0.769 0.636 0.501 0.372 0.258 0.166 0.099 0.054 0.028 0.013 0.004
0.005 0.012 0.031 0.066 0.120 0.194 0.286 0.394 0.513 0.637 0.762 0.885 1.003 1.112 1.211 1.297 1.370 1.430 1.476 1.511 1.537 1.554 1.566 1.573 1.578 1.581 1.583 1.585 1.586 1.587 1.588 1.589 1.589 1.590 1.591 1.592 1.593 1.595 1.596 1.598 1.599 1.601 1.603 1.606 1.608 1.611 1.614 1.617 1.621 1.624 1.628 1.632 1.636 1.640 1.644 1.649 1.653 1.657 1.660 1.661 1.658 1.649 1.631 1.602 1.561 1.507 1.441 1.364 1.277 1.179 1.072 0.953 0.822 0.683 0.540 0.403 0.281 0.182 0.109 0.060 0.031 0.014 0.005
0.005 0.012 0.031 0.065 0.118 0.192 0.284 0.392 0.509 0.632 0.755 0.876 0.991 1.098 1.194 1.278 1.349 1.407 1.452 1.487 1.513 1.531 1.544 1.553 1.559 1.564 1.569 1.573 1.577 1.581 1.585 1.589 1.593 1.597 1.601 1.605 1.610 1.614 1.619 1.623 1.628 1.632 1.637 1.641 1.646 1.651 1.656 1.660 1.665 1.670 1.675 1.680 1.685 1.690 1.696 1.701 1.706 1.711 1.715 1.717 1.715 1.707 1.689 1.661 1.619 1.564 1.497 1.418 1.328 1.228 1.117 0.994 0.859 0.715 0.567 0.424 0.297 0.193 0.116 0.064 0.033 0.015 0.006
0.005 0.012 0.030 0.065 0.118 0.191 0.284 0.391 0.509 0.632 0.758 0.880 0.997 1.106 1.205 1.291 1.364 1.423 1.470 1.505 1.531 1.549 1.562 1.571 1.577 1.581 1.585 1.588 1.591 1.594 1.598 1.601 1.604 1.608 1.611 1.615 1.619 1.623 1.627 1.631 1.635 1.640 1.644 1.649 1.654 1.659 1.665 1.670 1.676 1.681 1.687 1.693 1.699 1.706 1.712 1.718 1.725 1.731 1.737 1.740 1.740 1.734 1.718 1.691 1.650 1.596 1.529 1.449 1.359 1.257 1.144 1.020 0.882 0.735 0.584 0.438 0.308 0.201 0.121 0.067 0.034 0.016 0.006
0.005 0.012 0.030 0.064 0.117 0.190 0.282 0.390 0.507 0.631 0.755 0.878 0.995 1.103 1.201 1.287 1.360 1.419 1.466 1.502 1.528 1.547 1.560 1.569 1.575 1.580 1.585 1.589 1.592 1.596 1.600 1.603 1.607 1.611 1.615 1.620 1.624 1.628 1.633 1.638 1.643 1.647 1.653 1.658 1.663 1.669 1.674 1.680 1.686 1.692 1.698 1.705 1.711 1.718 1.725 1.732 1.739 1.746 1.752 1.757 1.757 1.751 1.736 1.710 1.670 1.616 1.548 1.468 1.377 1.275 1.161 1.035 0.896 0.748 0.595 0.447 0.315 0.206 0.125 0.069 0.036 0.017 0.007
0.005 0.012 0.030 0.064 0.117 0.190 0.282 0.389 0.507 0.630 0.755 0.878 0.995 1.104 1.203 1.289 1.362 1.422 1.470 1.505 1.532 1.551 1.564 1.573 1.579 1.584 1.589 1.593 1.596 1.600 1.604 1.608 1.611 1.616 1.620 1.624 1.629 1.633 1.638 1.643 1.648 1.653 1.658 1.664 1.669 1.675 1.681 1.687 1.694 1.700 1.707 1.714 1.721 1.728 1.735 1.743 1.751 1.758 1.765 1.770 1.771 1.766 1.752 1.726 1.686 1.632 1.565 1.484 1.392 1.288 1.173 1.046 0.906 0.756 0.603 0.454 0.320 0.210 0.127 0.071 0.037 0.018 0.007
0.005 0.012 0.030 0.064 0.116 0.189 0.281 0.389 0.507 0.630 0.756 0.879 0.997 1.106 1.205 1.292 1.366 1.426 1.474 1.510 1.537 1.556 1.569 1.579 1.586 1.591 1.596 1.600 1.604 1.608 1.612 1.616 1.621 1.625 1.630 1.635 1.639 1.645 1.650 1.655 1.661 1.666 1.672 1.678 1.684 1.691 1.697 1.704 1.711 1.718 1.725 1.733 1.741 1.749 1.757 1.765 1.774 1.782 1.790 1.796 1.798 1.794 1.780 1.754 1.715 1.661 1.592 1.510 1.417 1.311 1.194 1.064 0.921 0.769 0.612 0.461 0.325 0.213 0.130 0.073 0.038 0.018 0.007
0.005 0.012 0.030 0.064 0.117 0.190 0.282 0.390 0.508 0.633 0.758 0.882 1.000 1.110 1.209 1.296 1.369 1.430 1.478 1.514 1.541 1.560 1.574 1.584 1.591 1.596 1.601 1.606 1.610 1.614 1.619 1.623 1.628 1.632 1.637 1.642 1.648 1.653 1.658 1.664 1.670 1.676 1.682 1.689 1.696 1.702 1.710 1.717 1.724 1.732 1.740 1.748 1.757 1.765 1.774 1.784 1.793 1.802 1.811 1.817 1.820 1.817 1.805 1.780 1.742 1.689 1.623 1.542 1.450 1.345 1.228 1.097 0.952 0.796 0.635 0.478 0.337 0.221 0.134 0.075 0.039 0.019 0.008
0.005 0.012 0.030 0.065 0.118 0.192 0.285 0.393 0.512 0.636 0.762 0.885 1.003 1.112 1.211 1.298 1.372 1.433 1.481 1.517 1.544 1.563 1.577 1.587 1.594 1.600 1.605 1.610 1.614 1.619 1.623 1.628 1.632 1.637 1.643 1.648 1.653 1.659 1.665 1.670 1.677 1.683 1.689 1.696 1.703 1.710 1.718 1.725 1.733 1.741 1.750 1.758 1.767 1.776 1.785 1.795 1.805 1.815 1.824 1.831 1.835 1.832 1.820 1.797 1.760 1.708 1.643 1.565 1.475 1.373 1.260 1.134 0.993 0.840 0.679 0.519 0.372 0.247 0.152 0.086 0.045 0.021 0.009
0.005 0.012 0.030 0.064 0.117 0.190 0.282 0.390 0.508 0.633 0.758 0.882 1.000 1.110 1.209 1.296 1.369 1.430 1.478 1.514 1.541 1.560 1.574 1.584 1.591 1.596 1.601 1.606 1.610 1.614 1.619 1.623 1.628 1.632 1.637 1.642 1.648 1.653 1.658 1.664 1.670 1.676 1.682 1.689 1.696 1.702 1.709 1.717 1.724 1.732 1.740 1.748 1.757 1.765 1.774 1.783 1.793 1.802 1.811 1.817 1.820 1.817 1.805 1.780 1.742 1.689 1.622 1.542 1.450 1.345 1.228 1.097 0.952 0.796 0.635 0.478 0.337 0.221 0.134 0.075 0.039 0.019 0.008
0.005 0.012 0.030 0.064 0.116 0.189 0.281 0.389 0.507 0.630 0.756 0.879 0.997 1.106 1.205 1.292 1.366 1.426 1.474 1.510 1.537 1.556 1.569 1.579 1.586 1.591 1.596 1.600 1.604 1.608 1.612 1.616 1.621 1.625 1.630 1.635 1.639 1.644 1.650 1.655 1.661 1.666 1.672 1.678 1.684 1.691 1.697 1.704 1.711 1.718 1.725 1.733 1.741 1.749 1.757 1.765 1.774 1.782 1.790 1.796 1.798 1.794 1.780 1.754 1.715 1.661 1.592 1.510 1.417 1.311 1.194 1.064 0.921 0.769 0.612 0.461 0.325 0.213 0.130 0.073 0.038 0.018 0.007
0.005 0.012 0.030 0.064 0.117 0.190 0.282 0.389 0.507 0.630 0.755 0.878 0.995 1.104 1.203 1.289 1.362 1.422 1.470 1.505 1.532 1.551 1.564 1.573 1.579 1.584 1.589 1.593 1.596 1.600 1.604 1.608 1.611 1.616 1.620 1.624 1.628 1.633 1.638 1.643 1.648 1.653 1.658 1.664 1.669 1.675 1.681 1.687 1.694 1.700 1.707 1.714 1.721 1.728 1.735 1.743 1.751 1.758 1.765 1.770 1.771 1.766 1.752 1.726 1.686 1.632 1.565 1.484 1.392 1.288 1.173 1.046 0.906 0.756 0.603 0.454 0.320 0.210 0.127 0.071 0.037 0.018 0.007
0.005 0.012 0.030 0.064 0.117 0.190 0.282 0.390 0.507 0.631 0.755 0.878 0.995 1.103 1.201 1.287 1.360 1.419 1.466 1.502 1.528 1.547 1.560 1.569 1.575 1.580 1.585 1.589 1.592 1.596 1.600 1.603 1.607 1.611 1.615 1.620 1.624 1.628 1.633 1.638 1.643 1.647 1.653 1.658 1.663 1.669 1.674 1.680 1.686 1.692 1.698 1.705 1.711 1.718 1.725 1.732 1.739 1.746 1.752 1.757 1.757 1.751 1.736 1.710 1.670 1.616 1.548 1.468 1.377 1.275 1.161 1.035 0.896 0.748 0.595 0.447 0.315 0.206 0.125 0.069 0.036 0.017 0.007
0.005 0.012 0.030 0.065 0.118 0.191 0.284 0.391 0.509 0.632 0.758 0.880 0.997 1.106 1.205 1.291 1.364 1.423 1.470 1.505 1.531 1.549 1.562 1.571 1.577 1.581 1.585 1.588 1.591 1.594 1.598 1.601 1.604 1.608 1.611 1.615 1.619 1.623 1.627 1.631 1.635 1.640 1.644 1.649 1.654 1.659 1.665 1.670 1.676 1.681 1.687 1.693 1.699 1.705 1.712 1.718 1.725 1.731 1.737 1.740 1.740 1.733 1.718 1.691 1.650 1.596 1.529 1.449 1.358 1.257 1.144 1.020 0.882 0.735 0.584 0.438 0.308 0.201 0.121 0.067 0.034 0.016 0.006
0.005 0.012 0.031 0.065 0.118 0.192 0.284 0.392 0.509 0.632 0.755 0.876 0.991 1.098 1.194 1.278 1.349 1.407 1.452 1.487 1.513 1.531 1.543 1.553 1.559 1.564 1.569 1.573 1.577 1.581 1.585 1.589 1.593 1.597 1.601 1.605 1.610 1.614 1.619 1.623 1.628 1.632 1.637 1.641 1.646 1.651 1.656 1.660 1.665 1.670 1.675 1.680 1.685 1.690 1.695 1.701 1.706 1.711 1.715 1.717 1.715 1.706 1.689 1.661 1.619 1.564 1.497 1.417 1.328 1.228 1.117 0.994 0.859 0.715 0.567 0.424 0.297 0.193 0.116 0.064 0.033 0.015 0.006
0.005 0.012 0.031 0.066 0.120 0.194 0.286 0.394 0.513 0.637 0.762 0.885 1.003 1.112 1.211 1.297 1.370 1.430 1.476 1.511 1.537 1.554 1.566 1.573 1.578 1.581 1.583 1.585 1.586 1.587 1.588 1.589 1.589 1.590 1.591 1.592 1.593 1.595 1.596 1.598 1.599 1.601 1.603 1.606 1.608 1.611 1.614 1.617 1.621 1.624 1.628 1.632 1.636 1.640 1.644 1.648 1.653 1.656 1.660 1.660 1.658 1.649 1.631 1.602 1.561 1.507 1.441 1.364 1.277 1.179 1.072 0.953 0.822 0.683 0.540 0.403 0.281 0.182 0.109 0.060 0.031 0.014 0.005
0.005 0.012 0.031 0.066 0.120 0.193 0.284 0.389 0.503 0.622 0.740 0.855 0.964 1.064 1.154 1.231 1.296 1.349 1.389 1.420 1.441 1.456 1.467 1.474 1.479 1.483 1.486 1.490 1.494 1.498 1.502 1.507 1.512 1.518 1.523 1.529 1.535 1.541 1.547 1.553 1.559 1.565 1.571 1.576 1.581 1.586 1.590 1.594 1.597 1.601 1.603 1.606 1.608 1.610 1.612 1.613 1.614 1.615 1.614 1.611 1.605 1.592 1.571 1.539 1.495 1.439 1.372 1.294 1.208 1.113 1.008 0.894 0.769 0.636 0.501 0.372 0.258 0.166 0.099 0.054 0.028 0.013 0.004
0.005 0.012 0.032 0.067 0.121 0.196 0.289 0.397 0.515 0.638 0.761 0.882 0.997 1.103 1.199 1.284 1.356 1.415 1.462 1.498 1.524 1.544 1.557 1.566 1.573 1.577 1.579 1.580 1.581 1.580 1.578 1.576 1.573 1.569 1.564 1.559 1.553 1.546 1.539 1.531 1.523 1.515 1.507 1.500 1.493 1.487 1.481 1.476 1.472 1.469 1.466 1.464 1.462 1.461 1.460 1.460 1.460 1.461 1.460 1.458 1.454 1.443 1.426 1.399 1.361 1.312 1.252 1.182 1.103 1.016 0.918 0.811 0.695 0.572 0.447 0.330 0.227 0.145 0.086 0.047 0.024 0.011 0.003
0.005 0.012 0.031 0.065 0.116 0.186 0.271 0.369 0.476 0.587 0.698 0.808 0.911 1.006 1.090 1.161 1.219 1.264 1.295 1.316 1.327 1.330 1.329 1.323 1.316 1.307 1.299 1.291 1.284 1.279 1.275 1.272 1.271 1.271 1.273 1.277 1.283 1.290 1.300 1.311 1.324 1.339 1.355 1.371 1.386 1.401 1.414 1.426 1.435 1.443 1.450 1.455 1.458 1.460 1.460 1.459 1.457 1.453 1.448 1.440 1.427 1.409 1.382 1.344 1.295 1.236 1.167 1.089 1.005 0.915 0.818 0.715 0.606 0.492 0.381 0.277 0.189 0.119 0.070 0.038 0.019 0.009 0.001
0.005 0.013 0.032 0.067 0.121 0.193 0.282 0.381 0.485 0.588 0.689 0.787 0.882 0.970 1.051 1.121 1.181 1.231 1.270 1.301 1.325 1.344 1.359 1.373 1.387 1.401 1.418 1.435 1.452 1.467 1.479 1.490 1.499 1.505 1.508 1.508 1.506 1.500 1.490 1.476 1.457 1.434 1.407 1.378 1.348 1.317 1.288 1.260 1.233 1.209 1.187 1.168 1.151 1.136 1.124 1.114 1.106 1.099 1.094 1.089 1.083 1.075 1.061 1.042 1.014 0.978 0.934 0.881 0.819 0.749 0.670 0.583 0.490 0.393 0.300 0.215 0.143 0.089 0.051 0.027 0.014 0.006 0.000
0.004 0.010 0.025 0.052 0.093 0.151 0.225 0.314 0.417 0.529 0.642 0.747 0.841 0.923 0.993 1.052 1.101 1.139 1.169 1.191 1.204 1.212 1.213 1.208 1.197 1.180 1.156 1.127 1.096 1.066 1.036 1.007 0.979 0.953 0.929 0.907 0.887 0.870 0.860 0.859 0.867 0.884 0.909 0.939 0.973 1.008 1.042 1.075 1.106 1.133 1.157 1.178 1.195 1.208 1.218 1.225 1.228 1.227 1.224 1.215 1.201 1.179 1.148 1.106 1.052 0.987 0.913 0.831 0.745 0.655 0.564 0.472 0.381 0.295 0.217 0.150 0.097 0.059 0.033 0.018 0.009 0.002 0.000
0.005 0.011 0.029 0.060 0.107 0.166 0.232 0.299 0.363 0.421 0.475 0.527 0.577 0.625 0.670 0.709 0.743 0.771 0.794 0.813 0.828 0.842 0.855 0.868 0.884 0.902 0.925 0.950 0.977 1.004 1.032 1.060 1.088 1.116 1.144 1.170 1.196 1.218 1.232 1.233 1.220 1.195 1.158 1.112 1.059 1.007 0.957 0.913 0.873 0.839 0.809 0.784 0.763 0.745 0.730 0.718 0.707 0.698 0.690 0.682 0.673 0.662 0.647 0.628 0.602 0.571 0.534 0.492 0.445 0.394 0.339 0.283 0.226 0.172 0.124 0.084 0.053 0.032 0.018 0.010 0.003 0.000 0.000
0.003 0.006 0.010 0.021 0.040 0.070 0.111 0.163 0.224 0.292 0.363 0.434 0.502 0.564 0.619 0.664 0.700 0.726 0.743 0.752 0.754 0.752 0.745 0.736 0.724 0.711 0.697 0.682 0.666 0.650 0.633 0.615 0.597 0.579 0.561 0.543 0.527 0.513 0.504 0.504 0.513 0.532 0.559 0.594 0.636 0.677 0.711 0.739 0.760 0.776 0.787 0.793 0.795 0.794 0.790 0.784 0.776 0.766 0.753 0.739 0.721 0.698 0.669 0.634 0.591 0.542 0.486 0.426 0.364 0.301 0.241 0.186 0.137 0.096 0.063 0.040 0.023 0.014 0.009 0.004 0.000 0.000 0.000
0.003 0.005 0.007 0.014 0.030 0.056 0.094 0.141 0.198 0.260 0.324 0.388 0.448 0.503 0.552 0.592 0.625 0.651 0.671 0.685 0.695 0.702 0.707 0.711 0.714 0.717 0.720 0.723 0.726 0.728 0.731 0.734 0.737 0.739 0.741 0.742 0.741 0.738 0.731 0.721 0.708 0.692 0.673 0.651 0.626 0.601 0.578 0.556 0.534 0.514 0.493 0.473 0.453 0.432 0.412 0.391 0.370 0.349 0.327 0.305 0.282 0.258 0.232 0.205 0.176 0.146 0.117 0.089 0.063 0.042 0.027 0.017 0.011 0.008 0.001 0.000 0.000 0.000 0.000 0.000 0.000 0.000 0.000
0.002 0.004 0.005 0.007 0.011 0.021 0.040 0.067 0.102 0.143 0.188 0.234 0.278 0.319 0.354 0.382 0.404 0.419 0.428 0.433 0.434 0.433 0.430 0.425 0.420 0.414 0.407 0.400 0.393 0.385 0.377 0.368 0.360 0.351 0.343 0.335 0.327 0.320 0.314 0.309 0.304 0.297 0.287 0.276 0.262 0.248 0.232 0.216 0.200 0.183 0.166 0.149 0.134 0.120 0.106 0.094 0.082 0.070 0.060 0.050 0.042 0.034 0.027 0.021 0.015 0.011 0.009 0.008 0.004 0.000 0.000 0.000 0.000 0.000 0.000 0.000 0.000 0.000 0.000 0.000 0.000 0.000 0.000
0.001 0.002 0.003 0.005 0.006 0.007 0.011 0.021 0.036 0.057 0.082 0.109 0.137 0.163 0.185 0.203 0.216 0.224 0.229 0.230 0.228 0.225 0.221 0.216 0.210 0.204 0.198 0.191 0.185 0.178 0.170 0.163 0.154 0.144 0.133 0.121 0.108 0.096 0.083 0.070 0.058 0.046 0.037 0.029 0.022 0.017 0.013 0.010 0.009 0.008 0.003 0.000 0.000 0.000 0.000 0.000 0.000 0.000 0.000 0.000 0.000 0.000 0.000 0.000 0.000 0.000 0.000 0.000 0.000 0.000 0.000 0.000 0.000 0.000 0.000 0.000 0.000 0.000 0.000 0.000 0.000 0.000 0.000
0.001 0.001 0.001 0.002 0.002 0.003 0.005 0.006 0.008 0.011 0.017 0.025 0.035 0.044 0.052 0.058 0.063 0.065 0.065 0.064 0.062 0.059 0.055 0.052 0.047 0.043 0.038 0.034 0.029 0.024 0.020 0.016 0.013 0.010 0.005 0.000 0.000 0.000 0.000 0.000 0.000 0.000 0.000 0.000 0.000 0.000 0.000 0.000 0.000 0.000 0.000 0.000 0.000 0.000 0.000 0.000 0.000 0.000 0.000 0.000 0.000 0.000 0.000 0.000 0.000 0.000 0.000 0.000 0.000 0.000 0.000 0.000 0.000 0.000 0.000 0.000 0.000 0.000 0.000 0.000 0.000 0.000 0.000
0.000 0.000 0.000 0.000 0.001 0.001 0.001 0.001 0.002 0.002 0.003 0.004 0.005 0.006 0.006 0.007 0.007 0.006 0.006 0.005 0.003 0.002 0.001 0.000 0.000 0.000 0.000 0.000 0.000 0.000 0.000 0.000 0.000 0.000 0.000 0.000 0.000 0.000 0.000 0.000 0.000 0.000 0.000 0.000 0.000 0.000 0.000 0.000 0.000 0.000 0.000 0.000 0.000 0.000 0.000 0.000 0.000 0.000 0.000 0.000 0.000 0.000 0.000 0.000 0.000 0.000 0.000 0.000 0.000 0.000 0.000 0.000 0.000 0.000 0.000 0.000 0.000 0.000 0.000 0.000 0.000 0.000 0.000
