Examples/2023_ISeeSnow/data/CoulombOnly/Results/curv77s/h/1HS_03_curv77s_MoT-Voellmy_h_0028.asc
ncols        133
nrows        19
xllcorner    1602.5
yllcorner    -4297.5
cellsize     5.00
NODATA_value -9999
0.002 0.003 0.003 0.003 0.003 0.003 0.003 0.003 0.003 0.003 0.003 0.003 0.003 0.003 0.003 0.003 0.003 0.003 0.004 0.004 0.004 0.004 0.004 0.004 0.004 0.004 0.004 0.004 0.004 0.003 0.003 0.003 0.003 0.003 0.002 0.002 0.002 0.001 0.001 0.001 0.002 0.004 0.005 0.003 0.000 0.000 0.000 0.000 0.000 0.000 0.000 0.000 0.000 0.000 0.000 0.000 0.000 0.000 0.000 0.000 0.000 0.000 0.000 0.000 0.000 0.000 0.000 0.000 0.000 0.000 0.000 0.000 0.000 0.000 0.000 0.000 0.000 0.000 0.000 0.000 0.000 0.000 0.000 0.000 0.000 0.000 0.000 0.000 0.000 0.000 0.000 0.000 0.000 0.000 0.000 0.000 0.000 0.000 0.000 0.000 0.000 0.000 0.000 0.000 0.000 0.000 0.000 0.000 0.000 0.000 0.000 0.000 0.000 0.000 0.000 0.000 0.000 0.000 0.000 0.000 0.000 0.000 0.000 0.000 0.000 0.000 0.000 0.000 0.000 0.000 0.000 0.000 0.000
0.004 0.004 0.005 0.005 0.005 0.005 0.005 0.005 0.005 0.005 0.006 0.006 0.006 0.006 0.006 0.006 0.007 0.007 0.007 0.008 0.008 0.009 0.010 0.011 0.011 0.011 0.011 0.011 0.011 0.011 0.011 0.010 0.010 0.009 0.009 0.008 0.008 0.007 0.006 0.006 0.005 0.005 0.004 0.003 0.002 0.002 0.003 0.004 0.006 0.003 0.000 0.000 0.000 0.000 0.000 0.000 0.000 0.000 0.000 0.000 0.000 0.000 0.000 0.000 0.000 0.000 0.000 0.000 0.000 0.000 0.000 0.000 0.000 0.000 0.000 0.000 0.000 0.000 0.000 0.000 0.000 0.000 0.000 0.000 0.000 0.000 0.000 0.000 0.000 0.000 0.000 0.000 0.000 0.000 0.000 0.000 0.000 0.000 0.000 0.000 0.000 0.000 0.000 0.000 0.000 0.000 0.000 0.000 0.000 0.000 0.000 0.000 0.000 0.000 0.000 0.000 0.000 0.000 0.000 0.000 0.000 0.000 0.000 0.000 0.000 0.000 0.000 0.000 0.000 0.000 0.000 0.000 0.000
0.004 0.005 0.006 0.006 0.006 0.006 0.006 0.007 0.007 0.007 0.007 0.008 0.008 0.010 0.012 0.014 0.017 0.019 0.022 0.025 0.028 0.030 0.032 0.034 0.036 0.037 0.038 0.038 0.039 0.038 0.037 0.036 0.035 0.033 0.031 0.029 0.027 0.025 0.023 0.020 0.018 0.016 0.014 0.012 0.010 0.009 0.008 0.007 0.006 0.004 0.003 0.003 0.003 0.004 0.006 0.005 0.001 0.000 0.000 0.000 0.000 0.000 0.000 0.001 0.001 0.003 0.005 0.007 0.009 0.012 0.015 0.018 0.021 0.023 0.025 0.026 0.026 0.025 0.024 0.021 0.017 0.013 0.008 0.001 0.000 0.000 0.000 0.000 0.000 0.000 0.000 0.000 0.000 0.000 0.000 0.000 0.000 0.000 0.000 0.000 0.000 0.000 0.000 0.000 0.000 0.000 0.000 0.000 0.000 0.000 0.000 0.000 0.000 0.000 0.000 0.000 0.000 0.000 0.000 0.000 0.000 0.000 0.000 0.000 0.000 0.000 0.000 0.000 0.000 0.000 0.000 0.000 0.000
0.004 0.005 0.006 0.006 0.007 0.007 0.007 0.008 0.008 0.009 0.013 0.016 0.021 0.027 0.032 0.039 0.045 0.053 0.060 0.067 0.074 0.081 0.088 0.094 0.099 0.104 0.108 0.111 0.113 0.114 0.114 0.113 0.111 0.108 0.104 0.100 0.095 0.089 0.083 0.077 0.071 0.065 0.058 0.052 0.047 0.041 0.036 0.031 0.027 0.023 0.019 0.016 0.014 0.012 0.010 0.008 0.006 0.004 0.004 0.003 0.005 0.011 0.025 0.048 0.077 0.111 0.149 0.188 0.228 0.265 0.300 0.332 0.359 0.380 0.397 0.409 0.416 0.419 0.416 0.410 0.399 0.385 0.367 0.345 0.318 0.289 0.258 0.225 0.193 0.161 0.130 0.102 0.076 0.055 0.039 0.027 0.018 0.013 0.009 0.002 0.000 0.000 0.000 0.000 0.000 0.000 0.000 0.000 0.000 0.000 0.000 0.000 0.000 0.000 0.000 0.000 0.000 0.000 0.000 0.000 0.000 0.000 0.000 0.000 0.000 0.000 0.000 0.000 0.000 0.000 0.000 0.000 0.000
0.004 0.006 0.006 0.007 0.007 0.008 0.008 0.011 0.016 0.022 0.029 0.038 0.048 0.060 0.072 0.086 0.101 0.117 0.133 0.150 0.167 0.184 0.201 0.218 0.234 0.249 0.262 0.274 0.285 0.294 0.301 0.306 0.309 0.310 0.309 0.307 0.302 0.296 0.289 0.280 0.270 0.259 0.247 0.235 0.223 0.210 0.198 0.185 0.173 0.161 0.150 0.139 0.130 0.121 0.116 0.133 0.181 0.260 0.367 0.498 0.648 0.800 0.945 1.081 1.203 1.310 1.402 1.478 1.539 1.585 1.618 1.638 1.646 1.643 1.630 1.608 1.577 1.539 1.495 1.445 1.391 1.333 1.274 1.213 1.154 1.095 1.038 0.981 0.926 0.871 0.815 0.759 0.701 0.637 0.568 0.495 0.421 0.349 0.281 0.219 0.166 0.122 0.087 0.061 0.041 0.027 0.018 0.012 0.007 0.001 0.000 0.000 0.000 0.000 0.000 0.000 0.000 0.000 0.000 0.000 0.000 0.000 0.000 0.000 0.000 0.000 0.000 0.000 0.000 0.000 0.000 0.000 0.000
0.005 0.006 0.007 0.007 0.008 0.010 0.015 0.023 0.032 0.044 0.058 0.074 0.093 0.114 0.137 0.164 0.192 0.223 0.256 0.291 0.327 0.364 0.402 0.441 0.480 0.519 0.558 0.596 0.632 0.668 0.702 0.735 0.766 0.795 0.823 0.850 0.875 0.899 0.923 0.946 0.969 0.993 1.019 1.047 1.078 1.113 1.153 1.201 1.261 1.355 1.490 1.665 1.875 2.116 2.377 2.615 2.807 2.948 3.041 3.088 3.096 3.075 3.033 2.975 2.907 2.833 2.756 2.681 2.609 2.543 2.485 2.437 2.399 2.371 2.354 2.345 2.344 2.348 2.356 2.365 2.374 2.380 2.382 2.376 2.361 2.337 2.301 2.253 2.193 2.122 2.041 1.950 1.852 1.750 1.645 1.538 1.429 1.317 1.204 1.086 0.965 0.841 0.717 0.597 0.484 0.380 0.289 0.212 0.149 0.101 0.067 0.043 0.027 0.017 0.011 0.005 0.000 0.000 0.000 0.000 0.000 0.000 0.000 0.000 0.000 0.000 0.000 0.000 0.000 0.000 0.000 0.000 0.000
0.005 0.006 0.007 0.008 0.011 0.018 0.027 0.040 0.055 0.074 0.097 0.123 0.154 0.189 0.229 0.274 0.323 0.378 0.437 0.501 0.569 0.641 0.717 0.797 0.881 0.968 1.058 1.150 1.246 1.344 1.444 1.548 1.654 1.763 1.876 1.993 2.114 2.241 2.375 2.515 2.664 2.822 2.991 3.172 3.364 3.569 3.791 4.024 4.257 4.443 4.565 4.626 4.631 4.585 4.499 4.398 4.297 4.203 4.118 4.041 3.974 3.916 3.865 3.822 3.782 3.746 3.710 3.672 3.630 3.580 3.523 3.455 3.378 3.290 3.193 3.089 2.979 2.865 2.749 2.632 2.516 2.401 2.287 2.174 2.061 1.950 1.840 1.731 1.624 1.521 1.421 1.326 1.237 1.155 1.080 1.014 0.960 0.914 0.873 0.836 0.800 0.763 0.723 0.679 0.631 0.578 0.520 0.460 0.397 0.333 0.270 0.211 0.159 0.116 0.082 0.057 0.038 0.025 0.017 0.011 0.006 0.000 0.000 0.000 0.000 0.000 0.000 0.000 0.000 0.000 0.000 0.000 0.000
0.005 0.006 0.008 0.011 0.018 0.029 0.043 0.062 0.084 0.112 0.146 0.187 0.234 0.289 0.352 0.424 0.505 0.595 0.694 0.803 0.922 1.050 1.188 1.334 1.489 1.652 1.822 1.999 2.183 2.372 2.566 2.765 2.968 3.174 3.383 3.594 3.805 4.016 4.225 4.428 4.624 4.810 4.980 5.132 5.260 5.357 5.413 5.429 5.411 5.383 5.356 5.329 5.307 5.287 5.269 5.250 5.229 5.203 5.170 5.130 5.081 5.023 4.956 4.880 4.797 4.707 4.612 4.514 4.413 4.313 4.214 4.119 4.028 3.944 3.865 3.793 3.728 3.668 3.613 3.563 3.516 3.473 3.432 3.394 3.360 3.329 3.301 3.277 3.255 3.233 3.211 3.185 3.153 3.113 3.061 2.992 2.900 2.788 2.662 2.526 2.383 2.237 2.089 1.941 1.793 1.645 1.498 1.352 1.208 1.068 0.932 0.801 0.677 0.561 0.454 0.359 0.277 0.208 0.152 0.108 0.074 0.050 0.033 0.021 0.014 0.009 0.002 0.000 0.000 0.000 0.000 0.000 0.000
0.005 0.007 0.010 0.017 0.029 0.045 0.066 0.093 0.128 0.171 0.223 0.287 0.363 0.452 0.556 0.675 0.810 0.961 1.127 1.308 1.503 1.711 1.930 2.159 2.395 2.637 2.882 3.129 3.376 3.620 3.860 4.094 4.319 4.534 4.736 4.924 5.095 5.247 5.380 5.491 5.581 5.649 5.697 5.726 5.741 5.744 5.745 5.745 5.746 5.748 5.752 5.756 5.752 5.738 5.716 5.685 5.647 5.604 5.555 5.503 5.448 5.391 5.333 5.274 5.213 5.152 5.088 5.021 4.952 4.879 4.800 4.716 4.625 4.527 4.419 4.302 4.175 4.039 3.893 3.740 3.580 3.415 3.246 3.076 2.905 2.735 2.567 2.401 2.238 2.079 1.925 1.777 1.635 1.500 1.373 1.256 1.153 1.061 0.979 0.903 0.832 0.765 0.700 0.639 0.579 0.522 0.469 0.418 0.372 0.330 0.292 0.259 0.229 0.203 0.179 0.157 0.137 0.118 0.100 0.084 0.069 0.055 0.043 0.033 0.024 0.017 0.012 0.008 0.001 0.000 0.000 0.000 0.000
0.008 0.017 0.032 0.053 0.083 0.123 0.175 0.240 0.320 0.415 0.528 0.658 0.806 0.969 1.148 1.340 1.543 1.755 1.973 2.194 2.417 2.639 2.857 3.071 3.279 3.479 3.670 3.852 4.024 4.185 4.335 4.474 4.600 4.716 4.821 4.917 5.005 5.085 5.160 5.232 5.301 5.369 5.436 5.502 5.566 5.628 5.684 5.733 5.772 5.798 5.812 5.816 5.816 5.814 5.810 5.803 5.792 5.778 5.758 5.733 5.703 5.666 5.623 5.573 5.517 5.454 5.386 5.312 5.235 5.155 5.073 4.990 4.908 4.827 4.749 4.673 4.601 4.532 4.466 4.403 4.343 4.284 4.226 4.169 4.112 4.054 3.995 3.933 3.870 3.803 3.733 3.660 3.582 3.500 3.414 3.323 3.228 3.129 3.025 2.916 2.804 2.688 2.568 2.446 2.320 2.191 2.061 1.928 1.793 1.658 1.522 1.386 1.252 1.120 0.992 0.869 0.752 0.643 0.543 0.451 0.370 0.299 0.238 0.187 0.144 0.109 0.082 0.060 0.043 0.030 0.021 0.015 0.010
0.005 0.007 0.010 0.017 0.029 0.045 0.066 0.093 0.127 0.170 0.223 0.287 0.363 0.452 0.556 0.675 0.810 0.960 1.126 1.308 1.503 1.711 1.930 2.159 2.395 2.637 2.882 3.129 3.376 3.620 3.860 4.094 4.319 4.534 4.736 4.924 5.095 5.248 5.380 5.491 5.581 5.649 5.697 5.726 5.741 5.744 5.745 5.745 5.745 5.748 5.752 5.756 5.751 5.738 5.716 5.685 5.647 5.603 5.554 5.502 5.447 5.390 5.332 5.273 5.212 5.150 5.086 5.020 4.951 4.877 4.799 4.715 4.624 4.526 4.418 4.301 4.174 4.038 3.892 3.739 3.579 3.414 3.245 3.075 2.904 2.734 2.566 2.400 2.237 2.079 1.925 1.777 1.634 1.499 1.373 1.256 1.153 1.062 0.979 0.903 0.832 0.765 0.701 0.639 0.579 0.522 0.469 0.418 0.372 0.330 0.292 0.259 0.229 0.203 0.179 0.157 0.137 0.118 0.100 0.084 0.069 0.055 0.043 0.033 0.024 0.017 0.012 0.008 0.001 0.000 0.000 0.000 0.000
0.005 0.006 0.008 0.011 0.018 0.029 0.043 0.061 0.084 0.112 0.146 0.187 0.234 0.289 0.352 0.424 0.504 0.595 0.694 0.803 0.922 1.050 1.187 1.334 1.489 1.651 1.821 1.998 2.182 2.371 2.565 2.764 2.967 3.173 3.382 3.593 3.805 4.015 4.224 4.428 4.624 4.809 4.980 5.132 5.260 5.357 5.413 5.429 5.411 5.383 5.356 5.329 5.307 5.287 5.269 5.250 5.229 5.203 5.170 5.130 5.081 5.023 4.956 4.881 4.798 4.708 4.613 4.514 4.414 4.314 4.215 4.120 4.029 3.945 3.866 3.794 3.729 3.669 3.614 3.563 3.517 3.473 3.432 3.394 3.360 3.329 3.301 3.276 3.254 3.233 3.211 3.185 3.153 3.113 3.061 2.991 2.900 2.788 2.662 2.526 2.383 2.237 2.089 1.941 1.793 1.645 1.498 1.352 1.208 1.068 0.932 0.801 0.677 0.561 0.454 0.359 0.277 0.208 0.152 0.108 0.074 0.050 0.033 0.021 0.014 0.009 0.002 0.000 0.000 0.000 0.000 0.000 0.000
0.005 0.006 0.007 0.008 0.011 0.018 0.027 0.040 0.055 0.074 0.097 0.123 0.154 0.189 0.229 0.274 0.323 0.378 0.437 0.500 0.569 0.641 0.717 0.797 0.881 0.968 1.058 1.150 1.246 1.343 1.444 1.547 1.653 1.763 1.875 1.992 2.114 2.240 2.374 2.514 2.663 2.822 2.990 3.171 3.363 3.569 3.790 4.023 4.256 4.442 4.565 4.626 4.630 4.585 4.499 4.397 4.297 4.203 4.117 4.041 3.974 3.916 3.865 3.821 3.782 3.746 3.710 3.671 3.629 3.580 3.522 3.455 3.377 3.289 3.192 3.088 2.978 2.865 2.749 2.632 2.516 2.401 2.287 2.174 2.062 1.951 1.841 1.732 1.625 1.521 1.421 1.326 1.237 1.155 1.080 1.014 0.960 0.914 0.873 0.836 0.800 0.763 0.723 0.679 0.631 0.578 0.520 0.460 0.397 0.333 0.270 0.211 0.159 0.116 0.082 0.057 0.038 0.025 0.017 0.011 0.006 0.000 0.000 0.000 0.000 0.000 0.000 0.000 0.000 0.000 0.000 0.000 0.000
0.005 0.006 0.007 0.007 0.008 0.010 0.015 0.023 0.032 0.044 0.058 0.074 0.093 0.114 0.137 0.164 0.192 0.223 0.256 0.291 0.327 0.364 0.402 0.441 0.480 0.519 0.558 0.596 0.632 0.668 0.702 0.735 0.766 0.796 0.824 0.850 0.875 0.900 0.923 0.946 0.969 0.994 1.019 1.047 1.077 1.113 1.153 1.201 1.261 1.355 1.490 1.664 1.875 2.116 2.376 2.615 2.807 2.948 3.041 3.088 3.096 3.075 3.033 2.975 2.907 2.833 2.756 2.680 2.608 2.542 2.485 2.436 2.399 2.371 2.353 2.345 2.343 2.347 2.355 2.365 2.374 2.380 2.381 2.375 2.361 2.336 2.301 2.253 2.193 2.122 2.040 1.950 1.852 1.750 1.645 1.538 1.429 1.317 1.204 1.086 0.965 0.841 0.717 0.597 0.484 0.380 0.289 0.212 0.149 0.101 0.067 0.043 0.027 0.017 0.011 0.005 0.000 0.000 0.000 0.000 0.000 0.000 0.000 0.000 0.000 0.000 0.000 0.000 0.000 0.000 0.000 0.000 0.000
0.004 0.006 0.006 0.007 0.007 0.008 0.008 0.011 0.016 0.022 0.029 0.038 0.048 0.060 0.073 0.086 0.101 0.117 0.133 0.150 0.167 0.185 0.202 0.218 0.234 0.249 0.262 0.274 0.285 0.294 0.301 0.306 0.309 0.310 0.309 0.307 0.302 0.296 0.289 0.280 0.270 0.259 0.248 0.236 0.223 0.210 0.198 0.185 0.173 0.161 0.150 0.140 0.130 0.121 0.116 0.133 0.181 0.260 0.367 0.498 0.648 0.800 0.946 1.081 1.203 1.310 1.402 1.478 1.539 1.586 1.618 1.638 1.646 1.643 1.630 1.608 1.577 1.539 1.495 1.445 1.391 1.333 1.274 1.214 1.154 1.095 1.038 0.981 0.926 0.871 0.816 0.759 0.701 0.637 0.568 0.495 0.422 0.349 0.281 0.219 0.166 0.122 0.087 0.061 0.041 0.027 0.018 0.012 0.007 0.001 0.000 0.000 0.000 0.000 0.000 0.000 0.000 0.000 0.000 0.000 0.000 0.000 0.000 0.000 0.000 0.000 0.000 0.000 0.000 0.000 0.000 0.000 0.000
0.004 0.005 0.006 0.006 0.007 0.007 0.007 0.008 0.008 0.009 0.013 0.017 0.021 0.027 0.032 0.039 0.046 0.053 0.060 0.067 0.074 0.081 0.088 0.094 0.099 0.104 0.108 0.111 0.113 0.114 0.114 0.113 0.111 0.108 0.104 0.100 0.095 0.089 0.083 0.077 0.071 0.065 0.059 0.053 0.047 0.041 0.036 0.031 0.027 0.023 0.019 0.016 0.014 0.012 0.010 0.008 0.006 0.004 0.004 0.003 0.005 0.011 0.025 0.048 0.077 0.111 0.149 0.188 0.228 0.266 0.301 0.332 0.359 0.381 0.398 0.410 0.416 0.419 0.416 0.410 0.399 0.385 0.367 0.345 0.318 0.289 0.258 0.226 0.193 0.161 0.131 0.102 0.076 0.055 0.039 0.027 0.018 0.013 0.009 0.002 0.000 0.000 0.000 0.000 0.000 0.000 0.000 0.000 0.000 0.000 0.000 0.000 0.000 0.000 0.000 0.000 0.000 0.000 0.000 0.000 0.000 0.000 0.000 0.000 0.000 0.000 0.000 0.000 0.000 0.000 0.000 0.000 0.000
0.004 0.005 0.006 0.006 0.006 0.006 0.006 0.007 0.007 0.007 0.007 0.008 0.008 0.010 0.012 0.014 0.017 0.019 0.022 0.025 0.028 0.030 0.032 0.034 0.036 0.037 0.038 0.038 0.039 0.038 0.038 0.036 0.035 0.033 0.031 0.029 0.027 0.025 0.023 0.020 0.018 0.016 0.014 0.012 0.010 0.009 0.008 0.007 0.006 0.004 0.003 0.003 0.003 0.004 0.006 0.005 0.001 0.000 0.000 0.000 0.000 0.000 0.000 0.001 0.001 0.003 0.005 0.007 0.009 0.012 0.015 0.018 0.021 0.023 0.025 0.026 0.026 0.025 0.024 0.021 0.017 0.013 0.008 0.001 0.000 0.000 0.000 0.000 0.000 0.000 0.000 0.000 0.000 0.000 0.000 0.000 0.000 0.000 0.000 0.000 0.000 0.000 0.000 0.000 0.000 0.000 0.000 0.000 0.000 0.000 0.000 0.000 0.000 0.000 0.000 0.000 0.000 0.000 0.000 0.000 0.000 0.000 0.000 0.000 0.000 0.000 0.000 0.000 0.000 0.000 0.000 0.000 0.000
0.004 0.004 0.005 0.005 0.005 0.005 0.005 0.005 0.005 0.005 0.006 0.006 0.006 0.006 0.006 0.006 0.007 0.007 0.007 0.008 0.008 0.009 0.010 0.011 0.011 0.011 0.011 0.011 0.011 0.011 0.011 0.010 0.010 0.009 0.009 0.008 0.008 0.007 0.006 0.006 0.005 0.005 0.004 0.003 0.002 0.002 0.003 0.004 0.006 0.003 0.000 0.000 0.000 0.000 0.000 0.000 0.000 0.000 0.000 0.000 0.000 0.000 0.000 0.000 0.000 0.000 0.000 0.000 0.000 0.000 0.000 0.000 0.000 0.000 0.000 0.000 0.000 0.000 0.000 0.000 0.000 0.000 0.000 0.000 0.000 0.000 0.000 0.000 0.000 0.000 0.000 0.000 0.000 0.000 0.000 0.000 0.000 0.000 0.000 0.000 0.000 0.000 0.000 0.000 0.000 0.000 0.000 0.000 0.000 0.000 0.000 0.000 0.000 0.000 0.000 0.000 0.000 0.000 0.000 0.000 0.000 0.000 0.000 0.000 0.000 0.000 0.000 0.000 0.000 0.000 0.000 0.000 0.000
0.002 0.003 0.003 0.003 0.003 0.003 0.003 0.003 0.003 0.003 0.003 0.003 0.003 0.003 0.003 0.003 0.003 0.003 0.004 0.004 0.004 0.004 0.004 0.004 0.004 0.004 0.004 0.004 0.004 0.003 0.003 0.003 0.003 0.003 0.002 0.002 0.002 0.001 0.001 0.001 0.002 0.003 0.005 0.003 0.000 0.000 0.000 0.000 0.000 0.000 0.000 0.000 0.000 0.000 0.000 0.000 0.000 0.000 0.000 0.000 0.000 0.000 0.000 0.000 0.000 0.000 0.000 0.000 0.000 0.000 0.000 0.000 0.000 0.000 0.000 0.000 0.000 0.000 0.000 0.000 0.000 0.000 0.000 0.000 0.000 0.000 0.000 0.000 0.000 0.000 0.000 0.000 0.000 0.000 0.000 0.000 0.000 0.000 0.000 0.000 0.000 0.000 0.000 0.000 0.000 0.000 0.000 0.000 0.000 0.000 0.000 0.000 0.000 0.000 0.000 0.000 0.000 0.000 0.000 0.000 0.000 0.000 0.000 0.000 0.000 0.000 0.000 0.000 0.000 0.000 0.000 0.000 0.000
