Examples/2023_ISeeSnow/data/CoulombOnly/Results/curv77s/h/1HS_03_curv77s_MoT-Voellmy_h_0031.asc
ncols        146
nrows        17
xllcorner    1727.5
yllcorner    -4292.5
cellsize     5.00
NODATA_value -9999
0.000 0.000 0.000 0.000 0.000 0.000 0.000 0.000 0.000 0.000 0.000 0.000 0.000 0.000 0.000 0.000 0.000 0.000 0.000 0.000 0.000 0.000 0.000 0.000 0.001 0.002 0.003 0.001 0.000 0.000 0.000 0.000 0.000 0.000 0.000 0.000 0.000 0.000 0.000 0.000 0.000 0.000 0.000 0.000 0.000 0.000 0.000 0.000 0.000 0.000 0.000 0.000 0.000 0.000 0.000 0.000 0.000 0.000 0.000 0.000 0.000 0.000 0.000 0.000 0.000 0.000 0.000 0.000 0.000 0.000 0.000 0.000 0.000 0.000 0.000 0.000 0.000 0.000 0.000 0.000 0.000 0.000 0.000 0.000 0.000 0.000 0.000 0.000 0.000 0.000 0.000 0.000 0.000 0.000 0.000 0.000 0.000 0.000 0.000 0.000 0.000 0.000 0.000 0.000 0.000 0.000 0.000 0.000 0.000 0.000 0.000 0.000 0.000 0.000 0.000 0.000 0.000 0.000 0.000 0.000 0.000 0.000 0.000 0.000 0.000 0.000 0.000 0.000 0.000 0.000 0.000 0.000 0.000 0.000 0.000 0.000 0.000 0.000 0.000 0.000 0.000 0.000 0.000 0.000 0.000 0.000
0.001 0.001 0.001 0.001 0.001 0.001 0.001 0.001 0.001 0.001 0.001 0.001 0.001 0.001 0.001 0.001 0.001 0.001 0.001 0.001 0.001 0.001 0.001 0.001 0.001 0.001 0.001 0.000 0.000 0.000 0.001 0.001 0.002 0.004 0.002 0.000 0.000 0.000 0.000 0.000 0.000 0.000 0.000 0.000 0.000 0.001 0.001 0.003 0.005 0.008 0.010 0.014 0.020 0.028 0.038 0.050 0.064 0.080 0.098 0.118 0.139 0.160 0.181 0.202 0.221 0.237 0.251 0.262 0.268 0.270 0.268 0.262 0.250 0.235 0.215 0.192 0.166 0.140 0.117 0.096 0.078 0.062 0.049 0.038 0.029 0.022 0.017 0.013 0.010 0.010 0.008 0.002 0.000 0.000 0.000 0.000 0.000 0.000 0.000 0.000 0.000 0.000 0.000 0.000 0.000 0.000 0.000 0.000 0.000 0.000 0.000 0.000 0.000 0.000 0.000 0.000 0.000 0.000 0.000 0.000 0.000 0.000 0.000 0.000 0.000 0.000 0.000 0.000 0.000 0.000 0.000 0.000 0.000 0.000 0.000 0.000 0.000 0.000 0.000 0.000 0.000 0.000 0.000 0.000 0.000 0.000
0.002 0.003 0.003 0.003 0.003 0.003 0.003 0.003 0.003 0.003 0.003 0.003 0.003 0.003 0.003 0.003 0.003 0.003 0.003 0.002 0.002 0.002 0.002 0.002 0.002 0.002 0.002 0.002 0.002 0.002 0.002 0.002 0.002 0.001 0.001 0.001 0.001 0.001 0.001 0.001 0.001 0.001 0.003 0.006 0.010 0.017 0.028 0.044 0.067 0.097 0.134 0.178 0.229 0.287 0.351 0.419 0.491 0.565 0.640 0.716 0.790 0.863 0.932 0.999 1.061 1.118 1.171 1.218 1.260 1.296 1.326 1.350 1.368 1.380 1.387 1.387 1.382 1.365 1.335 1.293 1.241 1.181 1.115 1.045 0.971 0.897 0.821 0.746 0.672 0.598 0.525 0.453 0.384 0.319 0.260 0.208 0.163 0.126 0.095 0.071 0.052 0.037 0.026 0.019 0.013 0.010 0.010 0.007 0.001 0.000 0.000 0.000 0.000 0.000 0.000 0.000 0.000 0.000 0.000 0.000 0.000 0.000 0.000 0.000 0.000 0.000 0.000 0.000 0.000 0.000 0.000 0.000 0.000 0.000 0.000 0.000 0.000 0.000 0.000 0.000 0.000 0.000 0.000 0.000 0.000 0.000
0.003 0.004 0.004 0.004 0.004 0.004 0.004 0.004 0.004 0.004 0.004 0.004 0.004 0.004 0.004 0.004 0.004 0.005 0.005 0.005 0.005 0.005 0.005 0.005 0.005 0.005 0.005 0.004 0.004 0.004 0.004 0.004 0.004 0.004 0.004 0.004 0.003 0.004 0.004 0.008 0.018 0.038 0.071 0.118 0.180 0.258 0.352 0.458 0.575 0.700 0.829 0.958 1.086 1.209 1.326 1.435 1.535 1.627 1.710 1.784 1.850 1.908 1.959 2.004 2.044 2.078 2.108 2.134 2.156 2.175 2.190 2.201 2.208 2.211 2.209 2.200 2.185 2.166 2.142 2.111 2.073 2.025 1.967 1.899 1.825 1.747 1.668 1.589 1.511 1.435 1.363 1.295 1.230 1.165 1.098 1.025 0.948 0.866 0.781 0.694 0.608 0.525 0.446 0.373 0.307 0.249 0.198 0.155 0.118 0.089 0.066 0.049 0.035 0.025 0.018 0.013 0.010 0.009 0.005 0.000 0.000 0.000 0.000 0.000 0.000 0.000 0.000 0.000 0.000 0.000 0.000 0.000 0.000 0.000 0.000 0.000 0.000 0.000 0.000 0.000 0.000 0.000 0.000 0.000 0.000 0.000
0.003 0.004 0.005 0.005 0.005 0.005 0.006 0.006 0.006 0.006 0.006 0.006 0.006 0.006 0.006 0.006 0.006 0.006 0.007 0.007 0.007 0.007 0.008 0.008 0.008 0.009 0.010 0.011 0.011 0.012 0.012 0.013 0.014 0.015 0.020 0.040 0.084 0.157 0.263 0.398 0.558 0.736 0.927 1.125 1.324 1.518 1.702 1.875 2.033 2.176 2.303 2.416 2.513 2.598 2.670 2.732 2.784 2.828 2.864 2.895 2.920 2.941 2.958 2.973 2.984 2.992 2.999 3.003 3.005 3.004 3.001 2.996 2.989 2.980 2.969 2.956 2.941 2.926 2.911 2.896 2.884 2.873 2.866 2.859 2.843 2.816 2.777 2.725 2.661 2.586 2.501 2.409 2.310 2.209 2.108 2.009 1.913 1.820 1.730 1.641 1.553 1.465 1.375 1.283 1.189 1.092 0.993 0.892 0.791 0.692 0.596 0.504 0.420 0.344 0.276 0.218 0.169 0.128 0.094 0.068 0.049 0.034 0.024 0.017 0.012 0.010 0.007 0.001 0.000 0.000 0.000 0.000 0.000 0.000 0.000 0.000 0.000 0.000 0.000 0.000 0.000 0.000 0.000 0.000 0.000 0.000
0.003 0.005 0.006 0.006 0.006 0.006 0.007 0.007 0.007 0.007 0.007 0.007 0.007 0.008 0.008 0.009 0.011 0.014 0.016 0.019 0.022 0.025 0.030 0.034 0.040 0.046 0.054 0.064 0.079 0.118 0.193 0.311 0.479 0.701 0.972 1.270 1.577 1.879 2.163 2.423 2.652 2.847 3.007 3.132 3.226 3.292 3.334 3.356 3.365 3.365 3.359 3.352 3.345 3.340 3.337 3.337 3.339 3.341 3.342 3.342 3.339 3.331 3.319 3.301 3.278 3.250 3.217 3.179 3.138 3.093 3.047 2.999 2.952 2.904 2.859 2.815 2.774 2.736 2.700 2.666 2.634 2.601 2.567 2.533 2.504 2.480 2.457 2.435 2.411 2.384 2.352 2.314 2.269 2.217 2.157 2.092 2.020 1.945 1.866 1.785 1.704 1.623 1.543 1.464 1.387 1.312 1.239 1.167 1.097 1.026 0.954 0.881 0.805 0.728 0.649 0.570 0.493 0.419 0.349 0.285 0.229 0.180 0.139 0.106 0.079 0.058 0.041 0.029 0.020 0.014 0.011 0.008 0.001 0.000 0.000 0.000 0.000 0.000 0.000 0.000 0.000 0.000 0.000 0.000 0.000 0.000
0.003 0.005 0.006 0.006 0.007 0.007 0.007 0.007 0.008 0.008 0.009 0.012 0.016 0.021 0.027 0.035 0.045 0.056 0.071 0.089 0.114 0.154 0.225 0.335 0.492 0.699 0.958 1.269 1.622 1.982 2.323 2.626 2.877 3.068 3.196 3.273 3.308 3.313 3.300 3.277 3.256 3.243 3.244 3.260 3.292 3.340 3.399 3.467 3.539 3.612 3.681 3.746 3.805 3.857 3.902 3.942 3.977 4.008 4.038 4.066 4.094 4.122 4.149 4.176 4.203 4.229 4.254 4.277 4.297 4.314 4.328 4.339 4.344 4.345 4.342 4.333 4.319 4.300 4.276 4.247 4.215 4.180 4.144 4.101 4.053 4.000 3.943 3.883 3.821 3.756 3.689 3.619 3.546 3.470 3.390 3.307 3.220 3.128 3.032 2.930 2.823 2.711 2.595 2.474 2.349 2.221 2.091 1.960 1.830 1.702 1.576 1.455 1.339 1.228 1.122 1.021 0.925 0.832 0.742 0.656 0.574 0.496 0.424 0.357 0.296 0.242 0.194 0.153 0.119 0.091 0.068 0.050 0.036 0.026 0.018 0.014 0.011 0.007 0.001 0.000 0.000 0.000 0.000 0.000 0.000 0.000
0.004 0.005 0.006 0.007 0.007 0.008 0.009 0.013 0.019 0.027 0.039 0.056 0.078 0.108 0.148 0.203 0.276 0.374 0.502 0.668 0.876 1.118 1.371 1.621 1.858 2.076 2.270 2.434 2.570 2.693 2.812 2.934 3.062 3.198 3.343 3.493 3.646 3.798 3.942 4.075 4.193 4.292 4.370 4.429 4.468 4.489 4.495 4.489 4.473 4.450 4.420 4.385 4.346 4.304 4.257 4.207 4.152 4.094 4.031 3.964 3.894 3.820 3.744 3.665 3.585 3.503 3.421 3.338 3.255 3.173 3.090 3.009 2.928 2.847 2.768 2.690 2.614 2.539 2.465 2.394 2.324 2.256 2.190 2.129 2.072 2.019 1.972 1.929 1.890 1.856 1.826 1.801 1.779 1.760 1.743 1.728 1.714 1.701 1.687 1.672 1.656 1.639 1.621 1.600 1.576 1.550 1.520 1.485 1.446 1.402 1.352 1.297 1.236 1.171 1.101 1.029 0.954 0.878 0.802 0.727 0.654 0.582 0.512 0.446 0.385 0.327 0.275 0.229 0.187 0.151 0.121 0.095 0.074 0.056 0.043 0.032 0.023 0.017 0.012 0.007 0.001 0.000 0.000 0.000 0.000 0.000
0.005 0.011 0.020 0.033 0.051 0.076 0.111 0.159 0.222 0.306 0.411 0.542 0.700 0.885 1.098 1.335 1.591 1.856 2.118 2.364 2.580 2.765 2.931 3.084 3.224 3.354 3.473 3.585 3.689 3.787 3.881 3.970 4.057 4.141 4.223 4.303 4.383 4.461 4.539 4.616 4.694 4.772 4.849 4.926 5.002 5.076 5.148 5.216 5.280 5.339 5.393 5.440 5.482 5.517 5.547 5.571 5.589 5.601 5.609 5.612 5.610 5.603 5.592 5.576 5.555 5.530 5.501 5.467 5.429 5.388 5.342 5.293 5.242 5.187 5.130 5.070 5.008 4.945 4.880 4.814 4.746 4.678 4.609 4.539 4.469 4.399 4.330 4.260 4.191 4.123 4.055 3.987 3.921 3.855 3.789 3.724 3.659 3.594 3.528 3.462 3.394 3.325 3.254 3.181 3.105 3.027 2.945 2.860 2.771 2.678 2.581 2.481 2.376 2.267 2.155 2.039 1.921 1.800 1.678 1.555 1.432 1.311 1.193 1.078 0.967 0.861 0.759 0.663 0.574 0.492 0.417 0.349 0.289 0.236 0.190 0.151 0.118 0.091 0.069 0.051 0.038 0.028 0.020 0.014 0.010 0.000
0.004 0.005 0.006 0.007 0.007 0.008 0.009 0.013 0.019 0.027 0.039 0.056 0.078 0.108 0.148 0.203 0.276 0.374 0.502 0.668 0.876 1.118 1.371 1.621 1.858 2.076 2.270 2.434 2.570 2.693 2.812 2.934 3.062 3.198 3.342 3.493 3.646 3.797 3.942 4.075 4.192 4.291 4.370 4.428 4.467 4.489 4.495 4.489 4.473 4.449 4.419 4.385 4.346 4.303 4.257 4.206 4.152 4.093 4.031 3.964 3.894 3.820 3.744 3.666 3.585 3.504 3.422 3.339 3.256 3.174 3.091 3.010 2.929 2.849 2.769 2.692 2.615 2.540 2.467 2.395 2.325 2.258 2.192 2.130 2.073 2.021 1.973 1.930 1.891 1.857 1.828 1.802 1.780 1.761 1.745 1.729 1.715 1.702 1.687 1.673 1.657 1.640 1.621 1.600 1.577 1.550 1.520 1.485 1.446 1.402 1.352 1.297 1.236 1.171 1.101 1.029 0.954 0.878 0.802 0.727 0.654 0.582 0.512 0.446 0.385 0.327 0.275 0.229 0.187 0.151 0.121 0.095 0.074 0.056 0.043 0.032 0.023 0.017 0.012 0.007 0.001 0.000 0.000 0.000 0.000 0.000
0.003 0.005 0.006 0.006 0.007 0.007 0.007 0.007 0.008 0.008 0.009 0.012 0.016 0.021 0.027 0.035 0.045 0.056 0.071 0.089 0.114 0.154 0.225 0.335 0.492 0.698 0.958 1.269 1.622 1.982 2.323 2.626 2.877 3.068 3.196 3.273 3.308 3.314 3.300 3.278 3.256 3.243 3.244 3.260 3.292 3.340 3.399 3.467 3.539 3.612 3.681 3.746 3.805 3.857 3.902 3.942 3.977 4.008 4.038 4.066 4.094 4.121 4.149 4.176 4.203 4.228 4.253 4.276 4.296 4.313 4.327 4.337 4.343 4.344 4.340 4.331 4.317 4.298 4.274 4.246 4.214 4.179 4.143 4.101 4.053 4.000 3.944 3.884 3.822 3.757 3.690 3.620 3.547 3.470 3.391 3.308 3.220 3.128 3.032 2.930 2.823 2.711 2.595 2.474 2.349 2.221 2.091 1.961 1.830 1.702 1.576 1.455 1.339 1.228 1.122 1.021 0.925 0.832 0.742 0.656 0.574 0.496 0.424 0.357 0.296 0.242 0.194 0.153 0.119 0.091 0.068 0.050 0.036 0.026 0.018 0.014 0.011 0.007 0.001 0.000 0.000 0.000 0.000 0.000 0.000 0.000
0.003 0.005 0.006 0.006 0.006 0.006 0.007 0.007 0.007 0.007 0.007 0.007 0.007 0.008 0.008 0.009 0.011 0.014 0.016 0.019 0.022 0.025 0.030 0.034 0.040 0.046 0.054 0.064 0.079 0.118 0.193 0.311 0.479 0.701 0.972 1.270 1.577 1.879 2.163 2.422 2.651 2.847 3.006 3.132 3.226 3.292 3.334 3.356 3.365 3.365 3.359 3.352 3.345 3.340 3.337 3.337 3.339 3.341 3.342 3.342 3.338 3.331 3.319 3.301 3.278 3.250 3.217 3.179 3.138 3.093 3.047 2.999 2.951 2.904 2.858 2.815 2.774 2.736 2.700 2.666 2.633 2.600 2.566 2.532 2.503 2.478 2.456 2.433 2.410 2.382 2.350 2.312 2.267 2.215 2.156 2.091 2.019 1.944 1.865 1.785 1.704 1.623 1.543 1.464 1.387 1.312 1.239 1.167 1.097 1.026 0.954 0.881 0.805 0.728 0.649 0.571 0.493 0.419 0.349 0.285 0.229 0.180 0.139 0.106 0.079 0.058 0.041 0.029 0.020 0.014 0.011 0.008 0.001 0.000 0.000 0.000 0.000 0.000 0.000 0.000 0.000 0.000 0.000 0.000 0.000 0.000
0.003 0.004 0.005 0.005 0.005 0.005 0.006 0.006 0.006 0.006 0.006 0.006 0.006 0.006 0.006 0.006 0.006 0.006 0.007 0.007 0.007 0.007 0.008 0.008 0.008 0.009 0.010 0.011 0.011 0.012 0.012 0.013 0.014 0.015 0.020 0.040 0.084 0.157 0.263 0.398 0.558 0.736 0.927 1.125 1.324 1.517 1.702 1.875 2.033 2.176 2.303 2.415 2.513 2.598 2.670 2.731 2.784 2.827 2.864 2.895 2.920 2.941 2.958 2.972 2.984 2.993 2.999 3.003 3.005 3.005 3.002 2.997 2.990 2.981 2.969 2.956 2.942 2.927 2.912 2.897 2.885 2.874 2.867 2.860 2.844 2.817 2.777 2.725 2.661 2.586 2.501 2.409 2.310 2.209 2.108 2.009 1.913 1.820 1.730 1.641 1.553 1.465 1.375 1.283 1.189 1.092 0.993 0.892 0.791 0.692 0.596 0.504 0.420 0.344 0.276 0.218 0.169 0.128 0.094 0.068 0.049 0.034 0.024 0.017 0.012 0.010 0.007 0.001 0.000 0.000 0.000 0.000 0.000 0.000 0.000 0.000 0.000 0.000 0.000 0.000 0.000 0.000 0.000 0.000 0.000 0.000
0.003 0.004 0.004 0.004 0.004 0.004 0.004 0.004 0.004 0.004 0.004 0.004 0.004 0.004 0.004 0.004 0.004 0.005 0.005 0.005 0.005 0.005 0.005 0.005 0.005 0.005 0.005 0.004 0.004 0.004 0.004 0.004 0.004 0.004 0.004 0.004 0.003 0.004 0.004 0.008 0.018 0.038 0.071 0.118 0.180 0.258 0.352 0.458 0.575 0.700 0.829 0.958 1.086 1.209 1.326 1.435 1.535 1.627 1.710 1.784 1.850 1.908 1.959 2.004 2.044 2.078 2.108 2.134 2.156 2.174 2.190 2.201 2.208 2.211 2.208 2.199 2.185 2.165 2.141 2.111 2.072 2.025 1.966 1.898 1.824 1.747 1.668 1.589 1.511 1.436 1.363 1.295 1.230 1.165 1.098 1.026 0.948 0.866 0.781 0.694 0.608 0.525 0.446 0.373 0.307 0.249 0.198 0.155 0.118 0.089 0.066 0.049 0.035 0.025 0.018 0.013 0.010 0.009 0.005 0.000 0.000 0.000 0.000 0.000 0.000 0.000 0.000 0.000 0.000 0.000 0.000 0.000 0.000 0.000 0.000 0.000 0.000 0.000 0.000 0.000 0.000 0.000 0.000 0.000 0.000 0.000
0.002 0.003 0.003 0.003 0.003 0.003 0.003 0.003 0.003 0.003 0.003 0.003 0.003 0.003 0.003 0.003 0.003 0.003 0.003 0.002 0.002 0.002 0.002 0.002 0.002 0.002 0.002 0.002 0.002 0.002 0.002 0.002 0.002 0.001 0.001 0.001 0.001 0.001 0.001 0.001 0.001 0.001 0.003 0.006 0.010 0.017 0.028 0.044 0.067 0.097 0.134 0.178 0.229 0.287 0.351 0.419 0.491 0.565 0.641 0.716 0.790 0.863 0.932 0.999 1.061 1.118 1.171 1.218 1.260 1.296 1.326 1.350 1.368 1.380 1.387 1.388 1.382 1.365 1.335 1.293 1.242 1.182 1.115 1.045 0.972 0.897 0.822 0.746 0.672 0.598 0.525 0.453 0.384 0.319 0.260 0.208 0.163 0.126 0.095 0.071 0.052 0.037 0.026 0.019 0.013 0.010 0.010 0.007 0.001 0.000 0.000 0.000 0.000 0.000 0.000 0.000 0.000 0.000 0.000 0.000 0.000 0.000 0.000 0.000 0.000 0.000 0.000 0.000 0.000 0.000 0.000 0.000 0.000 0.000 0.000 0.000 0.000 0.000 0.000 0.000 0.000 0.000 0.000 0.000 0.000 0.000
0.001 0.001 0.001 0.001 0.001 0.001 0.001 0.001 0.001 0.001 0.001 0.001 0.001 0.001 0.001 0.001 0.001 0.001 0.001 0.001 0.001 0.001 0.001 0.001 0.001 0.001 0.001 0.000 0.000 0.000 0.001 0.001 0.002 0.004 0.002 0.000 0.000 0.000 0.000 0.000 0.000 0.000 0.000 0.000 0.000 0.001 0.001 0.003 0.005 0.008 0.010 0.014 0.020 0.028 0.038 0.050 0.064 0.080 0.098 0.118 0.139 0.160 0.182 0.202 0.221 0.237 0.251 0.262 0.268 0.271 0.268 0.262 0.251 0.235 0.215 0.192 0.166 0.140 0.117 0.096 0.078 0.062 0.049 0.038 0.029 0.022 0.017 0.013 0.010 0.010 0.008 0.002 0.000 0.000 0.000 0.000 0.000 0.000 0.000 0.000 0.000 0.000 0.000 0.000 0.000 0.000 0.000 0.000 0.000 0.000 0.000 0.000 0.000 0.000 0.000 0.000 0.000 0.000 0.000 0.000 0.000 0.000 0.000 0.000 0.000 0.000 0.000 0.000 0.000 0.000 0.000 0.000 0.000 0.000 0.000 0.000 0.000 0.000 0.000 0.000 0.000 0.000 0.000 0.000 0.000 0.000
0.000 0.000 0.000 0.000 0.000 0.000 0.000 0.000 0.000 0.000 0.000 0.000 0.000 0.000 0.000 0.000 0.000 0.000 0.000 0.000 0.000 0.000 0.000 0.000 0.001 0.002 0.003 0.001 0.000 0.000 0.000 0.000 0.000 0.000 0.000 0.000 0.000 0.000 0.000 0.000 0.000 0.000 0.000 0.000 0.000 0.000 0.000 0.000 0.000 0.000 0.000 0.000 0.000 0.000 0.000 0.000 0.000 0.000 0.000 0.000 0.000 0.000 0.000 0.000 0.000 0.000 0.000 0.000 0.000 0.000 0.000 0.000 0.000 0.000 0.000 0.000 0.000 0.000 0.000 0.000 0.000 0.000 0.000 0.000 0.000 0.000 0.000 0.000 0.000 0.000 0.000 0.000 0.000 0.000 0.000 0.000 0.000 0.000 0.000 0.000 0.000 0.000 0.000 0.000 0.000 0.000 0.000 0.000 0.000 0.000 0.000 0.000 0.000 0.000 0.000 0.000 0.000 0.000 0.000 0.000 0.000 0.000 0.000 0.000 0.000 0.000 0.000 0.000 0.000 0.000 0.000 0.000 0.000 0.000 0.000 0.000 0.000 0.000 0.000 0.000 0.000 0.000 0.000 0.000 0.000 0.000
