Examples/2023_ISeeSnow/data/CoulombOnly/Results/curv77s/h/1HS_03_curv77s_MoT-Voellmy_h_0048.asc
ncols        190
nrows        31
xllcorner    2787.5
yllcorner    -4327.5
cellsize     5.00
NODATA_value -9999
[rows 0 to 30 of 31, columns 77 to 153 of 190]
0.000 0.000 0.000 0.000 0.000 0.000 0.000 0.000 0.000 0.000 0.000 0.000 0.000 0.000 0.000 0.000 0.000 0.000 0.001 0.001 0.001 0.001 0.001 0.002 0.002 0.002 0.003 0.003 0.003 0.004 0.004 0.005 0.005 0.006 0.006 0.006 0.007 0.007 0.008 0.008 0.008 0.009 0.009 0.009 0.009 0.009 0.009 0.009 0.008 0.008 0.007 0.007 0.006 0.005 0.004 0.003 0.003 0.002 0.002 0.001 0.001 0.000 0.000 0.000 0.000 0.000 0.000 0.000 0.000 0.000 0.000 0.000 0.000 0.000 0.000 0.000 0.000
0.000 0.000 0.000 0.000 0.000 0.001 0.001 0.001 0.001 0.001 0.002 0.002 0.002 0.002 0.003 0.003 0.004 0.004 0.005 0.005 0.006 0.007 0.007 0.008 0.009 0.011 0.012 0.014 0.015 0.017 0.019 0.021 0.023 0.025 0.027 0.029 0.031 0.032 0.034 0.035 0.036 0.037 0.038 0.038 0.038 0.038 0.038 0.037 0.036 0.035 0.033 0.032 0.030 0.028 0.025 0.023 0.021 0.019 0.017 0.015 0.013 0.011 0.009 0.006 0.003 0.002 0.001 0.001 0.000 0.000 0.000 0.000 0.000 0.000 0.000 0.000 0.000
0.002 0.002 0.002 0.002 0.003 0.003 0.003 0.004 0.004 0.005 0.006 0.007 0.008 0.009 0.011 0.013 0.015 0.018 0.020 0.023 0.027 0.031 0.035 0.039 0.044 0.049 0.054 0.060 0.066 0.071 0.077 0.083 0.089 0.095 0.100 0.105 0.109 0.113 0.116 0.119 0.121 0.123 0.124 0.124 0.123 0.122 0.120 0.117 0.114 0.110 0.105 0.100 0.095 0.089 0.083 0.076 0.070 0.064 0.057 0.051 0.045 0.039 0.034 0.029 0.025 0.021 0.017 0.014 0.012 0.009 0.005 0.002 0.001 0.001 0.000 0.000 0.000
0.006 0.007 0.008 0.009 0.011 0.012 0.015 0.017 0.021 0.024 0.029 0.034 0.039 0.045 0.052 0.060 0.068 0.077 0.086 0.097 0.107 0.118 0.130 0.141 0.153 0.165 0.178 0.190 0.202 0.214 0.226 0.237 0.248 0.259 0.268 0.276 0.282 0.288 0.292 0.295 0.297 0.298 0.298 0.297 0.294 0.290 0.285 0.278 0.271 0.262 0.252 0.242 0.230 0.218 0.205 0.192 0.178 0.164 0.150 0.136 0.123 0.109 0.097 0.085 0.074 0.064 0.054 0.046 0.038 0.032 0.026 0.021 0.017 0.014 0.011 0.007 0.002
0.024 0.029 0.034 0.041 0.048 0.056 0.066 0.076 0.088 0.100 0.114 0.129 0.145 0.161 0.178 0.196 0.215 0.234 0.254 0.274 0.294 0.314 0.333 0.353 0.372 0.391 0.409 0.427 0.444 0.461 0.476 0.491 0.504 0.517 0.527 0.534 0.540 0.545 0.548 0.549 0.549 0.547 0.544 0.540 0.534 0.526 0.516 0.506 0.493 0.480 0.465 0.448 0.430 0.411 0.391 0.371 0.349 0.327 0.304 0.281 0.258 0.235 0.213 0.191 0.171 0.151 0.132 0.114 0.098 0.084 0.071 0.059 0.049 0.040 0.033 0.026 0.021
0.098 0.114 0.130 0.149 0.169 0.190 0.212 0.236 0.260 0.286 0.312 0.338 0.366 0.393 0.420 0.447 0.474 0.501 0.527 0.553 0.578 0.602 0.625 0.647 0.668 0.688 0.707 0.725 0.741 0.757 0.771 0.784 0.795 0.806 0.813 0.816 0.818 0.819 0.818 0.816 0.812 0.806 0.800 0.791 0.781 0.770 0.757 0.743 0.727 0.709 0.690 0.670 0.648 0.625 0.601 0.575 0.549 0.521 0.492 0.463 0.433 0.402 0.372 0.342 0.311 0.282 0.254 0.226 0.200 0.175 0.153 0.132 0.112 0.095 0.080 0.066 0.055
0.282 0.312 0.344 0.376 0.409 0.442 0.476 0.510 0.543 0.577 0.610 0.642 0.674 0.705 0.735 0.764 0.791 0.818 0.843 0.867 0.890 0.912 0.932 0.951 0.968 0.984 0.999 1.013 1.025 1.036 1.046 1.054 1.061 1.067 1.069 1.067 1.063 1.059 1.053 1.046 1.037 1.028 1.017 1.005 0.991 0.976 0.961 0.943 0.925 0.905 0.884 0.862 0.838 0.814 0.788 0.760 0.732 0.702 0.671 0.639 0.606 0.573 0.538 0.503 0.468 0.433 0.398 0.363 0.330 0.297 0.265 0.235 0.207 0.181 0.156 0.134 0.114
0.579 0.618 0.656 0.695 0.732 0.769 0.805 0.840 0.874 0.907 0.938 0.969 0.997 1.025 1.051 1.076 1.099 1.120 1.141 1.159 1.177 1.192 1.207 1.220 1.231 1.242 1.251 1.258 1.265 1.270 1.274 1.277 1.279 1.279 1.276 1.268 1.259 1.249 1.238 1.227 1.214 1.201 1.186 1.171 1.155 1.137 1.118 1.099 1.078 1.057 1.034 1.010 0.986 0.960 0.933 0.905 0.876 0.846 0.816 0.784 0.751 0.717 0.682 0.646 0.610 0.573 0.535 0.498 0.461 0.423 0.387 0.351 0.317 0.283 0.252 0.222 0.194
0.920 0.958 0.995 1.031 1.066 1.099 1.131 1.161 1.190 1.217 1.243 1.267 1.290 1.311 1.330 1.348 1.365 1.380 1.393 1.405 1.415 1.423 1.431 1.437 1.442 1.445 1.447 1.448 1.448 1.448 1.446 1.443 1.439 1.434 1.426 1.414 1.402 1.390 1.377 1.363 1.348 1.332 1.315 1.296 1.277 1.257 1.235 1.213 1.190 1.166 1.141 1.116 1.090 1.064 1.036 1.008 0.980 0.950 0.920 0.889 0.857 0.824 0.790 0.756 0.720 0.684 0.647 0.609 0.571 0.533 0.494 0.456 0.419 0.382 0.346 0.311 0.278
1.253 1.290 1.325 1.359 1.392 1.423 1.453 1.481 1.508 1.533 1.557 1.579 1.600 1.619 1.636 1.651 1.665 1.677 1.687 1.695 1.702 1.706 1.709 1.711 1.711 1.709 1.705 1.701 1.695 1.687 1.679 1.669 1.659 1.646 1.629 1.605 1.579 1.552 1.523 1.493 1.463 1.433 1.404 1.374 1.345 1.317 1.289 1.261 1.235 1.209 1.183 1.157 1.132 1.107 1.082 1.056 1.030 1.004 0.977 0.949 0.920 0.891 0.860 0.828 0.795 0.760 0.725 0.688 0.651 0.613 0.574 0.535 0.496 0.457 0.418 0.381 0.344
1.355 1.360 1.364 1.365 1.365 1.363 1.360 1.355 1.349 1.342 1.333 1.323 1.312 1.300 1.286 1.270 1.254 1.235 1.216 1.194 1.172 1.148 1.124 1.099 1.073 1.047 1.021 0.996 0.971 0.947 0.924 0.903 0.883 0.866 0.849 0.834 0.825 0.820 0.819 0.822 0.828 0.837 0.849 0.862 0.876 0.891 0.906 0.920 0.934 0.946 0.956 0.965 0.971 0.974 0.975 0.973 0.968 0.961 0.950 0.937 0.921 0.902 0.880 0.855 0.827 0.797 0.764 0.729 0.692 0.653 0.613 0.573 0.532 0.490 0.450 0.410 0.372
2.215 2.270 2.324 2.376 2.427 2.476 2.523 2.569 2.613 2.656 2.696 2.735 2.772 2.807 2.840 2.871 2.900 2.927 2.951 2.972 2.991 3.008 3.021 3.033 3.041 3.047 3.050 3.050 3.048 3.043 3.035 3.025 3.011 2.993 2.963 2.920 2.875 2.825 2.770 2.709 2.644 2.574 2.501 2.423 2.343 2.259 2.174 2.088 2.001 1.914 1.828 1.744 1.661 1.581 1.502 1.426 1.353 1.282 1.213 1.147 1.084 1.023 0.965 0.910 0.857 0.806 0.757 0.708 0.661 0.615 0.569 0.524 0.481 0.439 0.398 0.360 0.325
1.284 1.268 1.249 1.226 1.200 1.171 1.138 1.102 1.064 1.022 0.978 0.932 0.883 0.833 0.780 0.728 0.675 0.622 0.572 0.523 0.478 0.437 0.400 0.368 0.342 0.321 0.305 0.294 0.288 0.287 0.289 0.295 0.304 0.315 0.327 0.340 0.353 0.365 0.377 0.386 0.392 0.394 0.391 0.383 0.370 0.352 0.328 0.301 0.271 0.239 0.207 0.177 0.150 0.127 0.109 0.095 0.086 0.080 0.078 0.078 0.079 0.081 0.085 0.090 0.098 0.107 0.118 0.130 0.143 0.156 0.166 0.173 0.177 0.177 0.175 0.170 0.163
3.135 3.215 3.297 3.380 3.464 3.548 3.633 3.718 3.803 3.888 3.974 4.059 4.144 4.229 4.313 4.396 4.476 4.552 4.624 4.691 4.750 4.802 4.846 4.881 4.907 4.924 4.932 4.931 4.922 4.904 4.879 4.846 4.808 4.759 4.691 4.609 4.533 4.455 4.377 4.298 4.221 4.145 4.072 4.002 3.933 3.867 3.802 3.737 3.670 3.601 3.528 3.451 3.370 3.285 3.197 3.110 3.023 2.939 2.860 2.787 2.720 2.656 2.593 2.528 2.458 2.381 2.297 2.205 2.107 2.003 1.900 1.798 1.700 1.604 1.512 1.422 1.334
0.813 0.791 0.769 0.746 0.723 0.700 0.677 0.654 0.632 0.609 0.587 0.565 0.543 0.521 0.500 0.480 0.461 0.443 0.426 0.411 0.397 0.386 0.376 0.368 0.362 0.357 0.354 0.352 0.351 0.350 0.350 0.350 0.349 0.349 0.348 0.346 0.343 0.341 0.338 0.336 0.334 0.332 0.331 0.331 0.331 0.334 0.338 0.344 0.352 0.362 0.373 0.386 0.398 0.408 0.415 0.417 0.412 0.399 0.379 0.349 0.312 0.270 0.225 0.180 0.138 0.101 0.070 0.045 0.028 0.016 0.009 0.008 0.007 0.007 0.006 0.006 0.006
4.270 4.323 4.376 4.427 4.476 4.525 4.573 4.619 4.665 4.709 4.752 4.794 4.835 4.876 4.914 4.952 4.989 5.024 5.058 5.091 5.123 5.153 5.182 5.209 5.235 5.259 5.282 5.302 5.322 5.339 5.355 5.368 5.380 5.384 5.367 5.335 5.312 5.287 5.260 5.230 5.199 5.165 5.129 5.091 5.050 5.008 4.963 4.916 4.868 4.817 4.764 4.709 4.651 4.592 4.530 4.466 4.400 4.332 4.261 4.187 4.111 4.033 3.951 3.867 3.780 3.691 3.598 3.502 3.404 3.302 3.198 3.090 2.979 2.866 2.749 2.630 2.508
0.813 0.791 0.769 0.746 0.723 0.701 0.678 0.655 0.632 0.610 0.587 0.565 0.544 0.522 0.501 0.481 0.462 0.444 0.427 0.411 0.398 0.386 0.376 0.368 0.362 0.357 0.354 0.352 0.350 0.349 0.349 0.349 0.349 0.348 0.347 0.345 0.342 0.340 0.337 0.335 0.332 0.331 0.329 0.329 0.330 0.332 0.336 0.342 0.351 0.361 0.372 0.385 0.397 0.408 0.415 0.417 0.412 0.400 0.379 0.350 0.313 0.271 0.226 0.181 0.139 0.101 0.070 0.046 0.028 0.016 0.009 0.008 0.007 0.007 0.007 0.006 0.006
3.136 3.216 3.298 3.381 3.465 3.550 3.634 3.719 3.805 3.890 3.975 4.061 4.146 4.231 4.315 4.398 4.477 4.554 4.626 4.692 4.752 4.804 4.848 4.883 4.909 4.926 4.933 4.932 4.923 4.905 4.880 4.847 4.809 4.760 4.692 4.610 4.533 4.456 4.377 4.299 4.221 4.146 4.072 4.001 3.933 3.867 3.801 3.736 3.669 3.600 3.527 3.450 3.368 3.283 3.196 3.108 3.021 2.937 2.857 2.785 2.718 2.654 2.591 2.526 2.457 2.380 2.296 2.205 2.106 2.003 1.900 1.798 1.700 1.604 1.512 1.422 1.334
1.283 1.268 1.249 1.226 1.200 1.170 1.137 1.101 1.063 1.021 0.977 0.931 0.882 0.832 0.780 0.727 0.674 0.622 0.571 0.522 0.477 0.436 0.400 0.368 0.342 0.321 0.305 0.294 0.288 0.287 0.289 0.295 0.304 0.315 0.327 0.340 0.353 0.365 0.376 0.386 0.392 0.394 0.391 0.383 0.370 0.352 0.329 0.301 0.271 0.239 0.208 0.178 0.150 0.127 0.109 0.095 0.086 0.081 0.079 0.078 0.079 0.081 0.085 0.090 0.098 0.107 0.118 0.130 0.143 0.155 0.166 0.173 0.177 0.177 0.174 0.170 0.163
2.215 2.271 2.324 2.376 2.427 2.476 2.524 2.570 2.614 2.656 2.697 2.736 2.773 2.808 2.841 2.872 2.901 2.927 2.951 2.973 2.992 3.008 3.022 3.033 3.042 3.047 3.050 3.051 3.049 3.044 3.036 3.026 3.012 2.994 2.964 2.921 2.876 2.826 2.770 2.710 2.645 2.575 2.501 2.424 2.343 2.260 2.175 2.088 2.001 1.915 1.829 1.744 1.662 1.581 1.503 1.427 1.353 1.282 1.213 1.147 1.084 1.023 0.965 0.910 0.857 0.806 0.756 0.708 0.661 0.615 0.569 0.524 0.481 0.439 0.398 0.360 0.325
1.355 1.361 1.364 1.366 1.366 1.364 1.360 1.355 1.349 1.342 1.333 1.323 1.312 1.300 1.286 1.270 1.254 1.235 1.215 1.194 1.172 1.148 1.124 1.098 1.073 1.047 1.021 0.995 0.971 0.947 0.924 0.902 0.883 0.865 0.849 0.834 0.825 0.820 0.819 0.822 0.828 0.837 0.849 0.862 0.876 0.891 0.906 0.920 0.934 0.946 0.956 0.965 0.971 0.974 0.975 0.973 0.968 0.961 0.950 0.937 0.921 0.902 0.880 0.855 0.827 0.797 0.764 0.729 0.692 0.653 0.613 0.573 0.532 0.491 0.450 0.410 0.372
1.254 1.290 1.325 1.359 1.392 1.423 1.453 1.481 1.508 1.534 1.557 1.579 1.600 1.619 1.636 1.651 1.665 1.677 1.687 1.695 1.702 1.706 1.709 1.711 1.711 1.709 1.706 1.701 1.695 1.688 1.679 1.669 1.659 1.646 1.629 1.605 1.579 1.552 1.523 1.493 1.464 1.434 1.404 1.374 1.345 1.317 1.289 1.261 1.235 1.209 1.183 1.157 1.132 1.107 1.082 1.056 1.030 1.004 0.977 0.949 0.921 0.891 0.860 0.828 0.795 0.761 0.725 0.688 0.651 0.613 0.574 0.535 0.496 0.457 0.418 0.381 0.344
0.920 0.958 0.995 1.031 1.066 1.099 1.131 1.161 1.190 1.217 1.243 1.267 1.290 1.311 1.331 1.349 1.365 1.380 1.393 1.405 1.415 1.424 1.431 1.437 1.442 1.445 1.447 1.448 1.449 1.448 1.446 1.443 1.439 1.435 1.426 1.414 1.402 1.390 1.377 1.363 1.348 1.332 1.315 1.297 1.277 1.257 1.235 1.213 1.190 1.166 1.141 1.116 1.090 1.064 1.036 1.008 0.980 0.950 0.920 0.889 0.857 0.824 0.791 0.756 0.720 0.684 0.647 0.609 0.571 0.533 0.495 0.456 0.419 0.382 0.346 0.311 0.278
0.578 0.617 0.656 0.694 0.732 0.769 0.805 0.840 0.874 0.907 0.938 0.969 0.997 1.025 1.051 1.076 1.099 1.120 1.141 1.159 1.177 1.192 1.207 1.220 1.232 1.242 1.251 1.259 1.265 1.270 1.274 1.277 1.279 1.279 1.276 1.268 1.259 1.249 1.238 1.227 1.214 1.201 1.187 1.171 1.155 1.137 1.119 1.099 1.078 1.057 1.034 1.010 0.986 0.960 0.933 0.905 0.876 0.847 0.816 0.784 0.751 0.717 0.682 0.646 0.610 0.573 0.535 0.498 0.461 0.424 0.387 0.351 0.317 0.283 0.252 0.222 0.194
0.282 0.312 0.343 0.376 0.408 0.442 0.476 0.509 0.543 0.577 0.610 0.642 0.674 0.705 0.735 0.763 0.791 0.818 0.843 0.867 0.890 0.912 0.932 0.951 0.968 0.984 0.999 1.013 1.025 1.036 1.046 1.054 1.061 1.067 1.069 1.067 1.063 1.059 1.053 1.046 1.037 1.028 1.017 1.005 0.991 0.977 0.961 0.943 0.925 0.905 0.884 0.862 0.838 0.814 0.788 0.760 0.732 0.702 0.671 0.639 0.606 0.573 0.538 0.503 0.468 0.433 0.398 0.364 0.330 0.297 0.265 0.235 0.207 0.181 0.156 0.134 0.114
0.098 0.113 0.130 0.149 0.168 0.190 0.212 0.235 0.260 0.285 0.312 0.338 0.365 0.393 0.420 0.447 0.474 0.501 0.527 0.553 0.577 0.601 0.625 0.647 0.668 0.688 0.707 0.725 0.741 0.757 0.771 0.784 0.795 0.806 0.813 0.816 0.818 0.819 0.818 0.816 0.812 0.806 0.800 0.791 0.781 0.770 0.757 0.743 0.727 0.709 0.690 0.670 0.649 0.625 0.601 0.575 0.549 0.521 0.492 0.463 0.433 0.402 0.372 0.342 0.311 0.282 0.254 0.226 0.200 0.175 0.153 0.132 0.112 0.095 0.080 0.066 0.055
0.024 0.029 0.034 0.041 0.048 0.056 0.066 0.076 0.088 0.100 0.114 0.129 0.144 0.161 0.178 0.196 0.215 0.234 0.254 0.273 0.293 0.313 0.333 0.353 0.372 0.391 0.409 0.427 0.444 0.460 0.476 0.490 0.504 0.516 0.527 0.534 0.540 0.545 0.547 0.549 0.549 0.547 0.544 0.540 0.533 0.526 0.516 0.506 0.493 0.480 0.465 0.448 0.430 0.411 0.391 0.371 0.349 0.327 0.304 0.281 0.258 0.235 0.213 0.191 0.170 0.151 0.132 0.114 0.098 0.084 0.071 0.059 0.049 0.040 0.033 0.026 0.021
0.006 0.007 0.008 0.009 0.011 0.012 0.015 0.017 0.020 0.024 0.029 0.033 0.039 0.045 0.052 0.060 0.068 0.077 0.086 0.096 0.107 0.118 0.129 0.141 0.153 0.165 0.178 0.190 0.202 0.214 0.226 0.237 0.248 0.259 0.268 0.275 0.282 0.288 0.292 0.295 0.297 0.298 0.298 0.297 0.294 0.290 0.285 0.278 0.271 0.262 0.252 0.242 0.230 0.218 0.205 0.192 0.178 0.164 0.150 0.136 0.123 0.109 0.097 0.085 0.074 0.064 0.054 0.046 0.038 0.032 0.026 0.021 0.017 0.014 0.011 0.007 0.002
0.002 0.002 0.002 0.002 0.003 0.003 0.003 0.004 0.004 0.005 0.006 0.007 0.008 0.009 0.011 0.013 0.015 0.017 0.020 0.023 0.027 0.031 0.035 0.039 0.044 0.049 0.054 0.060 0.066 0.071 0.077 0.083 0.089 0.095 0.100 0.105 0.109 0.113 0.116 0.119 0.121 0.123 0.124 0.124 0.123 0.122 0.120 0.117 0.114 0.110 0.105 0.100 0.095 0.089 0.083 0.076 0.070 0.064 0.057 0.051 0.045 0.039 0.034 0.029 0.025 0.021 0.017 0.014 0.012 0.009 0.005 0.002 0.001 0.001 0.000 0.000 0.000
0.000 0.000 0.000 0.000 0.000 0.001 0.001 0.001 0.001 0.001 0.002 0.002 0.002 0.002 0.003 0.003 0.004 0.004 0.005 0.005 0.006 0.007 0.007 0.008 0.009 0.010 0.012 0.014 0.015 0.017 0.019 0.021 0.023 0.025 0.027 0.029 0.031 0.032 0.034 0.035 0.036 0.037 0.038 0.038 0.038 0.038 0.038 0.037 0.036 0.035 0.033 0.032 0.030 0.028 0.025 0.023 0.021 0.019 0.017 0.015 0.013 0.011 0.009 0.006 0.003 0.002 0.001 0.001 0.000 0.000 0.000 0.000 0.000 0.000 0.000 0.000 0.000
0.000 0.000 0.000 0.000 0.000 0.000 0.000 0.000 0.000 0.000 0.000 0.000 0.000 0.000 0.000 0.000 0.000 0.000 0.001 0.001 0.001 0.001 0.001 0.002 0.002 0.002 0.003 0.003 0.003 0.004 0.004 0.005 0.005 0.006 0.006 0.006 0.007 0.007 0.008 0.008 0.008 0.009 0.009 0.009 0.009 0.009 0.009 0.009 0.008 0.008 0.007 0.007 0.006 0.005 0.004 0.003 0.003 0.002 0.002 0.001 0.001 0.000 0.000 0.000 0.000 0.000 0.000 0.000 0.000 0.000 0.000 0.000 0.000 0.000 0.000 0.000 0.000
