Examples/2023_ISeeSnow/data/CoulombOnly/Results/curv77s/h/1HS_03_curv77s_MoT-Voellmy_h_0069.asc
ncols        80
nrows        53
xllcorner    3887.5
yllcorner    -4382.5
cellsize     5.00
NODATA_value -9999
[rows 0 to 33 of 53, columns 0 to 76 of 80]
0.006 0.006 0.006 0.006 0.006 0.007 0.007 0.007 0.008 0.010 0.013 0.018 0.023 0.030 0.038 0.048 0.060 0.073 0.089 0.108 0.129 0.154 0.182 0.213 0.248 0.286 0.327 0.369 0.414 0.461 0.506 0.551 0.594 0.632 0.666 0.694 0.713 0.720 0.730 0.716 0.707 0.684 0.650 0.610 0.565 0.514 0.461 0.410 0.355 0.304 0.257 0.213 0.175 0.142 0.113 0.089 0.069 0.053 0.041 0.031 0.023 0.017 0.013 0.009 0.002 0.000 0.000 0.000 0.000 0.000 0.000 0.000 0.000 0.000 0.000 0.000 0.000
0.006 0.006 0.006 0.006 0.007 0.007 0.007 0.008 0.009 0.011 0.016 0.021 0.027 0.035 0.044 0.055 0.068 0.084 0.101 0.122 0.146 0.174 0.205 0.239 0.278 0.320 0.365 0.413 0.465 0.517 0.569 0.622 0.672 0.718 0.760 0.794 0.823 0.844 0.849 0.849 0.832 0.807 0.773 0.725 0.680 0.624 0.565 0.498 0.440 0.380 0.324 0.273 0.226 0.185 0.149 0.119 0.094 0.073 0.057 0.043 0.033 0.025 0.019 0.012 0.011 0.004 0.000 0.000 0.000 0.000 0.000 0.000 0.000 0.000 0.000 0.000 0.000
0.006 0.006 0.006 0.006 0.007 0.007 0.007 0.008 0.009 0.013 0.018 0.023 0.030 0.039 0.049 0.061 0.075 0.092 0.111 0.133 0.159 0.188 0.222 0.259 0.301 0.346 0.395 0.452 0.496 0.562 0.623 0.683 0.740 0.796 0.844 0.890 0.922 0.950 0.961 0.965 0.954 0.931 0.897 0.856 0.797 0.735 0.670 0.596 0.528 0.459 0.394 0.334 0.279 0.230 0.187 0.151 0.120 0.095 0.074 0.057 0.044 0.035 0.023 0.020 0.015 0.009 0.005 0.000 0.000 0.000 0.000 0.000 0.000 0.000 0.000 0.000 0.000
0.006 0.006 0.006 0.006 0.007 0.007 0.007 0.008 0.010 0.014 0.019 0.025 0.033 0.042 0.052 0.065 0.080 0.097 0.117 0.141 0.168 0.198 0.233 0.272 0.316 0.364 0.417 0.474 0.540 0.604 0.654 0.731 0.799 0.861 0.922 0.973 1.019 1.049 1.072 1.079 1.072 1.054 1.019 0.972 0.915 0.848 0.775 0.695 0.617 0.539 0.465 0.396 0.332 0.276 0.226 0.184 0.148 0.117 0.092 0.072 0.056 0.043 0.033 0.026 0.017 0.015 0.011 0.005 0.000 0.000 0.000 0.000 0.000 0.000 0.000 0.000 0.000
0.006 0.006 0.006 0.006 0.007 0.007 0.007 0.008 0.010 0.015 0.020 0.026 0.034 0.044 0.054 0.067 0.082 0.100 0.121 0.144 0.172 0.203 0.239 0.279 0.324 0.374 0.429 0.490 0.554 0.624 0.702 0.770 0.846 0.918 0.987 1.050 1.102 1.147 1.174 1.189 1.190 1.172 1.139 1.092 1.032 0.961 0.874 0.796 0.707 0.620 0.537 0.458 0.386 0.322 0.265 0.216 0.175 0.140 0.111 0.087 0.068 0.053 0.041 0.028 0.026 0.019 0.013 0.010 0.004 0.000 0.000 0.000 0.000 0.000 0.000 0.000 0.000
0.006 0.006 0.006 0.006 0.007 0.007 0.007 0.008 0.011 0.015 0.020 0.027 0.035 0.044 0.055 0.068 0.083 0.101 0.122 0.145 0.173 0.204 0.239 0.280 0.325 0.377 0.434 0.497 0.564 0.638 0.715 0.798 0.879 0.964 1.040 1.115 1.180 1.230 1.277 1.279 1.297 1.286 1.257 1.212 1.144 1.067 0.984 0.893 0.799 0.702 0.608 0.520 0.439 0.367 0.303 0.248 0.201 0.162 0.129 0.102 0.081 0.065 0.043 0.039 0.029 0.020 0.017 0.012 0.010 0.002 0.000 0.000 0.000 0.000 0.000 0.000 0.000
0.006 0.006 0.006 0.006 0.007 0.007 0.007 0.008 0.010 0.015 0.020 0.027 0.035 0.044 0.055 0.068 0.083 0.100 0.120 0.144 0.170 0.201 0.236 0.276 0.321 0.372 0.429 0.493 0.564 0.642 0.723 0.813 0.902 0.994 1.086 1.167 1.245 1.310 1.358 1.398 1.403 1.402 1.356 1.323 1.268 1.187 1.096 0.997 0.888 0.783 0.680 0.582 0.492 0.411 0.341 0.279 0.227 0.183 0.146 0.116 0.094 0.064 0.061 0.044 0.035 0.024 0.019 0.016 0.011 0.007 0.001 0.000 0.000 0.000 0.000 0.000 0.000
0.006 0.006 0.006 0.006 0.007 0.007 0.007 0.008 0.010 0.014 0.019 0.026 0.034 0.043 0.054 0.066 0.081 0.098 0.117 0.140 0.166 0.196 0.230 0.269 0.313 0.363 0.419 0.482 0.554 0.633 0.722 0.815 0.914 1.013 1.115 1.197 1.298 1.374 1.436 1.478 1.499 1.497 1.483 1.432 1.369 1.289 1.194 1.088 0.977 0.866 0.746 0.642 0.544 0.455 0.376 0.309 0.251 0.203 0.162 0.130 0.102 0.081 0.066 0.045 0.037 0.028 0.024 0.018 0.012 0.010 0.004 0.000 0.000 0.000 0.000 0.000 0.000
0.006 0.006 0.006 0.006 0.006 0.007 0.007 0.008 0.009 0.013 0.019 0.025 0.032 0.041 0.052 0.064 0.078 0.094 0.113 0.135 0.160 0.189 0.221 0.259 0.301 0.350 0.404 0.466 0.537 0.616 0.706 0.805 0.913 1.021 1.131 1.256 1.344 1.434 1.505 1.559 1.590 1.596 1.579 1.537 1.474 1.391 1.292 1.180 1.062 0.943 0.821 0.703 0.595 0.498 0.412 0.337 0.274 0.221 0.181 0.125 0.123 0.092 0.063 0.055 0.041 0.034 0.026 0.018 0.015 0.011 0.007 0.001 0.000 0.000 0.000 0.000 0.000
0.006 0.006 0.006 0.006 0.006 0.007 0.007 0.008 0.009 0.012 0.017 0.023 0.031 0.039 0.049 0.061 0.074 0.090 0.108 0.129 0.152 0.180 0.211 0.247 0.287 0.334 0.386 0.446 0.515 0.593 0.681 0.782 0.894 1.016 1.134 1.254 1.366 1.467 1.549 1.610 1.648 1.662 1.650 1.615 1.556 1.476 1.378 1.264 1.148 0.996 0.886 0.760 0.644 0.538 0.445 0.363 0.296 0.244 0.169 0.167 0.124 0.086 0.076 0.058 0.049 0.036 0.025 0.021 0.015 0.013 0.009 0.002 0.000 0.000 0.000 0.000 0.000
0.006 0.006 0.006 0.006 0.006 0.007 0.007 0.007 0.008 0.011 0.016 0.021 0.028 0.036 0.046 0.057 0.070 0.085 0.102 0.121 0.144 0.170 0.199 0.233 0.271 0.315 0.365 0.423 0.489 0.564 0.651 0.750 0.864 0.991 1.132 1.268 1.403 1.530 1.642 1.730 1.789 1.815 1.806 1.765 1.691 1.597 1.484 1.356 1.223 1.092 0.948 0.815 0.691 0.579 0.477 0.389 0.320 0.223 0.224 0.169 0.118 0.095 0.085 0.062 0.050 0.034 0.029 0.023 0.018 0.013 0.010 0.005 0.000 0.000 0.000 0.000 0.000
0.006 0.006 0.006 0.006 0.006 0.006 0.007 0.007 0.008 0.010 0.014 0.019 0.026 0.034 0.042 0.053 0.065 0.079 0.095 0.113 0.134 0.159 0.186 0.218 0.254 0.296 0.343 0.397 0.459 0.532 0.615 0.712 0.823 0.948 1.084 1.225 1.347 1.453 1.539 1.602 1.643 1.664 1.666 1.650 1.601 1.550 1.473 1.373 1.259 1.130 0.996 0.864 0.734 0.614 0.509 0.414 0.334 0.271 0.214 0.166 0.123 0.117 0.083 0.067 0.046 0.039 0.030 0.023 0.018 0.014 0.010 0.006 0.000 0.000 0.000 0.000 0.000
0.006 0.006 0.006 0.006 0.006 0.006 0.007 0.007 0.007 0.009 0.012 0.017 0.023 0.030 0.039 0.048 0.060 0.073 0.088 0.105 0.124 0.147 0.173 0.202 0.236 0.275 0.319 0.370 0.428 0.496 0.576 0.670 0.782 0.917 1.079 1.271 1.478 1.679 1.865 2.020 2.129 2.190 2.196 2.151 2.069 1.930 1.767 1.595 1.414 1.240 1.075 0.921 0.781 0.656 0.519 0.447 0.354 0.284 0.222 0.158 0.154 0.114 0.078 0.065 0.051 0.041 0.032 0.024 0.019 0.014 0.012 0.007 0.000 0.000 0.000 0.000 0.000
0.005 0.006 0.006 0.006 0.006 0.006 0.006 0.007 0.007 0.008 0.010 0.014 0.020 0.027 0.034 0.043 0.054 0.066 0.080 0.096 0.114 0.135 0.159 0.186 0.217 0.253 0.294 0.341 0.395 0.458 0.532 0.618 0.717 0.827 0.946 1.066 1.179 1.278 1.345 1.394 1.424 1.424 1.441 1.428 1.406 1.369 1.325 1.270 1.198 1.118 1.014 0.907 0.791 0.673 0.559 0.458 0.374 0.260 0.244 0.182 0.145 0.100 0.088 0.070 0.054 0.042 0.030 0.023 0.021 0.014 0.011 0.006 0.001 0.000 0.000 0.000 0.000
0.005 0.006 0.006 0.006 0.006 0.006 0.006 0.007 0.007 0.007 0.009 0.012 0.017 0.023 0.030 0.038 0.048 0.059 0.072 0.086 0.103 0.122 0.144 0.169 0.198 0.231 0.268 0.311 0.361 0.420 0.491 0.579 0.690 0.833 1.018 1.252 1.530 1.809 2.044 2.245 2.391 2.493 2.513 2.492 2.423 2.304 2.155 1.964 1.752 1.525 1.302 1.083 0.901 0.762 0.622 0.471 0.379 0.326 0.239 0.190 0.132 0.112 0.095 0.060 0.056 0.037 0.029 0.026 0.018 0.015 0.010 0.006 0.001 0.000 0.000 0.000 0.000
0.005 0.006 0.006 0.006 0.006 0.006 0.006 0.006 0.007 0.007 0.008 0.009 0.013 0.019 0.025 0.033 0.042 0.052 0.063 0.077 0.092 0.110 0.130 0.152 0.178 0.208 0.242 0.281 0.326 0.377 0.436 0.504 0.580 0.665 0.757 0.856 0.961 1.065 1.170 1.267 1.330 1.366 1.374 1.341 1.277 1.193 1.103 1.022 0.953 0.889 0.834 0.782 0.740 0.575 0.519 0.490 0.389 0.312 0.234 0.198 0.134 0.111 0.091 0.068 0.049 0.041 0.030 0.023 0.019 0.012 0.010 0.005 0.000 0.000 0.000 0.000 0.000
0.005 0.006 0.006 0.006 0.006 0.006 0.006 0.006 0.007 0.007 0.007 0.008 0.010 0.015 0.021 0.027 0.035 0.044 0.055 0.067 0.081 0.096 0.114 0.135 0.158 0.185 0.216 0.251 0.293 0.345 0.409 0.492 0.600 0.743 0.934 1.179 1.479 1.810 2.085 2.313 2.479 2.571 2.612 2.605 2.555 2.459 2.326 2.162 1.983 1.787 1.581 1.399 1.017 1.006 0.757 0.584 0.444 0.336 0.252 0.190 0.152 0.102 0.080 0.069 0.048 0.038 0.029 0.019 0.016 0.013 0.009 0.003 0.000 0.000 0.000 0.000 0.000
0.005 0.005 0.006 0.006 0.006 0.006 0.006 0.006 0.006 0.007 0.007 0.007 0.008 0.011 0.016 0.022 0.029 0.037 0.046 0.057 0.069 0.083 0.099 0.117 0.138 0.161 0.188 0.217 0.250 0.287 0.329 0.378 0.436 0.507 0.592 0.696 0.816 0.945 1.085 1.236 1.388 1.486 1.529 1.522 1.463 1.332 1.183 1.031 0.880 0.745 0.645 0.564 0.538 0.487 0.457 0.357 0.316 0.280 0.223 0.183 0.138 0.116 0.079 0.059 0.046 0.028 0.029 0.018 0.014 0.010 0.006 0.000 0.000 0.000 0.000 0.000 0.000
0.005 0.005 0.006 0.006 0.006 0.006 0.006 0.006 0.006 0.006 0.007 0.007 0.007 0.008 0.011 0.016 0.022 0.030 0.038 0.047 0.058 0.070 0.085 0.101 0.120 0.142 0.168 0.199 0.237 0.283 0.339 0.410 0.504 0.635 0.820 1.079 1.414 1.795 2.126 2.339 2.496 2.590 2.623 2.618 2.574 2.525 2.421 2.325 2.189 2.014 1.838 1.640 1.457 1.098 0.970 0.792 0.544 0.431 0.305 0.207 0.145 0.104 0.078 0.048 0.040 0.031 0.023 0.016 0.011 0.008 0.002 0.000 0.000 0.000 0.000 0.000 0.000
0.005 0.005 0.006 0.006 0.006 0.006 0.006 0.006 0.006 0.006 0.006 0.007 0.007 0.008 0.009 0.012 0.017 0.023 0.030 0.039 0.048 0.058 0.070 0.084 0.098 0.113 0.130 0.148 0.168 0.192 0.222 0.262 0.315 0.383 0.470 0.574 0.695 0.830 0.972 1.110 1.242 1.359 1.440 1.471 1.463 1.414 1.312 1.152 0.972 0.808 0.584 0.473 0.378 0.313 0.255 0.248 0.215 0.189 0.160 0.133 0.108 0.074 0.063 0.046 0.033 0.025 0.018 0.012 0.008 0.002 0.000 0.000 0.000 0.000 0.000 0.000 0.000
0.005 0.006 0.006 0.006 0.006 0.006 0.006 0.006 0.007 0.007 0.007 0.007 0.007 0.008 0.009 0.011 0.015 0.020 0.026 0.033 0.042 0.052 0.064 0.078 0.096 0.118 0.144 0.173 0.205 0.242 0.288 0.352 0.444 0.582 0.789 1.076 1.426 1.791 2.116 2.322 2.458 2.541 2.504 2.454 2.477 2.386 2.333 2.361 2.194 2.168 2.131 2.127 2.234 2.034 1.896 1.688 1.368 1.033 0.631 0.345 0.199 0.126 0.063 0.040 0.028 0.020 0.013 0.007 0.001 0.000 0.000 0.000 0.000 0.000 0.000 0.000 0.000
0.005 0.006 0.006 0.006 0.006 0.006 0.006 0.006 0.006 0.006 0.006 0.006 0.006 0.006 0.006 0.006 0.005 0.005 0.005 0.004 0.004 0.004 0.004 0.004 0.003 0.003 0.004 0.006 0.009 0.012 0.018 0.026 0.038 0.057 0.089 0.139 0.210 0.299 0.389 0.475 0.547 0.636 0.626 0.618 0.550 0.503 0.439 0.371 0.352 0.314 0.256 0.190 0.155 0.137 0.112 0.101 0.095 0.077 0.059 0.049 0.040 0.030 0.025 0.019 0.014 0.010 0.004 0.001 0.000 0.000 0.000 0.000 0.000 0.000 0.000 0.000 0.000
0.008 0.008 0.008 0.008 0.009 0.011 0.014 0.020 0.027 0.037 0.052 0.073 0.103 0.146 0.207 0.294 0.412 0.566 0.749 0.961 1.192 1.430 1.674 1.911 2.132 2.346 2.549 2.770 2.929 3.072 3.275 3.436 3.584 3.719 3.841 3.969 4.001 4.104 4.179 4.200 4.344 4.267 4.391 4.428 4.468 4.505 4.531 4.551 4.555 4.545 4.523 4.546 4.425 4.521 4.302 4.206 4.088 3.897 3.730 3.611 3.409 3.165 2.905 2.608 2.360 2.020 1.643 1.230 0.808 0.412 0.159 0.047 0.008 0.001 0.000 0.000 0.000
0.001 0.002 0.002 0.002 0.002 0.002 0.002 0.002 0.002 0.002 0.002 0.002 0.002 0.002 0.002 0.001 0.001 0.001 0.001 0.001 0.001 0.001 0.002 0.002 0.003 0.003 0.004 0.005 0.005 0.007 0.008 0.012 0.017 0.023 0.034 0.050 0.122 0.098 0.170 0.207 0.235 0.200 0.308 0.294 0.278 0.260 0.238 0.212 0.187 0.164 0.142 0.065 0.069 0.057 0.055 0.052 0.050 0.048 0.043 0.034 0.028 0.021 0.015 0.008 0.006 0.006 0.006 0.006 0.002 0.001 0.000 0.000 0.000 0.000 0.000 0.000 0.000
0.006 0.011 0.019 0.030 0.042 0.059 0.080 0.110 0.152 0.212 0.301 0.437 0.644 0.951 1.376 1.903 2.475 3.054 3.442 3.887 4.234 4.613 4.818 5.145 5.407 5.729 5.911 6.156 6.404 6.653 6.768 7.140 7.391 7.646 7.894 8.132 8.355 8.561 8.747 8.911 9.051 9.370 9.158 9.203 9.218 9.212 9.188 9.151 9.102 9.041 8.969 8.986 8.847 8.583 8.412 8.221 8.014 7.792 7.557 7.310 7.049 6.773 6.482 6.333 5.832 5.420 5.012 4.678 4.133 3.445 2.517 0.787 0.133 0.037 0.017 0.010 0.002
0.002 0.002 0.002 0.002 0.002 0.002 0.002 0.002 0.002 0.002 0.002 0.002 0.002 0.002 0.001 0.001 0.002 0.002 0.002 0.002 0.003 0.002 0.002 0.001 0.002 0.003 0.005 0.007 0.008 0.009 0.013 0.011 0.013 0.017 0.023 0.035 0.051 0.073 0.098 0.125 0.150 0.173 0.194 0.206 0.210 0.206 0.194 0.175 0.152 0.127 0.101 0.075 0.057 0.044 0.035 0.029 0.026 0.023 0.020 0.018 0.016 0.013 0.010 0.008 0.006 0.007 0.007 0.007 0.004 0.001 0.000 0.000 0.000 0.000 0.000 0.000 0.000
0.003 0.005 0.005 0.006 0.007 0.007 0.009 0.015 0.026 0.044 0.076 0.130 0.227 0.398 0.688 1.145 1.786 2.573 3.419 4.249 5.090 5.640 6.366 6.935 7.524 8.001 8.410 9.019 9.541 9.907 10.100 10.438 10.847 10.860 11.430 11.509 11.857 11.807 12.054 11.964 12.018 12.056 12.075 12.075 12.065 12.325 12.289 11.908 11.814 11.715 11.601 11.496 11.653 11.139 10.990 10.802 10.600 10.383 10.153 10.170 9.637 9.359 9.065 8.754 8.426 8.079 7.713 7.326 6.916 6.481 6.017 5.520 4.941 4.287 3.619 2.676 1.140
0.002 0.002 0.002 0.002 0.002 0.002 0.002 0.002 0.002 0.002 0.002 0.002 0.002 0.002 0.001 0.001 0.002 0.002 0.002 0.002 0.003 0.002 0.002 0.001 0.002 0.003 0.005 0.007 0.008 0.009 0.013 0.011 0.013 0.017 0.023 0.035 0.051 0.073 0.098 0.125 0.151 0.173 0.195 0.206 0.210 0.206 0.194 0.175 0.152 0.127 0.101 0.075 0.057 0.044 0.035 0.029 0.026 0.023 0.020 0.018 0.016 0.013 0.010 0.008 0.006 0.007 0.007 0.007 0.004 0.001 0.000 0.000 0.000 0.000 0.000 0.000 0.000
0.006 0.011 0.019 0.030 0.042 0.059 0.081 0.110 0.152 0.212 0.302 0.438 0.646 0.953 1.379 1.906 2.479 3.058 3.444 3.889 4.236 4.615 4.819 5.146 5.409 5.731 5.912 6.157 6.405 6.653 6.768 7.140 7.391 7.646 7.894 8.131 8.355 8.561 8.747 8.910 9.050 9.369 9.157 9.203 9.218 9.212 9.188 9.151 9.102 9.041 8.970 8.986 8.848 8.583 8.413 8.222 8.015 7.793 7.559 7.312 7.050 6.775 6.553 6.266 5.833 5.422 5.014 4.681 4.136 3.449 2.485 0.856 0.120 0.038 0.017 0.010 0.002
0.001 0.002 0.002 0.002 0.002 0.002 0.002 0.002 0.002 0.002 0.002 0.002 0.002 0.002 0.002 0.001 0.001 0.001 0.001 0.001 0.001 0.001 0.002 0.002 0.003 0.003 0.004 0.005 0.005 0.007 0.008 0.012 0.017 0.023 0.034 0.050 0.122 0.098 0.170 0.207 0.235 0.200 0.308 0.294 0.278 0.260 0.238 0.212 0.187 0.164 0.142 0.065 0.068 0.057 0.055 0.052 0.050 0.048 0.043 0.034 0.028 0.021 0.015 0.009 0.006 0.006 0.006 0.006 0.002 0.001 0.000 0.000 0.000 0.000 0.000 0.000 0.000
0.008 0.008 0.008 0.008 0.009 0.011 0.014 0.020 0.027 0.037 0.052 0.073 0.103 0.146 0.208 0.294 0.413 0.568 0.751 0.963 1.194 1.432 1.676 1.912 2.134 2.347 2.550 2.771 2.930 3.073 3.276 3.436 3.584 3.720 3.841 3.969 4.001 4.105 4.179 4.201 4.344 4.267 4.391 4.428 4.468 4.505 4.531 4.551 4.556 4.545 4.523 4.547 4.426 4.521 4.302 4.207 4.088 3.898 3.730 3.612 3.409 3.187 2.882 2.608 2.361 2.021 1.644 1.232 0.810 0.414 0.163 0.045 0.009 0.001 0.000 0.000 0.000
0.005 0.006 0.006 0.006 0.006 0.006 0.006 0.006 0.006 0.006 0.006 0.006 0.006 0.006 0.006 0.006 0.005 0.005 0.005 0.004 0.004 0.004 0.004 0.004 0.003 0.003 0.004 0.006 0.009 0.012 0.018 0.026 0.038 0.057 0.089 0.139 0.210 0.299 0.389 0.475 0.547 0.636 0.626 0.617 0.550 0.503 0.439 0.371 0.352 0.315 0.254 0.190 0.154 0.137 0.111 0.116 0.090 0.076 0.056 0.048 0.040 0.031 0.028 0.019 0.014 0.010 0.004 0.001 0.000 0.000 0.000 0.000 0.000 0.000 0.000 0.000 0.000
0.005 0.006 0.006 0.006 0.006 0.006 0.006 0.006 0.007 0.007 0.007 0.007 0.007 0.008 0.009 0.011 0.015 0.020 0.026 0.033 0.042 0.052 0.064 0.078 0.096 0.118 0.144 0.173 0.205 0.242 0.288 0.352 0.444 0.583 0.789 1.076 1.426 1.790 2.116 2.321 2.458 2.539 2.502 2.453 2.476 2.385 2.332 2.361 2.188 2.173 2.131 2.129 2.235 2.036 1.911 1.650 1.392 1.035 0.654 0.336 0.202 0.121 0.064 0.040 0.028 0.020 0.013 0.007 0.001 0.000 0.000 0.000 0.000 0.000 0.000 0.000 0.000
0.005 0.005 0.006 0.006 0.006 0.006 0.006 0.006 0.006 0.006 0.006 0.007 0.007 0.008 0.009 0.012 0.017 0.023 0.030 0.039 0.048 0.058 0.070 0.084 0.098 0.113 0.130 0.148 0.168 0.192 0.222 0.262 0.315 0.383 0.470 0.575 0.695 0.830 0.972 1.110 1.242 1.359 1.440 1.471 1.463 1.414 1.312 1.152 0.972 0.810 0.580 0.473 0.378 0.315 0.253 0.249 0.217 0.189 0.159 0.134 0.107 0.076 0.063 0.046 0.033 0.024 0.019 0.012 0.008 0.002 0.000 0.000 0.000 0.000 0.000 0.000 0.000
