Examples/2023_ISeeSnow/data/CoulombOnly/Results/curv77s/h/1HS_03_curv77s_MoT-Voellmy_h_0004.asc
ncols        71
nrows        37
xllcorner    1037.5
yllcorner    -4342.5
cellsize     5.00
NODATA_value -9999
0.000 0.000 0.000 0.000 0.000 0.001 0.001 0.001 0.001 0.001 0.001 0.001 0.001 0.001 0.001 0.001 0.001 0.000 0.000 0.000 0.000 0.000 0.000 0.000 0.000 0.000 0.000 0.000 0.000 0.000 0.000 0.000 0.000 0.000 0.000 0.000 0.000 0.000 0.000 0.000 0.000 0.000 0.000 0.000 0.000 0.000 0.000 0.000 0.000 0.000 0.000 0.000 0.000 0.000 0.000 0.000 0.000 0.000 0.000 0.000 0.000 0.000 0.000 0.000 0.000 0.000 0.000 0.000 0.000 0.000 0.000
0.000 0.001 0.002 0.005 0.008 0.012 0.016 0.017 0.018 0.018 0.018 0.018 0.017 0.017 0.016 0.016 0.015 0.015 0.014 0.014 0.014 0.013 0.013 0.012 0.012 0.011 0.011 0.010 0.010 0.009 0.008 0.008 0.007 0.007 0.006 0.006 0.005 0.005 0.004 0.004 0.004 0.003 0.003 0.002 0.002 0.002 0.001 0.001 0.001 0.000 0.000 0.000 0.000 0.000 0.000 0.000 0.000 0.000 0.000 0.000 0.000 0.000 0.000 0.000 0.000 0.000 0.000 0.000 0.000 0.000 0.000
0.000 0.007 0.020 0.043 0.074 0.104 0.127 0.140 0.146 0.147 0.146 0.145 0.143 0.142 0.140 0.138 0.136 0.135 0.133 0.131 0.129 0.127 0.124 0.122 0.120 0.118 0.115 0.113 0.110 0.108 0.105 0.103 0.100 0.097 0.095 0.092 0.089 0.086 0.083 0.080 0.077 0.074 0.071 0.068 0.065 0.061 0.058 0.055 0.052 0.049 0.045 0.042 0.039 0.035 0.032 0.029 0.026 0.023 0.020 0.017 0.015 0.011 0.006 0.001 0.000 0.000 0.000 0.000 0.000 0.000 0.000
0.000 0.039 0.111 0.201 0.298 0.387 0.453 0.493 0.512 0.519 0.520 0.519 0.517 0.515 0.513 0.511 0.508 0.506 0.503 0.500 0.497 0.494 0.491 0.488 0.484 0.480 0.477 0.473 0.468 0.464 0.459 0.455 0.450 0.444 0.439 0.433 0.427 0.421 0.414 0.408 0.401 0.393 0.385 0.377 0.369 0.360 0.351 0.341 0.331 0.320 0.310 0.298 0.286 0.274 0.261 0.247 0.233 0.218 0.203 0.186 0.168 0.136 0.099 0.064 0.034 0.016 0.006 0.000 0.000 0.000 0.000
0.000 0.131 0.302 0.451 0.579 0.686 0.766 0.818 0.846 0.859 0.864 0.866 0.867 0.868 0.869 0.870 0.871 0.872 0.874 0.876 0.879 0.882 0.885 0.889 0.893 0.899 0.905 0.912 0.919 0.927 0.934 0.943 0.951 0.959 0.968 0.978 0.987 0.997 1.007 1.017 1.028 1.039 1.050 1.062 1.074 1.087 1.100 1.113 1.126 1.141 1.155 1.170 1.185 1.201 1.218 1.234 1.252 1.270 1.288 1.305 1.304 1.242 1.112 0.942 0.731 0.486 0.259 0.106 0.033 0.008 0.000
0.000 0.216 0.466 0.697 0.915 1.103 1.245 1.337 1.388 1.413 1.424 1.428 1.431 1.432 1.433 1.434 1.434 1.434 1.433 1.432 1.431 1.428 1.425 1.421 1.416 1.410 1.402 1.393 1.383 1.374 1.363 1.353 1.343 1.332 1.321 1.310 1.298 1.287 1.275 1.263 1.251 1.238 1.225 1.213 1.199 1.186 1.173 1.159 1.145 1.131 1.116 1.102 1.087 1.072 1.057 1.042 1.026 1.011 0.995 0.978 0.949 0.880 0.785 0.686 0.569 0.413 0.241 0.108 0.036 0.009 0.000
0.000 0.209 0.454 0.684 0.905 1.099 1.246 1.339 1.390 1.412 1.420 1.421 1.420 1.419 1.417 1.416 1.415 1.414 1.413 1.412 1.412 1.412 1.412 1.413 1.414 1.416 1.418 1.421 1.425 1.428 1.431 1.434 1.437 1.440 1.444 1.447 1.450 1.453 1.456 1.459 1.462 1.465 1.468 1.470 1.473 1.476 1.478 1.481 1.483 1.485 1.487 1.489 1.491 1.492 1.494 1.495 1.496 1.497 1.497 1.496 1.473 1.384 1.236 1.059 0.847 0.592 0.335 0.146 0.048 0.012 0.000
0.000 0.217 0.472 0.714 0.948 1.154 1.309 1.410 1.465 1.490 1.500 1.503 1.504 1.504 1.503 1.503 1.502 1.501 1.501 1.500 1.499 1.498 1.497 1.496 1.495 1.494 1.493 1.492 1.491 1.490 1.488 1.487 1.486 1.485 1.484 1.483 1.482 1.481 1.480 1.479 1.478 1.477 1.475 1.474 1.473 1.472 1.471 1.470 1.469 1.469 1.468 1.467 1.466 1.465 1.464 1.464 1.463 1.462 1.461 1.459 1.438 1.356 1.223 1.063 0.866 0.615 0.353 0.156 0.051 0.013 0.000
0.000 0.216 0.470 0.712 0.946 1.151 1.306 1.407 1.462 1.488 1.499 1.502 1.504 1.504 1.505 1.506 1.506 1.507 1.507 1.508 1.509 1.510 1.510 1.511 1.512 1.513 1.513 1.514 1.515 1.516 1.517 1.518 1.519 1.519 1.520 1.521 1.522 1.523 1.524 1.525 1.526 1.527 1.527 1.528 1.529 1.530 1.531 1.532 1.533 1.534 1.535 1.536 1.537 1.537 1.538 1.539 1.540 1.541 1.542 1.541 1.520 1.434 1.290 1.118 0.906 0.641 0.367 0.162 0.053 0.013 0.000
0.000 0.215 0.470 0.713 0.949 1.155 1.312 1.413 1.469 1.496 1.506 1.510 1.511 1.512 1.512 1.512 1.513 1.513 1.514 1.514 1.515 1.515 1.516 1.516 1.517 1.517 1.518 1.518 1.519 1.520 1.520 1.521 1.521 1.522 1.523 1.524 1.524 1.525 1.526 1.527 1.528 1.528 1.529 1.530 1.531 1.532 1.533 1.534 1.535 1.536 1.537 1.538 1.540 1.541 1.542 1.543 1.544 1.546 1.547 1.546 1.526 1.442 1.300 1.128 0.916 0.650 0.373 0.165 0.055 0.014 0.000
0.000 0.214 0.469 0.713 0.948 1.155 1.312 1.413 1.469 1.496 1.506 1.510 1.511 1.512 1.513 1.513 1.514 1.514 1.515 1.515 1.516 1.516 1.517 1.518 1.518 1.519 1.520 1.520 1.521 1.522 1.522 1.523 1.524 1.525 1.526 1.527 1.527 1.528 1.529 1.530 1.531 1.532 1.533 1.534 1.535 1.536 1.537 1.538 1.540 1.541 1.542 1.543 1.545 1.546 1.547 1.548 1.550 1.551 1.553 1.552 1.532 1.449 1.307 1.134 0.922 0.655 0.377 0.167 0.056 0.014 0.000
0.000 0.213 0.468 0.712 0.947 1.154 1.311 1.413 1.469 1.496 1.506 1.510 1.511 1.512 1.513 1.513 1.514 1.514 1.515 1.515 1.516 1.516 1.517 1.517 1.518 1.519 1.519 1.520 1.521 1.521 1.522 1.523 1.524 1.525 1.525 1.526 1.527 1.528 1.529 1.530 1.531 1.532 1.533 1.534 1.535 1.536 1.537 1.538 1.539 1.541 1.542 1.543 1.544 1.546 1.547 1.548 1.550 1.551 1.553 1.552 1.533 1.450 1.309 1.137 0.925 0.658 0.380 0.169 0.056 0.014 0.000
0.000 0.212 0.467 0.711 0.947 1.154 1.311 1.413 1.469 1.495 1.506 1.510 1.511 1.512 1.512 1.513 1.513 1.514 1.514 1.515 1.515 1.516 1.517 1.517 1.518 1.518 1.519 1.520 1.520 1.521 1.522 1.523 1.523 1.524 1.525 1.526 1.527 1.528 1.529 1.530 1.530 1.531 1.532 1.533 1.535 1.536 1.537 1.538 1.539 1.540 1.541 1.543 1.544 1.545 1.547 1.548 1.549 1.551 1.552 1.552 1.533 1.451 1.310 1.139 0.927 0.660 0.382 0.170 0.057 0.014 0.000
0.000 0.211 0.467 0.711 0.946 1.153 1.310 1.412 1.469 1.495 1.506 1.510 1.511 1.512 1.512 1.513 1.513 1.514 1.514 1.515 1.515 1.516 1.516 1.517 1.518 1.518 1.519 1.519 1.520 1.521 1.522 1.522 1.523 1.524 1.525 1.526 1.526 1.527 1.528 1.529 1.530 1.531 1.532 1.533 1.534 1.535 1.536 1.537 1.539 1.540 1.541 1.542 1.544 1.545 1.546 1.548 1.549 1.550 1.552 1.552 1.532 1.451 1.311 1.140 0.929 0.662 0.384 0.171 0.058 0.015 0.000
0.000 0.211 0.466 0.710 0.946 1.153 1.310 1.412 1.469 1.495 1.506 1.509 1.511 1.511 1.512 1.512 1.513 1.513 1.514 1.514 1.515 1.515 1.516 1.517 1.517 1.518 1.519 1.519 1.520 1.521 1.521 1.522 1.523 1.524 1.524 1.525 1.526 1.527 1.528 1.529 1.530 1.531 1.532 1.533 1.534 1.535 1.536 1.537 1.538 1.539 1.541 1.542 1.543 1.544 1.546 1.547 1.548 1.550 1.551 1.551 1.532 1.451 1.311 1.141 0.930 0.664 0.385 0.172 0.058 0.015 0.000
0.000 0.210 0.466 0.710 0.945 1.152 1.310 1.412 1.468 1.495 1.506 1.509 1.511 1.511 1.512 1.512 1.513 1.513 1.514 1.514 1.515 1.515 1.516 1.516 1.517 1.518 1.518 1.519 1.520 1.520 1.521 1.522 1.523 1.523 1.524 1.525 1.526 1.527 1.528 1.529 1.529 1.530 1.531 1.532 1.533 1.535 1.536 1.537 1.538 1.539 1.540 1.542 1.543 1.544 1.545 1.547 1.548 1.550 1.551 1.551 1.532 1.451 1.312 1.142 0.931 0.665 0.387 0.173 0.058 0.015 0.000
0.000 0.210 0.465 0.710 0.945 1.152 1.310 1.412 1.468 1.495 1.506 1.509 1.511 1.511 1.512 1.512 1.513 1.513 1.514 1.514 1.515 1.515 1.516 1.517 1.517 1.518 1.518 1.519 1.520 1.520 1.521 1.522 1.523 1.523 1.524 1.525 1.526 1.527 1.528 1.529 1.530 1.531 1.532 1.533 1.534 1.535 1.536 1.537 1.538 1.539 1.541 1.542 1.543 1.544 1.546 1.547 1.548 1.550 1.551 1.551 1.532 1.452 1.313 1.143 0.932 0.666 0.387 0.174 0.059 0.015 0.000
0.000 0.210 0.465 0.710 0.946 1.153 1.310 1.413 1.469 1.496 1.507 1.511 1.512 1.513 1.513 1.514 1.514 1.515 1.516 1.516 1.517 1.517 1.518 1.519 1.519 1.520 1.521 1.522 1.522 1.523 1.524 1.525 1.526 1.527 1.527 1.528 1.529 1.530 1.531 1.532 1.534 1.535 1.536 1.537 1.538 1.539 1.541 1.542 1.543 1.544 1.546 1.547 1.549 1.550 1.552 1.553 1.555 1.556 1.558 1.558 1.539 1.459 1.319 1.148 0.936 0.669 0.389 0.175 0.059 0.015 0.000
0.000 0.211 0.467 0.712 0.949 1.156 1.314 1.417 1.474 1.501 1.512 1.516 1.518 1.519 1.519 1.520 1.521 1.522 1.523 1.524 1.524 1.525 1.526 1.527 1.528 1.529 1.530 1.532 1.533 1.534 1.535 1.536 1.538 1.539 1.540 1.542 1.543 1.545 1.546 1.548 1.549 1.551 1.552 1.554 1.556 1.558 1.560 1.561 1.563 1.565 1.567 1.569 1.572 1.574 1.576 1.578 1.581 1.583 1.585 1.586 1.568 1.487 1.347 1.175 0.961 0.689 0.401 0.180 0.061 0.015 0.000
0.000 0.210 0.465 0.710 0.946 1.153 1.310 1.413 1.469 1.496 1.507 1.511 1.512 1.513 1.513 1.514 1.514 1.515 1.516 1.516 1.517 1.517 1.518 1.519 1.519 1.520 1.521 1.522 1.522 1.523 1.524 1.525 1.526 1.527 1.527 1.528 1.529 1.530 1.531 1.532 1.533 1.535 1.536 1.537 1.538 1.539 1.541 1.542 1.543 1.544 1.546 1.547 1.549 1.550 1.552 1.553 1.555 1.556 1.558 1.558 1.539 1.458 1.319 1.148 0.936 0.669 0.389 0.175 0.059 0.015 0.000
0.000 0.210 0.465 0.710 0.945 1.152 1.310 1.412 1.468 1.495 1.506 1.509 1.511 1.511 1.512 1.512 1.513 1.513 1.514 1.514 1.515 1.515 1.516 1.517 1.517 1.518 1.518 1.519 1.520 1.520 1.521 1.522 1.523 1.523 1.524 1.525 1.526 1.527 1.528 1.529 1.530 1.531 1.532 1.533 1.534 1.535 1.536 1.537 1.538 1.539 1.541 1.542 1.543 1.544 1.546 1.547 1.548 1.550 1.551 1.551 1.532 1.452 1.313 1.143 0.932 0.666 0.387 0.174 0.059 0.015 0.000
0.000 0.210 0.466 0.710 0.945 1.152 1.310 1.412 1.468 1.495 1.506 1.509 1.511 1.511 1.512 1.512 1.513 1.513 1.514 1.514 1.515 1.515 1.516 1.516 1.517 1.518 1.518 1.519 1.520 1.520 1.521 1.522 1.523 1.523 1.524 1.525 1.526 1.527 1.528 1.529 1.529 1.530 1.531 1.532 1.533 1.535 1.536 1.537 1.538 1.539 1.540 1.542 1.543 1.544 1.545 1.547 1.548 1.550 1.551 1.551 1.532 1.451 1.312 1.142 0.931 0.665 0.387 0.173 0.058 0.015 0.000
0.000 0.211 0.466 0.710 0.946 1.153 1.310 1.412 1.469 1.495 1.506 1.509 1.511 1.511 1.512 1.512 1.513 1.513 1.514 1.514 1.515 1.515 1.516 1.517 1.517 1.518 1.519 1.519 1.520 1.521 1.521 1.522 1.523 1.524 1.524 1.525 1.526 1.527 1.528 1.529 1.530 1.531 1.532 1.533 1.534 1.535 1.536 1.537 1.538 1.539 1.541 1.542 1.543 1.544 1.546 1.547 1.548 1.550 1.551 1.551 1.532 1.451 1.311 1.141 0.930 0.664 0.385 0.172 0.058 0.015 0.000
0.000 0.211 0.467 0.711 0.946 1.153 1.310 1.412 1.469 1.495 1.506 1.510 1.511 1.512 1.512 1.513 1.513 1.514 1.514 1.515 1.515 1.516 1.516 1.517 1.518 1.518 1.519 1.519 1.520 1.521 1.522 1.522 1.523 1.524 1.525 1.526 1.526 1.527 1.528 1.529 1.530 1.531 1.532 1.533 1.534 1.535 1.536 1.537 1.539 1.540 1.541 1.542 1.544 1.545 1.546 1.548 1.549 1.550 1.552 1.552 1.532 1.451 1.311 1.140 0.929 0.662 0.384 0.171 0.058 0.015 0.000
0.000 0.212 0.467 0.711 0.947 1.154 1.311 1.413 1.469 1.495 1.506 1.510 1.511 1.512 1.512 1.513 1.513 1.514 1.514 1.515 1.515 1.516 1.517 1.517 1.518 1.518 1.519 1.520 1.520 1.521 1.522 1.523 1.523 1.524 1.525 1.526 1.527 1.528 1.529 1.530 1.530 1.531 1.532 1.533 1.535 1.536 1.537 1.538 1.539 1.540 1.541 1.543 1.544 1.545 1.547 1.548 1.549 1.551 1.552 1.552 1.533 1.451 1.310 1.139 0.927 0.660 0.382 0.170 0.057 0.014 0.000
0.000 0.213 0.468 0.712 0.947 1.154 1.311 1.413 1.469 1.496 1.506 1.510 1.511 1.512 1.513 1.513 1.514 1.514 1.515 1.515 1.516 1.516 1.517 1.517 1.518 1.519 1.519 1.520 1.521 1.521 1.522 1.523 1.524 1.525 1.525 1.526 1.527 1.528 1.529 1.530 1.531 1.532 1.533 1.534 1.535 1.536 1.537 1.538 1.539 1.541 1.542 1.543 1.544 1.546 1.547 1.548 1.550 1.551 1.553 1.552 1.533 1.450 1.309 1.137 0.925 0.658 0.380 0.169 0.056 0.014 0.000
0.000 0.214 0.469 0.713 0.948 1.155 1.312 1.413 1.469 1.496 1.506 1.510 1.511 1.512 1.513 1.513 1.514 1.514 1.515 1.515 1.516 1.516 1.517 1.518 1.518 1.519 1.520 1.520 1.521 1.522 1.522 1.523 1.524 1.525 1.526 1.527 1.527 1.528 1.529 1.530 1.531 1.532 1.533 1.534 1.535 1.536 1.537 1.538 1.540 1.541 1.542 1.543 1.545 1.546 1.547 1.548 1.550 1.551 1.553 1.552 1.532 1.449 1.307 1.134 0.922 0.655 0.377 0.167 0.056 0.014 0.000
0.000 0.215 0.470 0.713 0.949 1.155 1.312 1.413 1.469 1.496 1.506 1.510 1.511 1.512 1.512 1.512 1.513 1.513 1.514 1.514 1.515 1.515 1.516 1.516 1.517 1.517 1.518 1.518 1.519 1.520 1.520 1.521 1.521 1.522 1.523 1.524 1.524 1.525 1.526 1.527 1.528 1.528 1.529 1.530 1.531 1.532 1.533 1.534 1.535 1.536 1.537 1.538 1.540 1.541 1.542 1.543 1.544 1.546 1.547 1.546 1.526 1.442 1.300 1.128 0.916 0.650 0.373 0.165 0.055 0.014 0.000
0.000 0.216 0.470 0.712 0.946 1.151 1.306 1.407 1.462 1.488 1.499 1.502 1.504 1.504 1.505 1.506 1.506 1.507 1.507 1.508 1.509 1.510 1.510 1.511 1.512 1.513 1.513 1.514 1.515 1.516 1.517 1.518 1.519 1.519 1.520 1.521 1.522 1.523 1.524 1.525 1.526 1.527 1.527 1.528 1.529 1.530 1.531 1.532 1.533 1.534 1.535 1.536 1.537 1.537 1.538 1.539 1.540 1.541 1.542 1.541 1.520 1.434 1.290 1.118 0.906 0.641 0.367 0.162 0.053 0.013 0.000
0.000 0.217 0.472 0.714 0.948 1.154 1.309 1.410 1.465 1.490 1.500 1.503 1.504 1.504 1.503 1.503 1.502 1.501 1.501 1.500 1.499 1.498 1.497 1.496 1.495 1.494 1.493 1.492 1.491 1.490 1.488 1.487 1.486 1.485 1.484 1.483 1.482 1.481 1.480 1.479 1.478 1.476 1.475 1.474 1.473 1.472 1.471 1.470 1.469 1.468 1.468 1.467 1.466 1.465 1.464 1.463 1.463 1.462 1.461 1.459 1.438 1.356 1.222 1.063 0.866 0.615 0.353 0.156 0.051 0.013 0.000
0.000 0.209 0.454 0.684 0.905 1.099 1.246 1.339 1.390 1.412 1.420 1.421 1.420 1.419 1.417 1.416 1.414 1.413 1.413 1.412 1.412 1.412 1.412 1.413 1.414 1.416 1.418 1.421 1.424 1.428 1.431 1.434 1.437 1.440 1.443 1.447 1.450 1.453 1.456 1.459 1.462 1.465 1.468 1.470 1.473 1.476 1.478 1.480 1.483 1.485 1.487 1.489 1.491 1.492 1.493 1.495 1.496 1.496 1.497 1.495 1.473 1.384 1.236 1.059 0.847 0.592 0.335 0.146 0.048 0.012 0.000
0.000 0.216 0.466 0.697 0.915 1.103 1.245 1.337 1.388 1.413 1.424 1.428 1.430 1.432 1.433 1.434 1.434 1.434 1.433 1.432 1.431 1.428 1.425 1.421 1.416 1.410 1.402 1.393 1.384 1.374 1.364 1.353 1.343 1.332 1.321 1.310 1.299 1.287 1.275 1.263 1.251 1.238 1.226 1.213 1.200 1.186 1.173 1.159 1.145 1.131 1.116 1.102 1.087 1.072 1.057 1.042 1.027 1.011 0.995 0.978 0.949 0.880 0.785 0.685 0.569 0.413 0.241 0.108 0.036 0.009 0.000
0.000 0.130 0.302 0.451 0.579 0.686 0.766 0.818 0.846 0.859 0.864 0.866 0.867 0.868 0.868 0.869 0.871 0.872 0.874 0.876 0.878 0.881 0.885 0.889 0.893 0.898 0.904 0.911 0.919 0.926 0.934 0.942 0.950 0.959 0.968 0.977 0.986 0.996 1.006 1.017 1.027 1.038 1.050 1.061 1.074 1.086 1.099 1.112 1.126 1.140 1.154 1.169 1.185 1.200 1.217 1.234 1.251 1.269 1.287 1.304 1.303 1.241 1.111 0.942 0.731 0.486 0.259 0.106 0.033 0.008 0.000
0.000 0.039 0.111 0.201 0.298 0.387 0.453 0.493 0.512 0.519 0.520 0.519 0.517 0.515 0.513 0.511 0.508 0.506 0.503 0.500 0.497 0.494 0.491 0.488 0.484 0.481 0.477 0.473 0.469 0.464 0.460 0.455 0.450 0.445 0.439 0.433 0.428 0.421 0.415 0.408 0.401 0.394 0.386 0.378 0.369 0.360 0.351 0.342 0.332 0.321 0.310 0.299 0.287 0.274 0.262 0.248 0.234 0.219 0.204 0.187 0.168 0.137 0.100 0.064 0.035 0.016 0.006 0.000 0.000 0.000 0.000
0.000 0.007 0.020 0.044 0.074 0.104 0.127 0.140 0.146 0.147 0.146 0.145 0.143 0.142 0.140 0.138 0.136 0.135 0.133 0.131 0.129 0.127 0.125 0.122 0.120 0.118 0.115 0.113 0.111 0.108 0.106 0.103 0.100 0.098 0.095 0.092 0.089 0.086 0.083 0.080 0.077 0.074 0.071 0.068 0.065 0.062 0.058 0.055 0.052 0.049 0.046 0.042 0.039 0.035 0.032 0.029 0.026 0.023 0.020 0.017 0.015 0.011 0.006 0.001 0.000 0.000 0.000 0.000 0.000 0.000 0.000
0.000 0.001 0.002 0.005 0.008 0.012 0.016 0.017 0.018 0.018 0.018 0.018 0.017 0.017 0.016 0.016 0.015 0.015 0.015 0.014 0.014 0.013 0.013 0.012 0.012 0.011 0.011 0.010 0.010 0.009 0.009 0.008 0.007 0.007 0.006 0.006 0.005 0.005 0.004 0.004 0.004 0.003 0.003 0.002 0.002 0.002 0.001 0.001 0.001 0.000 0.000 0.000 0.000 0.000 0.000 0.000 0.000 0.000 0.000 0.000 0.000 0.000 0.000 0.000 0.000 0.000 0.000 0.000 0.000 0.000 0.000
0.000 0.000 0.000 0.000 0.000 0.001 0.001 0.001 0.001 0.001 0.001 0.001 0.001 0.001 0.001 0.001 0.001 0.000 0.000 0.000 0.000 0.000 0.000 0.000 0.000 0.000 0.000 0.000 0.000 0.000 0.000 0.000 0.000 0.000 0.000 0.000 0.000 0.000 0.000 0.000 0.000 0.000 0.000 0.000 0.000 0.000 0.000 0.000 0.000 0.000 0.000 0.000 0.000 0.000 0.000 0.000 0.000 0.000 0.000 0.000 0.000 0.000 0.000 0.000 0.000 0.000 0.000 0.000 0.000 0.000 0.000
