Examples/2023_ISeeSnow/data/CoulombOnly/Results/curv77s/h/1HS_03_curv77s_MoT-Voellmy_h_0046.asc
ncols        193
nrows        25
xllcorner    2637.5
yllcorner    -4312.5
cellsize     5.00
NODATA_value -9999
[rows 0 to 24 of 25, columns 77 to 153 of 193]
0.000 0.000 0.000 0.000 0.000 0.000 0.000 0.000 0.000 0.000 0.000 0.001 0.001 0.001 0.001 0.001 0.001 0.001 0.001 0.001 0.002 0.002 0.002 0.002 0.002 0.002 0.002 0.003 0.003 0.003 0.003 0.003 0.004 0.004 0.004 0.004 0.005 0.005 0.005 0.005 0.005 0.005 0.005 0.006 0.006 0.006 0.006 0.006 0.006 0.005 0.005 0.005 0.005 0.004 0.004 0.004 0.003 0.003 0.002 0.002 0.002 0.001 0.001 0.001 0.000 0.000 0.000 0.000 0.000 0.000 0.000 0.000 0.000 0.000 0.000 0.000 0.000
0.001 0.002 0.002 0.002 0.002 0.003 0.003 0.003 0.004 0.004 0.005 0.005 0.006 0.006 0.007 0.007 0.008 0.009 0.010 0.010 0.011 0.012 0.013 0.015 0.016 0.017 0.018 0.020 0.021 0.022 0.024 0.025 0.026 0.028 0.029 0.030 0.032 0.033 0.034 0.035 0.036 0.037 0.037 0.038 0.038 0.038 0.038 0.038 0.038 0.037 0.036 0.036 0.034 0.033 0.032 0.030 0.028 0.026 0.024 0.022 0.020 0.018 0.016 0.014 0.012 0.010 0.008 0.005 0.003 0.002 0.002 0.001 0.001 0.000 0.000 0.000 0.000
0.006 0.007 0.009 0.010 0.011 0.013 0.015 0.017 0.020 0.022 0.026 0.029 0.032 0.036 0.040 0.044 0.048 0.052 0.057 0.061 0.066 0.071 0.076 0.081 0.086 0.091 0.097 0.102 0.107 0.112 0.117 0.122 0.127 0.131 0.135 0.139 0.143 0.146 0.149 0.151 0.154 0.155 0.156 0.157 0.157 0.157 0.156 0.155 0.153 0.151 0.147 0.144 0.140 0.135 0.129 0.123 0.117 0.110 0.103 0.096 0.088 0.081 0.073 0.066 0.059 0.051 0.045 0.038 0.033 0.028 0.023 0.019 0.016 0.013 0.010 0.007 0.003
0.035 0.041 0.048 0.056 0.064 0.073 0.083 0.093 0.104 0.115 0.127 0.139 0.151 0.164 0.176 0.188 0.200 0.211 0.222 0.233 0.245 0.257 0.269 0.281 0.293 0.304 0.315 0.325 0.335 0.344 0.353 0.362 0.369 0.377 0.383 0.389 0.394 0.399 0.402 0.405 0.408 0.409 0.410 0.409 0.408 0.406 0.403 0.399 0.394 0.388 0.380 0.372 0.362 0.352 0.340 0.328 0.314 0.299 0.284 0.268 0.252 0.234 0.217 0.200 0.182 0.164 0.147 0.130 0.114 0.099 0.086 0.073 0.062 0.052 0.044 0.036 0.029
0.167 0.188 0.210 0.232 0.256 0.280 0.304 0.329 0.353 0.377 0.401 0.424 0.446 0.468 0.488 0.507 0.526 0.542 0.558 0.573 0.590 0.606 0.621 0.636 0.649 0.661 0.673 0.684 0.694 0.703 0.711 0.718 0.725 0.730 0.735 0.739 0.742 0.745 0.746 0.747 0.746 0.745 0.743 0.739 0.735 0.729 0.723 0.714 0.705 0.694 0.683 0.669 0.655 0.639 0.621 0.602 0.583 0.561 0.539 0.515 0.491 0.465 0.439 0.411 0.383 0.354 0.325 0.296 0.268 0.241 0.215 0.190 0.167 0.146 0.126 0.108 0.092
0.506 0.544 0.581 0.618 0.653 0.688 0.721 0.752 0.782 0.810 0.836 0.860 0.883 0.903 0.921 0.938 0.953 0.966 0.977 0.988 1.002 1.014 1.026 1.036 1.045 1.053 1.060 1.067 1.072 1.077 1.081 1.085 1.087 1.089 1.090 1.090 1.090 1.088 1.086 1.082 1.078 1.072 1.066 1.058 1.049 1.039 1.027 1.014 1.000 0.985 0.968 0.950 0.930 0.910 0.888 0.865 0.841 0.815 0.789 0.761 0.732 0.702 0.670 0.638 0.604 0.568 0.531 0.495 0.458 0.422 0.387 0.353 0.319 0.287 0.256 0.227 0.200
1.008 1.046 1.080 1.113 1.143 1.171 1.196 1.219 1.239 1.258 1.274 1.288 1.301 1.311 1.320 1.327 1.333 1.337 1.340 1.344 1.353 1.363 1.373 1.383 1.392 1.400 1.408 1.414 1.419 1.423 1.426 1.428 1.428 1.427 1.424 1.421 1.416 1.409 1.401 1.392 1.382 1.370 1.357 1.343 1.327 1.310 1.292 1.273 1.253 1.231 1.209 1.185 1.160 1.135 1.109 1.081 1.053 1.024 0.994 0.964 0.932 0.899 0.866 0.831 0.794 0.754 0.714 0.674 0.634 0.593 0.553 0.514 0.475 0.437 0.399 0.363 0.328
1.429 1.445 1.460 1.472 1.483 1.492 1.499 1.505 1.510 1.514 1.516 1.518 1.518 1.518 1.517 1.516 1.514 1.511 1.509 1.507 1.511 1.512 1.511 1.508 1.504 1.499 1.494 1.488 1.482 1.475 1.469 1.463 1.456 1.450 1.444 1.438 1.432 1.425 1.418 1.410 1.401 1.392 1.381 1.369 1.356 1.342 1.326 1.309 1.291 1.273 1.253 1.232 1.211 1.189 1.167 1.144 1.121 1.097 1.073 1.049 1.023 0.997 0.970 0.942 0.910 0.876 0.841 0.804 0.767 0.728 0.688 0.647 0.605 0.562 0.520 0.478 0.437
2.376 2.408 2.437 2.463 2.486 2.508 2.526 2.542 2.556 2.567 2.575 2.581 2.585 2.585 2.583 2.579 2.572 2.562 2.550 2.541 2.541 2.539 2.536 2.531 2.525 2.517 2.508 2.497 2.485 2.471 2.455 2.437 2.417 2.395 2.371 2.345 2.317 2.287 2.256 2.223 2.189 2.154 2.118 2.082 2.046 2.010 1.975 1.939 1.904 1.869 1.834 1.800 1.765 1.730 1.695 1.659 1.622 1.583 1.543 1.501 1.457 1.410 1.360 1.308 1.250 1.185 1.118 1.049 0.979 0.908 0.838 0.768 0.701 0.636 0.574 0.516 0.462
1.498 1.511 1.524 1.534 1.544 1.552 1.560 1.566 1.572 1.578 1.582 1.586 1.590 1.593 1.595 1.596 1.597 1.597 1.596 1.597 1.600 1.598 1.590 1.576 1.555 1.529 1.496 1.458 1.418 1.379 1.341 1.304 1.270 1.237 1.206 1.177 1.150 1.124 1.099 1.076 1.054 1.033 1.011 0.990 0.969 0.948 0.926 0.903 0.880 0.857 0.833 0.809 0.785 0.761 0.738 0.715 0.693 0.672 0.651 0.631 0.612 0.593 0.575 0.556 0.538 0.519 0.499 0.478 0.455 0.430 0.403 0.376 0.349 0.321 0.294 0.267 0.243
3.430 3.439 3.446 3.451 3.454 3.455 3.455 3.452 3.448 3.443 3.436 3.428 3.418 3.408 3.397 3.385 3.373 3.360 3.348 3.343 3.356 3.369 3.386 3.406 3.430 3.458 3.488 3.520 3.547 3.564 3.568 3.563 3.547 3.522 3.489 3.449 3.404 3.354 3.300 3.245 3.189 3.133 3.078 3.026 2.976 2.929 2.887 2.848 2.813 2.782 2.754 2.729 2.707 2.686 2.666 2.646 2.624 2.600 2.573 2.541 2.506 2.465 2.419 2.368 2.307 2.236 2.167 2.101 2.037 1.976 1.917 1.859 1.801 1.741 1.680 1.617 1.550
1.738 1.726 1.713 1.698 1.682 1.665 1.646 1.626 1.604 1.580 1.555 1.527 1.499 1.468 1.435 1.401 1.365 1.328 1.289 1.250 1.214 1.175 1.134 1.091 1.046 1.000 0.953 0.905 0.862 0.825 0.794 0.769 0.750 0.736 0.726 0.720 0.716 0.714 0.712 0.711 0.709 0.705 0.699 0.690 0.679 0.663 0.644 0.621 0.594 0.563 0.529 0.491 0.451 0.409 0.367 0.324 0.282 0.242 0.205 0.172 0.143 0.119 0.101 0.088 0.080 0.076 0.074 0.073 0.072 0.070 0.068 0.066 0.063 0.060 0.056 0.053 0.048
4.197 4.215 4.232 4.246 4.259 4.271 4.281 4.289 4.295 4.300 4.304 4.306 4.306 4.305 4.302 4.298 4.292 4.285 4.277 4.280 4.301 4.314 4.324 4.333 4.341 4.346 4.351 4.353 4.355 4.354 4.352 4.349 4.344 4.338 4.330 4.320 4.309 4.297 4.283 4.267 4.250 4.232 4.213 4.192 4.169 4.146 4.121 4.095 4.067 4.039 4.009 3.978 3.946 3.913 3.878 3.842 3.805 3.767 3.727 3.686 3.643 3.598 3.552 3.501 3.439 3.367 3.297 3.225 3.152 3.076 2.997 2.916 2.833 2.746 2.657 2.566 2.472
1.738 1.726 1.712 1.697 1.681 1.664 1.645 1.625 1.603 1.579 1.554 1.527 1.498 1.467 1.435 1.400 1.364 1.327 1.288 1.250 1.214 1.175 1.134 1.091 1.046 1.000 0.953 0.906 0.862 0.825 0.795 0.770 0.751 0.737 0.728 0.721 0.717 0.715 0.714 0.713 0.710 0.706 0.700 0.692 0.680 0.664 0.645 0.622 0.594 0.564 0.529 0.492 0.452 0.410 0.367 0.324 0.282 0.242 0.205 0.171 0.143 0.119 0.101 0.088 0.080 0.076 0.074 0.072 0.071 0.070 0.068 0.066 0.063 0.060 0.056 0.052 0.048
3.430 3.439 3.446 3.451 3.454 3.455 3.455 3.452 3.448 3.443 3.436 3.428 3.419 3.408 3.397 3.386 3.374 3.361 3.349 3.344 3.357 3.370 3.387 3.408 3.432 3.459 3.490 3.522 3.549 3.565 3.570 3.564 3.548 3.522 3.489 3.449 3.403 3.353 3.300 3.244 3.188 3.132 3.077 3.025 2.975 2.928 2.885 2.846 2.812 2.780 2.753 2.728 2.706 2.685 2.665 2.644 2.623 2.599 2.572 2.540 2.505 2.464 2.419 2.367 2.306 2.235 2.167 2.100 2.037 1.976 1.917 1.859 1.801 1.741 1.681 1.617 1.550
1.498 1.512 1.524 1.535 1.545 1.553 1.561 1.567 1.573 1.579 1.583 1.587 1.591 1.594 1.596 1.597 1.598 1.598 1.597 1.597 1.601 1.599 1.590 1.576 1.555 1.529 1.496 1.458 1.418 1.378 1.340 1.304 1.269 1.237 1.206 1.177 1.150 1.124 1.100 1.077 1.055 1.033 1.012 0.991 0.970 0.948 0.926 0.904 0.881 0.857 0.834 0.810 0.786 0.762 0.739 0.716 0.693 0.672 0.651 0.631 0.612 0.593 0.575 0.557 0.538 0.519 0.499 0.478 0.455 0.430 0.403 0.376 0.349 0.321 0.294 0.267 0.243
2.377 2.408 2.437 2.463 2.487 2.508 2.527 2.543 2.557 2.568 2.576 2.582 2.585 2.586 2.584 2.579 2.572 2.562 2.550 2.541 2.541 2.539 2.536 2.531 2.525 2.517 2.508 2.497 2.485 2.471 2.455 2.437 2.418 2.396 2.372 2.346 2.317 2.288 2.256 2.223 2.189 2.154 2.118 2.082 2.046 2.010 1.975 1.939 1.904 1.869 1.835 1.800 1.766 1.731 1.695 1.659 1.622 1.583 1.543 1.501 1.457 1.410 1.360 1.308 1.250 1.185 1.118 1.049 0.979 0.908 0.838 0.768 0.701 0.636 0.574 0.516 0.462
1.429 1.446 1.460 1.472 1.483 1.492 1.500 1.506 1.510 1.514 1.517 1.518 1.519 1.519 1.518 1.516 1.514 1.512 1.509 1.508 1.511 1.512 1.511 1.508 1.505 1.500 1.494 1.488 1.482 1.476 1.469 1.463 1.457 1.451 1.445 1.438 1.432 1.426 1.418 1.410 1.402 1.392 1.381 1.369 1.356 1.342 1.326 1.310 1.292 1.273 1.253 1.232 1.211 1.189 1.167 1.144 1.121 1.098 1.073 1.049 1.024 0.997 0.970 0.942 0.911 0.876 0.841 0.805 0.767 0.728 0.688 0.647 0.605 0.563 0.520 0.478 0.437
1.008 1.045 1.080 1.113 1.143 1.171 1.196 1.219 1.239 1.258 1.274 1.289 1.301 1.312 1.320 1.327 1.333 1.337 1.340 1.344 1.353 1.363 1.373 1.383 1.392 1.400 1.408 1.414 1.420 1.424 1.426 1.428 1.428 1.427 1.425 1.421 1.416 1.409 1.402 1.393 1.382 1.371 1.357 1.343 1.328 1.311 1.293 1.273 1.253 1.231 1.209 1.185 1.161 1.135 1.109 1.082 1.053 1.024 0.995 0.964 0.932 0.900 0.866 0.831 0.794 0.754 0.714 0.674 0.634 0.593 0.553 0.514 0.475 0.437 0.399 0.363 0.328
0.506 0.543 0.581 0.617 0.653 0.688 0.721 0.752 0.782 0.810 0.836 0.860 0.882 0.903 0.921 0.938 0.953 0.966 0.977 0.988 1.002 1.014 1.026 1.036 1.045 1.053 1.060 1.067 1.072 1.077 1.081 1.085 1.087 1.089 1.090 1.091 1.090 1.088 1.086 1.083 1.078 1.073 1.066 1.058 1.049 1.039 1.027 1.014 1.000 0.985 0.968 0.950 0.931 0.910 0.888 0.865 0.841 0.815 0.789 0.761 0.732 0.702 0.670 0.638 0.604 0.568 0.531 0.495 0.458 0.422 0.387 0.352 0.319 0.287 0.256 0.227 0.200
0.166 0.187 0.209 0.232 0.256 0.280 0.304 0.329 0.353 0.377 0.401 0.424 0.446 0.467 0.488 0.507 0.525 0.542 0.558 0.573 0.590 0.606 0.621 0.635 0.649 0.661 0.673 0.684 0.693 0.702 0.711 0.718 0.724 0.730 0.735 0.739 0.742 0.745 0.746 0.747 0.746 0.745 0.743 0.739 0.735 0.729 0.722 0.714 0.705 0.694 0.682 0.669 0.655 0.638 0.621 0.602 0.582 0.561 0.539 0.515 0.491 0.465 0.439 0.411 0.383 0.354 0.325 0.296 0.268 0.241 0.215 0.190 0.167 0.146 0.126 0.108 0.092
0.035 0.041 0.048 0.055 0.064 0.073 0.083 0.093 0.104 0.115 0.127 0.139 0.151 0.163 0.176 0.188 0.199 0.211 0.222 0.233 0.245 0.257 0.269 0.281 0.292 0.304 0.314 0.325 0.335 0.344 0.353 0.361 0.369 0.376 0.383 0.389 0.394 0.398 0.402 0.405 0.407 0.409 0.409 0.409 0.408 0.406 0.403 0.399 0.394 0.387 0.380 0.372 0.362 0.352 0.340 0.327 0.314 0.299 0.284 0.268 0.251 0.234 0.217 0.199 0.182 0.164 0.146 0.130 0.114 0.099 0.086 0.073 0.062 0.052 0.044 0.036 0.029
0.006 0.007 0.009 0.010 0.011 0.013 0.015 0.017 0.020 0.022 0.025 0.029 0.032 0.036 0.040 0.044 0.048 0.052 0.057 0.061 0.066 0.071 0.076 0.081 0.086 0.091 0.096 0.102 0.107 0.112 0.117 0.122 0.126 0.131 0.135 0.139 0.142 0.146 0.149 0.151 0.153 0.155 0.156 0.157 0.157 0.157 0.156 0.155 0.153 0.150 0.147 0.144 0.139 0.135 0.129 0.123 0.117 0.110 0.103 0.096 0.088 0.081 0.073 0.066 0.058 0.051 0.045 0.038 0.033 0.028 0.023 0.019 0.016 0.013 0.010 0.007 0.003
0.001 0.002 0.002 0.002 0.002 0.003 0.003 0.003 0.004 0.004 0.005 0.005 0.006 0.006 0.007 0.007 0.008 0.009 0.009 0.010 0.011 0.012 0.013 0.015 0.016 0.017 0.018 0.020 0.021 0.022 0.024 0.025 0.026 0.028 0.029 0.030 0.032 0.033 0.034 0.035 0.036 0.036 0.037 0.038 0.038 0.038 0.038 0.038 0.038 0.037 0.036 0.035 0.034 0.033 0.032 0.030 0.028 0.026 0.024 0.022 0.020 0.018 0.016 0.014 0.012 0.010 0.008 0.005 0.003 0.002 0.002 0.001 0.001 0.000 0.000 0.000 0.000
0.000 0.000 0.000 0.000 0.000 0.000 0.000 0.000 0.000 0.000 0.000 0.001 0.001 0.001 0.001 0.001 0.001 0.001 0.001 0.001 0.002 0.002 0.002 0.002 0.002 0.002 0.002 0.003 0.003 0.003 0.003 0.003 0.004 0.004 0.004 0.004 0.005 0.005 0.005 0.005 0.005 0.005 0.005 0.006 0.006 0.006 0.006 0.006 0.006 0.005 0.005 0.005 0.005 0.004 0.004 0.004 0.003 0.003 0.002 0.002 0.002 0.001 0.001 0.001 0.000 0.000 0.000 0.000 0.000 0.000 0.000 0.000 0.000 0.000 0.000 0.000 0.000
