Examples/2023_ISeeSnow/data/CoulombOnly/Results/curv77s/h/1HS_03_curv77s_MoT-Voellmy_h_0001.asc
ncols        65
nrows        33
xllcorner    1037.5
yllcorner    -4332.5
cellsize     5.00
NODATA_value -9999
0.000 0.000 0.001 0.001 0.001 0.001 0.001 0.001 0.001 0.001 0.001 0.001 0.001 0.001 0.001 0.001 0.001 0.001 0.001 0.001 0.001 0.001 0.001 0.001 0.001 0.001 0.001 0.001 0.001 0.001 0.000 0.000 0.000 0.000 0.000 0.000 0.000 0.000 0.000 0.000 0.000 0.000 0.000 0.000 0.000 0.000 0.000 0.000 0.000 0.000 0.000 0.000 0.000 0.000 0.000 0.000 0.000 0.000 0.000 0.000 0.000 0.000 0.000 0.000 0.000
0.000 0.046 0.066 0.072 0.072 0.072 0.072 0.071 0.071 0.070 0.070 0.069 0.069 0.068 0.068 0.067 0.067 0.066 0.066 0.065 0.064 0.064 0.063 0.062 0.062 0.061 0.060 0.059 0.059 0.058 0.057 0.056 0.055 0.054 0.054 0.053 0.052 0.051 0.050 0.049 0.048 0.047 0.046 0.044 0.043 0.042 0.041 0.040 0.038 0.037 0.036 0.035 0.033 0.032 0.031 0.029 0.028 0.026 0.025 0.023 0.022 0.022 0.004 0.000 0.000
0.000 1.284 1.305 1.418 1.427 1.428 1.428 1.428 1.429 1.429 1.430 1.430 1.431 1.431 1.432 1.432 1.433 1.434 1.434 1.435 1.436 1.436 1.437 1.438 1.438 1.439 1.440 1.441 1.441 1.442 1.443 1.444 1.445 1.446 1.447 1.448 1.449 1.450 1.451 1.452 1.453 1.454 1.455 1.456 1.457 1.458 1.460 1.461 1.462 1.463 1.465 1.466 1.467 1.469 1.470 1.472 1.473 1.474 1.476 1.478 1.479 1.351 0.375 0.025 0.000
0.000 1.338 1.361 1.484 1.492 1.492 1.492 1.492 1.491 1.491 1.491 1.490 1.490 1.489 1.489 1.489 1.488 1.488 1.487 1.487 1.486 1.486 1.485 1.484 1.484 1.483 1.483 1.482 1.481 1.481 1.480 1.479 1.479 1.478 1.477 1.476 1.476 1.475 1.474 1.473 1.472 1.471 1.470 1.469 1.468 1.467 1.466 1.465 1.464 1.463 1.462 1.461 1.460 1.458 1.457 1.456 1.454 1.453 1.452 1.450 1.449 1.317 0.375 0.026 0.000
0.000 1.341 1.368 1.491 1.500 1.501 1.501 1.501 1.501 1.501 1.501 1.501 1.501 1.501 1.501 1.501 1.501 1.501 1.501 1.501 1.501 1.501 1.501 1.501 1.501 1.501 1.501 1.501 1.502 1.502 1.502 1.502 1.502 1.502 1.502 1.502 1.502 1.502 1.502 1.502 1.502 1.502 1.502 1.502 1.503 1.503 1.503 1.503 1.503 1.503 1.503 1.503 1.503 1.503 1.503 1.503 1.504 1.504 1.504 1.504 1.504 1.381 0.391 0.027 0.000
0.000 1.341 1.368 1.492 1.500 1.501 1.501 1.501 1.501 1.501 1.501 1.501 1.501 1.501 1.501 1.501 1.501 1.501 1.501 1.501 1.501 1.501 1.501 1.501 1.501 1.501 1.501 1.502 1.502 1.502 1.502 1.502 1.502 1.502 1.502 1.502 1.502 1.502 1.502 1.502 1.502 1.502 1.502 1.503 1.503 1.503 1.503 1.503 1.503 1.503 1.503 1.503 1.503 1.503 1.503 1.504 1.504 1.504 1.504 1.504 1.504 1.381 0.392 0.027 0.000
0.000 1.340 1.368 1.492 1.500 1.501 1.501 1.501 1.501 1.501 1.501 1.501 1.501 1.501 1.501 1.501 1.501 1.501 1.501 1.501 1.501 1.501 1.501 1.501 1.501 1.501 1.502 1.502 1.502 1.502 1.502 1.502 1.502 1.502 1.502 1.502 1.502 1.502 1.502 1.502 1.502 1.502 1.503 1.503 1.503 1.503 1.503 1.503 1.503 1.503 1.503 1.503 1.503 1.503 1.504 1.504 1.504 1.504 1.504 1.504 1.504 1.382 0.394 0.027 0.000
0.000 1.340 1.368 1.492 1.500 1.501 1.501 1.501 1.501 1.501 1.501 1.501 1.501 1.501 1.501 1.501 1.501 1.501 1.501 1.501 1.501 1.501 1.501 1.501 1.501 1.501 1.501 1.502 1.502 1.502 1.502 1.502 1.502 1.502 1.502 1.502 1.502 1.502 1.502 1.502 1.502 1.502 1.502 1.503 1.503 1.503 1.503 1.503 1.503 1.503 1.503 1.503 1.503 1.503 1.503 1.504 1.504 1.504 1.504 1.504 1.504 1.382 0.395 0.028 0.000
0.000 1.339 1.368 1.492 1.500 1.501 1.501 1.501 1.501 1.501 1.501 1.501 1.501 1.501 1.501 1.501 1.501 1.501 1.501 1.501 1.501 1.501 1.501 1.501 1.501 1.501 1.501 1.501 1.502 1.502 1.502 1.502 1.502 1.502 1.502 1.502 1.502 1.502 1.502 1.502 1.502 1.502 1.502 1.502 1.503 1.503 1.503 1.503 1.503 1.503 1.503 1.503 1.503 1.503 1.503 1.504 1.504 1.504 1.504 1.504 1.504 1.382 0.395 0.028 0.000
0.000 1.339 1.368 1.492 1.500 1.501 1.501 1.501 1.501 1.501 1.501 1.501 1.501 1.501 1.501 1.501 1.501 1.501 1.501 1.501 1.501 1.501 1.501 1.501 1.501 1.501 1.501 1.501 1.502 1.502 1.502 1.502 1.502 1.502 1.502 1.502 1.502 1.502 1.502 1.502 1.502 1.502 1.502 1.502 1.503 1.503 1.503 1.503 1.503 1.503 1.503 1.503 1.503 1.503 1.503 1.503 1.504 1.504 1.504 1.504 1.504 1.382 0.396 0.028 0.000
0.000 1.339 1.369 1.492 1.500 1.501 1.501 1.501 1.501 1.501 1.501 1.501 1.501 1.501 1.501 1.501 1.501 1.501 1.501 1.501 1.501 1.501 1.501 1.501 1.501 1.501 1.501 1.501 1.501 1.502 1.502 1.502 1.502 1.502 1.502 1.502 1.502 1.502 1.502 1.502 1.502 1.502 1.502 1.502 1.502 1.503 1.503 1.503 1.503 1.503 1.503 1.503 1.503 1.503 1.503 1.503 1.504 1.504 1.504 1.504 1.504 1.382 0.397 0.028 0.000
0.000 1.339 1.369 1.492 1.500 1.501 1.501 1.501 1.501 1.501 1.501 1.501 1.501 1.501 1.501 1.501 1.501 1.501 1.501 1.501 1.501 1.501 1.501 1.501 1.501 1.501 1.501 1.501 1.501 1.502 1.502 1.502 1.502 1.502 1.502 1.502 1.502 1.502 1.502 1.502 1.502 1.502 1.502 1.502 1.502 1.503 1.503 1.503 1.503 1.503 1.503 1.503 1.503 1.503 1.503 1.503 1.503 1.504 1.504 1.504 1.504 1.382 0.397 0.028 0.000
0.000 1.338 1.369 1.492 1.500 1.501 1.501 1.501 1.501 1.501 1.501 1.501 1.501 1.501 1.501 1.501 1.501 1.501 1.501 1.501 1.501 1.501 1.501 1.501 1.501 1.501 1.501 1.501 1.501 1.502 1.502 1.502 1.502 1.502 1.502 1.502 1.502 1.502 1.502 1.502 1.502 1.502 1.502 1.502 1.502 1.503 1.503 1.503 1.503 1.503 1.503 1.503 1.503 1.503 1.503 1.503 1.503 1.504 1.504 1.504 1.504 1.382 0.398 0.028 0.000
0.000 1.338 1.369 1.491 1.500 1.501 1.501 1.501 1.501 1.501 1.501 1.501 1.501 1.501 1.501 1.501 1.501 1.501 1.501 1.501 1.501 1.501 1.501 1.501 1.501 1.501 1.501 1.501 1.501 1.501 1.502 1.502 1.502 1.502 1.502 1.502 1.502 1.502 1.502 1.502 1.502 1.502 1.502 1.502 1.502 1.502 1.503 1.503 1.503 1.503 1.503 1.503 1.503 1.503 1.503 1.503 1.503 1.504 1.504 1.504 1.504 1.382 0.398 0.028 0.000
0.000 1.338 1.369 1.491 1.500 1.501 1.501 1.501 1.501 1.501 1.501 1.501 1.501 1.501 1.501 1.501 1.501 1.501 1.501 1.501 1.501 1.501 1.501 1.501 1.501 1.501 1.501 1.501 1.501 1.501 1.502 1.502 1.502 1.502 1.502 1.502 1.502 1.502 1.502 1.502 1.502 1.502 1.502 1.502 1.502 1.502 1.503 1.503 1.503 1.503 1.503 1.503 1.503 1.503 1.503 1.503 1.503 1.504 1.504 1.504 1.503 1.382 0.399 0.028 0.000
0.000 1.338 1.369 1.491 1.500 1.501 1.501 1.501 1.501 1.501 1.501 1.501 1.501 1.501 1.501 1.501 1.501 1.501 1.501 1.501 1.501 1.501 1.501 1.501 1.501 1.501 1.501 1.501 1.501 1.501 1.502 1.502 1.502 1.502 1.502 1.502 1.502 1.502 1.502 1.502 1.502 1.502 1.502 1.502 1.502 1.502 1.503 1.503 1.503 1.503 1.503 1.503 1.503 1.503 1.503 1.503 1.503 1.504 1.504 1.504 1.503 1.382 0.399 0.028 0.000
0.000 1.338 1.369 1.492 1.501 1.501 1.501 1.501 1.501 1.501 1.501 1.502 1.502 1.502 1.502 1.502 1.502 1.502 1.502 1.502 1.502 1.502 1.502 1.502 1.502 1.503 1.503 1.503 1.503 1.503 1.503 1.503 1.503 1.503 1.503 1.504 1.504 1.504 1.504 1.504 1.504 1.504 1.504 1.505 1.505 1.505 1.505 1.505 1.505 1.506 1.506 1.506 1.506 1.506 1.506 1.507 1.507 1.507 1.507 1.507 1.507 1.387 0.400 0.028 0.000
0.000 1.338 1.369 1.491 1.500 1.501 1.501 1.501 1.501 1.501 1.501 1.501 1.501 1.501 1.501 1.501 1.501 1.501 1.501 1.501 1.501 1.501 1.501 1.501 1.501 1.501 1.501 1.501 1.501 1.501 1.502 1.502 1.502 1.502 1.502 1.502 1.502 1.502 1.502 1.502 1.502 1.502 1.502 1.502 1.502 1.502 1.503 1.503 1.503 1.503 1.503 1.503 1.503 1.503 1.503 1.503 1.503 1.504 1.504 1.504 1.503 1.382 0.399 0.028 0.000
0.000 1.338 1.369 1.491 1.500 1.501 1.501 1.501 1.501 1.501 1.501 1.501 1.501 1.501 1.501 1.501 1.501 1.501 1.501 1.501 1.501 1.501 1.501 1.501 1.501 1.501 1.501 1.501 1.501 1.501 1.502 1.502 1.502 1.502 1.502 1.502 1.502 1.502 1.502 1.502 1.502 1.502 1.502 1.502 1.502 1.502 1.503 1.503 1.503 1.503 1.503 1.503 1.503 1.503 1.503 1.503 1.503 1.504 1.504 1.504 1.503 1.382 0.399 0.028 0.000
0.000 1.338 1.369 1.491 1.500 1.501 1.501 1.501 1.501 1.501 1.501 1.501 1.501 1.501 1.501 1.501 1.501 1.501 1.501 1.501 1.501 1.501 1.501 1.501 1.501 1.501 1.501 1.501 1.501 1.501 1.502 1.502 1.502 1.502 1.502 1.502 1.502 1.502 1.502 1.502 1.502 1.502 1.502 1.502 1.502 1.502 1.503 1.503 1.503 1.503 1.503 1.503 1.503 1.503 1.503 1.503 1.503 1.504 1.504 1.504 1.504 1.382 0.398 0.028 0.000
0.000 1.338 1.369 1.492 1.500 1.501 1.501 1.501 1.501 1.501 1.501 1.501 1.501 1.501 1.501 1.501 1.501 1.501 1.501 1.501 1.501 1.501 1.501 1.501 1.501 1.501 1.501 1.501 1.501 1.502 1.502 1.502 1.502 1.502 1.502 1.502 1.502 1.502 1.502 1.502 1.502 1.502 1.502 1.502 1.502 1.503 1.503 1.503 1.503 1.503 1.503 1.503 1.503 1.503 1.503 1.503 1.503 1.504 1.504 1.504 1.504 1.382 0.398 0.028 0.000
0.000 1.339 1.369 1.492 1.500 1.501 1.501 1.501 1.501 1.501 1.501 1.501 1.501 1.501 1.501 1.501 1.501 1.501 1.501 1.501 1.501 1.501 1.501 1.501 1.501 1.501 1.501 1.501 1.501 1.502 1.502 1.502 1.502 1.502 1.502 1.502 1.502 1.502 1.502 1.502 1.502 1.502 1.502 1.502 1.502 1.503 1.503 1.503 1.503 1.503 1.503 1.503 1.503 1.503 1.503 1.503 1.503 1.504 1.504 1.504 1.504 1.382 0.397 0.028 0.000
0.000 1.339 1.369 1.492 1.500 1.501 1.501 1.501 1.501 1.501 1.501 1.501 1.501 1.501 1.501 1.501 1.501 1.501 1.501 1.501 1.501 1.501 1.501 1.501 1.501 1.501 1.501 1.501 1.501 1.502 1.502 1.502 1.502 1.502 1.502 1.502 1.502 1.502 1.502 1.502 1.502 1.502 1.502 1.502 1.502 1.503 1.503 1.503 1.503 1.503 1.503 1.503 1.503 1.503 1.503 1.503 1.504 1.504 1.504 1.504 1.504 1.382 0.397 0.028 0.000
0.000 1.339 1.368 1.492 1.500 1.501 1.501 1.501 1.501 1.501 1.501 1.501 1.501 1.501 1.501 1.501 1.501 1.501 1.501 1.501 1.501 1.501 1.501 1.501 1.501 1.501 1.501 1.501 1.502 1.502 1.502 1.502 1.502 1.502 1.502 1.502 1.502 1.502 1.502 1.502 1.502 1.502 1.502 1.502 1.503 1.503 1.503 1.503 1.503 1.503 1.503 1.503 1.503 1.503 1.503 1.503 1.504 1.504 1.504 1.504 1.504 1.382 0.396 0.028 0.000
0.000 1.339 1.368 1.492 1.500 1.501 1.501 1.501 1.501 1.501 1.501 1.501 1.501 1.501 1.501 1.501 1.501 1.501 1.501 1.501 1.501 1.501 1.501 1.501 1.501 1.501 1.501 1.501 1.502 1.502 1.502 1.502 1.502 1.502 1.502 1.502 1.502 1.502 1.502 1.502 1.502 1.502 1.502 1.502 1.503 1.503 1.503 1.503 1.503 1.503 1.503 1.503 1.503 1.503 1.503 1.504 1.504 1.504 1.504 1.504 1.504 1.382 0.395 0.028 0.000
0.000 1.340 1.368 1.492 1.500 1.501 1.501 1.501 1.501 1.501 1.501 1.501 1.501 1.501 1.501 1.501 1.501 1.501 1.501 1.501 1.501 1.501 1.501 1.501 1.501 1.501 1.501 1.502 1.502 1.502 1.502 1.502 1.502 1.502 1.502 1.502 1.502 1.502 1.502 1.502 1.502 1.502 1.502 1.503 1.503 1.503 1.503 1.503 1.503 1.503 1.503 1.503 1.503 1.503 1.503 1.504 1.504 1.504 1.504 1.504 1.504 1.382 0.395 0.028 0.000
0.000 1.340 1.368 1.492 1.500 1.501 1.501 1.501 1.501 1.501 1.501 1.501 1.501 1.501 1.501 1.501 1.501 1.501 1.501 1.501 1.501 1.501 1.501 1.501 1.501 1.501 1.502 1.502 1.502 1.502 1.502 1.502 1.502 1.502 1.502 1.502 1.502 1.502 1.502 1.502 1.502 1.502 1.503 1.503 1.503 1.503 1.503 1.503 1.503 1.503 1.503 1.503 1.503 1.503 1.504 1.504 1.504 1.504 1.504 1.504 1.504 1.382 0.394 0.027 0.000
0.000 1.341 1.368 1.492 1.500 1.501 1.501 1.501 1.501 1.501 1.501 1.501 1.501 1.501 1.501 1.501 1.501 1.501 1.501 1.501 1.501 1.501 1.501 1.501 1.501 1.501 1.501 1.502 1.502 1.502 1.502 1.502 1.502 1.502 1.502 1.502 1.502 1.502 1.502 1.502 1.502 1.502 1.502 1.503 1.503 1.503 1.503 1.503 1.503 1.503 1.503 1.503 1.503 1.503 1.503 1.504 1.504 1.504 1.504 1.504 1.504 1.381 0.392 0.027 0.000
0.000 1.341 1.368 1.491 1.500 1.501 1.501 1.501 1.501 1.501 1.501 1.501 1.501 1.501 1.501 1.501 1.501 1.501 1.501 1.501 1.501 1.501 1.501 1.501 1.501 1.501 1.501 1.501 1.502 1.502 1.502 1.502 1.502 1.502 1.502 1.502 1.502 1.502 1.502 1.502 1.502 1.502 1.502 1.502 1.503 1.503 1.503 1.503 1.503 1.503 1.503 1.503 1.503 1.503 1.503 1.503 1.504 1.504 1.504 1.504 1.504 1.381 0.391 0.027 0.000
0.000 1.338 1.361 1.484 1.492 1.492 1.492 1.492 1.491 1.491 1.491 1.490 1.490 1.489 1.489 1.489 1.488 1.488 1.487 1.487 1.486 1.486 1.485 1.484 1.484 1.483 1.483 1.482 1.481 1.481 1.480 1.479 1.479 1.478 1.477 1.476 1.476 1.475 1.474 1.473 1.472 1.471 1.470 1.469 1.468 1.467 1.466 1.465 1.464 1.463 1.462 1.461 1.460 1.458 1.457 1.456 1.454 1.453 1.452 1.450 1.449 1.317 0.375 0.026 0.000
0.000 1.284 1.305 1.418 1.427 1.428 1.428 1.428 1.429 1.429 1.430 1.430 1.431 1.431 1.432 1.432 1.433 1.434 1.434 1.435 1.435 1.436 1.437 1.438 1.438 1.439 1.440 1.441 1.441 1.442 1.443 1.444 1.445 1.446 1.447 1.447 1.448 1.449 1.450 1.451 1.453 1.454 1.455 1.456 1.457 1.458 1.459 1.461 1.462 1.463 1.465 1.466 1.467 1.469 1.470 1.471 1.473 1.474 1.476 1.477 1.479 1.351 0.375 0.025 0.000
0.000 0.046 0.066 0.072 0.072 0.072 0.072 0.071 0.071 0.070 0.070 0.069 0.069 0.068 0.068 0.067 0.067 0.066 0.066 0.065 0.064 0.064 0.063 0.062 0.062 0.061 0.060 0.059 0.059 0.058 0.057 0.056 0.055 0.055 0.054 0.053 0.052 0.051 0.050 0.049 0.048 0.047 0.046 0.045 0.043 0.042 0.041 0.040 0.039 0.037 0.036 0.035 0.033 0.032 0.031 0.029 0.028 0.026 0.025 0.023 0.022 0.023 0.004 0.000 0.000
0.000 0.000 0.001 0.001 0.001 0.001 0.001 0.001 0.001 0.001 0.001 0.001 0.001 0.001 0.001 0.001 0.001 0.001 0.001 0.001 0.001 0.001 0.001 0.001 0.001 0.001 0.001 0.001 0.001 0.001 0.000 0.000 0.000 0.000 0.000 0.000 0.000 0.000 0.000 0.000 0.000 0.000 0.000 0.000 0.000 0.000 0.000 0.000 0.000 0.000 0.000 0.000 0.000 0.000 0.000 0.000 0.000 0.000 0.000 0.000 0.000 0.000 0.000 0.000 0.000
