Examples/2023_ISeeSnow/data/CoulombOnly/Results/curv77s/h/1HS_03_curv77s_MoT-Voellmy_h_0045.asc
ncols        192
nrows        23
xllcorner    2567.5
yllcorner    -4307.5
cellsize     5.00
NODATA_value -9999
[rows 0 to 22 of 23, columns 0 to 76 of 192]
0.000 0.000 0.000 0.000 0.000 0.000 0.000 0.000 0.000 0.000 0.000 0.000 0.000 0.000 0.000 0.000 0.000 0.000 0.000 0.000 0.000 0.000 0.000 0.000 0.000 0.000 0.000 0.000 0.000 0.000 0.000 0.000 0.000 0.000 0.000 0.000 0.000 0.000 0.000 0.000 0.000 0.000 0.000 0.000 0.000 0.000 0.000 0.000 0.000 0.000 0.000 0.000 0.000 0.000 0.000 0.000 0.000 0.000 0.000 0.000 0.000 0.000 0.000 0.000 0.000 0.000 0.000 0.000 0.000 0.000 0.000 0.000 0.000 0.000 0.000 0.000 0.000
0.000 0.000 0.000 0.000 0.000 0.000 0.000 0.000 0.000 0.000 0.000 0.000 0.000 0.000 0.000 0.000 0.000 0.000 0.000 0.000 0.000 0.000 0.000 0.000 0.000 0.000 0.000 0.000 0.000 0.000 0.000 0.000 0.000 0.000 0.000 0.000 0.000 0.000 0.000 0.000 0.000 0.000 0.000 0.000 0.000 0.000 0.000 0.000 0.000 0.000 0.000 0.000 0.000 0.000 0.000 0.000 0.000 0.000 0.000 0.000 0.000 0.000 0.000 0.000 0.000 0.000 0.000 0.000 0.000 0.000 0.000 0.001 0.001 0.001 0.001 0.001 0.001
0.000 0.000 0.000 0.000 0.000 0.000 0.000 0.000 0.000 0.000 0.000 0.000 0.000 0.000 0.000 0.000 0.000 0.000 0.000 0.000 0.000 0.000 0.000 0.000 0.000 0.000 0.000 0.000 0.000 0.000 0.000 0.000 0.000 0.000 0.000 0.000 0.000 0.000 0.000 0.000 0.000 0.000 0.000 0.000 0.000 0.000 0.000 0.000 0.000 0.000 0.000 0.000 0.000 0.000 0.000 0.000 0.000 0.000 0.000 0.000 0.000 0.000 0.001 0.001 0.001 0.001 0.001 0.001 0.001 0.001 0.002 0.002 0.003 0.003 0.004 0.005 0.006
0.000 0.000 0.000 0.000 0.000 0.000 0.000 0.000 0.000 0.000 0.000 0.000 0.000 0.000 0.000 0.000 0.000 0.000 0.000 0.000 0.000 0.000 0.000 0.000 0.000 0.000 0.000 0.000 0.000 0.000 0.000 0.000 0.000 0.000 0.000 0.000 0.000 0.000 0.000 0.000 0.000 0.000 0.000 0.000 0.000 0.000 0.000 0.000 0.000 0.000 0.000 0.000 0.000 0.000 0.000 0.000 0.000 0.000 0.000 0.000 0.001 0.001 0.001 0.002 0.003 0.004 0.006 0.007 0.009 0.010 0.012 0.015 0.018 0.023 0.028 0.035 0.042
0.001 0.003 0.002 0.000 0.000 0.000 0.000 0.000 0.000 0.000 0.000 0.000 0.000 0.000 0.000 0.000 0.000 0.000 0.000 0.000 0.000 0.000 0.000 0.000 0.000 0.000 0.000 0.000 0.000 0.000 0.000 0.000 0.000 0.000 0.000 0.000 0.000 0.000 0.000 0.000 0.000 0.000 0.000 0.000 0.000 0.000 0.000 0.000 0.000 0.000 0.000 0.000 0.000 0.000 0.000 0.001 0.002 0.003 0.005 0.006 0.008 0.010 0.012 0.016 0.021 0.028 0.036 0.047 0.059 0.073 0.090 0.109 0.130 0.154 0.180 0.208 0.238
0.001 0.001 0.001 0.001 0.001 0.001 0.001 0.001 0.001 0.001 0.001 0.001 0.001 0.001 0.001 0.001 0.001 0.001 0.001 0.001 0.001 0.001 0.001 0.001 0.001 0.001 0.001 0.001 0.001 0.001 0.001 0.001 0.001 0.001 0.001 0.001 0.001 0.001 0.001 0.001 0.001 0.001 0.001 0.001 0.001 0.002 0.002 0.002 0.002 0.002 0.004 0.005 0.007 0.009 0.012 0.017 0.023 0.032 0.043 0.058 0.076 0.097 0.122 0.151 0.183 0.220 0.260 0.303 0.349 0.398 0.449 0.502 0.556 0.611 0.665 0.719 0.771
0.001 0.002 0.002 0.002 0.002 0.002 0.002 0.002 0.002 0.002 0.002 0.002 0.002 0.002 0.002 0.002 0.002 0.002 0.002 0.002 0.002 0.002 0.002 0.002 0.002 0.002 0.002 0.003 0.003 0.003 0.003 0.003 0.003 0.003 0.003 0.003 0.003 0.003 0.003 0.004 0.004 0.004 0.004 0.004 0.005 0.006 0.008 0.011 0.019 0.031 0.048 0.071 0.099 0.135 0.176 0.224 0.278 0.337 0.400 0.467 0.536 0.607 0.679 0.751 0.823 0.892 0.960 1.025 1.087 1.145 1.200 1.250 1.297 1.339 1.377 1.411 1.441
0.003 0.003 0.003 0.003 0.003 0.003 0.003 0.003 0.003 0.003 0.003 0.003 0.003 0.003 0.003 0.004 0.004 0.004 0.004 0.004 0.004 0.004 0.004 0.004 0.004 0.004 0.004 0.004 0.005 0.005 0.005 0.005 0.005 0.005 0.005 0.006 0.006 0.006 0.006 0.007 0.009 0.018 0.034 0.059 0.093 0.139 0.195 0.262 0.338 0.424 0.517 0.616 0.721 0.828 0.937 1.046 1.155 1.261 1.364 1.464 1.559 1.650 1.736 1.817 1.893 1.964 2.030 2.092 2.149 2.202 2.251 2.296 2.339 2.378 2.414 2.448 2.480
0.004 0.004 0.004 0.004 0.004 0.004 0.005 0.005 0.005 0.005 0.005 0.005 0.005 0.005 0.005 0.005 0.005 0.005 0.005 0.006 0.006 0.006 0.006 0.006 0.006 0.006 0.007 0.007 0.007 0.008 0.009 0.012 0.018 0.026 0.039 0.056 0.081 0.112 0.152 0.201 0.257 0.318 0.381 0.445 0.506 0.564 0.616 0.662 0.702 0.736 0.765 0.790 0.812 0.833 0.852 0.872 0.894 0.917 0.942 0.970 1.000 1.032 1.066 1.101 1.138 1.175 1.212 1.249 1.284 1.319 1.352 1.382 1.411 1.438 1.463 1.485 1.506
0.005 0.005 0.005 0.006 0.006 0.006 0.006 0.006 0.006 0.006 0.006 0.006 0.006 0.007 0.007 0.007 0.007 0.007 0.007 0.008 0.010 0.016 0.027 0.043 0.064 0.093 0.131 0.178 0.238 0.310 0.396 0.497 0.611 0.737 0.871 1.013 1.160 1.311 1.463 1.614 1.764 1.911 2.057 2.198 2.336 2.469 2.598 2.721 2.838 2.948 3.052 3.148 3.236 3.317 3.389 3.454 3.512 3.564 3.609 3.650 3.686 3.718 3.748 3.775 3.800 3.824 3.846 3.867 3.887 3.906 3.923 3.938 3.952 3.964 3.973 3.980 3.984
0.006 0.006 0.007 0.007 0.007 0.008 0.008 0.008 0.008 0.008 0.008 0.009 0.011 0.016 0.022 0.030 0.039 0.052 0.068 0.089 0.114 0.144 0.177 0.213 0.251 0.292 0.333 0.375 0.416 0.455 0.493 0.528 0.561 0.592 0.622 0.652 0.682 0.712 0.744 0.778 0.814 0.852 0.894 0.939 0.987 1.039 1.094 1.152 1.214 1.278 1.344 1.411 1.479 1.548 1.615 1.681 1.745 1.805 1.861 1.913 1.960 2.002 2.039 2.070 2.096 2.117 2.134 2.147 2.155 2.161 2.163 2.163 2.160 2.155 2.149 2.141 2.133
0.010 0.017 0.025 0.034 0.043 0.053 0.064 0.077 0.092 0.110 0.130 0.155 0.183 0.216 0.254 0.297 0.344 0.395 0.450 0.508 0.569 0.633 0.700 0.770 0.842 0.917 0.994 1.074 1.155 1.238 1.323 1.409 1.497 1.587 1.677 1.769 1.861 1.954 2.048 2.141 2.234 2.327 2.419 2.510 2.599 2.688 2.775 2.860 2.943 3.023 3.102 3.179 3.253 3.324 3.393 3.460 3.524 3.585 3.644 3.700 3.754 3.805 3.854 3.900 3.944 3.985 4.024 4.061 4.095 4.127 4.157 4.185 4.211 4.235 4.257 4.277 4.296
0.006 0.006 0.007 0.007 0.007 0.008 0.008 0.008 0.008 0.008 0.008 0.009 0.011 0.016 0.022 0.030 0.039 0.052 0.068 0.089 0.114 0.144 0.177 0.213 0.251 0.292 0.333 0.375 0.416 0.455 0.493 0.528 0.561 0.592 0.622 0.652 0.682 0.713 0.744 0.778 0.814 0.852 0.894 0.939 0.987 1.039 1.094 1.152 1.214 1.278 1.344 1.411 1.480 1.548 1.616 1.682 1.745 1.805 1.862 1.913 1.960 2.002 2.039 2.070 2.097 2.118 2.135 2.147 2.156 2.161 2.163 2.163 2.160 2.156 2.149 2.142 2.133
0.005 0.005 0.005 0.006 0.006 0.006 0.006 0.006 0.006 0.006 0.006 0.006 0.006 0.007 0.007 0.007 0.007 0.007 0.007 0.008 0.010 0.016 0.027 0.043 0.064 0.093 0.131 0.178 0.238 0.310 0.396 0.497 0.611 0.737 0.871 1.013 1.160 1.311 1.463 1.614 1.764 1.912 2.057 2.199 2.336 2.470 2.598 2.721 2.838 2.949 3.052 3.148 3.237 3.317 3.390 3.455 3.513 3.564 3.610 3.650 3.686 3.719 3.748 3.776 3.801 3.824 3.847 3.868 3.887 3.906 3.923 3.938 3.952 3.964 3.973 3.980 3.984
0.004 0.004 0.004 0.004 0.004 0.004 0.005 0.005 0.005 0.005 0.005 0.005 0.005 0.005 0.005 0.005 0.005 0.005 0.005 0.006 0.006 0.006 0.006 0.006 0.006 0.006 0.007 0.007 0.007 0.008 0.009 0.012 0.018 0.026 0.039 0.056 0.081 0.112 0.152 0.201 0.257 0.318 0.381 0.445 0.506 0.564 0.616 0.662 0.702 0.736 0.765 0.790 0.813 0.833 0.853 0.873 0.894 0.917 0.943 0.970 1.000 1.032 1.066 1.102 1.138 1.175 1.213 1.249 1.285 1.319 1.352 1.383 1.412 1.439 1.464 1.486 1.507
0.003 0.003 0.003 0.003 0.003 0.003 0.003 0.003 0.003 0.003 0.003 0.003 0.003 0.003 0.003 0.004 0.004 0.004 0.004 0.004 0.004 0.004 0.004 0.004 0.004 0.004 0.004 0.004 0.005 0.005 0.005 0.005 0.005 0.005 0.005 0.006 0.006 0.006 0.006 0.007 0.009 0.018 0.034 0.058 0.093 0.139 0.195 0.261 0.338 0.423 0.517 0.616 0.720 0.828 0.937 1.046 1.155 1.261 1.364 1.464 1.559 1.650 1.736 1.817 1.893 1.964 2.030 2.092 2.149 2.202 2.252 2.297 2.339 2.379 2.415 2.449 2.480
0.001 0.002 0.002 0.002 0.002 0.002 0.002 0.002 0.002 0.002 0.002 0.002 0.002 0.002 0.002 0.002 0.002 0.002 0.002 0.002 0.002 0.002 0.002 0.002 0.002 0.002 0.002 0.003 0.003 0.003 0.003 0.003 0.003 0.003 0.003 0.003 0.003 0.003 0.003 0.004 0.004 0.004 0.004 0.004 0.005 0.006 0.008 0.011 0.019 0.031 0.048 0.071 0.099 0.134 0.176 0.224 0.278 0.336 0.400 0.466 0.536 0.607 0.679 0.751 0.822 0.892 0.960 1.025 1.087 1.145 1.200 1.250 1.297 1.339 1.377 1.411 1.441
0.001 0.001 0.001 0.001 0.001 0.001 0.001 0.001 0.001 0.001 0.001 0.001 0.001 0.001 0.001 0.001 0.001 0.001 0.001 0.001 0.001 0.001 0.001 0.001 0.001 0.001 0.001 0.001 0.001 0.001 0.001 0.001 0.001 0.001 0.001 0.001 0.001 0.001 0.001 0.001 0.001 0.001 0.001 0.001 0.001 0.002 0.002 0.002 0.002 0.002 0.004 0.005 0.007 0.009 0.012 0.016 0.023 0.032 0.043 0.058 0.076 0.097 0.122 0.151 0.183 0.219 0.259 0.303 0.349 0.398 0.449 0.502 0.556 0.610 0.664 0.718 0.771
0.001 0.003 0.002 0.000 0.000 0.000 0.000 0.000 0.000 0.000 0.000 0.000 0.000 0.000 0.000 0.000 0.000 0.000 0.000 0.000 0.000 0.000 0.000 0.000 0.000 0.000 0.000 0.000 0.000 0.000 0.000 0.000 0.000 0.000 0.000 0.000 0.000 0.000 0.000 0.000 0.000 0.000 0.000 0.000 0.000 0.000 0.000 0.000 0.000 0.000 0.000 0.000 0.000 0.000 0.000 0.001 0.002 0.003 0.005 0.006 0.008 0.010 0.012 0.016 0.021 0.028 0.036 0.047 0.059 0.073 0.090 0.109 0.130 0.154 0.180 0.208 0.238
0.000 0.000 0.000 0.000 0.000 0.000 0.000 0.000 0.000 0.000 0.000 0.000 0.000 0.000 0.000 0.000 0.000 0.000 0.000 0.000 0.000 0.000 0.000 0.000 0.000 0.000 0.000 0.000 0.000 0.000 0.000 0.000 0.000 0.000 0.000 0.000 0.000 0.000 0.000 0.000 0.000 0.000 0.000 0.000 0.000 0.000 0.000 0.000 0.000 0.000 0.000 0.000 0.000 0.000 0.000 0.000 0.000 0.000 0.000 0.000 0.001 0.001 0.001 0.002 0.003 0.004 0.006 0.007 0.009 0.010 0.012 0.015 0.018 0.023 0.028 0.034 0.042
0.000 0.000 0.000 0.000 0.000 0.000 0.000 0.000 0.000 0.000 0.000 0.000 0.000 0.000 0.000 0.000 0.000 0.000 0.000 0.000 0.000 0.000 0.000 0.000 0.000 0.000 0.000 0.000 0.000 0.000 0.000 0.000 0.000 0.000 0.000 0.000 0.000 0.000 0.000 0.000 0.000 0.000 0.000 0.000 0.000 0.000 0.000 0.000 0.000 0.000 0.000 0.000 0.000 0.000 0.000 0.000 0.000 0.000 0.000 0.000 0.000 0.000 0.001 0.001 0.001 0.001 0.001 0.001 0.001 0.001 0.002 0.002 0.003 0.003 0.004 0.005 0.006
0.000 0.000 0.000 0.000 0.000 0.000 0.000 0.000 0.000 0.000 0.000 0.000 0.000 0.000 0.000 0.000 0.000 0.000 0.000 0.000 0.000 0.000 0.000 0.000 0.000 0.000 0.000 0.000 0.000 0.000 0.000 0.000 0.000 0.000 0.000 0.000 0.000 0.000 0.000 0.000 0.000 0.000 0.000 0.000 0.000 0.000 0.000 0.000 0.000 0.000 0.000 0.000 0.000 0.000 0.000 0.000 0.000 0.000 0.000 0.000 0.000 0.000 0.000 0.000 0.000 0.000 0.000 0.000 0.000 0.000 0.000 0.001 0.001 0.001 0.001 0.001 0.001
0.000 0.000 0.000 0.000 0.000 0.000 0.000 0.000 0.000 0.000 0.000 0.000 0.000 0.000 0.000 0.000 0.000 0.000 0.000 0.000 0.000 0.000 0.000 0.000 0.000 0.000 0.000 0.000 0.000 0.000 0.000 0.000 0.000 0.000 0.000 0.000 0.000 0.000 0.000 0.000 0.000 0.000 0.000 0.000 0.000 0.000 0.000 0.000 0.000 0.000 0.000 0.000 0.000 0.000 0.000 0.000 0.000 0.000 0.000 0.000 0.000 0.000 0.000 0.000 0.000 0.000 0.000 0.000 0.000 0.000 0.000 0.000 0.000 0.000 0.000 0.000 0.000
