Examples/2023_ISeeSnow/data/CoulombOnly/Results/curv77s/h/1HS_03_curv77s_MoT-Voellmy_h_0051.asc
ncols        174
nrows        41
xllcorner    3042.5
yllcorner    -4352.5
cellsize     5.00
NODATA_value -9999
[rows 0 to 33 of 41, columns 0 to 76 of 174]
0.000 0.000 0.000 0.000 0.000 0.000 0.000 0.000 0.000 0.000 0.000 0.000 0.000 0.000 0.000 0.000 0.000 0.000 0.000 0.000 0.000 0.000 0.000 0.000 0.000 0.000 0.000 0.000 0.000 0.000 0.000 0.000 0.000 0.000 0.000 0.000 0.000 0.000 0.000 0.000 0.000 0.000 0.000 0.000 0.000 0.000 0.000 0.000 0.000 0.000 0.000 0.000 0.000 0.000 0.000 0.000 0.000 0.000 0.000 0.000 0.000 0.000 0.000 0.000 0.000 0.000 0.000 0.000 0.000 0.000 0.000 0.000 0.000 0.000 0.000 0.000 0.000
0.000 0.000 0.000 0.000 0.000 0.000 0.000 0.000 0.000 0.000 0.000 0.000 0.000 0.000 0.000 0.000 0.000 0.000 0.000 0.000 0.000 0.000 0.000 0.000 0.000 0.000 0.000 0.000 0.000 0.000 0.000 0.000 0.000 0.000 0.000 0.000 0.000 0.000 0.000 0.000 0.000 0.000 0.000 0.000 0.000 0.000 0.000 0.000 0.000 0.000 0.000 0.000 0.000 0.000 0.000 0.000 0.000 0.000 0.000 0.000 0.000 0.000 0.000 0.000 0.000 0.000 0.000 0.000 0.000 0.000 0.000 0.000 0.001 0.001 0.001 0.001 0.002
0.000 0.000 0.000 0.000 0.000 0.000 0.000 0.000 0.000 0.000 0.000 0.000 0.000 0.000 0.000 0.000 0.000 0.000 0.000 0.000 0.000 0.000 0.000 0.000 0.000 0.000 0.000 0.000 0.000 0.000 0.000 0.000 0.000 0.000 0.000 0.000 0.000 0.000 0.000 0.000 0.000 0.000 0.000 0.000 0.000 0.000 0.000 0.000 0.000 0.000 0.000 0.000 0.000 0.000 0.000 0.000 0.000 0.000 0.000 0.000 0.000 0.000 0.000 0.000 0.001 0.001 0.001 0.001 0.002 0.002 0.002 0.002 0.003 0.003 0.003 0.004 0.004
0.000 0.000 0.000 0.000 0.000 0.000 0.000 0.000 0.000 0.000 0.000 0.000 0.000 0.000 0.000 0.000 0.000 0.000 0.000 0.000 0.000 0.000 0.000 0.000 0.000 0.000 0.000 0.000 0.000 0.000 0.000 0.000 0.000 0.000 0.000 0.000 0.000 0.000 0.000 0.000 0.000 0.000 0.000 0.000 0.000 0.000 0.000 0.000 0.000 0.000 0.000 0.000 0.000 0.000 0.000 0.000 0.001 0.001 0.001 0.001 0.001 0.001 0.002 0.002 0.002 0.002 0.002 0.003 0.003 0.003 0.004 0.005 0.005 0.007 0.008 0.009 0.011
0.000 0.000 0.000 0.000 0.000 0.000 0.000 0.000 0.000 0.000 0.000 0.000 0.000 0.000 0.000 0.000 0.000 0.000 0.000 0.000 0.000 0.000 0.000 0.000 0.000 0.000 0.000 0.000 0.000 0.000 0.000 0.000 0.000 0.000 0.000 0.000 0.000 0.000 0.000 0.000 0.000 0.000 0.000 0.000 0.000 0.000 0.000 0.001 0.001 0.001 0.001 0.001 0.001 0.001 0.001 0.001 0.001 0.001 0.001 0.002 0.002 0.002 0.003 0.003 0.003 0.004 0.005 0.006 0.008 0.009 0.010 0.012 0.015 0.018 0.022 0.027 0.032
0.000 0.000 0.000 0.000 0.000 0.000 0.000 0.000 0.000 0.000 0.000 0.000 0.000 0.000 0.000 0.000 0.000 0.000 0.000 0.000 0.000 0.000 0.000 0.000 0.000 0.000 0.000 0.000 0.000 0.000 0.000 0.000 0.000 0.000 0.000 0.000 0.000 0.000 0.000 0.001 0.001 0.001 0.001 0.001 0.001 0.001 0.001 0.001 0.001 0.001 0.001 0.001 0.001 0.001 0.002 0.002 0.002 0.003 0.003 0.004 0.005 0.006 0.007 0.008 0.009 0.010 0.013 0.016 0.019 0.024 0.030 0.037 0.044 0.053 0.063 0.074 0.086
0.000 0.000 0.000 0.000 0.000 0.000 0.000 0.000 0.000 0.000 0.000 0.000 0.000 0.000 0.000 0.000 0.000 0.000 0.000 0.000 0.000 0.000 0.000 0.000 0.000 0.000 0.000 0.000 0.000 0.000 0.001 0.001 0.001 0.001 0.001 0.001 0.001 0.001 0.001 0.001 0.001 0.001 0.001 0.001 0.001 0.001 0.001 0.001 0.001 0.002 0.002 0.002 0.003 0.004 0.004 0.005 0.006 0.007 0.008 0.009 0.010 0.011 0.014 0.018 0.023 0.030 0.037 0.046 0.057 0.068 0.082 0.097 0.114 0.132 0.151 0.172 0.194
0.000 0.000 0.000 0.000 0.000 0.000 0.000 0.000 0.000 0.000 0.000 0.000 0.000 0.000 0.000 0.000 0.000 0.000 0.000 0.000 0.000 0.000 0.000 0.000 0.000 0.000 0.000 0.000 0.000 0.000 0.000 0.000 0.001 0.001 0.001 0.001 0.001 0.001 0.001 0.001 0.001 0.001 0.002 0.002 0.002 0.003 0.003 0.004 0.004 0.005 0.005 0.006 0.007 0.007 0.008 0.009 0.010 0.011 0.015 0.020 0.026 0.033 0.042 0.053 0.066 0.081 0.098 0.117 0.138 0.161 0.186 0.212 0.240 0.269 0.298 0.329 0.359
0.000 0.000 0.000 0.000 0.000 0.000 0.000 0.000 0.000 0.000 0.000 0.000 0.000 0.000 0.000 0.000 0.000 0.000 0.000 0.000 0.000 0.000 0.000 0.000 0.000 0.001 0.001 0.001 0.001 0.001 0.001 0.001 0.001 0.002 0.002 0.002 0.002 0.003 0.003 0.004 0.004 0.004 0.005 0.005 0.005 0.006 0.006 0.006 0.007 0.007 0.008 0.009 0.009 0.011 0.014 0.019 0.026 0.034 0.044 0.057 0.072 0.090 0.110 0.132 0.157 0.184 0.214 0.245 0.278 0.312 0.347 0.383 0.419 0.455 0.490 0.526 0.560
0.000 0.000 0.000 0.000 0.000 0.000 0.000 0.000 0.000 0.000 0.000 0.000 0.000 0.000 0.000 0.000 0.000 0.000 0.001 0.001 0.001 0.001 0.001 0.001 0.002 0.002 0.002 0.003 0.003 0.003 0.003 0.004 0.004 0.004 0.004 0.005 0.005 0.005 0.005 0.006 0.006 0.006 0.006 0.007 0.007 0.007 0.008 0.008 0.009 0.011 0.014 0.019 0.025 0.034 0.044 0.057 0.073 0.092 0.114 0.139 0.167 0.198 0.231 0.266 0.303 0.342 0.381 0.421 0.462 0.503 0.543 0.582 0.621 0.658 0.695 0.729 0.762
0.000 0.000 0.000 0.000 0.000 0.000 0.000 0.000 0.001 0.001 0.001 0.001 0.001 0.001 0.002 0.002 0.002 0.002 0.002 0.003 0.003 0.003 0.003 0.004 0.004 0.004 0.004 0.004 0.005 0.005 0.005 0.005 0.005 0.006 0.006 0.006 0.006 0.006 0.006 0.007 0.007 0.007 0.008 0.008 0.009 0.010 0.013 0.018 0.024 0.032 0.043 0.056 0.072 0.090 0.112 0.138 0.167 0.199 0.235 0.274 0.315 0.357 0.400 0.443 0.488 0.532 0.575 0.619 0.661 0.701 0.741 0.779 0.815 0.849 0.881 0.912 0.940
0.001 0.001 0.001 0.001 0.001 0.002 0.002 0.002 0.002 0.002 0.002 0.003 0.003 0.003 0.003 0.003 0.003 0.004 0.004 0.004 0.004 0.004 0.005 0.005 0.005 0.005 0.005 0.005 0.006 0.006 0.006 0.006 0.006 0.006 0.007 0.007 0.007 0.007 0.008 0.008 0.009 0.010 0.012 0.017 0.023 0.031 0.041 0.054 0.069 0.087 0.109 0.134 0.163 0.194 0.230 0.268 0.309 0.353 0.399 0.447 0.495 0.542 0.588 0.634 0.679 0.723 0.765 0.805 0.844 0.881 0.916 0.949 0.980 1.009 1.036 1.061 1.084
0.002 0.002 0.002 0.002 0.003 0.003 0.003 0.003 0.003 0.003 0.003 0.004 0.004 0.004 0.004 0.004 0.004 0.005 0.005 0.005 0.005 0.005 0.005 0.006 0.006 0.006 0.006 0.006 0.006 0.006 0.007 0.007 0.007 0.007 0.008 0.008 0.009 0.009 0.011 0.015 0.021 0.029 0.039 0.051 0.066 0.084 0.104 0.128 0.156 0.186 0.220 0.257 0.297 0.339 0.384 0.431 0.479 0.528 0.578 0.629 0.678 0.723 0.768 0.811 0.852 0.892 0.929 0.965 0.999 1.030 1.060 1.088 1.113 1.137 1.158 1.177 1.195
0.002 0.003 0.003 0.003 0.003 0.004 0.004 0.004 0.004 0.004 0.004 0.004 0.005 0.005 0.005 0.005 0.005 0.005 0.005 0.006 0.006 0.006 0.006 0.006 0.006 0.006 0.007 0.007 0.007 0.007 0.007 0.008 0.008 0.009 0.010 0.014 0.020 0.027 0.037 0.048 0.062 0.079 0.099 0.121 0.147 0.176 0.207 0.242 0.279 0.319 0.362 0.406 0.452 0.499 0.548 0.597 0.646 0.696 0.745 0.794 0.840 0.881 0.921 0.960 0.996 1.031 1.063 1.093 1.122 1.148 1.171 1.193 1.212 1.230 1.245 1.258 1.269
0.003 0.004 0.004 0.004 0.004 0.004 0.004 0.005 0.005 0.005 0.005 0.005 0.005 0.005 0.005 0.005 0.006 0.006 0.006 0.006 0.006 0.006 0.006 0.007 0.007 0.007 0.007 0.008 0.008 0.009 0.009 0.012 0.018 0.025 0.034 0.045 0.058 0.074 0.092 0.113 0.137 0.163 0.193 0.225 0.259 0.296 0.335 0.376 0.419 0.463 0.509 0.555 0.602 0.650 0.698 0.746 0.793 0.841 0.887 0.933 0.975 1.012 1.047 1.079 1.107 1.133 1.156 1.176 1.194 1.209 1.221 1.231 1.238 1.244 1.248 1.249 1.249
0.003 0.004 0.004 0.005 0.005 0.005 0.005 0.005 0.005 0.005 0.005 0.005 0.005 0.006 0.006 0.006 0.006 0.006 0.006 0.006 0.007 0.007 0.007 0.007 0.008 0.008 0.009 0.011 0.016 0.022 0.030 0.041 0.053 0.067 0.084 0.104 0.125 0.150 0.176 0.205 0.237 0.271 0.306 0.344 0.382 0.422 0.464 0.505 0.547 0.588 0.629 0.669 0.707 0.742 0.775 0.804 0.830 0.851 0.868 0.879 0.883 0.881 0.876 0.867 0.855 0.841 0.825 0.806 0.786 0.765 0.742 0.718 0.694 0.669 0.644 0.618 0.593
0.003 0.004 0.005 0.005 0.005 0.005 0.005 0.005 0.006 0.006 0.006 0.006 0.006 0.006 0.006 0.006 0.007 0.007 0.007 0.007 0.008 0.008 0.009 0.011 0.015 0.022 0.029 0.039 0.050 0.064 0.078 0.095 0.113 0.134 0.155 0.178 0.203 0.229 0.256 0.284 0.314 0.345 0.378 0.413 0.451 0.491 0.535 0.582 0.633 0.688 0.747 0.810 0.877 0.948 1.023 1.101 1.182 1.266 1.352 1.441 1.527 1.606 1.685 1.763 1.839 1.914 1.988 2.060 2.131 2.202 2.271 2.340 2.407 2.474 2.540 2.605 2.670
0.003 0.005 0.005 0.006 0.006 0.006 0.006 0.006 0.006 0.006 0.006 0.007 0.007 0.007 0.007 0.008 0.008 0.009 0.010 0.014 0.019 0.026 0.034 0.043 0.052 0.062 0.072 0.083 0.092 0.102 0.110 0.117 0.122 0.126 0.127 0.128 0.128 0.126 0.124 0.122 0.119 0.116 0.114 0.114 0.115 0.119 0.124 0.132 0.140 0.149 0.159 0.168 0.177 0.184 0.190 0.193 0.193 0.191 0.185 0.176 0.164 0.151 0.136 0.122 0.108 0.096 0.085 0.075 0.067 0.061 0.057 0.055 0.055 0.056 0.059 0.063 0.069
0.004 0.006 0.006 0.007 0.007 0.007 0.007 0.007 0.007 0.008 0.008 0.008 0.010 0.014 0.021 0.029 0.038 0.050 0.063 0.078 0.096 0.116 0.139 0.165 0.194 0.227 0.264 0.306 0.353 0.406 0.464 0.528 0.599 0.676 0.759 0.848 0.941 1.038 1.140 1.245 1.353 1.463 1.573 1.683 1.791 1.895 1.997 2.096 2.193 2.288 2.382 2.476 2.570 2.665 2.763 2.864 2.970 3.081 3.198 3.319 3.434 3.540 3.653 3.767 3.880 3.992 4.102 4.211 4.318 4.422 4.525 4.625 4.723 4.817 4.907 4.993 5.074
0.003 0.005 0.005 0.005 0.006 0.006 0.006 0.006 0.006 0.006 0.006 0.006 0.006 0.006 0.007 0.007 0.007 0.007 0.008 0.009 0.013 0.016 0.018 0.020 0.022 0.023 0.024 0.025 0.026 0.026 0.027 0.028 0.029 0.031 0.033 0.035 0.038 0.042 0.046 0.050 0.054 0.058 0.062 0.066 0.070 0.074 0.078 0.082 0.085 0.088 0.090 0.090 0.090 0.089 0.086 0.083 0.080 0.076 0.072 0.067 0.063 0.058 0.055 0.052 0.050 0.050 0.050 0.051 0.053 0.054 0.055 0.055 0.055 0.054 0.053 0.051 0.049
0.005 0.011 0.019 0.029 0.039 0.049 0.060 0.071 0.084 0.097 0.112 0.128 0.146 0.166 0.188 0.212 0.240 0.271 0.305 0.342 0.383 0.427 0.474 0.525 0.580 0.638 0.700 0.766 0.836 0.909 0.986 1.066 1.150 1.237 1.327 1.420 1.516 1.615 1.717 1.821 1.928 2.037 2.147 2.260 2.375 2.491 2.609 2.728 2.848 2.969 3.091 3.214 3.338 3.463 3.588 3.713 3.839 3.966 4.092 4.215 4.322 4.413 4.511 4.606 4.699 4.790 4.878 4.964 5.047 5.128 5.207 5.283 5.356 5.427 5.496 5.562 5.625
0.003 0.005 0.005 0.005 0.006 0.006 0.006 0.006 0.006 0.006 0.006 0.006 0.006 0.006 0.007 0.007 0.007 0.007 0.008 0.009 0.013 0.016 0.018 0.020 0.022 0.023 0.024 0.025 0.026 0.026 0.027 0.028 0.029 0.031 0.033 0.035 0.038 0.042 0.046 0.050 0.054 0.058 0.062 0.066 0.070 0.074 0.078 0.082 0.086 0.088 0.090 0.090 0.090 0.089 0.086 0.083 0.080 0.076 0.072 0.067 0.063 0.058 0.055 0.052 0.050 0.050 0.050 0.051 0.052 0.054 0.054 0.055 0.055 0.054 0.053 0.051 0.050
0.004 0.006 0.006 0.007 0.007 0.007 0.007 0.007 0.007 0.008 0.008 0.008 0.010 0.014 0.021 0.029 0.038 0.050 0.063 0.078 0.096 0.116 0.139 0.165 0.194 0.227 0.264 0.306 0.353 0.406 0.464 0.528 0.599 0.676 0.760 0.848 0.941 1.038 1.140 1.245 1.353 1.463 1.574 1.683 1.791 1.895 1.997 2.097 2.193 2.289 2.383 2.476 2.570 2.665 2.763 2.865 2.970 3.082 3.199 3.320 3.434 3.541 3.654 3.767 3.881 3.993 4.103 4.212 4.319 4.424 4.527 4.627 4.724 4.818 4.909 4.995 5.076
0.003 0.005 0.005 0.006 0.006 0.006 0.006 0.006 0.006 0.006 0.006 0.007 0.007 0.007 0.007 0.008 0.008 0.009 0.010 0.014 0.019 0.026 0.034 0.043 0.052 0.062 0.072 0.083 0.092 0.102 0.110 0.117 0.122 0.126 0.128 0.128 0.128 0.126 0.124 0.122 0.119 0.116 0.114 0.114 0.115 0.119 0.124 0.131 0.140 0.149 0.159 0.168 0.177 0.184 0.190 0.193 0.193 0.191 0.185 0.176 0.164 0.151 0.136 0.122 0.108 0.096 0.085 0.075 0.067 0.062 0.057 0.055 0.055 0.056 0.059 0.063 0.069
0.003 0.004 0.005 0.005 0.005 0.005 0.005 0.005 0.006 0.006 0.006 0.006 0.006 0.006 0.006 0.006 0.007 0.007 0.007 0.007 0.008 0.008 0.009 0.011 0.015 0.022 0.029 0.039 0.050 0.064 0.078 0.095 0.113 0.134 0.155 0.178 0.203 0.229 0.256 0.284 0.314 0.345 0.378 0.413 0.451 0.491 0.535 0.582 0.633 0.688 0.747 0.810 0.877 0.948 1.023 1.101 1.182 1.266 1.353 1.441 1.527 1.607 1.686 1.763 1.840 1.914 1.988 2.061 2.132 2.203 2.272 2.341 2.408 2.475 2.541 2.607 2.672
0.003 0.004 0.004 0.005 0.005 0.005 0.005 0.005 0.005 0.005 0.005 0.005 0.005 0.006 0.006 0.006 0.006 0.006 0.006 0.006 0.007 0.007 0.007 0.007 0.008 0.008 0.009 0.011 0.016 0.022 0.030 0.041 0.053 0.067 0.084 0.104 0.125 0.150 0.176 0.205 0.237 0.271 0.306 0.344 0.382 0.423 0.464 0.505 0.547 0.588 0.629 0.669 0.707 0.742 0.775 0.804 0.830 0.851 0.868 0.879 0.883 0.881 0.875 0.867 0.855 0.841 0.825 0.806 0.786 0.764 0.741 0.718 0.693 0.668 0.643 0.617 0.592
0.003 0.004 0.004 0.004 0.004 0.004 0.004 0.005 0.005 0.005 0.005 0.005 0.005 0.005 0.005 0.005 0.006 0.006 0.006 0.006 0.006 0.006 0.006 0.007 0.007 0.007 0.007 0.008 0.008 0.009 0.009 0.012 0.018 0.025 0.034 0.045 0.058 0.073 0.092 0.113 0.137 0.163 0.193 0.225 0.259 0.296 0.335 0.376 0.419 0.463 0.509 0.555 0.602 0.650 0.698 0.746 0.793 0.841 0.887 0.933 0.975 1.012 1.047 1.079 1.107 1.133 1.156 1.176 1.194 1.209 1.221 1.231 1.238 1.244 1.247 1.249 1.249
0.002 0.003 0.003 0.003 0.003 0.004 0.004 0.004 0.004 0.004 0.004 0.004 0.005 0.005 0.005 0.005 0.005 0.005 0.005 0.006 0.006 0.006 0.006 0.006 0.006 0.006 0.007 0.007 0.007 0.007 0.007 0.008 0.008 0.009 0.010 0.014 0.020 0.027 0.037 0.048 0.062 0.079 0.099 0.121 0.147 0.176 0.207 0.242 0.279 0.319 0.362 0.406 0.452 0.499 0.548 0.597 0.647 0.696 0.745 0.794 0.840 0.881 0.921 0.960 0.996 1.031 1.063 1.093 1.122 1.148 1.171 1.193 1.212 1.230 1.245 1.258 1.269
0.002 0.002 0.002 0.002 0.003 0.003 0.003 0.003 0.003 0.003 0.003 0.004 0.004 0.004 0.004 0.004 0.004 0.005 0.005 0.005 0.005 0.005 0.005 0.006 0.006 0.006 0.006 0.006 0.006 0.006 0.007 0.007 0.007 0.007 0.008 0.008 0.009 0.009 0.011 0.015 0.021 0.029 0.039 0.051 0.066 0.084 0.104 0.128 0.156 0.186 0.220 0.257 0.297 0.339 0.384 0.431 0.479 0.528 0.578 0.629 0.678 0.723 0.768 0.811 0.852 0.892 0.929 0.965 0.999 1.030 1.060 1.088 1.113 1.137 1.158 1.177 1.195
0.001 0.001 0.001 0.001 0.001 0.002 0.002 0.002 0.002 0.002 0.002 0.003 0.003 0.003 0.003 0.003 0.003 0.004 0.004 0.004 0.004 0.004 0.005 0.005 0.005 0.005 0.005 0.005 0.006 0.006 0.006 0.006 0.006 0.006 0.007 0.007 0.007 0.007 0.008 0.008 0.009 0.010 0.012 0.017 0.023 0.031 0.041 0.054 0.069 0.087 0.109 0.134 0.163 0.194 0.230 0.268 0.309 0.353 0.399 0.447 0.495 0.542 0.588 0.634 0.679 0.723 0.765 0.805 0.844 0.881 0.916 0.949 0.980 1.009 1.036 1.061 1.084
0.000 0.000 0.000 0.000 0.000 0.000 0.000 0.000 0.001 0.001 0.001 0.001 0.001 0.001 0.001 0.002 0.002 0.002 0.002 0.003 0.003 0.003 0.003 0.004 0.004 0.004 0.004 0.004 0.005 0.005 0.005 0.005 0.005 0.006 0.006 0.006 0.006 0.006 0.006 0.007 0.007 0.007 0.008 0.008 0.009 0.010 0.013 0.018 0.024 0.032 0.043 0.056 0.071 0.090 0.112 0.138 0.167 0.199 0.235 0.274 0.315 0.357 0.400 0.443 0.488 0.532 0.575 0.619 0.661 0.701 0.741 0.779 0.815 0.849 0.881 0.911 0.940
0.000 0.000 0.000 0.000 0.000 0.000 0.000 0.000 0.000 0.000 0.000 0.000 0.000 0.000 0.000 0.000 0.000 0.000 0.001 0.001 0.001 0.001 0.001 0.001 0.002 0.002 0.002 0.002 0.003 0.003 0.003 0.004 0.004 0.004 0.004 0.005 0.005 0.005 0.005 0.006 0.006 0.006 0.006 0.007 0.007 0.007 0.008 0.008 0.009 0.011 0.014 0.019 0.025 0.033 0.044 0.057 0.073 0.092 0.114 0.139 0.167 0.198 0.231 0.266 0.303 0.342 0.381 0.421 0.462 0.503 0.543 0.582 0.621 0.658 0.694 0.729 0.762
0.000 0.000 0.000 0.000 0.000 0.000 0.000 0.000 0.000 0.000 0.000 0.000 0.000 0.000 0.000 0.000 0.000 0.000 0.000 0.000 0.000 0.000 0.000 0.000 0.000 0.001 0.001 0.001 0.001 0.001 0.001 0.001 0.001 0.002 0.002 0.002 0.002 0.003 0.003 0.004 0.004 0.004 0.005 0.005 0.005 0.006 0.006 0.006 0.007 0.007 0.008 0.009 0.009 0.011 0.014 0.019 0.026 0.034 0.044 0.057 0.072 0.090 0.110 0.132 0.157 0.184 0.214 0.245 0.278 0.312 0.347 0.383 0.419 0.455 0.490 0.526 0.560
0.000 0.000 0.000 0.000 0.000 0.000 0.000 0.000 0.000 0.000 0.000 0.000 0.000 0.000 0.000 0.000 0.000 0.000 0.000 0.000 0.000 0.000 0.000 0.000 0.000 0.000 0.000 0.000 0.000 0.000 0.000 0.000 0.001 0.001 0.001 0.001 0.001 0.001 0.001 0.001 0.001 0.001 0.002 0.002 0.002 0.003 0.003 0.004 0.004 0.005 0.005 0.006 0.007 0.007 0.008 0.009 0.010 0.011 0.015 0.020 0.026 0.033 0.042 0.053 0.066 0.081 0.098 0.117 0.138 0.161 0.186 0.212 0.240 0.269 0.298 0.328 0.359
