Examples/2023_ISeeSnow/data/CoulombOnly/Results/curv77s/h/1HS_03_curv77s_MoT-Voellmy_h_0011.asc
ncols        87
nrows        39
xllcorner    1092.5
yllcorner    -4347.5
cellsize     5.00
NODATA_value -9999
0.001 0.001 0.001 0.001 0.001 0.002 0.002 0.003 0.003 0.004 0.004 0.005 0.006 0.006 0.007 0.008 0.008 0.009 0.009 0.009 0.005 0.000 0.000 0.000 0.000 0.000 0.000 0.000 0.000 0.000 0.000 0.000 0.000 0.000 0.000 0.000 0.000 0.000 0.000 0.000 0.000 0.000 0.000 0.000 0.000 0.000 0.000 0.000 0.000 0.000 0.000 0.000 0.000 0.000 0.000 0.000 0.000 0.000 0.000 0.000 0.000 0.000 0.000 0.000 0.000 0.000 0.000 0.000 0.000 0.000 0.000 0.000 0.000 0.000 0.000 0.000 0.000 0.000 0.000 0.000 0.000 0.000 0.000 0.000 0.000 0.000 0.000
0.002 0.003 0.003 0.004 0.005 0.005 0.006 0.007 0.008 0.011 0.018 0.029 0.041 0.054 0.067 0.079 0.089 0.097 0.102 0.103 0.102 0.098 0.093 0.085 0.076 0.066 0.056 0.046 0.037 0.030 0.023 0.018 0.014 0.011 0.009 0.004 0.000 0.000 0.000 0.000 0.000 0.000 0.000 0.000 0.000 0.000 0.000 0.000 0.000 0.000 0.000 0.000 0.000 0.000 0.000 0.000 0.000 0.000 0.000 0.000 0.000 0.000 0.000 0.000 0.000 0.000 0.000 0.000 0.000 0.000 0.000 0.000 0.000 0.000 0.000 0.000 0.000 0.000 0.000 0.000 0.000 0.000 0.000 0.000 0.000 0.000 0.000
0.003 0.004 0.005 0.006 0.007 0.008 0.012 0.022 0.037 0.057 0.081 0.109 0.138 0.167 0.195 0.220 0.242 0.259 0.272 0.281 0.287 0.289 0.289 0.287 0.283 0.279 0.273 0.266 0.256 0.244 0.230 0.214 0.196 0.178 0.158 0.137 0.117 0.099 0.082 0.067 0.054 0.042 0.033 0.025 0.019 0.014 0.010 0.009 0.009 0.007 0.001 0.000 0.000 0.000 0.000 0.000 0.000 0.000 0.000 0.000 0.000 0.000 0.000 0.000 0.000 0.000 0.000 0.000 0.000 0.000 0.000 0.000 0.000 0.000 0.000 0.000 0.000 0.000 0.000 0.000 0.000 0.000 0.000 0.000 0.000 0.000 0.000
0.004 0.005 0.006 0.008 0.012 0.022 0.037 0.059 0.087 0.120 0.157 0.197 0.238 0.278 0.314 0.347 0.376 0.399 0.416 0.429 0.436 0.439 0.438 0.433 0.426 0.417 0.405 0.392 0.381 0.372 0.364 0.358 0.354 0.350 0.348 0.346 0.344 0.340 0.333 0.324 0.312 0.297 0.280 0.260 0.240 0.219 0.198 0.178 0.159 0.139 0.120 0.104 0.089 0.076 0.065 0.054 0.045 0.037 0.030 0.025 0.019 0.015 0.011 0.008 0.008 0.008 0.007 0.003 0.000 0.000 0.000 0.000 0.000 0.000 0.000 0.000 0.000 0.000 0.000 0.000 0.000 0.000 0.000 0.000 0.000 0.000 0.000
0.005 0.006 0.009 0.017 0.032 0.055 0.085 0.124 0.169 0.218 0.270 0.323 0.375 0.424 0.470 0.512 0.550 0.582 0.610 0.633 0.653 0.669 0.683 0.695 0.707 0.718 0.730 0.743 0.753 0.759 0.760 0.759 0.754 0.746 0.735 0.721 0.705 0.689 0.671 0.653 0.635 0.618 0.602 0.586 0.571 0.556 0.541 0.526 0.509 0.491 0.471 0.450 0.428 0.404 0.379 0.354 0.328 0.301 0.274 0.247 0.220 0.193 0.167 0.141 0.118 0.096 0.075 0.055 0.039 0.027 0.018 0.011 0.009 0.008 0.002 0.000 0.000 0.000 0.000 0.000 0.000 0.000 0.000 0.000 0.000 0.000 0.000
0.005 0.007 0.012 0.022 0.039 0.063 0.096 0.139 0.191 0.251 0.317 0.386 0.454 0.521 0.585 0.642 0.693 0.736 0.771 0.799 0.818 0.831 0.836 0.835 0.829 0.817 0.801 0.779 0.755 0.730 0.704 0.678 0.655 0.636 0.621 0.611 0.605 0.604 0.608 0.617 0.628 0.642 0.655 0.667 0.675 0.679 0.679 0.673 0.664 0.652 0.638 0.622 0.604 0.587 0.569 0.550 0.531 0.512 0.491 0.470 0.446 0.421 0.393 0.362 0.329 0.293 0.256 0.219 0.182 0.148 0.117 0.091 0.068 0.049 0.034 0.022 0.014 0.009 0.008 0.006 0.001 0.000 0.000 0.000 0.000 0.000 0.000
0.008 0.018 0.036 0.062 0.098 0.140 0.187 0.233 0.277 0.318 0.358 0.400 0.445 0.491 0.537 0.582 0.623 0.659 0.691 0.717 0.737 0.753 0.764 0.774 0.782 0.790 0.802 0.817 0.840 0.873 0.913 0.959 1.001 1.036 1.062 1.081 1.091 1.092 1.086 1.072 1.051 1.025 0.996 0.965 0.933 0.903 0.876 0.850 0.827 0.806 0.786 0.769 0.752 0.737 0.722 0.707 0.692 0.676 0.660 0.642 0.621 0.598 0.571 0.540 0.505 0.467 0.425 0.381 0.335 0.289 0.244 0.202 0.162 0.126 0.094 0.068 0.047 0.032 0.022 0.013 0.009 0.005 0.000 0.000 0.000 0.000 0.000
0.007 0.015 0.031 0.055 0.088 0.132 0.188 0.257 0.338 0.426 0.516 0.599 0.672 0.735 0.790 0.839 0.881 0.920 0.954 0.985 1.013 1.038 1.060 1.079 1.094 1.104 1.108 1.105 1.091 1.060 1.017 0.969 0.921 0.878 0.842 0.812 0.790 0.774 0.766 0.765 0.771 0.785 0.804 0.827 0.854 0.882 0.911 0.938 0.962 0.984 1.001 1.016 1.026 1.032 1.035 1.034 1.029 1.021 1.008 0.991 0.969 0.941 0.907 0.866 0.818 0.765 0.706 0.643 0.577 0.509 0.442 0.375 0.311 0.250 0.195 0.147 0.106 0.074 0.050 0.032 0.020 0.011 0.007 0.001 0.000 0.000 0.000
0.009 0.022 0.044 0.076 0.120 0.175 0.239 0.308 0.380 0.451 0.522 0.594 0.667 0.739 0.808 0.873 0.932 0.985 1.030 1.068 1.098 1.121 1.140 1.154 1.167 1.179 1.193 1.211 1.233 1.263 1.299 1.335 1.370 1.402 1.429 1.451 1.466 1.474 1.475 1.469 1.455 1.433 1.406 1.373 1.338 1.301 1.264 1.229 1.196 1.167 1.141 1.119 1.101 1.085 1.073 1.062 1.053 1.045 1.037 1.027 1.016 1.000 0.980 0.954 0.921 0.882 0.836 0.784 0.726 0.664 0.596 0.526 0.453 0.380 0.308 0.241 0.182 0.131 0.090 0.059 0.037 0.022 0.012 0.007 0.001 0.000 0.000
0.009 0.021 0.042 0.074 0.117 0.171 0.238 0.314 0.399 0.489 0.584 0.679 0.772 0.862 0.945 1.022 1.090 1.149 1.199 1.238 1.268 1.289 1.301 1.305 1.302 1.292 1.277 1.259 1.237 1.213 1.189 1.167 1.146 1.129 1.115 1.105 1.099 1.099 1.103 1.113 1.127 1.146 1.168 1.192 1.218 1.243 1.266 1.288 1.307 1.322 1.335 1.344 1.351 1.355 1.356 1.354 1.351 1.344 1.334 1.321 1.303 1.279 1.248 1.210 1.165 1.113 1.054 0.990 0.920 0.847 0.769 0.688 0.603 0.516 0.430 0.345 0.267 0.198 0.140 0.094 0.060 0.036 0.021 0.011 0.005 0.000 0.000
0.009 0.023 0.045 0.079 0.126 0.188 0.261 0.346 0.438 0.535 0.634 0.732 0.828 0.920 1.007 1.088 1.163 1.231 1.292 1.346 1.393 1.433 1.467 1.496 1.520 1.541 1.559 1.574 1.586 1.596 1.604 1.610 1.613 1.613 1.611 1.607 1.600 1.591 1.580 1.567 1.552 1.536 1.520 1.503 1.486 1.471 1.456 1.443 1.431 1.421 1.413 1.406 1.401 1.397 1.395 1.393 1.391 1.390 1.386 1.381 1.372 1.358 1.338 1.311 1.276 1.233 1.182 1.123 1.058 0.987 0.909 0.825 0.736 0.641 0.544 0.446 0.352 0.266 0.192 0.131 0.085 0.052 0.030 0.017 0.009 0.001 0.000
0.009 0.022 0.044 0.078 0.124 0.183 0.255 0.337 0.426 0.520 0.615 0.711 0.804 0.894 0.978 1.055 1.125 1.186 1.238 1.281 1.316 1.342 1.361 1.374 1.383 1.388 1.391 1.393 1.395 1.397 1.400 1.404 1.409 1.415 1.422 1.431 1.441 1.451 1.463 1.475 1.487 1.500 1.512 1.524 1.535 1.545 1.554 1.562 1.568 1.574 1.578 1.581 1.583 1.585 1.586 1.586 1.584 1.582 1.577 1.569 1.556 1.538 1.513 1.480 1.439 1.390 1.334 1.270 1.200 1.124 1.041 0.952 0.857 0.755 0.648 0.539 0.432 0.332 0.243 0.169 0.111 0.069 0.040 0.022 0.012 0.004 0.000
0.009 0.022 0.044 0.078 0.125 0.187 0.262 0.349 0.445 0.547 0.653 0.761 0.867 0.970 1.068 1.160 1.245 1.321 1.388 1.446 1.495 1.534 1.566 1.590 1.608 1.621 1.630 1.636 1.639 1.641 1.642 1.642 1.641 1.639 1.637 1.635 1.633 1.630 1.628 1.625 1.623 1.622 1.620 1.619 1.619 1.619 1.620 1.621 1.623 1.626 1.628 1.632 1.635 1.639 1.643 1.647 1.650 1.652 1.652 1.650 1.642 1.629 1.609 1.581 1.544 1.498 1.444 1.381 1.311 1.234 1.150 1.058 0.959 0.851 0.737 0.619 0.501 0.389 0.288 0.202 0.134 0.084 0.050 0.028 0.015 0.007 0.000
0.009 0.022 0.044 0.077 0.124 0.184 0.258 0.344 0.437 0.537 0.639 0.741 0.841 0.937 1.028 1.113 1.189 1.258 1.318 1.370 1.413 1.449 1.478 1.501 1.519 1.533 1.545 1.554 1.563 1.571 1.578 1.586 1.593 1.601 1.608 1.616 1.624 1.632 1.639 1.647 1.655 1.662 1.670 1.677 1.684 1.691 1.697 1.703 1.710 1.716 1.722 1.727 1.733 1.738 1.744 1.749 1.753 1.756 1.757 1.755 1.748 1.735 1.715 1.686 1.648 1.601 1.545 1.481 1.409 1.329 1.242 1.147 1.043 0.930 0.810 0.684 0.558 0.436 0.325 0.230 0.154 0.098 0.058 0.033 0.017 0.008 0.001
0.009 0.021 0.043 0.076 0.123 0.184 0.259 0.345 0.441 0.543 0.649 0.756 0.862 0.965 1.064 1.156 1.240 1.316 1.383 1.441 1.489 1.528 1.559 1.584 1.602 1.616 1.626 1.634 1.640 1.644 1.649 1.652 1.656 1.660 1.664 1.667 1.672 1.676 1.680 1.685 1.690 1.696 1.701 1.707 1.714 1.720 1.727 1.734 1.741 1.749 1.756 1.764 1.772 1.781 1.789 1.797 1.804 1.811 1.815 1.816 1.812 1.802 1.784 1.758 1.721 1.675 1.620 1.556 1.483 1.402 1.313 1.215 1.108 0.991 0.866 0.734 0.601 0.472 0.354 0.252 0.170 0.108 0.065 0.037 0.020 0.010 0.002
0.009 0.021 0.043 0.076 0.122 0.183 0.257 0.343 0.438 0.539 0.644 0.750 0.855 0.956 1.052 1.141 1.224 1.298 1.363 1.420 1.467 1.506 1.538 1.564 1.584 1.599 1.612 1.622 1.631 1.638 1.645 1.652 1.659 1.666 1.673 1.680 1.687 1.694 1.701 1.709 1.716 1.724 1.732 1.740 1.748 1.756 1.765 1.773 1.782 1.791 1.800 1.809 1.819 1.828 1.838 1.848 1.857 1.865 1.871 1.873 1.871 1.862 1.846 1.820 1.784 1.738 1.682 1.616 1.542 1.459 1.367 1.266 1.156 1.036 0.906 0.771 0.632 0.498 0.375 0.268 0.181 0.116 0.070 0.040 0.021 0.011 0.002
0.009 0.021 0.042 0.075 0.122 0.182 0.256 0.342 0.438 0.540 0.646 0.753 0.859 0.962 1.060 1.153 1.237 1.314 1.381 1.439 1.488 1.528 1.561 1.586 1.606 1.622 1.634 1.644 1.652 1.659 1.666 1.672 1.679 1.685 1.692 1.698 1.705 1.713 1.720 1.728 1.736 1.744 1.752 1.761 1.770 1.780 1.789 1.799 1.809 1.820 1.830 1.841 1.853 1.864 1.876 1.888 1.899 1.909 1.918 1.923 1.923 1.916 1.901 1.876 1.841 1.795 1.738 1.672 1.595 1.510 1.415 1.310 1.196 1.072 0.938 0.798 0.656 0.517 0.390 0.280 0.190 0.122 0.074 0.042 0.022 0.011 0.003
0.009 0.021 0.042 0.075 0.121 0.182 0.256 0.342 0.438 0.540 0.647 0.754 0.860 0.963 1.061 1.153 1.238 1.314 1.382 1.440 1.489 1.530 1.563 1.589 1.610 1.626 1.639 1.650 1.659 1.667 1.675 1.682 1.690 1.697 1.704 1.712 1.720 1.728 1.737 1.745 1.754 1.764 1.773 1.783 1.793 1.803 1.814 1.825 1.837 1.848 1.860 1.873 1.886 1.899 1.912 1.925 1.939 1.951 1.961 1.968 1.970 1.965 1.952 1.929 1.895 1.850 1.794 1.728 1.651 1.564 1.467 1.359 1.241 1.112 0.973 0.828 0.680 0.537 0.405 0.290 0.197 0.127 0.077 0.044 0.023 0.012 0.003
0.009 0.021 0.042 0.075 0.122 0.183 0.257 0.344 0.440 0.543 0.649 0.756 0.863 0.966 1.064 1.156 1.241 1.317 1.385 1.443 1.492 1.533 1.566 1.592 1.613 1.629 1.642 1.653 1.662 1.670 1.678 1.685 1.692 1.700 1.707 1.715 1.723 1.732 1.740 1.749 1.758 1.768 1.778 1.788 1.798 1.809 1.820 1.832 1.844 1.856 1.869 1.882 1.896 1.910 1.924 1.939 1.953 1.966 1.978 1.986 1.989 1.986 1.975 1.954 1.923 1.880 1.827 1.764 1.690 1.606 1.512 1.407 1.290 1.161 1.021 0.871 0.718 0.568 0.429 0.308 0.209 0.134 0.081 0.046 0.025 0.013 0.004
0.009 0.021 0.043 0.077 0.124 0.185 0.260 0.348 0.444 0.547 0.654 0.762 0.868 0.972 1.071 1.163 1.249 1.326 1.394 1.453 1.503 1.545 1.578 1.605 1.627 1.644 1.657 1.669 1.678 1.687 1.696 1.704 1.712 1.720 1.728 1.737 1.746 1.755 1.765 1.775 1.785 1.795 1.806 1.817 1.829 1.841 1.853 1.866 1.879 1.892 1.906 1.921 1.936 1.951 1.967 1.983 1.998 2.013 2.026 2.036 2.041 2.039 2.029 2.009 1.978 1.936 1.883 1.819 1.745 1.661 1.568 1.465 1.350 1.225 1.088 0.941 0.787 0.634 0.488 0.357 0.248 0.162 0.100 0.057 0.031 0.016 0.006
0.009 0.021 0.042 0.075 0.122 0.182 0.257 0.344 0.440 0.543 0.649 0.756 0.863 0.966 1.064 1.156 1.241 1.317 1.385 1.443 1.492 1.533 1.566 1.592 1.613 1.629 1.642 1.653 1.662 1.670 1.678 1.685 1.692 1.700 1.707 1.715 1.723 1.731 1.740 1.749 1.758 1.768 1.778 1.788 1.798 1.809 1.820 1.832 1.844 1.856 1.869 1.882 1.896 1.910 1.924 1.938 1.953 1.966 1.977 1.986 1.989 1.986 1.975 1.954 1.923 1.880 1.827 1.764 1.690 1.606 1.512 1.407 1.290 1.161 1.020 0.871 0.718 0.568 0.429 0.308 0.209 0.134 0.081 0.046 0.025 0.013 0.004
0.009 0.021 0.042 0.075 0.121 0.182 0.256 0.342 0.438 0.540 0.647 0.754 0.860 0.963 1.061 1.153 1.238 1.314 1.382 1.440 1.489 1.530 1.563 1.589 1.610 1.626 1.639 1.650 1.659 1.667 1.675 1.682 1.689 1.697 1.704 1.712 1.720 1.728 1.737 1.745 1.754 1.764 1.773 1.783 1.793 1.803 1.814 1.825 1.837 1.848 1.860 1.873 1.886 1.899 1.912 1.925 1.938 1.951 1.961 1.968 1.970 1.965 1.952 1.929 1.895 1.850 1.794 1.728 1.651 1.564 1.467 1.359 1.241 1.112 0.973 0.828 0.680 0.537 0.405 0.290 0.197 0.127 0.077 0.044 0.023 0.012 0.003
0.009 0.021 0.042 0.075 0.122 0.182 0.256 0.342 0.438 0.540 0.646 0.753 0.859 0.962 1.060 1.153 1.237 1.314 1.381 1.439 1.488 1.528 1.561 1.586 1.606 1.622 1.634 1.644 1.652 1.659 1.666 1.672 1.679 1.685 1.692 1.698 1.705 1.713 1.720 1.728 1.736 1.744 1.752 1.761 1.770 1.779 1.789 1.799 1.809 1.820 1.830 1.841 1.853 1.864 1.876 1.888 1.899 1.909 1.917 1.922 1.922 1.916 1.901 1.876 1.841 1.795 1.738 1.672 1.595 1.509 1.415 1.310 1.196 1.072 0.938 0.798 0.656 0.517 0.390 0.280 0.190 0.122 0.074 0.042 0.022 0.011 0.003
0.009 0.021 0.043 0.076 0.122 0.183 0.257 0.343 0.438 0.539 0.644 0.750 0.855 0.956 1.052 1.141 1.224 1.298 1.363 1.420 1.467 1.506 1.538 1.564 1.583 1.599 1.612 1.622 1.631 1.638 1.645 1.652 1.659 1.666 1.673 1.680 1.687 1.694 1.701 1.709 1.716 1.724 1.732 1.740 1.748 1.756 1.765 1.773 1.782 1.791 1.800 1.809 1.819 1.828 1.838 1.848 1.857 1.865 1.871 1.873 1.871 1.862 1.846 1.820 1.784 1.738 1.682 1.616 1.542 1.459 1.367 1.266 1.156 1.036 0.906 0.770 0.632 0.498 0.375 0.268 0.181 0.116 0.070 0.040 0.021 0.011 0.002
0.009 0.021 0.043 0.076 0.123 0.184 0.259 0.345 0.441 0.543 0.649 0.756 0.862 0.965 1.064 1.156 1.240 1.316 1.383 1.441 1.489 1.528 1.559 1.584 1.602 1.616 1.626 1.634 1.640 1.644 1.649 1.652 1.656 1.660 1.663 1.667 1.672 1.676 1.680 1.685 1.690 1.696 1.701 1.707 1.713 1.720 1.727 1.734 1.741 1.749 1.756 1.764 1.772 1.780 1.789 1.797 1.804 1.810 1.815 1.816 1.812 1.802 1.784 1.757 1.721 1.675 1.620 1.556 1.483 1.402 1.312 1.215 1.107 0.991 0.866 0.734 0.601 0.472 0.354 0.252 0.170 0.108 0.065 0.037 0.020 0.010 0.002
0.009 0.022 0.044 0.077 0.124 0.184 0.258 0.344 0.437 0.537 0.639 0.741 0.841 0.937 1.028 1.113 1.189 1.258 1.318 1.370 1.413 1.449 1.478 1.501 1.519 1.533 1.545 1.554 1.563 1.571 1.578 1.586 1.593 1.601 1.608 1.616 1.624 1.632 1.639 1.647 1.655 1.662 1.670 1.677 1.684 1.690 1.697 1.703 1.709 1.716 1.721 1.727 1.733 1.738 1.744 1.749 1.753 1.756 1.757 1.755 1.748 1.735 1.715 1.686 1.648 1.601 1.545 1.481 1.409 1.329 1.242 1.146 1.043 0.930 0.810 0.684 0.558 0.436 0.325 0.230 0.154 0.098 0.058 0.033 0.017 0.008 0.001
0.009 0.022 0.044 0.078 0.125 0.187 0.262 0.349 0.445 0.547 0.653 0.761 0.867 0.970 1.068 1.160 1.245 1.321 1.388 1.446 1.495 1.534 1.566 1.590 1.608 1.621 1.630 1.636 1.639 1.641 1.642 1.642 1.641 1.639 1.637 1.635 1.633 1.630 1.628 1.625 1.623 1.622 1.620 1.619 1.619 1.619 1.620 1.621 1.623 1.625 1.628 1.631 1.635 1.639 1.643 1.646 1.650 1.652 1.652 1.649 1.642 1.629 1.609 1.581 1.544 1.498 1.443 1.381 1.311 1.234 1.150 1.058 0.958 0.851 0.737 0.619 0.501 0.389 0.288 0.202 0.134 0.084 0.050 0.028 0.015 0.007 0.000
0.009 0.022 0.044 0.078 0.124 0.183 0.255 0.337 0.426 0.520 0.615 0.711 0.804 0.894 0.978 1.055 1.125 1.186 1.238 1.281 1.315 1.342 1.361 1.374 1.383 1.388 1.391 1.393 1.395 1.397 1.400 1.403 1.408 1.414 1.422 1.430 1.440 1.451 1.462 1.474 1.487 1.499 1.511 1.523 1.534 1.545 1.554 1.561 1.568 1.573 1.578 1.581 1.583 1.585 1.585 1.585 1.584 1.581 1.576 1.568 1.556 1.537 1.512 1.480 1.439 1.390 1.334 1.270 1.200 1.124 1.041 0.952 0.856 0.755 0.648 0.539 0.432 0.332 0.243 0.169 0.111 0.069 0.040 0.022 0.012 0.004 0.000
0.009 0.023 0.045 0.079 0.126 0.188 0.261 0.346 0.438 0.535 0.634 0.732 0.828 0.920 1.007 1.088 1.163 1.231 1.292 1.346 1.393 1.433 1.467 1.496 1.520 1.541 1.558 1.573 1.586 1.596 1.604 1.610 1.613 1.613 1.611 1.607 1.600 1.591 1.580 1.567 1.552 1.537 1.520 1.503 1.487 1.471 1.456 1.443 1.431 1.421 1.413 1.406 1.401 1.397 1.395 1.393 1.391 1.389 1.386 1.381 1.372 1.358 1.338 1.310 1.275 1.232 1.181 1.123 1.058 0.986 0.909 0.825 0.735 0.641 0.544 0.446 0.352 0.266 0.192 0.131 0.085 0.052 0.030 0.017 0.009 0.001 0.000
0.009 0.021 0.042 0.074 0.117 0.171 0.238 0.314 0.399 0.489 0.584 0.679 0.772 0.862 0.945 1.022 1.090 1.149 1.199 1.238 1.268 1.289 1.301 1.305 1.302 1.292 1.278 1.259 1.237 1.213 1.190 1.167 1.146 1.129 1.114 1.104 1.099 1.098 1.102 1.112 1.126 1.145 1.167 1.191 1.217 1.242 1.265 1.287 1.306 1.322 1.334 1.344 1.350 1.354 1.355 1.354 1.350 1.344 1.334 1.321 1.302 1.278 1.248 1.210 1.165 1.113 1.054 0.990 0.920 0.847 0.769 0.688 0.603 0.516 0.430 0.345 0.267 0.198 0.140 0.094 0.060 0.036 0.021 0.011 0.005 0.000 0.000
0.009 0.022 0.044 0.076 0.120 0.175 0.239 0.308 0.380 0.451 0.522 0.594 0.667 0.739 0.808 0.873 0.932 0.985 1.030 1.068 1.098 1.121 1.139 1.154 1.167 1.179 1.193 1.210 1.233 1.263 1.298 1.334 1.369 1.401 1.428 1.450 1.466 1.474 1.475 1.469 1.455 1.434 1.406 1.374 1.338 1.302 1.265 1.229 1.197 1.167 1.142 1.119 1.101 1.085 1.072 1.062 1.053 1.045 1.037 1.027 1.015 1.000 0.979 0.953 0.921 0.882 0.836 0.784 0.726 0.664 0.596 0.526 0.453 0.380 0.308 0.241 0.182 0.131 0.090 0.059 0.037 0.022 0.012 0.007 0.001 0.000 0.000
0.007 0.015 0.031 0.055 0.088 0.132 0.188 0.257 0.338 0.426 0.516 0.599 0.672 0.735 0.790 0.838 0.881 0.919 0.954 0.985 1.013 1.038 1.060 1.078 1.093 1.104 1.108 1.105 1.091 1.061 1.018 0.969 0.922 0.879 0.842 0.813 0.790 0.774 0.766 0.765 0.771 0.784 0.803 0.826 0.853 0.881 0.910 0.937 0.961 0.983 1.001 1.015 1.025 1.032 1.034 1.033 1.029 1.020 1.008 0.991 0.969 0.941 0.907 0.866 0.818 0.765 0.706 0.643 0.577 0.510 0.442 0.375 0.311 0.250 0.195 0.147 0.107 0.074 0.050 0.032 0.020 0.011 0.007 0.001 0.000 0.000 0.000
0.008 0.018 0.036 0.062 0.098 0.140 0.187 0.233 0.277 0.318 0.358 0.400 0.445 0.491 0.537 0.582 0.623 0.660 0.691 0.717 0.737 0.753 0.764 0.774 0.782 0.790 0.801 0.817 0.840 0.872 0.913 0.958 1.000 1.035 1.062 1.080 1.090 1.092 1.086 1.072 1.051 1.025 0.996 0.965 0.934 0.904 0.876 0.850 0.827 0.806 0.787 0.769 0.753 0.737 0.722 0.707 0.692 0.677 0.660 0.642 0.621 0.598 0.571 0.540 0.506 0.467 0.426 0.381 0.336 0.290 0.245 0.202 0.162 0.126 0.094 0.068 0.047 0.032 0.022 0.013 0.009 0.005 0.000 0.000 0.000 0.000 0.000
0.005 0.007 0.012 0.022 0.039 0.063 0.096 0.139 0.191 0.251 0.317 0.386 0.455 0.522 0.585 0.642 0.693 0.736 0.772 0.799 0.819 0.831 0.836 0.836 0.829 0.818 0.801 0.780 0.756 0.731 0.705 0.679 0.655 0.636 0.621 0.611 0.605 0.604 0.608 0.616 0.628 0.641 0.655 0.667 0.675 0.679 0.678 0.673 0.664 0.652 0.638 0.622 0.605 0.587 0.569 0.550 0.531 0.512 0.491 0.470 0.446 0.421 0.393 0.362 0.329 0.294 0.257 0.219 0.182 0.148 0.117 0.091 0.069 0.049 0.034 0.022 0.014 0.009 0.008 0.006 0.001 0.000 0.000 0.000 0.000 0.000 0.000
0.005 0.006 0.009 0.017 0.032 0.055 0.085 0.124 0.168 0.218 0.270 0.323 0.375 0.424 0.470 0.512 0.549 0.582 0.610 0.633 0.653 0.669 0.683 0.695 0.706 0.718 0.730 0.743 0.753 0.759 0.760 0.759 0.754 0.746 0.735 0.721 0.706 0.689 0.671 0.653 0.636 0.618 0.602 0.586 0.571 0.556 0.541 0.526 0.509 0.491 0.472 0.451 0.428 0.405 0.380 0.354 0.328 0.302 0.275 0.248 0.221 0.194 0.168 0.142 0.118 0.096 0.075 0.056 0.040 0.027 0.018 0.011 0.009 0.008 0.002 0.000 0.000 0.000 0.000 0.000 0.000 0.000 0.000 0.000 0.000 0.000 0.000
0.004 0.005 0.006 0.008 0.012 0.022 0.037 0.059 0.087 0.120 0.157 0.197 0.238 0.278 0.315 0.348 0.376 0.399 0.416 0.429 0.436 0.439 0.438 0.433 0.426 0.417 0.405 0.392 0.381 0.372 0.364 0.358 0.354 0.350 0.348 0.346 0.344 0.340 0.333 0.324 0.312 0.297 0.280 0.261 0.241 0.220 0.199 0.179 0.159 0.140 0.121 0.104 0.090 0.077 0.065 0.055 0.046 0.038 0.031 0.025 0.020 0.015 0.011 0.008 0.008 0.008 0.007 0.003 0.000 0.000 0.000 0.000 0.000 0.000 0.000 0.000 0.000 0.000 0.000 0.000 0.000 0.000 0.000 0.000 0.000 0.000 0.000
0.003 0.004 0.005 0.006 0.007 0.008 0.012 0.022 0.037 0.057 0.081 0.109 0.138 0.167 0.195 0.220 0.242 0.259 0.273 0.282 0.287 0.289 0.289 0.287 0.284 0.279 0.273 0.266 0.256 0.244 0.230 0.214 0.197 0.178 0.158 0.138 0.118 0.099 0.082 0.067 0.054 0.043 0.033 0.025 0.019 0.014 0.010 0.009 0.009 0.008 0.002 0.000 0.000 0.000 0.000 0.000 0.000 0.000 0.000 0.000 0.000 0.000 0.000 0.000 0.000 0.000 0.000 0.000 0.000 0.000 0.000 0.000 0.000 0.000 0.000 0.000 0.000 0.000 0.000 0.000 0.000 0.000 0.000 0.000 0.000 0.000 0.000
0.002 0.003 0.003 0.004 0.005 0.005 0.006 0.007 0.008 0.011 0.019 0.029 0.041 0.054 0.067 0.079 0.089 0.097 0.102 0.104 0.102 0.099 0.093 0.085 0.076 0.067 0.056 0.046 0.038 0.030 0.023 0.018 0.014 0.011 0.009 0.005 0.000 0.000 0.000 0.000 0.000 0.000 0.000 0.000 0.000 0.000 0.000 0.000 0.000 0.000 0.000 0.000 0.000 0.000 0.000 0.000 0.000 0.000 0.000 0.000 0.000 0.000 0.000 0.000 0.000 0.000 0.000 0.000 0.000 0.000 0.000 0.000 0.000 0.000 0.000 0.000 0.000 0.000 0.000 0.000 0.000 0.000 0.000 0.000 0.000 0.000 0.000
0.001 0.001 0.001 0.001 0.001 0.002 0.002 0.003 0.003 0.004 0.004 0.005 0.006 0.006 0.007 0.008 0.008 0.009 0.009 0.009 0.005 0.000 0.000 0.000 0.000 0.000 0.000 0.000 0.000 0.000 0.000 0.000 0.000 0.000 0.000 0.000 0.000 0.000 0.000 0.000 0.000 0.000 0.000 0.000 0.000 0.000 0.000 0.000 0.000 0.000 0.000 0.000 0.000 0.000 0.000 0.000 0.000 0.000 0.000 0.000 0.000 0.000 0.000 0.000 0.000 0.000 0.000 0.000 0.000 0.000 0.000 0.000 0.000 0.000 0.000 0.000 0.000 0.000 0.000 0.000 0.000 0.000 0.000 0.000 0.000 0.000 0.000
