Examples/2023_ISeeSnow/data/CoulombOnly/Results/curv77s/h/1HS_03_curv77s_MoT-Voellmy_h_0007.asc
ncols        78
nrows        39
xllcorner    1047.5
yllcorner    -4347.5
cellsize     5.00
NODATA_value -9999
0.000 0.000 0.000 0.000 0.000 0.000 0.000 0.001 0.001 0.001 0.001 0.002 0.002 0.002 0.001 0.001 0.001 0.001 0.001 0.001 0.001 0.000 0.000 0.000 0.000 0.000 0.000 0.000 0.000 0.000 0.000 0.000 0.000 0.000 0.000 0.000 0.000 0.000 0.000 0.000 0.000 0.000 0.000 0.000 0.000 0.000 0.000 0.000 0.000 0.000 0.000 0.000 0.000 0.000 0.000 0.000 0.000 0.000 0.000 0.000 0.000 0.000 0.000 0.000 0.000 0.000 0.000 0.000 0.000 0.000 0.000 0.000 0.000 0.000 0.000 0.000 0.000 0.000
0.000 0.000 0.001 0.001 0.002 0.003 0.005 0.007 0.010 0.013 0.017 0.021 0.023 0.025 0.025 0.025 0.024 0.023 0.022 0.020 0.019 0.018 0.016 0.015 0.014 0.013 0.012 0.010 0.009 0.007 0.005 0.004 0.003 0.002 0.001 0.000 0.000 0.000 0.000 0.000 0.000 0.000 0.000 0.000 0.000 0.000 0.000 0.000 0.000 0.000 0.000 0.000 0.000 0.000 0.000 0.000 0.000 0.000 0.000 0.000 0.000 0.000 0.000 0.000 0.000 0.000 0.000 0.000 0.000 0.000 0.000 0.000 0.000 0.000 0.000 0.000 0.000 0.000
0.001 0.001 0.003 0.005 0.008 0.013 0.025 0.042 0.062 0.082 0.101 0.117 0.128 0.134 0.137 0.137 0.136 0.134 0.131 0.127 0.124 0.120 0.117 0.113 0.109 0.105 0.101 0.097 0.093 0.088 0.084 0.080 0.075 0.070 0.066 0.061 0.055 0.050 0.044 0.039 0.033 0.028 0.023 0.018 0.014 0.011 0.010 0.008 0.002 0.000 0.000 0.000 0.000 0.000 0.000 0.000 0.000 0.000 0.000 0.000 0.000 0.000 0.000 0.000 0.000 0.000 0.000 0.000 0.000 0.000 0.000 0.000 0.000 0.000 0.000 0.000 0.000 0.000
0.002 0.004 0.007 0.014 0.032 0.060 0.099 0.145 0.194 0.242 0.284 0.318 0.343 0.359 0.369 0.373 0.373 0.372 0.369 0.366 0.362 0.358 0.354 0.350 0.345 0.340 0.335 0.330 0.325 0.320 0.314 0.308 0.302 0.296 0.290 0.284 0.277 0.271 0.265 0.258 0.252 0.245 0.238 0.230 0.222 0.212 0.201 0.189 0.177 0.164 0.152 0.140 0.128 0.116 0.104 0.093 0.083 0.073 0.063 0.054 0.045 0.036 0.026 0.018 0.012 0.009 0.004 0.000 0.000 0.000 0.000 0.000 0.000 0.000 0.000 0.000 0.000 0.000
0.004 0.007 0.019 0.046 0.090 0.149 0.220 0.297 0.374 0.446 0.509 0.561 0.600 0.628 0.646 0.657 0.663 0.665 0.666 0.666 0.666 0.665 0.664 0.663 0.662 0.660 0.659 0.657 0.655 0.653 0.651 0.648 0.644 0.640 0.636 0.630 0.624 0.617 0.608 0.598 0.587 0.575 0.561 0.546 0.530 0.513 0.494 0.475 0.453 0.431 0.410 0.390 0.370 0.351 0.332 0.313 0.295 0.277 0.259 0.241 0.224 0.206 0.186 0.162 0.133 0.101 0.071 0.045 0.027 0.015 0.009 0.002 0.000 0.000 0.000 0.000 0.000 0.000
0.005 0.013 0.035 0.074 0.129 0.197 0.272 0.350 0.427 0.500 0.563 0.616 0.655 0.683 0.699 0.707 0.709 0.707 0.703 0.697 0.690 0.683 0.676 0.669 0.661 0.654 0.647 0.639 0.632 0.625 0.619 0.613 0.608 0.604 0.601 0.600 0.601 0.606 0.616 0.633 0.655 0.679 0.705 0.733 0.762 0.793 0.825 0.859 0.894 0.928 0.958 0.984 1.007 1.026 1.041 1.053 1.062 1.068 1.071 1.067 1.053 1.023 0.975 0.907 0.822 0.724 0.618 0.507 0.396 0.290 0.196 0.121 0.068 0.034 0.016 0.008 0.001 0.000
0.009 0.033 0.086 0.169 0.272 0.383 0.491 0.593 0.684 0.764 0.833 0.892 0.941 0.980 1.011 1.036 1.056 1.074 1.089 1.103 1.117 1.131 1.145 1.159 1.173 1.186 1.200 1.213 1.226 1.239 1.250 1.261 1.270 1.278 1.284 1.287 1.286 1.280 1.266 1.241 1.207 1.171 1.133 1.095 1.057 1.018 0.980 0.942 0.904 0.868 0.835 0.806 0.779 0.756 0.735 0.717 0.702 0.689 0.679 0.669 0.659 0.647 0.630 0.606 0.576 0.540 0.497 0.446 0.384 0.311 0.233 0.159 0.097 0.053 0.026 0.012 0.003 0.000
0.009 0.030 0.078 0.153 0.255 0.376 0.509 0.647 0.784 0.912 1.026 1.120 1.192 1.242 1.273 1.287 1.290 1.285 1.276 1.264 1.251 1.238 1.225 1.212 1.199 1.187 1.176 1.165 1.154 1.145 1.137 1.130 1.124 1.120 1.117 1.117 1.119 1.125 1.135 1.151 1.170 1.191 1.211 1.231 1.250 1.268 1.286 1.302 1.316 1.330 1.342 1.353 1.363 1.370 1.376 1.381 1.383 1.383 1.381 1.374 1.358 1.327 1.276 1.203 1.111 1.004 0.888 0.765 0.636 0.502 0.371 0.251 0.154 0.084 0.041 0.018 0.007 0.000
0.009 0.035 0.090 0.180 0.299 0.437 0.585 0.734 0.877 1.008 1.124 1.222 1.302 1.363 1.408 1.439 1.460 1.475 1.484 1.491 1.496 1.501 1.504 1.506 1.508 1.509 1.509 1.509 1.507 1.504 1.501 1.496 1.490 1.482 1.474 1.464 1.452 1.440 1.427 1.412 1.398 1.384 1.370 1.357 1.344 1.331 1.319 1.308 1.297 1.286 1.277 1.267 1.259 1.251 1.244 1.238 1.232 1.228 1.223 1.217 1.207 1.188 1.159 1.115 1.058 0.989 0.908 0.814 0.703 0.577 0.440 0.307 0.193 0.108 0.053 0.023 0.009 0.001
0.009 0.034 0.088 0.176 0.291 0.426 0.570 0.716 0.857 0.988 1.104 1.201 1.277 1.334 1.373 1.398 1.412 1.419 1.422 1.423 1.423 1.423 1.423 1.423 1.424 1.425 1.426 1.428 1.430 1.433 1.436 1.440 1.444 1.449 1.454 1.459 1.464 1.470 1.476 1.482 1.488 1.493 1.498 1.503 1.507 1.511 1.514 1.517 1.520 1.522 1.523 1.524 1.525 1.525 1.525 1.524 1.523 1.522 1.519 1.512 1.498 1.471 1.425 1.360 1.276 1.178 1.068 0.947 0.813 0.665 0.508 0.356 0.225 0.127 0.063 0.028 0.011 0.002
0.009 0.034 0.089 0.178 0.298 0.438 0.591 0.747 0.899 1.041 1.167 1.275 1.360 1.425 1.471 1.501 1.519 1.530 1.536 1.538 1.540 1.540 1.540 1.540 1.540 1.540 1.539 1.538 1.537 1.536 1.535 1.534 1.533 1.532 1.530 1.529 1.528 1.527 1.526 1.525 1.524 1.524 1.524 1.523 1.523 1.524 1.524 1.524 1.525 1.526 1.526 1.527 1.528 1.530 1.531 1.532 1.534 1.535 1.535 1.533 1.523 1.501 1.463 1.404 1.327 1.235 1.128 1.007 0.870 0.716 0.550 0.388 0.246 0.139 0.070 0.031 0.012 0.002
0.009 0.034 0.088 0.177 0.296 0.435 0.586 0.740 0.890 1.029 1.153 1.258 1.342 1.405 1.450 1.480 1.498 1.510 1.516 1.520 1.523 1.525 1.527 1.529 1.531 1.533 1.535 1.538 1.540 1.542 1.545 1.547 1.550 1.553 1.555 1.558 1.561 1.563 1.566 1.569 1.571 1.574 1.577 1.579 1.582 1.584 1.587 1.589 1.592 1.594 1.597 1.599 1.601 1.604 1.606 1.608 1.611 1.613 1.614 1.612 1.602 1.580 1.538 1.476 1.394 1.296 1.183 1.056 0.912 0.751 0.578 0.408 0.260 0.148 0.074 0.033 0.013 0.003
0.009 0.033 0.088 0.176 0.295 0.435 0.587 0.743 0.896 1.038 1.164 1.272 1.358 1.423 1.469 1.499 1.518 1.530 1.536 1.540 1.542 1.544 1.545 1.547 1.548 1.549 1.551 1.552 1.554 1.556 1.557 1.559 1.561 1.563 1.565 1.567 1.569 1.571 1.573 1.576 1.578 1.581 1.583 1.586 1.589 1.591 1.594 1.597 1.600 1.603 1.607 1.610 1.613 1.617 1.620 1.624 1.627 1.631 1.634 1.633 1.625 1.604 1.564 1.504 1.422 1.324 1.210 1.081 0.935 0.771 0.594 0.421 0.269 0.153 0.077 0.034 0.014 0.003
0.009 0.033 0.087 0.175 0.294 0.434 0.586 0.741 0.893 1.035 1.162 1.269 1.355 1.420 1.466 1.497 1.516 1.528 1.534 1.539 1.541 1.543 1.545 1.547 1.549 1.551 1.553 1.555 1.557 1.559 1.561 1.564 1.566 1.568 1.571 1.573 1.576 1.578 1.581 1.584 1.587 1.589 1.592 1.595 1.598 1.602 1.605 1.608 1.611 1.615 1.618 1.622 1.626 1.630 1.633 1.637 1.641 1.645 1.648 1.648 1.641 1.620 1.581 1.521 1.439 1.340 1.225 1.095 0.948 0.782 0.604 0.428 0.274 0.157 0.079 0.035 0.014 0.004
0.009 0.033 0.087 0.175 0.293 0.433 0.585 0.741 0.893 1.035 1.162 1.269 1.356 1.421 1.467 1.498 1.517 1.529 1.536 1.540 1.542 1.544 1.546 1.548 1.550 1.552 1.553 1.555 1.557 1.559 1.562 1.564 1.566 1.568 1.571 1.573 1.576 1.578 1.581 1.584 1.587 1.590 1.593 1.596 1.599 1.602 1.606 1.609 1.613 1.616 1.620 1.624 1.628 1.632 1.636 1.640 1.644 1.648 1.652 1.652 1.645 1.625 1.587 1.527 1.446 1.347 1.232 1.102 0.954 0.788 0.610 0.434 0.278 0.160 0.081 0.036 0.014 0.004
0.009 0.033 0.086 0.174 0.292 0.432 0.584 0.740 0.892 1.034 1.161 1.268 1.355 1.420 1.467 1.498 1.517 1.528 1.535 1.539 1.542 1.544 1.546 1.548 1.549 1.551 1.553 1.555 1.557 1.559 1.561 1.564 1.566 1.568 1.571 1.573 1.576 1.578 1.581 1.584 1.587 1.590 1.593 1.596 1.599 1.602 1.606 1.609 1.613 1.616 1.620 1.624 1.628 1.632 1.636 1.640 1.645 1.649 1.652 1.653 1.646 1.627 1.589 1.529 1.449 1.350 1.236 1.106 0.958 0.792 0.614 0.437 0.281 0.162 0.082 0.037 0.015 0.004
0.009 0.033 0.086 0.173 0.291 0.431 0.583 0.739 0.891 1.033 1.160 1.268 1.354 1.420 1.467 1.498 1.517 1.528 1.535 1.539 1.542 1.544 1.546 1.548 1.550 1.551 1.553 1.555 1.557 1.559 1.562 1.564 1.566 1.569 1.571 1.573 1.576 1.579 1.581 1.584 1.587 1.590 1.593 1.596 1.600 1.603 1.606 1.610 1.613 1.617 1.621 1.625 1.629 1.633 1.637 1.641 1.646 1.650 1.653 1.654 1.648 1.628 1.591 1.531 1.451 1.353 1.238 1.108 0.961 0.795 0.617 0.440 0.284 0.163 0.083 0.038 0.015 0.004
0.009 0.032 0.086 0.173 0.291 0.431 0.583 0.739 0.891 1.034 1.161 1.269 1.356 1.422 1.468 1.499 1.519 1.531 1.537 1.542 1.544 1.547 1.549 1.551 1.552 1.554 1.556 1.559 1.561 1.563 1.565 1.568 1.570 1.573 1.575 1.578 1.581 1.583 1.586 1.589 1.592 1.596 1.599 1.602 1.606 1.609 1.613 1.616 1.620 1.624 1.628 1.632 1.636 1.641 1.645 1.650 1.655 1.659 1.663 1.664 1.658 1.639 1.601 1.542 1.461 1.362 1.246 1.116 0.967 0.800 0.621 0.443 0.286 0.165 0.084 0.038 0.015 0.004
0.009 0.032 0.086 0.173 0.291 0.432 0.584 0.741 0.893 1.037 1.164 1.273 1.360 1.426 1.473 1.505 1.524 1.536 1.543 1.548 1.551 1.553 1.556 1.558 1.560 1.562 1.565 1.567 1.570 1.572 1.575 1.578 1.580 1.583 1.586 1.589 1.593 1.596 1.599 1.603 1.606 1.610 1.614 1.617 1.621 1.625 1.630 1.634 1.638 1.643 1.647 1.652 1.657 1.662 1.667 1.673 1.678 1.683 1.688 1.690 1.684 1.666 1.628 1.569 1.488 1.388 1.271 1.138 0.987 0.817 0.634 0.452 0.292 0.168 0.086 0.039 0.015 0.004
0.009 0.033 0.087 0.175 0.294 0.434 0.587 0.744 0.897 1.040 1.167 1.275 1.363 1.429 1.476 1.507 1.527 1.539 1.546 1.551 1.554 1.557 1.559 1.561 1.564 1.566 1.569 1.571 1.574 1.577 1.580 1.583 1.586 1.589 1.592 1.595 1.599 1.602 1.606 1.609 1.613 1.617 1.621 1.625 1.629 1.634 1.638 1.643 1.648 1.653 1.658 1.663 1.668 1.674 1.679 1.685 1.691 1.697 1.702 1.704 1.699 1.682 1.645 1.588 1.509 1.412 1.298 1.169 1.021 0.852 0.667 0.481 0.313 0.182 0.093 0.042 0.017 0.005
0.009 0.032 0.086 0.173 0.291 0.432 0.584 0.740 0.893 1.036 1.164 1.273 1.360 1.426 1.473 1.505 1.524 1.536 1.543 1.548 1.551 1.553 1.556 1.558 1.560 1.562 1.565 1.567 1.570 1.572 1.575 1.578 1.580 1.583 1.586 1.589 1.592 1.596 1.599 1.603 1.606 1.610 1.613 1.617 1.621 1.625 1.630 1.634 1.638 1.643 1.647 1.652 1.657 1.662 1.667 1.673 1.678 1.683 1.688 1.690 1.684 1.666 1.628 1.569 1.488 1.388 1.271 1.138 0.987 0.817 0.634 0.452 0.292 0.168 0.086 0.039 0.015 0.004
0.009 0.032 0.086 0.173 0.291 0.431 0.583 0.739 0.891 1.034 1.161 1.269 1.356 1.421 1.468 1.499 1.519 1.531 1.537 1.542 1.544 1.547 1.549 1.550 1.552 1.554 1.556 1.559 1.561 1.563 1.565 1.568 1.570 1.573 1.575 1.578 1.581 1.583 1.586 1.589 1.592 1.596 1.599 1.602 1.606 1.609 1.613 1.616 1.620 1.624 1.628 1.632 1.636 1.641 1.645 1.650 1.654 1.659 1.663 1.664 1.658 1.639 1.601 1.542 1.461 1.362 1.246 1.115 0.967 0.800 0.621 0.443 0.286 0.165 0.084 0.038 0.015 0.004
0.009 0.033 0.086 0.173 0.291 0.431 0.583 0.739 0.891 1.033 1.160 1.268 1.354 1.420 1.467 1.498 1.517 1.528 1.535 1.539 1.542 1.544 1.546 1.548 1.550 1.551 1.553 1.555 1.557 1.559 1.562 1.564 1.566 1.569 1.571 1.573 1.576 1.579 1.581 1.584 1.587 1.590 1.593 1.596 1.599 1.603 1.606 1.610 1.613 1.617 1.621 1.625 1.629 1.633 1.637 1.641 1.646 1.650 1.653 1.654 1.648 1.628 1.591 1.531 1.451 1.353 1.238 1.108 0.961 0.795 0.617 0.440 0.284 0.163 0.083 0.038 0.015 0.004
0.009 0.033 0.086 0.174 0.292 0.432 0.584 0.740 0.892 1.034 1.161 1.268 1.355 1.420 1.467 1.498 1.517 1.528 1.535 1.539 1.542 1.544 1.546 1.548 1.549 1.551 1.553 1.555 1.557 1.559 1.561 1.564 1.566 1.568 1.571 1.573 1.576 1.578 1.581 1.584 1.587 1.590 1.593 1.596 1.599 1.602 1.606 1.609 1.613 1.616 1.620 1.624 1.628 1.632 1.636 1.640 1.645 1.649 1.652 1.653 1.646 1.627 1.589 1.529 1.449 1.350 1.236 1.106 0.958 0.792 0.614 0.437 0.281 0.162 0.082 0.037 0.015 0.004
0.009 0.033 0.087 0.175 0.293 0.433 0.585 0.741 0.893 1.035 1.162 1.269 1.356 1.421 1.467 1.498 1.517 1.529 1.536 1.540 1.542 1.544 1.546 1.548 1.550 1.552 1.553 1.555 1.557 1.559 1.562 1.564 1.566 1.568 1.571 1.573 1.576 1.578 1.581 1.584 1.587 1.590 1.593 1.596 1.599 1.602 1.606 1.609 1.613 1.616 1.620 1.624 1.628 1.632 1.636 1.640 1.644 1.648 1.652 1.652 1.645 1.625 1.587 1.527 1.446 1.347 1.232 1.102 0.954 0.788 0.610 0.434 0.278 0.160 0.081 0.036 0.014 0.004
0.009 0.033 0.087 0.175 0.294 0.434 0.586 0.741 0.893 1.035 1.162 1.269 1.355 1.420 1.466 1.497 1.516 1.528 1.534 1.539 1.541 1.543 1.545 1.547 1.549 1.551 1.553 1.555 1.557 1.559 1.561 1.564 1.566 1.568 1.571 1.573 1.576 1.578 1.581 1.584 1.587 1.589 1.592 1.595 1.598 1.602 1.605 1.608 1.611 1.615 1.618 1.622 1.626 1.630 1.633 1.637 1.641 1.645 1.648 1.648 1.641 1.620 1.581 1.521 1.439 1.340 1.225 1.095 0.948 0.782 0.604 0.428 0.274 0.157 0.079 0.035 0.014 0.004
0.009 0.033 0.088 0.176 0.295 0.435 0.587 0.743 0.896 1.038 1.164 1.272 1.358 1.423 1.469 1.499 1.518 1.530 1.536 1.540 1.542 1.544 1.545 1.547 1.548 1.549 1.551 1.552 1.554 1.556 1.557 1.559 1.561 1.563 1.565 1.567 1.569 1.571 1.573 1.576 1.578 1.581 1.583 1.586 1.589 1.591 1.594 1.597 1.600 1.603 1.607 1.610 1.613 1.617 1.620 1.624 1.627 1.631 1.633 1.633 1.625 1.604 1.564 1.503 1.422 1.324 1.210 1.081 0.935 0.771 0.594 0.421 0.269 0.153 0.077 0.034 0.014 0.003
0.009 0.034 0.088 0.177 0.296 0.435 0.586 0.740 0.890 1.029 1.153 1.258 1.342 1.405 1.450 1.480 1.498 1.510 1.516 1.520 1.523 1.525 1.527 1.529 1.531 1.533 1.535 1.538 1.540 1.542 1.545 1.547 1.550 1.553 1.555 1.558 1.561 1.563 1.566 1.569 1.571 1.574 1.576 1.579 1.582 1.584 1.587 1.589 1.592 1.594 1.597 1.599 1.601 1.604 1.606 1.608 1.611 1.613 1.614 1.612 1.602 1.579 1.538 1.476 1.394 1.296 1.183 1.056 0.912 0.751 0.578 0.408 0.260 0.148 0.074 0.033 0.013 0.003
0.009 0.034 0.089 0.178 0.298 0.438 0.591 0.747 0.899 1.041 1.167 1.275 1.360 1.425 1.471 1.501 1.519 1.530 1.536 1.538 1.540 1.540 1.540 1.540 1.540 1.540 1.539 1.538 1.537 1.536 1.535 1.534 1.533 1.532 1.530 1.529 1.528 1.527 1.526 1.525 1.524 1.524 1.524 1.523 1.523 1.523 1.524 1.524 1.525 1.525 1.526 1.527 1.528 1.529 1.531 1.532 1.533 1.535 1.535 1.533 1.523 1.501 1.462 1.404 1.327 1.234 1.128 1.007 0.870 0.716 0.550 0.388 0.246 0.139 0.070 0.031 0.012 0.002
0.009 0.034 0.088 0.176 0.291 0.426 0.570 0.716 0.857 0.988 1.104 1.201 1.277 1.334 1.373 1.398 1.412 1.419 1.422 1.423 1.423 1.423 1.423 1.423 1.424 1.425 1.426 1.428 1.430 1.433 1.436 1.440 1.444 1.448 1.453 1.459 1.464 1.470 1.476 1.482 1.488 1.493 1.498 1.503 1.507 1.511 1.514 1.517 1.519 1.522 1.523 1.524 1.525 1.525 1.525 1.524 1.523 1.522 1.519 1.512 1.498 1.471 1.425 1.360 1.276 1.178 1.068 0.947 0.813 0.665 0.508 0.356 0.225 0.127 0.063 0.028 0.011 0.002
0.009 0.035 0.090 0.180 0.299 0.437 0.585 0.734 0.877 1.008 1.124 1.222 1.302 1.363 1.407 1.439 1.460 1.474 1.484 1.491 1.496 1.501 1.504 1.506 1.508 1.509 1.509 1.509 1.507 1.504 1.501 1.496 1.490 1.482 1.474 1.464 1.453 1.440 1.427 1.413 1.398 1.384 1.370 1.357 1.344 1.331 1.319 1.308 1.297 1.286 1.277 1.267 1.259 1.251 1.244 1.238 1.232 1.227 1.223 1.216 1.206 1.188 1.158 1.115 1.058 0.989 0.908 0.813 0.703 0.577 0.440 0.307 0.193 0.108 0.053 0.023 0.009 0.001
0.008 0.030 0.078 0.153 0.255 0.376 0.509 0.647 0.784 0.912 1.026 1.120 1.192 1.242 1.273 1.287 1.290 1.285 1.276 1.264 1.251 1.238 1.225 1.212 1.199 1.187 1.176 1.165 1.154 1.145 1.137 1.130 1.124 1.119 1.117 1.117 1.119 1.124 1.134 1.150 1.169 1.190 1.211 1.230 1.249 1.268 1.285 1.301 1.316 1.330 1.342 1.353 1.362 1.370 1.376 1.380 1.383 1.383 1.381 1.374 1.358 1.327 1.276 1.203 1.111 1.004 0.888 0.765 0.636 0.502 0.371 0.251 0.154 0.084 0.041 0.018 0.007 0.000
0.009 0.033 0.086 0.169 0.272 0.382 0.491 0.593 0.684 0.764 0.833 0.892 0.940 0.980 1.011 1.036 1.056 1.073 1.089 1.103 1.117 1.131 1.145 1.159 1.172 1.186 1.200 1.213 1.226 1.238 1.250 1.260 1.270 1.278 1.284 1.287 1.286 1.280 1.267 1.241 1.208 1.171 1.134 1.096 1.057 1.019 0.981 0.943 0.905 0.869 0.836 0.806 0.780 0.756 0.736 0.718 0.702 0.690 0.679 0.669 0.659 0.647 0.629 0.606 0.576 0.540 0.497 0.446 0.384 0.311 0.233 0.159 0.097 0.053 0.026 0.012 0.003 0.000
0.005 0.013 0.035 0.074 0.129 0.197 0.272 0.350 0.427 0.500 0.563 0.616 0.655 0.683 0.699 0.707 0.709 0.707 0.703 0.697 0.690 0.683 0.676 0.669 0.662 0.654 0.647 0.639 0.632 0.625 0.619 0.613 0.608 0.604 0.601 0.600 0.601 0.606 0.616 0.632 0.654 0.678 0.704 0.732 0.761 0.792 0.824 0.858 0.893 0.927 0.957 0.983 1.006 1.025 1.040 1.052 1.062 1.068 1.070 1.066 1.053 1.023 0.974 0.906 0.822 0.724 0.618 0.507 0.396 0.290 0.196 0.121 0.068 0.035 0.016 0.008 0.001 0.000
0.004 0.007 0.019 0.046 0.090 0.149 0.220 0.297 0.374 0.446 0.509 0.561 0.600 0.628 0.646 0.657 0.663 0.666 0.666 0.666 0.666 0.665 0.664 0.663 0.662 0.661 0.659 0.657 0.655 0.653 0.651 0.648 0.644 0.640 0.636 0.630 0.624 0.617 0.608 0.598 0.587 0.575 0.561 0.546 0.530 0.513 0.495 0.475 0.454 0.432 0.411 0.391 0.371 0.352 0.333 0.314 0.295 0.277 0.259 0.242 0.224 0.207 0.187 0.162 0.133 0.102 0.071 0.046 0.027 0.016 0.009 0.003 0.000 0.000 0.000 0.000 0.000 0.000
0.002 0.004 0.007 0.014 0.032 0.060 0.099 0.145 0.194 0.242 0.284 0.318 0.343 0.359 0.369 0.373 0.373 0.372 0.369 0.366 0.362 0.358 0.354 0.350 0.345 0.340 0.336 0.331 0.325 0.320 0.314 0.309 0.303 0.296 0.290 0.284 0.278 0.271 0.265 0.259 0.252 0.245 0.238 0.231 0.222 0.213 0.202 0.190 0.177 0.165 0.152 0.140 0.128 0.116 0.105 0.094 0.083 0.073 0.064 0.055 0.045 0.036 0.027 0.019 0.012 0.009 0.005 0.000 0.000 0.000 0.000 0.000 0.000 0.000 0.000 0.000 0.000 0.000
0.001 0.001 0.003 0.005 0.008 0.013 0.025 0.042 0.062 0.083 0.102 0.117 0.128 0.134 0.137 0.138 0.136 0.134 0.131 0.128 0.124 0.121 0.117 0.113 0.109 0.105 0.101 0.097 0.093 0.089 0.084 0.080 0.075 0.071 0.066 0.061 0.056 0.050 0.045 0.039 0.034 0.028 0.023 0.018 0.014 0.011 0.010 0.008 0.002 0.000 0.000 0.000 0.000 0.000 0.000 0.000 0.000 0.000 0.000 0.000 0.000 0.000 0.000 0.000 0.000 0.000 0.000 0.000 0.000 0.000 0.000 0.000 0.000 0.000 0.000 0.000 0.000 0.000
0.000 0.000 0.001 0.001 0.002 0.003 0.005 0.007 0.010 0.013 0.017 0.021 0.023 0.025 0.025 0.025 0.024 0.023 0.022 0.020 0.019 0.018 0.017 0.015 0.014 0.013 0.012 0.010 0.009 0.007 0.005 0.004 0.003 0.002 0.001 0.000 0.000 0.000 0.000 0.000 0.000 0.000 0.000 0.000 0.000 0.000 0.000 0.000 0.000 0.000 0.000 0.000 0.000 0.000 0.000 0.000 0.000 0.000 0.000 0.000 0.000 0.000 0.000 0.000 0.000 0.000 0.000 0.000 0.000 0.000 0.000 0.000 0.000 0.000 0.000 0.000 0.000 0.000
0.000 0.000 0.000 0.000 0.000 0.000 0.000 0.001 0.001 0.001 0.001 0.002 0.002 0.002 0.001 0.001 0.001 0.001 0.001 0.001 0.001 0.000 0.000 0.000 0.000 0.000 0.000 0.000 0.000 0.000 0.000 0.000 0.000 0.000 0.000 0.000 0.000 0.000 0.000 0.000 0.000 0.000 0.000 0.000 0.000 0.000 0.000 0.000 0.000 0.000 0.000 0.000 0.000 0.000 0.000 0.000 0.000 0.000 0.000 0.000 0.000 0.000 0.000 0.000 0.000 0.000 0.000 0.000 0.000 0.000 0.000 0.000 0.000 0.000 0.000 0.000 0.000 0.000
