Examples/2023_ISeeSnow/data/CoulombOnly/Results/curv77s/h/1HS_03_curv77s_MoT-Voellmy_h_0057.asc
ncols        131
nrows        57
xllcorner    3507.5
yllcorner    -4392.5
cellsize     5.00
NODATA_value -9999
[rows 0 to 33 of 57, columns 0 to 76 of 131]
0.000 0.000 0.000 0.000 0.000 0.000 0.000 0.000 0.000 0.000 0.000 0.000 0.000 0.000 0.000 0.000 0.000 0.000 0.000 0.000 0.000 0.000 0.000 0.000 0.000 0.000 0.000 0.000 0.000 0.000 0.000 0.000 0.000 0.000 0.000 0.000 0.000 0.000 0.000 0.000 0.000 0.000 0.000 0.000 0.000 0.000 0.000 0.000 0.000 0.001 0.001 0.001 0.001 0.002 0.002 0.002 0.002 0.003 0.003 0.003 0.004 0.004 0.004 0.005 0.005 0.005 0.005 0.005 0.005 0.005 0.005 0.004 0.004 0.004 0.003 0.003 0.002
0.000 0.000 0.000 0.000 0.000 0.000 0.000 0.000 0.000 0.000 0.000 0.000 0.000 0.000 0.000 0.000 0.000 0.000 0.000 0.000 0.000 0.000 0.000 0.000 0.000 0.000 0.000 0.000 0.000 0.000 0.000 0.000 0.000 0.000 0.000 0.000 0.000 0.000 0.000 0.001 0.001 0.001 0.001 0.002 0.002 0.002 0.003 0.003 0.003 0.004 0.004 0.004 0.005 0.005 0.006 0.007 0.007 0.008 0.009 0.009 0.010 0.011 0.012 0.013 0.014 0.015 0.015 0.016 0.016 0.016 0.016 0.016 0.016 0.015 0.015 0.014 0.013
0.000 0.000 0.000 0.000 0.000 0.000 0.000 0.000 0.000 0.000 0.000 0.000 0.000 0.000 0.000 0.000 0.000 0.000 0.000 0.000 0.000 0.000 0.000 0.000 0.000 0.000 0.000 0.000 0.000 0.000 0.000 0.001 0.001 0.001 0.001 0.002 0.002 0.002 0.002 0.003 0.003 0.003 0.003 0.004 0.004 0.004 0.005 0.005 0.006 0.007 0.008 0.009 0.010 0.011 0.013 0.015 0.017 0.019 0.021 0.023 0.026 0.028 0.030 0.032 0.034 0.036 0.037 0.038 0.039 0.040 0.040 0.039 0.039 0.038 0.036 0.035 0.033
0.000 0.000 0.000 0.000 0.000 0.000 0.000 0.000 0.000 0.000 0.000 0.000 0.000 0.000 0.000 0.000 0.000 0.000 0.000 0.000 0.000 0.000 0.001 0.001 0.001 0.001 0.001 0.002 0.002 0.002 0.002 0.002 0.002 0.002 0.003 0.003 0.003 0.003 0.003 0.004 0.004 0.005 0.005 0.006 0.007 0.008 0.009 0.010 0.012 0.014 0.016 0.019 0.022 0.026 0.030 0.034 0.038 0.042 0.047 0.051 0.056 0.060 0.065 0.069 0.072 0.076 0.079 0.081 0.082 0.083 0.083 0.083 0.081 0.079 0.077 0.074 0.070
0.000 0.000 0.000 0.000 0.000 0.000 0.000 0.000 0.000 0.000 0.000 0.000 0.000 0.000 0.001 0.001 0.001 0.001 0.001 0.002 0.002 0.002 0.002 0.002 0.002 0.002 0.002 0.002 0.002 0.002 0.003 0.003 0.003 0.003 0.004 0.004 0.005 0.005 0.006 0.007 0.008 0.009 0.009 0.010 0.012 0.015 0.018 0.021 0.025 0.030 0.035 0.040 0.046 0.053 0.060 0.068 0.075 0.083 0.092 0.100 0.108 0.115 0.123 0.129 0.136 0.141 0.146 0.149 0.152 0.153 0.153 0.152 0.150 0.147 0.143 0.137 0.131
0.000 0.000 0.000 0.000 0.000 0.000 0.001 0.001 0.001 0.001 0.001 0.001 0.001 0.001 0.001 0.001 0.001 0.002 0.002 0.002 0.002 0.002 0.002 0.002 0.002 0.003 0.003 0.003 0.003 0.004 0.004 0.005 0.005 0.006 0.006 0.007 0.007 0.008 0.009 0.009 0.010 0.013 0.016 0.020 0.024 0.029 0.035 0.042 0.049 0.057 0.066 0.076 0.087 0.098 0.110 0.122 0.134 0.147 0.159 0.172 0.184 0.195 0.206 0.216 0.225 0.232 0.239 0.244 0.247 0.249 0.249 0.248 0.245 0.240 0.234 0.226 0.217
0.001 0.001 0.001 0.001 0.001 0.001 0.001 0.001 0.001 0.001 0.001 0.001 0.001 0.001 0.001 0.002 0.002 0.002 0.002 0.002 0.003 0.003 0.003 0.003 0.004 0.004 0.005 0.005 0.005 0.006 0.006 0.006 0.007 0.007 0.008 0.008 0.009 0.010 0.012 0.015 0.020 0.025 0.030 0.037 0.045 0.054 0.064 0.075 0.087 0.100 0.114 0.130 0.146 0.162 0.179 0.197 0.214 0.232 0.249 0.266 0.282 0.297 0.311 0.323 0.334 0.344 0.352 0.358 0.362 0.364 0.364 0.362 0.358 0.352 0.344 0.334 0.322
0.001 0.001 0.001 0.001 0.001 0.001 0.001 0.001 0.001 0.001 0.002 0.002 0.002 0.002 0.002 0.003 0.003 0.003 0.004 0.004 0.004 0.005 0.005 0.005 0.005 0.006 0.006 0.006 0.006 0.007 0.007 0.007 0.008 0.008 0.009 0.010 0.013 0.018 0.023 0.029 0.036 0.045 0.054 0.065 0.077 0.091 0.106 0.123 0.140 0.159 0.179 0.200 0.222 0.244 0.266 0.289 0.311 0.333 0.354 0.374 0.393 0.411 0.427 0.441 0.454 0.465 0.473 0.480 0.484 0.486 0.486 0.483 0.478 0.471 0.461 0.449 0.435
0.001 0.001 0.001 0.001 0.001 0.002 0.002 0.002 0.002 0.002 0.003 0.003 0.003 0.004 0.004 0.004 0.005 0.005 0.005 0.005 0.005 0.005 0.006 0.006 0.006 0.006 0.006 0.007 0.007 0.007 0.008 0.008 0.009 0.011 0.014 0.019 0.025 0.032 0.040 0.050 0.061 0.074 0.088 0.104 0.122 0.141 0.162 0.184 0.208 0.233 0.258 0.284 0.311 0.338 0.364 0.390 0.416 0.441 0.464 0.487 0.507 0.526 0.544 0.559 0.572 0.584 0.593 0.599 0.603 0.605 0.604 0.601 0.595 0.586 0.575 0.562 0.546
0.001 0.002 0.002 0.002 0.003 0.003 0.003 0.004 0.004 0.004 0.004 0.004 0.005 0.005 0.005 0.005 0.005 0.005 0.005 0.005 0.006 0.006 0.006 0.006 0.006 0.006 0.007 0.007 0.007 0.008 0.009 0.011 0.014 0.020 0.026 0.034 0.043 0.053 0.066 0.080 0.096 0.113 0.133 0.154 0.178 0.203 0.229 0.257 0.285 0.315 0.345 0.375 0.405 0.435 0.464 0.493 0.520 0.547 0.571 0.594 0.616 0.635 0.653 0.668 0.682 0.693 0.701 0.707 0.711 0.712 0.711 0.707 0.700 0.691 0.680 0.666 0.649
0.003 0.003 0.003 0.004 0.004 0.004 0.004 0.004 0.004 0.005 0.005 0.005 0.005 0.005 0.005 0.005 0.005 0.005 0.006 0.006 0.006 0.006 0.006 0.006 0.007 0.007 0.007 0.008 0.009 0.010 0.014 0.019 0.026 0.034 0.043 0.054 0.067 0.082 0.099 0.118 0.139 0.162 0.186 0.213 0.242 0.271 0.302 0.334 0.367 0.400 0.433 0.466 0.498 0.529 0.560 0.589 0.617 0.644 0.669 0.692 0.713 0.732 0.749 0.764 0.777 0.788 0.796 0.802 0.805 0.806 0.804 0.800 0.793 0.783 0.771 0.757 0.740
0.003 0.004 0.004 0.004 0.004 0.004 0.005 0.005 0.005 0.005 0.005 0.005 0.005 0.005 0.005 0.005 0.006 0.006 0.006 0.006 0.006 0.006 0.007 0.007 0.007 0.008 0.008 0.009 0.013 0.018 0.025 0.033 0.042 0.053 0.066 0.081 0.099 0.118 0.139 0.163 0.189 0.216 0.246 0.277 0.309 0.343 0.377 0.412 0.447 0.482 0.516 0.550 0.583 0.615 0.645 0.675 0.702 0.728 0.753 0.775 0.796 0.814 0.831 0.845 0.857 0.867 0.875 0.880 0.884 0.884 0.882 0.878 0.871 0.862 0.850 0.835 0.818
0.004 0.004 0.004 0.005 0.005 0.005 0.005 0.005 0.005 0.005 0.005 0.005 0.005 0.006 0.006 0.006 0.006 0.006 0.006 0.006 0.006 0.007 0.007 0.007 0.008 0.009 0.011 0.016 0.022 0.030 0.039 0.050 0.063 0.078 0.095 0.114 0.136 0.159 0.185 0.213 0.243 0.274 0.307 0.341 0.377 0.412 0.449 0.485 0.521 0.556 0.591 0.625 0.657 0.689 0.718 0.747 0.774 0.799 0.822 0.843 0.863 0.881 0.896 0.910 0.922 0.932 0.939 0.945 0.948 0.948 0.947 0.943 0.936 0.927 0.915 0.901 0.884
0.004 0.005 0.005 0.005 0.005 0.005 0.005 0.005 0.005 0.005 0.005 0.006 0.006 0.006 0.006 0.006 0.006 0.006 0.006 0.007 0.007 0.007 0.008 0.008 0.010 0.014 0.020 0.027 0.036 0.046 0.058 0.073 0.089 0.108 0.128 0.151 0.177 0.204 0.233 0.265 0.298 0.332 0.367 0.403 0.440 0.477 0.513 0.550 0.585 0.620 0.655 0.687 0.719 0.749 0.778 0.805 0.830 0.854 0.876 0.896 0.915 0.932 0.947 0.960 0.972 0.981 0.989 0.995 0.998 0.999 0.998 0.995 0.989 0.981 0.970 0.956 0.940
0.004 0.005 0.005 0.005 0.005 0.005 0.005 0.005 0.005 0.006 0.006 0.006 0.006 0.006 0.006 0.006 0.006 0.006 0.007 0.007 0.007 0.008 0.009 0.011 0.016 0.023 0.031 0.041 0.053 0.066 0.081 0.099 0.119 0.141 0.165 0.191 0.220 0.250 0.282 0.316 0.350 0.386 0.422 0.459 0.496 0.533 0.569 0.604 0.639 0.673 0.706 0.737 0.767 0.796 0.823 0.848 0.872 0.894 0.915 0.934 0.952 0.968 0.983 0.996 1.007 1.017 1.025 1.031 1.036 1.038 1.038 1.036 1.031 1.024 1.014 1.002 0.987
0.004 0.005 0.005 0.005 0.005 0.005 0.005 0.006 0.006 0.006 0.006 0.006 0.006 0.006 0.006 0.006 0.007 0.007 0.007 0.007 0.008 0.009 0.013 0.019 0.027 0.036 0.046 0.059 0.073 0.089 0.107 0.128 0.151 0.176 0.203 0.232 0.262 0.295 0.328 0.363 0.398 0.434 0.471 0.507 0.543 0.579 0.614 0.648 0.681 0.713 0.744 0.773 0.801 0.828 0.853 0.877 0.899 0.920 0.940 0.958 0.975 0.991 1.005 1.018 1.030 1.040 1.049 1.056 1.061 1.065 1.067 1.066 1.063 1.058 1.050 1.039 1.026
0.004 0.005 0.005 0.005 0.006 0.006 0.006 0.006 0.006 0.006 0.006 0.006 0.006 0.006 0.007 0.007 0.007 0.007 0.008 0.008 0.011 0.015 0.022 0.030 0.040 0.051 0.064 0.079 0.096 0.115 0.136 0.159 0.184 0.211 0.240 0.271 0.303 0.336 0.370 0.405 0.440 0.475 0.510 0.545 0.580 0.614 0.647 0.679 0.710 0.740 0.768 0.795 0.821 0.846 0.869 0.891 0.912 0.931 0.950 0.967 0.983 0.999 1.013 1.026 1.039 1.050 1.060 1.068 1.076 1.081 1.085 1.087 1.086 1.083 1.077 1.069 1.057
0.004 0.005 0.006 0.006 0.006 0.006 0.006 0.006 0.006 0.006 0.006 0.006 0.006 0.007 0.007 0.007 0.007 0.008 0.009 0.012 0.018 0.025 0.033 0.043 0.055 0.069 0.084 0.101 0.120 0.141 0.165 0.190 0.216 0.245 0.275 0.306 0.338 0.371 0.405 0.439 0.473 0.507 0.540 0.573 0.605 0.637 0.668 0.697 0.726 0.753 0.779 0.804 0.827 0.850 0.871 0.891 0.910 0.928 0.945 0.962 0.978 0.993 1.007 1.021 1.034 1.047 1.058 1.069 1.078 1.086 1.092 1.096 1.098 1.098 1.095 1.089 1.080
0.004 0.005 0.006 0.006 0.006 0.006 0.006 0.006 0.006 0.006 0.006 0.007 0.007 0.007 0.007 0.007 0.008 0.009 0.013 0.020 0.027 0.036 0.047 0.059 0.072 0.088 0.105 0.124 0.145 0.168 0.192 0.218 0.246 0.275 0.305 0.336 0.367 0.399 0.432 0.464 0.496 0.527 0.559 0.589 0.619 0.648 0.675 0.702 0.728 0.752 0.775 0.797 0.818 0.838 0.857 0.875 0.893 0.909 0.926 0.941 0.957 0.972 0.986 1.001 1.015 1.029 1.042 1.054 1.066 1.076 1.084 1.091 1.096 1.098 1.098 1.095 1.089
0.004 0.006 0.006 0.006 0.006 0.006 0.006 0.006 0.006 0.007 0.007 0.007 0.007 0.007 0.008 0.008 0.010 0.015 0.021 0.029 0.038 0.049 0.061 0.075 0.090 0.107 0.126 0.146 0.168 0.192 0.217 0.243 0.271 0.299 0.328 0.358 0.388 0.418 0.448 0.478 0.508 0.537 0.565 0.592 0.619 0.645 0.669 0.692 0.715 0.736 0.756 0.775 0.793 0.811 0.827 0.843 0.859 0.874 0.889 0.904 0.919 0.934 0.949 0.964 0.979 0.994 1.009 1.022 1.035 1.047 1.058 1.067 1.074 1.079 1.081 1.081 1.079
0.004 0.006 0.006 0.006 0.006 0.006 0.006 0.007 0.007 0.007 0.007 0.007 0.007 0.008 0.008 0.010 0.015 0.022 0.030 0.039 0.050 0.062 0.075 0.090 0.106 0.124 0.144 0.165 0.187 0.211 0.236 0.262 0.288 0.315 0.343 0.371 0.399 0.426 0.454 0.481 0.507 0.533 0.558 0.582 0.604 0.626 0.647 0.666 0.684 0.700 0.716 0.730 0.744 0.756 0.769 0.781 0.793 0.805 0.817 0.830 0.844 0.859 0.874 0.889 0.905 0.920 0.936 0.951 0.965 0.979 0.991 1.002 1.012 1.020 1.026 1.030 1.031
0.004 0.006 0.006 0.006 0.006 0.007 0.007 0.007 0.007 0.007 0.007 0.007 0.007 0.008 0.009 0.014 0.021 0.029 0.037 0.048 0.059 0.072 0.086 0.101 0.118 0.136 0.156 0.177 0.198 0.221 0.245 0.270 0.295 0.320 0.345 0.371 0.396 0.421 0.445 0.469 0.492 0.515 0.537 0.558 0.578 0.597 0.616 0.633 0.650 0.666 0.681 0.696 0.709 0.722 0.733 0.743 0.751 0.759 0.765 0.772 0.779 0.787 0.796 0.805 0.815 0.825 0.835 0.846 0.856 0.866 0.875 0.884 0.892 0.900 0.907 0.913 0.917
0.004 0.006 0.006 0.006 0.007 0.007 0.007 0.007 0.007 0.007 0.007 0.007 0.008 0.008 0.011 0.016 0.023 0.031 0.040 0.050 0.061 0.074 0.087 0.102 0.118 0.136 0.154 0.174 0.195 0.216 0.239 0.261 0.284 0.307 0.330 0.352 0.374 0.393 0.411 0.427 0.441 0.451 0.459 0.464 0.466 0.467 0.466 0.465 0.464 0.464 0.466 0.470 0.478 0.490 0.506 0.526 0.550 0.578 0.608 0.638 0.667 0.696 0.725 0.753 0.782 0.810 0.838 0.866 0.892 0.918 0.942 0.964 0.983 0.999 1.012 1.020 1.026
0.004 0.006 0.006 0.007 0.007 0.007 0.007 0.007 0.007 0.007 0.007 0.008 0.008 0.008 0.009 0.013 0.019 0.025 0.033 0.041 0.049 0.059 0.070 0.082 0.096 0.111 0.128 0.145 0.164 0.183 0.201 0.217 0.231 0.241 0.246 0.245 0.238 0.226 0.211 0.193 0.173 0.153 0.133 0.113 0.095 0.078 0.063 0.050 0.039 0.030 0.023 0.017 0.012 0.010 0.011 0.012 0.015 0.019 0.024 0.031 0.040 0.051 0.063 0.077 0.092 0.108 0.125 0.142 0.159 0.175 0.192 0.208 0.224 0.238 0.252 0.263 0.272
0.004 0.006 0.006 0.006 0.007 0.007 0.007 0.007 0.007 0.007 0.007 0.007 0.007 0.007 0.008 0.008 0.008 0.010 0.014 0.018 0.022 0.027 0.032 0.039 0.047 0.058 0.071 0.088 0.110 0.138 0.172 0.215 0.267 0.329 0.403 0.489 0.587 0.695 0.811 0.933 1.063 1.199 1.343 1.492 1.647 1.806 1.969 2.133 2.298 2.462 2.624 2.782 2.936 3.081 3.218 3.344 3.460 3.565 3.659 3.741 3.811 3.870 3.917 3.953 3.977 3.991 3.994 3.987 3.971 3.946 3.912 3.870 3.821 3.766 3.705 3.638 3.565
0.002 0.003 0.003 0.003 0.004 0.004 0.004 0.004 0.004 0.004 0.004 0.004 0.004 0.004 0.004 0.004 0.004 0.004 0.004 0.004 0.005 0.005 0.005 0.006 0.006 0.007 0.007 0.007 0.006 0.006 0.006 0.006 0.006 0.006 0.006 0.006 0.006 0.007 0.008 0.011 0.017 0.023 0.029 0.035 0.039 0.042 0.042 0.042 0.040 0.037 0.033 0.030 0.027 0.025 0.025 0.025 0.025 0.025 0.025 0.025 0.024 0.024 0.023 0.024 0.025 0.026 0.028 0.030 0.033 0.036 0.039 0.043 0.046 0.050 0.053 0.056 0.060
0.005 0.007 0.008 0.011 0.017 0.025 0.034 0.045 0.058 0.074 0.092 0.114 0.141 0.172 0.208 0.251 0.300 0.358 0.423 0.498 0.581 0.674 0.775 0.885 1.003 1.130 1.264 1.407 1.557 1.716 1.883 2.058 2.241 2.431 2.630 2.835 3.046 3.263 3.485 3.710 3.936 4.161 4.385 4.604 4.817 5.023 5.220 5.407 5.583 5.747 5.897 6.033 6.153 6.259 6.351 6.431 6.498 6.554 6.600 6.637 6.664 6.682 6.692 6.695 6.691 6.682 6.669 6.652 6.633 6.612 6.590 6.567 6.544 6.520 6.494 6.466 6.435
0.002 0.002 0.002 0.002 0.002 0.002 0.002 0.002 0.002 0.002 0.002 0.002 0.003 0.003 0.003 0.003 0.003 0.004 0.004 0.004 0.005 0.005 0.006 0.006 0.006 0.007 0.006 0.006 0.006 0.006 0.006 0.006 0.006 0.006 0.007 0.007 0.008 0.008 0.009 0.010 0.013 0.017 0.020 0.023 0.026 0.028 0.029 0.029 0.028 0.026 0.024 0.021 0.019 0.018 0.016 0.015 0.013 0.012 0.011 0.010 0.010 0.010 0.012 0.015 0.019 0.024 0.030 0.037 0.044 0.053 0.061 0.069 0.077 0.085 0.091 0.097 0.101
0.006 0.013 0.024 0.038 0.053 0.071 0.092 0.116 0.145 0.178 0.217 0.261 0.313 0.371 0.438 0.514 0.598 0.692 0.797 0.911 1.036 1.171 1.316 1.471 1.635 1.807 1.988 2.175 2.369 2.568 2.771 2.977 3.186 3.397 3.609 3.820 4.032 4.242 4.450 4.657 4.861 5.062 5.260 5.454 5.645 5.832 6.015 6.194 6.368 6.538 6.703 6.862 7.017 7.166 7.310 7.448 7.580 7.706 7.826 7.940 8.048 8.148 8.243 8.331 8.411 8.485 8.552 8.612 8.665 8.710 8.747 8.776 8.796 8.808 8.810 8.802 8.785
0.002 0.002 0.002 0.002 0.002 0.002 0.002 0.002 0.002 0.002 0.002 0.002 0.003 0.003 0.003 0.003 0.003 0.004 0.004 0.004 0.005 0.005 0.006 0.006 0.006 0.006 0.006 0.006 0.006 0.006 0.006 0.006 0.006 0.006 0.007 0.007 0.008 0.008 0.009 0.010 0.014 0.017 0.020 0.023 0.026 0.028 0.029 0.029 0.028 0.026 0.024 0.021 0.019 0.018 0.016 0.015 0.014 0.012 0.011 0.010 0.010 0.010 0.012 0.014 0.018 0.024 0.030 0.037 0.044 0.052 0.061 0.069 0.077 0.085 0.091 0.097 0.101
0.005 0.007 0.008 0.011 0.017 0.025 0.034 0.045 0.058 0.074 0.092 0.114 0.141 0.172 0.208 0.251 0.300 0.358 0.423 0.498 0.581 0.674 0.775 0.885 1.003 1.130 1.265 1.407 1.558 1.716 1.883 2.058 2.241 2.432 2.630 2.836 3.047 3.264 3.486 3.711 3.937 4.163 4.386 4.605 4.818 5.024 5.221 5.409 5.585 5.748 5.898 6.034 6.154 6.260 6.352 6.432 6.499 6.555 6.601 6.638 6.665 6.684 6.694 6.697 6.693 6.684 6.671 6.654 6.635 6.614 6.592 6.569 6.545 6.521 6.495 6.467 6.436
0.002 0.003 0.003 0.003 0.004 0.004 0.004 0.004 0.004 0.004 0.004 0.004 0.004 0.004 0.004 0.004 0.004 0.004 0.004 0.004 0.005 0.005 0.005 0.006 0.006 0.007 0.007 0.006 0.006 0.006 0.006 0.006 0.006 0.006 0.006 0.006 0.006 0.007 0.008 0.011 0.017 0.023 0.029 0.035 0.039 0.042 0.043 0.042 0.040 0.037 0.033 0.030 0.027 0.026 0.025 0.025 0.026 0.026 0.026 0.025 0.024 0.024 0.024 0.024 0.025 0.026 0.028 0.030 0.033 0.036 0.039 0.043 0.046 0.050 0.053 0.057 0.060
0.004 0.006 0.006 0.006 0.007 0.007 0.007 0.007 0.007 0.007 0.007 0.007 0.007 0.007 0.008 0.008 0.008 0.010 0.014 0.018 0.022 0.027 0.032 0.039 0.047 0.058 0.071 0.088 0.110 0.138 0.172 0.215 0.267 0.329 0.403 0.489 0.587 0.695 0.811 0.934 1.064 1.200 1.343 1.493 1.648 1.807 1.970 2.135 2.299 2.464 2.625 2.784 2.937 3.083 3.219 3.346 3.462 3.567 3.660 3.742 3.813 3.871 3.918 3.954 3.979 3.992 3.996 3.989 3.972 3.947 3.913 3.871 3.822 3.767 3.705 3.638 3.566
0.004 0.006 0.006 0.007 0.007 0.007 0.007 0.007 0.007 0.007 0.007 0.008 0.008 0.008 0.009 0.013 0.019 0.025 0.033 0.041 0.049 0.059 0.070 0.082 0.096 0.111 0.128 0.145 0.164 0.183 0.201 0.217 0.231 0.241 0.246 0.245 0.238 0.226 0.211 0.193 0.173 0.153 0.133 0.113 0.095 0.078 0.063 0.050 0.039 0.030 0.023 0.017 0.012 0.010 0.011 0.012 0.015 0.019 0.024 0.031 0.040 0.050 0.063 0.077 0.092 0.108 0.125 0.142 0.159 0.176 0.192 0.209 0.224 0.239 0.252 0.264 0.273
