Examples/2023_ISeeSnow/data/CoulombOnly/Results/curv77s/h/1HS_03_curv77s_MoT-Voellmy_h_0060.asc
ncols        113
nrows        63
xllcorner    3672.5
yllcorner    -4407.5
cellsize     5.00
NODATA_value -9999
[rows 0 to 33 of 63, columns 0 to 76 of 113]
0.000 0.000 0.000 0.000 0.000 0.000 0.000 0.000 0.000 0.000 0.000 0.000 0.000 0.000 0.000 0.000 0.000 0.000 0.000 0.000 0.000 0.000 0.000 0.000 0.000 0.000 0.000 0.000 0.000 0.000 0.000 0.000 0.000 0.000 0.000 0.000 0.000 0.001 0.001 0.001 0.001 0.002 0.002 0.002 0.003 0.003 0.003 0.004 0.004 0.004 0.005 0.005 0.005 0.005 0.005 0.005 0.005 0.005 0.004 0.004 0.004 0.003 0.002 0.002 0.001 0.001 0.000 0.000 0.000 0.000 0.000 0.000 0.000 0.000 0.000 0.000 0.000
0.000 0.000 0.000 0.000 0.000 0.000 0.000 0.000 0.000 0.000 0.000 0.000 0.000 0.000 0.000 0.000 0.000 0.000 0.000 0.000 0.000 0.000 0.000 0.000 0.000 0.000 0.000 0.000 0.001 0.001 0.001 0.001 0.002 0.002 0.002 0.003 0.003 0.003 0.004 0.004 0.005 0.005 0.006 0.007 0.007 0.008 0.009 0.010 0.011 0.012 0.013 0.014 0.015 0.015 0.016 0.016 0.017 0.017 0.016 0.016 0.015 0.014 0.014 0.013 0.011 0.010 0.009 0.006 0.004 0.003 0.002 0.001 0.000 0.000 0.000 0.000 0.000
0.000 0.000 0.000 0.000 0.000 0.000 0.000 0.000 0.000 0.000 0.000 0.000 0.000 0.000 0.000 0.000 0.000 0.000 0.000 0.000 0.001 0.001 0.001 0.001 0.002 0.002 0.002 0.002 0.003 0.003 0.003 0.003 0.004 0.004 0.004 0.005 0.006 0.006 0.007 0.008 0.009 0.011 0.012 0.014 0.016 0.018 0.021 0.023 0.026 0.028 0.031 0.033 0.035 0.036 0.038 0.039 0.039 0.039 0.039 0.038 0.037 0.035 0.033 0.031 0.029 0.026 0.023 0.021 0.018 0.016 0.013 0.011 0.009 0.006 0.003 0.001 0.001
0.000 0.000 0.000 0.000 0.000 0.000 0.000 0.000 0.000 0.000 0.000 0.000 0.001 0.001 0.001 0.001 0.002 0.002 0.002 0.002 0.002 0.002 0.002 0.003 0.003 0.003 0.003 0.003 0.004 0.004 0.005 0.005 0.006 0.007 0.008 0.009 0.010 0.012 0.014 0.016 0.019 0.023 0.026 0.030 0.035 0.039 0.044 0.049 0.054 0.059 0.064 0.068 0.072 0.075 0.078 0.080 0.081 0.081 0.080 0.079 0.077 0.074 0.070 0.066 0.061 0.056 0.051 0.046 0.040 0.035 0.031 0.026 0.022 0.019 0.015 0.013 0.010
0.000 0.000 0.000 0.000 0.001 0.001 0.001 0.001 0.002 0.002 0.002 0.002 0.002 0.002 0.002 0.002 0.002 0.002 0.002 0.003 0.003 0.003 0.003 0.004 0.004 0.004 0.005 0.006 0.006 0.007 0.008 0.009 0.009 0.011 0.013 0.016 0.019 0.023 0.027 0.032 0.038 0.044 0.051 0.059 0.066 0.075 0.083 0.092 0.100 0.109 0.116 0.124 0.130 0.136 0.140 0.144 0.146 0.146 0.145 0.143 0.140 0.135 0.129 0.122 0.114 0.106 0.097 0.088 0.079 0.070 0.061 0.053 0.046 0.039 0.032 0.027 0.022
0.002 0.002 0.002 0.002 0.002 0.002 0.002 0.002 0.002 0.002 0.002 0.002 0.002 0.002 0.003 0.003 0.003 0.003 0.004 0.004 0.004 0.005 0.005 0.006 0.006 0.007 0.007 0.008 0.008 0.009 0.010 0.012 0.015 0.019 0.023 0.029 0.035 0.041 0.049 0.058 0.067 0.078 0.089 0.101 0.113 0.126 0.139 0.153 0.166 0.178 0.190 0.201 0.211 0.219 0.225 0.230 0.233 0.234 0.233 0.230 0.225 0.219 0.210 0.200 0.189 0.176 0.163 0.149 0.135 0.121 0.108 0.095 0.082 0.071 0.060 0.051 0.042
0.001 0.001 0.002 0.002 0.002 0.002 0.002 0.002 0.002 0.003 0.003 0.003 0.003 0.004 0.004 0.005 0.005 0.005 0.006 0.006 0.006 0.006 0.007 0.007 0.007 0.008 0.008 0.009 0.010 0.013 0.016 0.021 0.027 0.033 0.040 0.049 0.058 0.069 0.081 0.094 0.108 0.124 0.140 0.157 0.175 0.193 0.211 0.229 0.247 0.264 0.280 0.294 0.307 0.318 0.327 0.333 0.337 0.339 0.338 0.334 0.328 0.319 0.308 0.295 0.280 0.264 0.246 0.228 0.209 0.189 0.170 0.152 0.134 0.117 0.101 0.086 0.073
0.002 0.002 0.002 0.002 0.003 0.003 0.003 0.004 0.004 0.004 0.005 0.005 0.005 0.005 0.006 0.006 0.006 0.006 0.006 0.006 0.006 0.007 0.007 0.007 0.008 0.009 0.010 0.012 0.017 0.022 0.028 0.035 0.043 0.053 0.064 0.076 0.090 0.105 0.122 0.140 0.160 0.180 0.202 0.225 0.248 0.271 0.294 0.316 0.338 0.359 0.378 0.396 0.411 0.425 0.435 0.443 0.448 0.450 0.449 0.445 0.438 0.428 0.415 0.399 0.382 0.362 0.340 0.318 0.294 0.269 0.245 0.221 0.197 0.174 0.152 0.132 0.113
0.003 0.003 0.004 0.004 0.004 0.005 0.005 0.005 0.005 0.005 0.005 0.005 0.006 0.006 0.006 0.006 0.006 0.006 0.006 0.007 0.007 0.007 0.008 0.008 0.009 0.011 0.016 0.021 0.027 0.035 0.044 0.054 0.066 0.079 0.094 0.110 0.129 0.149 0.171 0.194 0.219 0.245 0.271 0.298 0.326 0.353 0.380 0.407 0.432 0.456 0.478 0.498 0.516 0.531 0.543 0.552 0.558 0.560 0.560 0.555 0.547 0.536 0.522 0.505 0.485 0.462 0.438 0.411 0.384 0.355 0.326 0.297 0.268 0.239 0.212 0.186 0.162
0.004 0.005 0.005 0.005 0.005 0.005 0.005 0.005 0.005 0.005 0.006 0.006 0.006 0.006 0.006 0.006 0.006 0.006 0.007 0.007 0.007 0.008 0.009 0.010 0.014 0.019 0.025 0.033 0.042 0.052 0.064 0.077 0.093 0.110 0.129 0.150 0.173 0.198 0.224 0.252 0.281 0.311 0.342 0.373 0.404 0.435 0.465 0.494 0.522 0.548 0.573 0.595 0.614 0.631 0.644 0.654 0.661 0.664 0.663 0.659 0.651 0.639 0.624 0.605 0.584 0.559 0.533 0.504 0.473 0.441 0.408 0.375 0.341 0.308 0.276 0.245 0.216
0.005 0.005 0.005 0.005 0.005 0.005 0.005 0.005 0.006 0.006 0.006 0.006 0.006 0.006 0.006 0.006 0.007 0.007 0.007 0.007 0.008 0.009 0.011 0.016 0.022 0.029 0.038 0.047 0.059 0.072 0.087 0.104 0.124 0.145 0.168 0.193 0.220 0.249 0.279 0.311 0.344 0.377 0.411 0.445 0.479 0.512 0.544 0.575 0.605 0.633 0.659 0.682 0.703 0.721 0.735 0.747 0.754 0.758 0.758 0.754 0.746 0.734 0.718 0.699 0.676 0.651 0.622 0.591 0.558 0.523 0.487 0.451 0.414 0.377 0.341 0.306 0.272
0.005 0.005 0.005 0.005 0.005 0.005 0.005 0.006 0.006 0.006 0.006 0.006 0.006 0.006 0.006 0.007 0.007 0.007 0.007 0.008 0.009 0.012 0.018 0.024 0.032 0.041 0.052 0.065 0.079 0.095 0.114 0.134 0.157 0.181 0.208 0.237 0.267 0.299 0.333 0.367 0.403 0.438 0.475 0.510 0.546 0.581 0.615 0.647 0.679 0.708 0.735 0.759 0.781 0.800 0.816 0.828 0.837 0.842 0.842 0.839 0.832 0.820 0.804 0.785 0.761 0.735 0.705 0.672 0.638 0.601 0.563 0.523 0.484 0.444 0.404 0.365 0.328
0.005 0.005 0.005 0.005 0.005 0.006 0.006 0.006 0.006 0.006 0.006 0.006 0.006 0.006 0.007 0.007 0.007 0.007 0.008 0.009 0.013 0.019 0.026 0.034 0.044 0.056 0.069 0.084 0.101 0.120 0.141 0.165 0.191 0.218 0.248 0.280 0.313 0.347 0.383 0.419 0.456 0.494 0.531 0.568 0.605 0.641 0.676 0.710 0.742 0.772 0.800 0.826 0.849 0.869 0.886 0.899 0.909 0.915 0.917 0.915 0.908 0.897 0.882 0.862 0.839 0.812 0.781 0.748 0.711 0.673 0.633 0.591 0.549 0.507 0.464 0.423 0.382
0.005 0.005 0.005 0.005 0.006 0.006 0.006 0.006 0.006 0.006 0.006 0.006 0.006 0.007 0.007 0.007 0.007 0.008 0.010 0.014 0.020 0.027 0.036 0.046 0.058 0.071 0.087 0.104 0.124 0.146 0.170 0.196 0.224 0.254 0.286 0.319 0.354 0.391 0.428 0.465 0.504 0.542 0.580 0.618 0.655 0.692 0.727 0.762 0.794 0.825 0.854 0.881 0.905 0.926 0.945 0.960 0.971 0.979 0.982 0.981 0.975 0.965 0.951 0.932 0.909 0.882 0.851 0.817 0.780 0.740 0.698 0.655 0.611 0.566 0.521 0.476 0.433
0.005 0.005 0.005 0.006 0.006 0.006 0.006 0.006 0.006 0.006 0.006 0.006 0.007 0.007 0.007 0.007 0.008 0.010 0.014 0.020 0.028 0.036 0.047 0.059 0.072 0.088 0.105 0.125 0.147 0.171 0.197 0.225 0.255 0.287 0.321 0.355 0.392 0.429 0.467 0.505 0.544 0.582 0.621 0.659 0.696 0.733 0.769 0.803 0.836 0.868 0.898 0.925 0.950 0.973 0.993 1.009 1.022 1.032 1.037 1.037 1.034 1.025 1.012 0.994 0.972 0.945 0.914 0.880 0.842 0.802 0.759 0.714 0.668 0.621 0.574 0.527 0.481
0.005 0.005 0.006 0.006 0.006 0.006 0.006 0.006 0.006 0.006 0.006 0.007 0.007 0.007 0.007 0.008 0.009 0.014 0.020 0.027 0.036 0.046 0.058 0.072 0.087 0.105 0.124 0.146 0.169 0.195 0.223 0.252 0.284 0.317 0.351 0.387 0.424 0.461 0.499 0.538 0.576 0.615 0.653 0.691 0.728 0.764 0.800 0.835 0.868 0.900 0.930 0.959 0.985 1.009 1.030 1.049 1.063 1.075 1.082 1.084 1.083 1.076 1.065 1.048 1.027 1.002 0.972 0.937 0.900 0.859 0.815 0.769 0.721 0.673 0.623 0.574 0.526
0.005 0.005 0.006 0.006 0.006 0.006 0.006 0.006 0.006 0.006 0.007 0.007 0.007 0.007 0.008 0.009 0.013 0.019 0.027 0.035 0.045 0.057 0.070 0.086 0.103 0.122 0.142 0.166 0.191 0.218 0.246 0.277 0.309 0.343 0.377 0.413 0.450 0.487 0.525 0.563 0.601 0.639 0.677 0.714 0.750 0.786 0.822 0.856 0.889 0.922 0.952 0.981 1.009 1.034 1.057 1.077 1.094 1.107 1.116 1.121 1.122 1.118 1.108 1.094 1.075 1.051 1.022 0.989 0.951 0.910 0.866 0.820 0.771 0.721 0.670 0.619 0.568
0.005 0.006 0.006 0.006 0.006 0.006 0.006 0.006 0.006 0.006 0.007 0.007 0.007 0.008 0.009 0.012 0.018 0.025 0.034 0.044 0.055 0.068 0.083 0.099 0.117 0.138 0.160 0.184 0.210 0.238 0.267 0.298 0.331 0.364 0.399 0.434 0.471 0.507 0.544 0.581 0.618 0.655 0.692 0.728 0.764 0.799 0.834 0.868 0.901 0.933 0.964 0.993 1.021 1.048 1.072 1.094 1.112 1.128 1.139 1.147 1.150 1.148 1.141 1.130 1.113 1.091 1.064 1.032 0.996 0.956 0.912 0.865 0.816 0.765 0.713 0.661 0.608
0.005 0.006 0.006 0.006 0.006 0.006 0.006 0.006 0.006 0.007 0.007 0.007 0.008 0.008 0.011 0.017 0.024 0.032 0.041 0.052 0.065 0.079 0.094 0.112 0.131 0.153 0.176 0.200 0.227 0.255 0.285 0.316 0.348 0.381 0.415 0.450 0.485 0.521 0.556 0.592 0.628 0.663 0.699 0.734 0.768 0.802 0.836 0.869 0.901 0.933 0.964 0.994 1.023 1.050 1.075 1.098 1.119 1.136 1.150 1.160 1.165 1.166 1.162 1.153 1.139 1.119 1.095 1.065 1.031 0.993 0.951 0.905 0.856 0.805 0.753 0.699 0.645
0.005 0.006 0.006 0.006 0.006 0.006 0.006 0.006 0.007 0.007 0.007 0.007 0.008 0.010 0.015 0.022 0.029 0.039 0.049 0.061 0.074 0.089 0.106 0.124 0.144 0.166 0.189 0.214 0.241 0.269 0.299 0.329 0.361 0.393 0.426 0.459 0.493 0.527 0.561 0.595 0.629 0.663 0.697 0.730 0.763 0.795 0.828 0.860 0.891 0.922 0.953 0.983 1.012 1.039 1.066 1.090 1.112 1.131 1.146 1.158 1.166 1.169 1.168 1.161 1.150 1.134 1.112 1.086 1.055 1.019 0.979 0.936 0.889 0.839 0.786 0.733 0.678
0.005 0.006 0.006 0.006 0.006 0.006 0.006 0.007 0.007 0.007 0.007 0.008 0.009 0.013 0.019 0.027 0.035 0.045 0.056 0.069 0.083 0.098 0.116 0.134 0.155 0.177 0.201 0.226 0.252 0.279 0.308 0.338 0.368 0.399 0.431 0.462 0.494 0.526 0.559 0.590 0.622 0.654 0.685 0.716 0.747 0.778 0.809 0.839 0.870 0.900 0.930 0.959 0.988 1.016 1.042 1.067 1.090 1.110 1.126 1.140 1.149 1.154 1.155 1.152 1.143 1.130 1.112 1.089 1.062 1.030 0.994 0.954 0.910 0.862 0.812 0.760 0.705
0.005 0.006 0.006 0.006 0.006 0.006 0.007 0.007 0.007 0.007 0.007 0.008 0.011 0.016 0.023 0.031 0.040 0.051 0.063 0.076 0.090 0.106 0.124 0.143 0.163 0.185 0.208 0.233 0.259 0.285 0.313 0.341 0.370 0.399 0.429 0.458 0.488 0.518 0.547 0.577 0.606 0.635 0.664 0.692 0.720 0.749 0.777 0.806 0.834 0.863 0.892 0.921 0.950 0.978 1.006 1.032 1.056 1.078 1.097 1.113 1.125 1.133 1.137 1.136 1.131 1.120 1.106 1.086 1.062 1.033 1.000 0.963 0.922 0.877 0.829 0.779 0.726
0.005 0.006 0.006 0.006 0.006 0.006 0.007 0.007 0.007 0.007 0.008 0.009 0.013 0.019 0.026 0.035 0.045 0.055 0.067 0.081 0.095 0.111 0.129 0.148 0.168 0.189 0.212 0.236 0.260 0.286 0.312 0.338 0.365 0.392 0.420 0.447 0.474 0.501 0.528 0.554 0.581 0.607 0.633 0.660 0.686 0.712 0.739 0.766 0.793 0.819 0.846 0.871 0.896 0.919 0.941 0.961 0.978 0.994 1.006 1.016 1.024 1.029 1.031 1.030 1.027 1.021 1.012 0.999 0.983 0.964 0.940 0.913 0.882 0.848 0.809 0.766 0.721
0.005 0.006 0.006 0.006 0.006 0.007 0.007 0.007 0.007 0.007 0.008 0.009 0.014 0.020 0.028 0.037 0.046 0.057 0.069 0.082 0.097 0.113 0.130 0.148 0.167 0.188 0.210 0.232 0.255 0.279 0.303 0.328 0.352 0.377 0.401 0.424 0.447 0.469 0.491 0.512 0.532 0.553 0.573 0.595 0.617 0.641 0.667 0.695 0.725 0.757 0.792 0.829 0.869 0.910 0.952 0.995 1.036 1.076 1.113 1.147 1.175 1.198 1.214 1.224 1.227 1.223 1.212 1.194 1.170 1.139 1.103 1.062 1.015 0.965 0.910 0.853 0.793
0.005 0.006 0.006 0.006 0.006 0.007 0.007 0.007 0.007 0.007 0.008 0.009 0.013 0.019 0.027 0.035 0.044 0.055 0.066 0.079 0.093 0.108 0.124 0.142 0.160 0.179 0.200 0.221 0.243 0.265 0.287 0.310 0.333 0.356 0.379 0.402 0.425 0.447 0.468 0.488 0.506 0.521 0.536 0.551 0.568 0.585 0.603 0.621 0.639 0.656 0.672 0.686 0.698 0.707 0.712 0.713 0.711 0.705 0.696 0.684 0.670 0.654 0.638 0.622 0.607 0.593 0.579 0.567 0.557 0.547 0.538 0.529 0.521 0.513 0.504 0.494 0.483
0.005 0.006 0.006 0.006 0.007 0.007 0.007 0.007 0.007 0.007 0.007 0.008 0.010 0.015 0.021 0.029 0.037 0.047 0.057 0.069 0.082 0.095 0.110 0.127 0.144 0.162 0.181 0.200 0.220 0.239 0.258 0.276 0.293 0.308 0.322 0.335 0.347 0.361 0.376 0.395 0.419 0.447 0.478 0.507 0.536 0.564 0.594 0.625 0.659 0.697 0.739 0.785 0.835 0.889 0.946 1.006 1.068 1.132 1.196 1.260 1.323 1.383 1.439 1.490 1.535 1.571 1.598 1.613 1.616 1.607 1.584 1.547 1.498 1.436 1.364 1.281 1.189
0.005 0.006 0.006 0.006 0.007 0.007 0.007 0.007 0.007 0.007 0.007 0.007 0.008 0.009 0.012 0.018 0.025 0.033 0.041 0.050 0.060 0.069 0.078 0.086 0.092 0.096 0.098 0.098 0.097 0.093 0.088 0.081 0.073 0.064 0.055 0.047 0.039 0.033 0.030 0.028 0.027 0.028 0.030 0.036 0.046 0.059 0.076 0.095 0.114 0.132 0.149 0.163 0.174 0.181 0.186 0.187 0.185 0.181 0.175 0.167 0.159 0.150 0.141 0.132 0.125 0.119 0.116 0.114 0.114 0.116 0.120 0.124 0.127 0.130 0.131 0.130 0.127
0.005 0.005 0.006 0.006 0.006 0.006 0.006 0.006 0.007 0.007 0.007 0.007 0.007 0.008 0.008 0.009 0.014 0.021 0.030 0.042 0.058 0.078 0.106 0.141 0.185 0.239 0.303 0.378 0.467 0.569 0.686 0.819 0.966 1.128 1.302 1.486 1.676 1.868 2.060 2.251 2.441 2.627 2.810 2.988 3.156 3.311 3.451 3.576 3.687 3.783 3.867 3.939 3.999 4.049 4.089 4.120 4.142 4.156 4.162 4.160 4.149 4.129 4.099 4.059 4.007 3.944 3.868 3.780 3.680 3.568 3.445 3.313 3.171 3.021 2.865 2.703 2.536
0.001 0.002 0.002 0.002 0.002 0.002 0.002 0.002 0.003 0.003 0.003 0.003 0.004 0.004 0.004 0.005 0.005 0.005 0.006 0.006 0.006 0.006 0.007 0.007 0.007 0.007 0.008 0.011 0.015 0.021 0.026 0.029 0.031 0.031 0.029 0.025 0.020 0.016 0.011 0.009 0.008 0.008 0.009 0.010 0.011 0.015 0.022 0.032 0.045 0.060 0.076 0.093 0.108 0.122 0.134 0.142 0.149 0.152 0.153 0.152 0.150 0.147 0.144 0.141 0.139 0.138 0.138 0.139 0.138 0.136 0.133 0.128 0.121 0.112 0.102 0.091 0.078
0.009 0.016 0.026 0.037 0.050 0.065 0.083 0.105 0.130 0.160 0.195 0.237 0.286 0.344 0.410 0.487 0.574 0.673 0.785 0.910 1.050 1.206 1.377 1.565 1.769 1.990 2.226 2.477 2.741 3.015 3.299 3.590 3.885 4.181 4.476 4.765 5.047 5.316 5.569 5.805 6.022 6.220 6.399 6.561 6.705 6.833 6.946 7.041 7.122 7.187 7.241 7.286 7.324 7.357 7.388 7.419 7.450 7.482 7.516 7.549 7.581 7.610 7.633 7.648 7.652 7.642 7.616 7.572 7.510 7.426 7.320 7.191 7.036 6.857 6.652 6.423 6.170
0.003 0.003 0.003 0.003 0.003 0.003 0.003 0.003 0.003 0.003 0.003 0.003 0.003 0.003 0.003 0.003 0.003 0.003 0.004 0.004 0.004 0.004 0.004 0.005 0.005 0.006 0.006 0.008 0.009 0.012 0.018 0.024 0.030 0.035 0.038 0.039 0.038 0.036 0.032 0.028 0.024 0.020 0.015 0.011 0.009 0.008 0.008 0.009 0.011 0.015 0.020 0.025 0.031 0.036 0.040 0.042 0.042 0.041 0.038 0.034 0.030 0.025 0.021 0.018 0.015 0.014 0.015 0.016 0.017 0.018 0.020 0.021 0.022 0.022 0.023 0.024 0.025
0.007 0.014 0.025 0.040 0.057 0.079 0.105 0.136 0.174 0.220 0.276 0.341 0.419 0.510 0.616 0.738 0.876 1.031 1.204 1.394 1.600 1.822 2.057 2.306 2.565 2.833 3.108 3.389 3.674 3.961 4.249 4.537 4.824 5.108 5.390 5.668 5.943 6.212 6.477 6.736 6.989 7.235 7.475 7.708 7.934 8.151 8.362 8.564 8.757 8.942 9.118 9.284 9.441 9.587 9.723 9.847 9.960 10.059 10.145 10.217 10.274 10.315 10.339 10.345 10.334 10.304 10.254 10.186 10.097 9.989 9.861 9.714 9.548 9.362 9.158 8.936 8.696
0.003 0.003 0.003 0.003 0.003 0.003 0.003 0.003 0.003 0.003 0.003 0.003 0.003 0.003 0.003 0.003 0.003 0.003 0.004 0.004 0.004 0.004 0.004 0.005 0.005 0.006 0.006 0.008 0.009 0.012 0.018 0.024 0.030 0.035 0.038 0.039 0.038 0.036 0.032 0.028 0.024 0.020 0.015 0.011 0.009 0.008 0.008 0.009 0.011 0.015 0.020 0.025 0.031 0.036 0.040 0.042 0.042 0.041 0.038 0.034 0.029 0.025 0.021 0.017 0.015 0.014 0.015 0.016 0.017 0.018 0.019 0.020 0.021 0.022 0.023 0.024 0.025
0.009 0.016 0.026 0.037 0.050 0.065 0.083 0.105 0.130 0.160 0.195 0.237 0.287 0.344 0.410 0.487 0.574 0.673 0.785 0.911 1.051 1.206 1.378 1.565 1.770 1.991 2.227 2.478 2.742 3.017 3.301 3.591 3.886 4.183 4.477 4.767 5.048 5.317 5.570 5.806 6.023 6.221 6.400 6.562 6.706 6.834 6.946 7.042 7.123 7.189 7.243 7.287 7.325 7.358 7.389 7.420 7.451 7.484 7.517 7.551 7.583 7.611 7.634 7.649 7.652 7.643 7.617 7.573 7.511 7.427 7.322 7.192 7.037 6.858 6.654 6.424 6.171
