Examples/2023_ISeeSnow/data/CoulombOnly/Results/curv77s/h/1HS_03_curv77s_MoT-Voellmy_h_0017.asc
ncols        102
nrows        39
xllcorner    1217.5
yllcorner    -4347.5
cellsize     5.00
NODATA_value -9999
[rows 0 to 33 of 39, columns 0 to 76 of 102]
0.002 0.003 0.004 0.005 0.006 0.004 0.000 0.000 0.000 0.000 0.000 0.000 0.000 0.000 0.000 0.000 0.000 0.000 0.000 0.000 0.000 0.000 0.000 0.000 0.000 0.000 0.000 0.000 0.000 0.000 0.000 0.000 0.000 0.000 0.000 0.000 0.000 0.000 0.000 0.000 0.000 0.000 0.000 0.000 0.000 0.000 0.000 0.000 0.000 0.000 0.000 0.000 0.000 0.000 0.000 0.000 0.000 0.000 0.000 0.000 0.000 0.000 0.000 0.000 0.000 0.000 0.000 0.000 0.000 0.000 0.000 0.000 0.000 0.000 0.000 0.000 0.000
0.003 0.004 0.005 0.005 0.005 0.005 0.005 0.005 0.005 0.005 0.005 0.005 0.006 0.006 0.007 0.008 0.010 0.014 0.017 0.020 0.022 0.024 0.024 0.024 0.024 0.023 0.021 0.019 0.016 0.013 0.010 0.009 0.008 0.008 0.009 0.008 0.002 0.000 0.000 0.000 0.000 0.000 0.000 0.000 0.000 0.000 0.000 0.000 0.000 0.000 0.000 0.000 0.000 0.000 0.000 0.000 0.000 0.000 0.000 0.000 0.000 0.000 0.000 0.000 0.000 0.000 0.000 0.000 0.000 0.000 0.000 0.000 0.000 0.000 0.000 0.000 0.000
0.003 0.005 0.005 0.006 0.006 0.006 0.007 0.007 0.008 0.009 0.014 0.020 0.028 0.038 0.049 0.061 0.075 0.090 0.104 0.118 0.130 0.140 0.147 0.152 0.153 0.152 0.148 0.141 0.132 0.121 0.109 0.097 0.086 0.075 0.064 0.053 0.043 0.034 0.026 0.020 0.014 0.010 0.008 0.008 0.008 0.008 0.005 0.000 0.000 0.000 0.000 0.000 0.000 0.000 0.000 0.000 0.000 0.000 0.000 0.000 0.000 0.000 0.000 0.000 0.000 0.000 0.000 0.000 0.000 0.000 0.000 0.000 0.000 0.000 0.000 0.000 0.000
0.004 0.005 0.006 0.006 0.007 0.007 0.008 0.012 0.019 0.028 0.040 0.055 0.073 0.093 0.116 0.140 0.166 0.191 0.217 0.241 0.263 0.283 0.300 0.313 0.323 0.330 0.332 0.330 0.325 0.316 0.304 0.289 0.272 0.253 0.233 0.211 0.190 0.168 0.147 0.127 0.108 0.091 0.077 0.065 0.055 0.045 0.036 0.027 0.021 0.015 0.010 0.007 0.006 0.006 0.007 0.008 0.005 0.000 0.000 0.000 0.000 0.000 0.000 0.000 0.000 0.000 0.000 0.000 0.000 0.000 0.000 0.000 0.000 0.000 0.000 0.000 0.000
0.004 0.005 0.006 0.007 0.008 0.011 0.018 0.028 0.041 0.058 0.078 0.102 0.128 0.158 0.190 0.223 0.258 0.292 0.325 0.357 0.386 0.413 0.435 0.455 0.470 0.481 0.487 0.490 0.488 0.482 0.473 0.460 0.445 0.427 0.407 0.384 0.361 0.336 0.311 0.285 0.260 0.235 0.212 0.189 0.168 0.148 0.129 0.111 0.095 0.080 0.066 0.054 0.045 0.037 0.032 0.026 0.020 0.015 0.011 0.007 0.006 0.005 0.005 0.006 0.007 0.003 0.000 0.000 0.000 0.000 0.000 0.000 0.000 0.000 0.000 0.000 0.000
0.004 0.006 0.007 0.008 0.012 0.021 0.032 0.047 0.065 0.087 0.112 0.141 0.172 0.204 0.238 0.273 0.308 0.342 0.375 0.406 0.436 0.464 0.489 0.512 0.532 0.550 0.565 0.577 0.586 0.592 0.596 0.596 0.593 0.587 0.577 0.565 0.550 0.532 0.512 0.489 0.465 0.439 0.413 0.385 0.358 0.329 0.301 0.273 0.246 0.219 0.194 0.169 0.147 0.127 0.109 0.093 0.078 0.065 0.053 0.043 0.034 0.027 0.022 0.018 0.014 0.009 0.006 0.005 0.006 0.007 0.006 0.001 0.000 0.000 0.000 0.000 0.000
0.004 0.007 0.009 0.016 0.027 0.041 0.058 0.080 0.105 0.135 0.168 0.205 0.244 0.286 0.329 0.374 0.418 0.462 0.505 0.546 0.586 0.623 0.658 0.690 0.720 0.745 0.767 0.785 0.799 0.807 0.811 0.810 0.805 0.795 0.782 0.766 0.746 0.725 0.702 0.677 0.652 0.626 0.600 0.573 0.546 0.518 0.489 0.461 0.431 0.401 0.371 0.340 0.310 0.281 0.252 0.225 0.198 0.174 0.150 0.128 0.109 0.091 0.075 0.062 0.050 0.040 0.031 0.024 0.019 0.015 0.010 0.007 0.006 0.006 0.007 0.004 0.000
0.004 0.007 0.011 0.020 0.033 0.049 0.069 0.093 0.121 0.154 0.190 0.229 0.272 0.316 0.362 0.409 0.455 0.501 0.546 0.589 0.629 0.667 0.701 0.732 0.759 0.783 0.804 0.821 0.836 0.848 0.858 0.867 0.873 0.878 0.881 0.881 0.879 0.874 0.867 0.856 0.843 0.827 0.809 0.788 0.766 0.741 0.715 0.687 0.658 0.627 0.596 0.563 0.529 0.494 0.459 0.424 0.389 0.354 0.320 0.286 0.253 0.222 0.193 0.165 0.140 0.117 0.097 0.079 0.064 0.051 0.040 0.030 0.023 0.018 0.014 0.008 0.006
0.005 0.008 0.015 0.027 0.042 0.060 0.083 0.109 0.139 0.172 0.209 0.248 0.290 0.333 0.378 0.425 0.473 0.521 0.569 0.618 0.665 0.711 0.756 0.798 0.837 0.873 0.906 0.934 0.958 0.978 0.994 1.006 1.014 1.020 1.022 1.023 1.021 1.018 1.013 1.006 0.999 0.990 0.980 0.968 0.955 0.940 0.922 0.903 0.881 0.858 0.832 0.803 0.773 0.740 0.706 0.670 0.632 0.593 0.553 0.512 0.470 0.428 0.386 0.345 0.305 0.266 0.230 0.196 0.165 0.137 0.112 0.090 0.072 0.057 0.044 0.033 0.025
0.005 0.010 0.019 0.033 0.051 0.073 0.101 0.133 0.171 0.214 0.261 0.313 0.368 0.425 0.483 0.542 0.601 0.658 0.715 0.769 0.821 0.871 0.919 0.964 1.006 1.046 1.083 1.116 1.146 1.172 1.193 1.210 1.223 1.230 1.233 1.232 1.227 1.219 1.209 1.197 1.184 1.171 1.158 1.144 1.131 1.118 1.104 1.089 1.074 1.057 1.039 1.020 0.998 0.973 0.947 0.918 0.886 0.851 0.814 0.774 0.732 0.687 0.640 0.591 0.541 0.490 0.439 0.389 0.341 0.294 0.251 0.211 0.175 0.143 0.115 0.091 0.072
0.005 0.011 0.022 0.037 0.057 0.081 0.110 0.144 0.182 0.224 0.268 0.315 0.363 0.412 0.460 0.508 0.555 0.601 0.646 0.690 0.733 0.774 0.814 0.852 0.888 0.923 0.956 0.987 1.018 1.048 1.078 1.107 1.136 1.165 1.193 1.219 1.244 1.267 1.286 1.303 1.316 1.326 1.331 1.334 1.333 1.329 1.322 1.313 1.302 1.289 1.274 1.257 1.238 1.218 1.196 1.172 1.145 1.116 1.084 1.049 1.011 0.969 0.923 0.874 0.822 0.766 0.708 0.648 0.586 0.525 0.464 0.406 0.350 0.297 0.249 0.206 0.167
0.006 0.012 0.023 0.039 0.060 0.086 0.118 0.155 0.198 0.247 0.301 0.358 0.420 0.485 0.552 0.621 0.691 0.761 0.830 0.899 0.966 1.030 1.092 1.150 1.203 1.252 1.295 1.333 1.364 1.390 1.409 1.422 1.430 1.434 1.434 1.432 1.428 1.424 1.420 1.417 1.416 1.415 1.416 1.418 1.421 1.424 1.427 1.430 1.432 1.433 1.432 1.430 1.425 1.419 1.409 1.397 1.382 1.364 1.342 1.316 1.286 1.251 1.212 1.168 1.119 1.066 1.007 0.945 0.878 0.809 0.738 0.666 0.594 0.523 0.455 0.390 0.329
0.006 0.012 0.025 0.042 0.064 0.091 0.125 0.165 0.211 0.262 0.318 0.377 0.438 0.501 0.564 0.626 0.687 0.746 0.804 0.858 0.911 0.961 1.010 1.057 1.103 1.147 1.191 1.235 1.278 1.320 1.362 1.403 1.442 1.479 1.513 1.545 1.572 1.596 1.615 1.630 1.642 1.650 1.656 1.659 1.660 1.660 1.658 1.656 1.654 1.651 1.648 1.644 1.640 1.636 1.630 1.623 1.614 1.602 1.588 1.570 1.548 1.522 1.491 1.455 1.413 1.365 1.312 1.253 1.188 1.119 1.045 0.967 0.887 0.804 0.721 0.639 0.558
0.006 0.012 0.024 0.041 0.064 0.091 0.126 0.166 0.212 0.265 0.322 0.384 0.449 0.517 0.586 0.657 0.729 0.800 0.870 0.940 1.007 1.072 1.135 1.194 1.249 1.300 1.346 1.387 1.423 1.455 1.482 1.505 1.524 1.541 1.556 1.569 1.582 1.595 1.608 1.621 1.636 1.651 1.667 1.684 1.700 1.717 1.733 1.749 1.764 1.778 1.791 1.802 1.812 1.820 1.826 1.831 1.832 1.831 1.826 1.818 1.805 1.788 1.765 1.737 1.702 1.662 1.615 1.561 1.502 1.436 1.364 1.287 1.204 1.118 1.028 0.935 0.841
0.006 0.012 0.025 0.042 0.065 0.093 0.129 0.171 0.221 0.277 0.339 0.406 0.477 0.551 0.628 0.705 0.783 0.861 0.938 1.013 1.086 1.157 1.226 1.292 1.356 1.417 1.475 1.530 1.581 1.630 1.674 1.715 1.752 1.785 1.814 1.839 1.860 1.877 1.892 1.904 1.914 1.922 1.930 1.937 1.944 1.951 1.958 1.966 1.975 1.985 1.995 2.005 2.016 2.027 2.037 2.047 2.055 2.061 2.064 2.065 2.061 2.052 2.039 2.019 1.993 1.960 1.921 1.874 1.820 1.760 1.692 1.618 1.537 1.450 1.357 1.260 1.158
0.006 0.012 0.024 0.041 0.064 0.092 0.127 0.169 0.218 0.273 0.334 0.399 0.469 0.541 0.614 0.689 0.764 0.838 0.911 0.982 1.051 1.118 1.182 1.243 1.301 1.356 1.407 1.456 1.500 1.542 1.581 1.617 1.651 1.683 1.713 1.743 1.771 1.799 1.826 1.854 1.881 1.908 1.935 1.962 1.988 2.015 2.041 2.067 2.093 2.118 2.143 2.167 2.190 2.213 2.235 2.255 2.274 2.291 2.304 2.315 2.321 2.323 2.319 2.310 2.293 2.270 2.239 2.201 2.155 2.101 2.038 1.969 1.891 1.806 1.713 1.613 1.507
0.006 0.012 0.024 0.041 0.064 0.093 0.128 0.172 0.222 0.280 0.344 0.414 0.490 0.569 0.651 0.736 0.821 0.907 0.993 1.079 1.162 1.244 1.323 1.400 1.473 1.543 1.609 1.671 1.728 1.781 1.829 1.872 1.911 1.946 1.977 2.004 2.028 2.050 2.070 2.088 2.105 2.122 2.139 2.156 2.174 2.193 2.213 2.234 2.256 2.280 2.305 2.331 2.357 2.385 2.413 2.440 2.467 2.493 2.516 2.537 2.555 2.568 2.576 2.579 2.575 2.565 2.547 2.521 2.487 2.445 2.394 2.334 2.266 2.187 2.100 2.003 1.896
0.006 0.012 0.024 0.041 0.063 0.092 0.128 0.171 0.221 0.278 0.341 0.410 0.483 0.559 0.637 0.717 0.797 0.877 0.955 1.032 1.107 1.180 1.250 1.318 1.383 1.445 1.504 1.561 1.615 1.667 1.716 1.763 1.807 1.850 1.891 1.931 1.969 2.006 2.043 2.078 2.114 2.149 2.184 2.218 2.253 2.288 2.323 2.359 2.395 2.431 2.467 2.504 2.541 2.578 2.615 2.652 2.687 2.721 2.753 2.783 2.808 2.830 2.847 2.858 2.863 2.862 2.855 2.840 2.818 2.788 2.751 2.706 2.651 2.588 2.514 2.429 2.331
0.006 0.012 0.024 0.041 0.064 0.093 0.130 0.174 0.225 0.284 0.350 0.422 0.500 0.581 0.667 0.754 0.844 0.934 1.024 1.114 1.203 1.290 1.374 1.457 1.535 1.611 1.682 1.750 1.812 1.871 1.925 1.974 2.019 2.061 2.099 2.133 2.165 2.196 2.224 2.252 2.279 2.306 2.333 2.361 2.390 2.419 2.450 2.482 2.516 2.551 2.587 2.624 2.662 2.701 2.740 2.780 2.818 2.856 2.891 2.925 2.955 2.982 3.004 3.021 3.033 3.040 3.041 3.036 3.026 3.010 2.988 2.959 2.925 2.884 2.835 2.778 2.710
0.006 0.013 0.026 0.044 0.068 0.099 0.136 0.182 0.234 0.294 0.361 0.433 0.509 0.589 0.671 0.755 0.839 0.923 1.005 1.086 1.165 1.241 1.315 1.386 1.455 1.520 1.583 1.643 1.700 1.754 1.806 1.855 1.902 1.946 1.989 2.030 2.070 2.108 2.146 2.183 2.219 2.255 2.291 2.327 2.363 2.399 2.436 2.473 2.510 2.548 2.587 2.626 2.665 2.705 2.744 2.783 2.821 2.858 2.892 2.925 2.954 2.979 3.000 3.016 3.027 3.033 3.033 3.028 3.017 3.000 2.978 2.951 2.918 2.880 2.836 2.787 2.733
0.006 0.012 0.024 0.041 0.064 0.093 0.130 0.174 0.225 0.284 0.350 0.422 0.500 0.581 0.667 0.754 0.844 0.934 1.024 1.114 1.203 1.290 1.374 1.457 1.535 1.611 1.682 1.750 1.812 1.871 1.925 1.974 2.019 2.061 2.098 2.133 2.165 2.196 2.224 2.252 2.279 2.306 2.333 2.361 2.389 2.419 2.450 2.482 2.516 2.550 2.586 2.624 2.662 2.701 2.740 2.779 2.818 2.855 2.891 2.925 2.955 2.981 3.003 3.021 3.033 3.040 3.041 3.036 3.026 3.009 2.987 2.959 2.925 2.883 2.835 2.777 2.709
0.006 0.012 0.024 0.041 0.063 0.092 0.128 0.171 0.221 0.278 0.341 0.410 0.483 0.559 0.637 0.717 0.797 0.876 0.955 1.032 1.107 1.179 1.250 1.317 1.382 1.445 1.504 1.561 1.615 1.667 1.716 1.762 1.807 1.850 1.891 1.930 1.968 2.006 2.042 2.078 2.113 2.148 2.183 2.218 2.253 2.288 2.323 2.358 2.394 2.430 2.467 2.503 2.540 2.577 2.614 2.651 2.686 2.720 2.752 2.782 2.807 2.829 2.846 2.857 2.863 2.862 2.854 2.839 2.817 2.787 2.750 2.705 2.650 2.587 2.513 2.428 2.330
0.006 0.012 0.024 0.041 0.064 0.093 0.128 0.172 0.222 0.280 0.344 0.414 0.490 0.569 0.651 0.736 0.821 0.907 0.993 1.078 1.162 1.244 1.323 1.400 1.473 1.543 1.609 1.671 1.728 1.781 1.829 1.872 1.911 1.946 1.977 2.004 2.028 2.050 2.069 2.088 2.105 2.122 2.138 2.156 2.174 2.192 2.212 2.233 2.256 2.279 2.304 2.330 2.357 2.384 2.412 2.439 2.466 2.492 2.516 2.536 2.554 2.567 2.575 2.578 2.574 2.564 2.546 2.520 2.486 2.444 2.393 2.333 2.265 2.186 2.099 2.002 1.895
0.006 0.012 0.024 0.041 0.064 0.092 0.127 0.169 0.218 0.273 0.334 0.399 0.469 0.541 0.614 0.689 0.764 0.838 0.911 0.982 1.051 1.118 1.182 1.243 1.301 1.356 1.407 1.455 1.500 1.542 1.581 1.617 1.651 1.683 1.713 1.742 1.771 1.798 1.826 1.853 1.880 1.907 1.934 1.961 1.988 2.014 2.041 2.067 2.092 2.117 2.142 2.166 2.190 2.212 2.234 2.255 2.273 2.290 2.304 2.314 2.320 2.322 2.318 2.309 2.292 2.269 2.238 2.200 2.154 2.100 2.038 1.968 1.890 1.805 1.712 1.613 1.506
0.006 0.012 0.025 0.042 0.065 0.093 0.129 0.171 0.221 0.277 0.339 0.406 0.477 0.551 0.628 0.705 0.783 0.861 0.938 1.013 1.086 1.157 1.226 1.292 1.355 1.416 1.474 1.529 1.581 1.629 1.674 1.715 1.752 1.785 1.814 1.838 1.859 1.877 1.892 1.904 1.914 1.922 1.930 1.937 1.943 1.950 1.958 1.966 1.975 1.984 1.994 2.005 2.016 2.026 2.037 2.046 2.054 2.060 2.064 2.064 2.060 2.051 2.038 2.018 1.992 1.960 1.920 1.873 1.820 1.759 1.691 1.617 1.536 1.449 1.357 1.260 1.158
0.006 0.012 0.024 0.041 0.064 0.091 0.126 0.166 0.212 0.265 0.322 0.384 0.449 0.517 0.586 0.657 0.729 0.800 0.870 0.940 1.007 1.072 1.135 1.194 1.249 1.300 1.346 1.387 1.423 1.455 1.482 1.505 1.524 1.541 1.556 1.569 1.582 1.594 1.607 1.621 1.635 1.651 1.667 1.683 1.700 1.716 1.733 1.748 1.763 1.777 1.790 1.802 1.811 1.820 1.826 1.830 1.831 1.830 1.826 1.817 1.804 1.787 1.764 1.736 1.702 1.661 1.614 1.561 1.501 1.435 1.364 1.286 1.204 1.118 1.027 0.935 0.841
0.006 0.012 0.025 0.042 0.064 0.091 0.125 0.165 0.211 0.262 0.317 0.377 0.438 0.501 0.564 0.626 0.687 0.746 0.803 0.858 0.911 0.961 1.010 1.057 1.102 1.147 1.191 1.234 1.277 1.320 1.361 1.402 1.441 1.478 1.513 1.544 1.571 1.595 1.614 1.630 1.642 1.650 1.655 1.658 1.660 1.659 1.658 1.656 1.653 1.651 1.647 1.644 1.640 1.635 1.630 1.622 1.613 1.602 1.587 1.570 1.548 1.522 1.491 1.454 1.412 1.365 1.311 1.252 1.188 1.118 1.045 0.967 0.887 0.804 0.721 0.639 0.559
0.006 0.012 0.023 0.039 0.060 0.086 0.118 0.155 0.198 0.247 0.301 0.358 0.420 0.485 0.552 0.621 0.691 0.761 0.830 0.899 0.966 1.030 1.092 1.150 1.203 1.252 1.295 1.333 1.365 1.390 1.409 1.422 1.430 1.434 1.434 1.432 1.428 1.424 1.420 1.417 1.415 1.415 1.416 1.418 1.420 1.423 1.427 1.429 1.431 1.432 1.432 1.429 1.425 1.418 1.409 1.397 1.382 1.363 1.341 1.316 1.286 1.251 1.212 1.168 1.119 1.066 1.007 0.945 0.879 0.809 0.738 0.666 0.594 0.523 0.455 0.390 0.329
0.005 0.011 0.022 0.037 0.057 0.081 0.110 0.144 0.182 0.224 0.268 0.315 0.363 0.411 0.460 0.508 0.555 0.601 0.646 0.690 0.733 0.774 0.814 0.852 0.888 0.922 0.956 0.987 1.018 1.048 1.078 1.107 1.136 1.164 1.192 1.218 1.243 1.266 1.286 1.302 1.316 1.325 1.331 1.333 1.332 1.328 1.322 1.313 1.301 1.288 1.273 1.257 1.238 1.218 1.196 1.172 1.145 1.116 1.084 1.049 1.011 0.969 0.924 0.874 0.822 0.766 0.708 0.648 0.587 0.525 0.465 0.406 0.350 0.298 0.250 0.206 0.168
0.005 0.010 0.019 0.033 0.051 0.073 0.101 0.133 0.171 0.214 0.261 0.313 0.367 0.424 0.483 0.542 0.600 0.658 0.714 0.769 0.821 0.871 0.918 0.963 1.006 1.045 1.082 1.116 1.146 1.172 1.193 1.210 1.222 1.230 1.233 1.232 1.227 1.219 1.209 1.197 1.185 1.171 1.158 1.144 1.131 1.117 1.104 1.089 1.074 1.057 1.039 1.020 0.998 0.973 0.947 0.918 0.886 0.852 0.815 0.775 0.732 0.687 0.640 0.591 0.541 0.491 0.440 0.390 0.341 0.295 0.251 0.211 0.175 0.143 0.115 0.092 0.072
0.005 0.008 0.015 0.027 0.042 0.060 0.083 0.109 0.139 0.172 0.209 0.248 0.290 0.333 0.378 0.425 0.473 0.521 0.569 0.618 0.665 0.712 0.756 0.798 0.838 0.873 0.906 0.934 0.958 0.978 0.994 1.006 1.014 1.020 1.022 1.023 1.021 1.017 1.013 1.006 0.999 0.990 0.980 0.968 0.955 0.939 0.922 0.903 0.882 0.858 0.832 0.803 0.773 0.740 0.706 0.670 0.632 0.593 0.553 0.512 0.470 0.428 0.387 0.345 0.305 0.267 0.230 0.196 0.165 0.137 0.112 0.090 0.072 0.057 0.044 0.033 0.025
0.004 0.007 0.011 0.020 0.033 0.049 0.069 0.093 0.121 0.154 0.190 0.229 0.272 0.316 0.362 0.409 0.455 0.501 0.546 0.589 0.629 0.667 0.701 0.732 0.759 0.783 0.803 0.821 0.835 0.848 0.858 0.866 0.873 0.878 0.880 0.881 0.879 0.874 0.867 0.856 0.843 0.827 0.809 0.788 0.766 0.741 0.715 0.687 0.658 0.628 0.596 0.563 0.529 0.495 0.460 0.425 0.390 0.355 0.320 0.286 0.254 0.223 0.193 0.166 0.141 0.118 0.097 0.079 0.064 0.051 0.040 0.030 0.023 0.018 0.014 0.008 0.006
0.004 0.007 0.009 0.016 0.027 0.041 0.058 0.080 0.105 0.135 0.168 0.205 0.244 0.286 0.329 0.373 0.418 0.462 0.504 0.546 0.585 0.623 0.658 0.690 0.719 0.745 0.767 0.785 0.799 0.807 0.811 0.810 0.805 0.796 0.782 0.766 0.746 0.725 0.702 0.678 0.652 0.626 0.600 0.573 0.546 0.518 0.490 0.461 0.431 0.401 0.371 0.341 0.310 0.281 0.252 0.225 0.199 0.174 0.150 0.129 0.109 0.091 0.076 0.062 0.051 0.040 0.031 0.024 0.019 0.015 0.010 0.007 0.006 0.006 0.007 0.004 0.000
0.004 0.006 0.007 0.008 0.012 0.021 0.032 0.047 0.065 0.087 0.112 0.141 0.172 0.204 0.238 0.273 0.308 0.342 0.375 0.406 0.436 0.464 0.489 0.512 0.532 0.550 0.565 0.577 0.586 0.592 0.596 0.596 0.593 0.587 0.577 0.565 0.550 0.532 0.512 0.490 0.465 0.440 0.413 0.386 0.358 0.330 0.302 0.274 0.246 0.220 0.194 0.170 0.148 0.128 0.110 0.093 0.079 0.065 0.053 0.043 0.034 0.027 0.022 0.018 0.014 0.009 0.006 0.005 0.006 0.007 0.006 0.001 0.000 0.000 0.000 0.000 0.000
