Examples/2023_ISeeSnow/data/CoulombOnly/Results/curv77s/h/1HS_03_curv77s_MoT-Voellmy_h_0066.asc
ncols        87
nrows        71
xllcorner    3852.5
yllcorner    -4427.5
cellsize     5.00
NODATA_value -9999
[rows 34 to 67 of 71, columns 0 to 76 of 87]
0.002 0.002 0.002 0.003 0.003 0.003 0.003 0.003 0.003 0.003 0.003 0.003 0.003 0.003 0.003 0.003 0.003 0.003 0.003 0.003 0.003 0.003 0.003 0.003 0.003 0.003 0.003 0.003 0.003 0.003 0.003 0.004 0.006 0.009 0.014 0.021 0.029 0.037 0.046 0.056 0.067 0.079 0.092 0.106 0.118 0.129 0.138 0.144 0.147 0.146 0.142 0.139 0.137 0.137 0.137 0.137 0.137 0.137 0.136 0.133 0.129 0.120 0.107 0.089 0.069 0.048 0.031 0.018 0.010 0.008 0.006 0.005 0.005 0.004 0.002 0.001 0.000
0.003 0.005 0.006 0.007 0.008 0.011 0.019 0.031 0.048 0.073 0.109 0.160 0.232 0.332 0.470 0.654 0.893 1.192 1.553 1.970 2.436 2.938 3.465 4.004 4.548 5.088 5.620 6.142 6.651 7.145 7.623 8.085 8.529 8.954 9.359 9.743 10.102 10.438 10.747 11.028 11.282 11.506 11.702 11.868 12.005 12.114 12.196 12.250 12.278 12.281 12.260 12.216 12.150 12.062 11.953 11.824 11.675 11.508 11.322 11.119 10.897 10.658 10.402 10.128 9.837 9.529 9.204 8.861 8.500 8.121 7.721 7.302 6.859 6.392 5.897 5.371 4.807
0.002 0.002 0.002 0.003 0.003 0.003 0.003 0.003 0.003 0.003 0.003 0.003 0.003 0.003 0.003 0.003 0.003 0.003 0.003 0.003 0.003 0.003 0.003 0.003 0.003 0.003 0.003 0.003 0.003 0.003 0.003 0.004 0.006 0.009 0.014 0.021 0.029 0.037 0.046 0.056 0.067 0.080 0.092 0.106 0.118 0.129 0.138 0.144 0.146 0.145 0.142 0.139 0.137 0.137 0.137 0.137 0.137 0.137 0.135 0.133 0.129 0.120 0.107 0.089 0.069 0.048 0.031 0.018 0.010 0.008 0.006 0.005 0.005 0.004 0.002 0.001 0.000
0.005 0.010 0.019 0.030 0.043 0.058 0.078 0.102 0.132 0.170 0.220 0.284 0.367 0.473 0.610 0.784 1.002 1.267 1.579 1.935 2.324 2.734 3.150 3.561 3.958 4.334 4.687 5.014 5.318 5.600 5.863 6.109 6.342 6.563 6.776 6.982 7.186 7.387 7.587 7.785 7.981 8.172 8.357 8.531 8.694 8.841 8.971 9.080 9.167 9.230 9.267 9.272 9.245 9.189 9.107 9.002 8.876 8.730 8.564 8.378 8.173 7.953 7.717 7.467 7.200 6.911 6.595 6.247 5.861 5.432 4.959 4.439 3.868 3.245 2.577 1.887 1.227
0.001 0.002 0.003 0.003 0.003 0.003 0.003 0.003 0.003 0.003 0.003 0.003 0.003 0.003 0.003 0.004 0.004 0.004 0.004 0.005 0.005 0.005 0.004 0.004 0.003 0.003 0.003 0.003 0.003 0.004 0.005 0.008 0.011 0.017 0.024 0.032 0.041 0.049 0.059 0.069 0.079 0.091 0.104 0.118 0.130 0.141 0.148 0.151 0.148 0.141 0.128 0.114 0.099 0.084 0.068 0.054 0.043 0.038 0.036 0.037 0.040 0.044 0.048 0.049 0.048 0.043 0.035 0.027 0.021 0.016 0.013 0.010 0.010 0.008 0.004 0.001 0.000
0.005 0.007 0.007 0.007 0.008 0.008 0.008 0.008 0.009 0.013 0.018 0.025 0.036 0.049 0.068 0.094 0.129 0.175 0.235 0.314 0.415 0.539 0.688 0.859 1.051 1.258 1.476 1.702 1.930 2.157 2.376 2.583 2.780 2.968 3.147 3.317 3.480 3.634 3.778 3.913 4.036 4.147 4.246 4.332 4.407 4.470 4.523 4.566 4.600 4.624 4.638 4.641 4.633 4.611 4.574 4.519 4.443 4.344 4.228 4.099 3.955 3.797 3.623 3.434 3.234 3.024 2.803 2.568 2.316 2.045 1.754 1.447 1.132 0.823 0.543 0.316 0.157
0.004 0.006 0.006 0.006 0.006 0.007 0.007 0.007 0.007 0.007 0.007 0.007 0.007 0.008 0.008 0.008 0.008 0.008 0.009 0.010 0.012 0.012 0.013 0.012 0.012 0.013 0.014 0.015 0.015 0.015 0.015 0.017 0.022 0.030 0.042 0.056 0.073 0.093 0.118 0.147 0.183 0.225 0.271 0.318 0.362 0.400 0.427 0.442 0.444 0.434 0.413 0.383 0.347 0.307 0.265 0.225 0.190 0.163 0.140 0.122 0.107 0.096 0.087 0.080 0.072 0.056 0.039 0.032 0.028 0.022 0.018 0.013 0.009 0.002 0.000 0.000 0.000
0.004 0.005 0.006 0.006 0.006 0.006 0.006 0.006 0.006 0.007 0.007 0.007 0.007 0.008 0.009 0.012 0.017 0.023 0.031 0.039 0.049 0.060 0.072 0.085 0.101 0.119 0.140 0.165 0.194 0.227 0.262 0.298 0.336 0.380 0.433 0.501 0.589 0.700 0.837 0.993 1.161 1.329 1.483 1.617 1.725 1.808 1.871 1.917 1.953 1.983 2.010 2.038 2.064 2.089 2.108 2.119 2.115 2.090 2.036 1.949 1.821 1.649 1.432 1.174 0.890 0.614 0.359 0.196 0.111 0.066 0.042 0.028 0.018 0.013 0.007 0.001 0.000
0.004 0.005 0.006 0.006 0.006 0.006 0.006 0.006 0.006 0.007 0.007 0.007 0.007 0.008 0.010 0.016 0.022 0.029 0.038 0.047 0.058 0.069 0.082 0.096 0.112 0.128 0.146 0.164 0.182 0.201 0.220 0.241 0.265 0.292 0.324 0.360 0.402 0.453 0.512 0.580 0.655 0.735 0.817 0.899 0.975 1.044 1.096 1.129 1.137 1.118 1.072 1.005 0.922 0.828 0.730 0.635 0.546 0.466 0.397 0.339 0.294 0.258 0.228 0.203 0.181 0.157 0.131 0.105 0.081 0.061 0.044 0.032 0.024 0.018 0.012 0.008 0.001
0.004 0.005 0.006 0.006 0.006 0.006 0.006 0.006 0.006 0.007 0.007 0.007 0.008 0.010 0.014 0.021 0.028 0.036 0.046 0.056 0.068 0.080 0.095 0.111 0.128 0.147 0.168 0.191 0.216 0.245 0.277 0.314 0.357 0.408 0.469 0.544 0.635 0.741 0.866 1.008 1.166 1.333 1.502 1.663 1.808 1.924 2.014 2.078 2.118 2.138 2.136 2.110 2.064 1.999 1.916 1.816 1.700 1.568 1.421 1.260 1.087 0.908 0.731 0.567 0.416 0.295 0.205 0.145 0.103 0.075 0.053 0.039 0.029 0.022 0.016 0.012 0.008
0.004 0.005 0.006 0.006 0.006 0.006 0.006 0.006 0.007 0.007 0.007 0.008 0.009 0.013 0.019 0.026 0.034 0.043 0.053 0.064 0.077 0.091 0.107 0.124 0.143 0.164 0.187 0.212 0.239 0.268 0.300 0.334 0.371 0.410 0.451 0.493 0.537 0.581 0.625 0.668 0.711 0.757 0.808 0.862 0.916 0.967 1.007 1.030 1.032 1.011 0.970 0.914 0.848 0.777 0.707 0.642 0.588 0.544 0.510 0.483 0.456 0.426 0.389 0.339 0.285 0.231 0.181 0.138 0.106 0.079 0.059 0.044 0.032 0.026 0.019 0.014 0.011
0.004 0.005 0.006 0.006 0.006 0.006 0.006 0.006 0.007 0.007 0.007 0.008 0.010 0.016 0.022 0.030 0.038 0.048 0.059 0.071 0.085 0.100 0.117 0.136 0.157 0.179 0.204 0.231 0.260 0.292 0.328 0.366 0.409 0.458 0.513 0.578 0.657 0.752 0.868 1.010 1.174 1.349 1.522 1.687 1.834 1.956 2.051 2.115 2.149 2.155 2.133 2.085 2.015 1.922 1.809 1.677 1.527 1.363 1.190 1.014 0.843 0.686 0.548 0.431 0.331 0.252 0.191 0.145 0.110 0.082 0.064 0.048 0.037 0.028 0.021 0.016 0.013
0.004 0.005 0.006 0.006 0.006 0.006 0.006 0.007 0.007 0.007 0.008 0.009 0.012 0.018 0.025 0.033 0.042 0.053 0.064 0.077 0.092 0.108 0.126 0.146 0.168 0.192 0.219 0.248 0.280 0.314 0.352 0.393 0.438 0.488 0.542 0.601 0.663 0.728 0.793 0.853 0.905 0.950 0.987 1.015 1.034 1.044 1.045 1.040 1.029 1.013 0.992 0.969 0.944 0.919 0.893 0.864 0.831 0.791 0.743 0.685 0.618 0.543 0.464 0.385 0.310 0.241 0.188 0.145 0.111 0.086 0.066 0.050 0.039 0.030 0.023 0.018 0.013
0.004 0.005 0.006 0.006 0.006 0.006 0.006 0.007 0.007 0.007 0.008 0.010 0.014 0.020 0.028 0.036 0.045 0.056 0.068 0.082 0.097 0.114 0.133 0.155 0.178 0.204 0.232 0.263 0.296 0.333 0.373 0.417 0.465 0.517 0.575 0.640 0.712 0.794 0.886 0.991 1.110 1.242 1.385 1.531 1.674 1.802 1.906 1.978 2.012 2.009 1.969 1.895 1.792 1.666 1.524 1.374 1.223 1.074 0.933 0.801 0.679 0.568 0.468 0.380 0.304 0.238 0.186 0.144 0.111 0.086 0.066 0.053 0.039 0.030 0.024 0.018 0.014
0.004 0.005 0.006 0.006 0.006 0.006 0.006 0.007 0.007 0.007 0.008 0.010 0.015 0.022 0.029 0.038 0.048 0.059 0.071 0.086 0.102 0.119 0.139 0.162 0.186 0.213 0.243 0.275 0.310 0.349 0.391 0.437 0.488 0.542 0.602 0.668 0.740 0.817 0.898 0.983 1.068 1.149 1.222 1.284 1.332 1.365 1.384 1.391 1.387 1.374 1.351 1.320 1.279 1.229 1.169 1.097 1.015 0.925 0.828 0.727 0.628 0.531 0.442 0.361 0.291 0.230 0.181 0.142 0.110 0.086 0.067 0.052 0.040 0.031 0.024 0.019 0.014
0.004 0.005 0.006 0.006 0.006 0.006 0.006 0.007 0.007 0.007 0.008 0.011 0.016 0.023 0.031 0.039 0.049 0.061 0.074 0.088 0.105 0.123 0.144 0.167 0.193 0.221 0.252 0.285 0.322 0.363 0.407 0.455 0.507 0.564 0.625 0.693 0.766 0.845 0.930 1.020 1.114 1.210 1.305 1.397 1.480 1.550 1.603 1.636 1.644 1.628 1.589 1.529 1.451 1.359 1.257 1.149 1.037 0.924 0.813 0.705 0.602 0.506 0.420 0.344 0.278 0.222 0.175 0.138 0.109 0.084 0.066 0.051 0.040 0.031 0.024 0.018 0.014
0.004 0.005 0.006 0.006 0.006 0.006 0.006 0.007 0.007 0.007 0.008 0.011 0.017 0.023 0.031 0.040 0.050 0.062 0.075 0.090 0.107 0.126 0.147 0.171 0.198 0.227 0.259 0.294 0.332 0.374 0.419 0.468 0.522 0.580 0.644 0.712 0.785 0.864 0.946 1.032 1.119 1.205 1.286 1.359 1.422 1.471 1.504 1.519 1.518 1.498 1.462 1.410 1.344 1.265 1.176 1.079 0.976 0.871 0.766 0.664 0.567 0.477 0.396 0.325 0.263 0.212 0.169 0.133 0.105 0.082 0.065 0.050 0.039 0.030 0.023 0.018 0.014
0.004 0.006 0.006 0.006 0.006 0.006 0.006 0.007 0.007 0.007 0.008 0.011 0.017 0.024 0.031 0.040 0.051 0.062 0.076 0.091 0.108 0.128 0.150 0.174 0.201 0.231 0.263 0.299 0.339 0.382 0.428 0.479 0.534 0.593 0.657 0.725 0.798 0.876 0.956 1.039 1.123 1.204 1.282 1.351 1.411 1.456 1.486 1.499 1.494 1.470 1.429 1.372 1.301 1.218 1.127 1.028 0.926 0.823 0.721 0.623 0.531 0.446 0.371 0.305 0.248 0.200 0.160 0.128 0.100 0.079 0.062 0.048 0.037 0.029 0.022 0.017 0.013
0.004 0.006 0.006 0.006 0.006 0.006 0.006 0.007 0.007 0.007 0.008 0.011 0.017 0.023 0.031 0.040 0.050 0.062 0.075 0.091 0.108 0.128 0.150 0.175 0.202 0.233 0.266 0.303 0.343 0.387 0.434 0.485 0.541 0.600 0.664 0.732 0.804 0.880 0.958 1.037 1.115 1.191 1.261 1.323 1.374 1.412 1.435 1.441 1.431 1.404 1.361 1.303 1.232 1.151 1.061 0.965 0.867 0.768 0.671 0.579 0.493 0.415 0.345 0.284 0.231 0.187 0.150 0.120 0.095 0.075 0.058 0.045 0.035 0.027 0.021 0.016 0.012
0.004 0.006 0.006 0.006 0.006 0.006 0.006 0.007 0.007 0.007 0.008 0.011 0.016 0.022 0.030 0.039 0.049 0.061 0.074 0.090 0.107 0.127 0.149 0.174 0.202 0.233 0.267 0.304 0.344 0.388 0.436 0.488 0.543 0.603 0.666 0.733 0.803 0.876 0.950 1.024 1.097 1.167 1.230 1.284 1.328 1.360 1.376 1.377 1.363 1.332 1.287 1.228 1.158 1.077 0.990 0.898 0.804 0.710 0.620 0.534 0.454 0.382 0.318 0.262 0.214 0.173 0.139 0.111 0.088 0.069 0.054 0.042 0.032 0.025 0.019 0.015 0.011
0.005 0.006 0.006 0.006 0.006 0.006 0.006 0.007 0.007 0.007 0.008 0.010 0.015 0.021 0.029 0.037 0.047 0.059 0.072 0.087 0.105 0.124 0.147 0.172 0.199 0.230 0.264 0.301 0.342 0.386 0.434 0.485 0.540 0.599 0.661 0.726 0.794 0.863 0.933 1.002 1.069 1.132 1.188 1.235 1.272 1.296 1.307 1.303 1.284 1.251 1.204 1.145 1.076 0.998 0.914 0.827 0.738 0.650 0.566 0.487 0.414 0.348 0.290 0.239 0.195 0.158 0.126 0.101 0.079 0.062 0.048 0.038 0.029 0.022 0.017 0.013 0.010
0.005 0.006 0.006 0.006 0.006 0.006 0.006 0.007 0.007 0.007 0.008 0.009 0.014 0.020 0.027 0.035 0.045 0.056 0.069 0.084 0.101 0.120 0.142 0.167 0.194 0.225 0.259 0.296 0.336 0.380 0.427 0.478 0.532 0.589 0.649 0.712 0.776 0.842 0.907 0.971 1.031 1.087 1.136 1.176 1.206 1.224 1.229 1.220 1.198 1.163 1.115 1.057 0.989 0.914 0.835 0.752 0.670 0.589 0.512 0.439 0.373 0.313 0.260 0.214 0.175 0.141 0.113 0.089 0.070 0.055 0.043 0.033 0.025 0.019 0.015 0.011 0.007
0.005 0.006 0.006 0.006 0.006 0.006 0.006 0.007 0.007 0.007 0.008 0.009 0.012 0.018 0.024 0.032 0.041 0.052 0.065 0.079 0.095 0.114 0.136 0.160 0.187 0.217 0.250 0.286 0.326 0.369 0.415 0.464 0.517 0.572 0.630 0.689 0.750 0.811 0.871 0.929 0.983 1.032 1.074 1.107 1.131 1.142 1.142 1.130 1.105 1.068 1.021 0.963 0.898 0.828 0.753 0.677 0.601 0.527 0.457 0.391 0.331 0.278 0.230 0.189 0.153 0.123 0.098 0.078 0.061 0.047 0.036 0.028 0.021 0.016 0.012 0.009 0.002
0.005 0.006 0.006 0.006 0.006 0.006 0.006 0.006 0.007 0.007 0.007 0.008 0.011 0.015 0.022 0.029 0.037 0.048 0.059 0.073 0.088 0.106 0.127 0.150 0.176 0.205 0.237 0.272 0.311 0.352 0.397 0.445 0.495 0.548 0.602 0.658 0.715 0.771 0.826 0.878 0.926 0.968 1.003 1.030 1.047 1.053 1.049 1.033 1.006 0.969 0.922 0.867 0.805 0.739 0.670 0.600 0.531 0.464 0.401 0.342 0.289 0.241 0.199 0.162 0.131 0.105 0.083 0.065 0.051 0.039 0.030 0.023 0.017 0.013 0.010 0.004 0.000
0.005 0.006 0.006 0.006 0.006 0.006 0.006 0.006 0.007 0.007 0.007 0.008 0.009 0.013 0.018 0.025 0.033 0.042 0.053 0.066 0.080 0.097 0.116 0.138 0.163 0.190 0.221 0.254 0.291 0.331 0.373 0.418 0.466 0.516 0.567 0.619 0.671 0.722 0.771 0.817 0.858 0.894 0.923 0.944 0.956 0.958 0.950 0.931 0.903 0.866 0.821 0.769 0.711 0.650 0.587 0.523 0.461 0.401 0.345 0.293 0.246 0.204 0.167 0.136 0.109 0.087 0.068 0.053 0.041 0.031 0.024 0.018 0.014 0.010 0.004 0.000 0.000
0.005 0.006 0.006 0.006 0.006 0.006 0.006 0.006 0.006 0.007 0.007 0.008 0.008 0.011 0.015 0.021 0.028 0.036 0.046 0.057 0.070 0.086 0.103 0.123 0.146 0.172 0.200 0.232 0.266 0.303 0.343 0.385 0.430 0.476 0.523 0.570 0.617 0.663 0.707 0.747 0.782 0.812 0.835 0.851 0.858 0.856 0.845 0.826 0.797 0.761 0.718 0.669 0.616 0.560 0.503 0.446 0.391 0.338 0.289 0.244 0.203 0.167 0.136 0.109 0.087 0.068 0.053 0.041 0.032 0.024 0.018 0.014 0.010 0.004 0.000 0.000 0.000
0.005 0.006 0.006 0.006 0.006 0.006 0.006 0.006 0.006 0.007 0.007 0.007 0.008 0.009 0.012 0.017 0.023 0.030 0.038 0.048 0.060 0.073 0.089 0.107 0.127 0.150 0.176 0.205 0.236 0.270 0.307 0.345 0.386 0.428 0.471 0.513 0.555 0.596 0.634 0.668 0.698 0.723 0.741 0.752 0.755 0.750 0.737 0.717 0.689 0.654 0.614 0.569 0.521 0.471 0.420 0.370 0.322 0.276 0.234 0.196 0.161 0.132 0.106 0.084 0.066 0.052 0.040 0.030 0.023 0.017 0.013 0.009 0.003 0.000 0.000 0.000 0.000
0.005 0.006 0.006 0.006 0.006 0.006 0.006 0.006 0.006 0.006 0.007 0.007 0.007 0.008 0.009 0.013 0.018 0.023 0.030 0.039 0.049 0.060 0.073 0.089 0.106 0.126 0.149 0.174 0.202 0.232 0.265 0.299 0.335 0.373 0.411 0.448 0.485 0.520 0.553 0.582 0.606 0.626 0.639 0.646 0.647 0.640 0.626 0.605 0.578 0.546 0.509 0.469 0.426 0.382 0.338 0.295 0.254 0.216 0.181 0.149 0.122 0.098 0.078 0.061 0.048 0.037 0.028 0.021 0.016 0.012 0.008 0.001 0.000 0.000 0.000 0.000 0.000
0.006 0.006 0.006 0.006 0.006 0.006 0.006 0.006 0.006 0.006 0.007 0.007 0.007 0.007 0.008 0.009 0.013 0.017 0.023 0.030 0.037 0.047 0.057 0.070 0.085 0.101 0.120 0.142 0.165 0.191 0.219 0.248 0.279 0.312 0.344 0.376 0.408 0.437 0.465 0.488 0.508 0.523 0.533 0.537 0.535 0.527 0.513 0.493 0.468 0.439 0.406 0.370 0.334 0.296 0.259 0.224 0.190 0.159 0.132 0.107 0.086 0.068 0.054 0.042 0.032 0.024 0.018 0.014 0.010 0.004 0.000 0.000 0.000 0.000 0.000 0.000 0.000
0.004 0.005 0.006 0.006 0.006 0.006 0.006 0.006 0.006 0.006 0.006 0.007 0.007 0.007 0.008 0.008 0.009 0.012 0.016 0.021 0.027 0.034 0.042 0.052 0.063 0.076 0.091 0.108 0.127 0.148 0.171 0.195 0.220 0.247 0.274 0.300 0.326 0.350 0.372 0.391 0.406 0.417 0.424 0.426 0.422 0.413 0.400 0.382 0.359 0.334 0.306 0.276 0.246 0.215 0.186 0.158 0.133 0.109 0.089 0.071 0.056 0.044 0.034 0.026 0.020 0.015 0.011 0.006 0.001 0.000 0.000 0.000 0.000 0.000 0.000 0.000 0.000
0.002 0.003 0.003 0.003 0.004 0.004 0.005 0.006 0.006 0.007 0.007 0.007 0.007 0.007 0.007 0.008 0.008 0.009 0.011 0.014 0.018 0.023 0.029 0.036 0.044 0.054 0.064 0.077 0.091 0.107 0.124 0.142 0.162 0.182 0.203 0.224 0.243 0.262 0.279 0.293 0.304 0.312 0.316 0.316 0.311 0.303 0.291 0.275 0.257 0.236 0.213 0.190 0.167 0.144 0.122 0.102 0.084 0.068 0.055 0.043 0.034 0.026 0.020 0.015 0.011 0.006 0.001 0.000 0.000 0.000 0.000 0.000 0.000 0.000 0.000 0.000 0.000
0.002 0.002 0.002 0.002 0.002 0.002 0.003 0.003 0.003 0.004 0.004 0.005 0.006 0.007 0.007 0.008 0.008 0.008 0.009 0.010 0.012 0.015 0.018 0.023 0.028 0.034 0.042 0.050 0.059 0.070 0.082 0.095 0.108 0.123 0.138 0.152 0.166 0.179 0.191 0.201 0.209 0.213 0.215 0.214 0.210 0.203 0.193 0.181 0.166 0.151 0.135 0.118 0.102 0.086 0.072 0.059 0.048 0.038 0.030 0.023 0.018 0.013 0.010 0.005 0.001 0.000 0.000 0.000 0.000 0.000 0.000 0.000 0.000 0.000 0.000 0.000 0.000
0.002 0.002 0.002 0.003 0.002 0.002 0.002 0.002 0.002 0.002 0.003 0.003 0.003 0.003 0.004 0.004 0.005 0.006 0.007 0.008 0.009 0.010 0.011 0.014 0.016 0.020 0.024 0.029 0.035 0.041 0.048 0.056 0.065 0.074 0.083 0.092 0.101 0.110 0.117 0.123 0.127 0.130 0.130 0.129 0.125 0.120 0.113 0.105 0.095 0.085 0.075 0.064 0.055 0.045 0.037 0.030 0.024 0.019 0.014 0.011 0.007 0.002 0.000 0.000 0.000 0.000 0.000 0.000 0.000 0.000 0.000 0.000 0.000 0.000 0.000 0.000 0.000
0.000 0.000 0.000 0.000 0.000 0.001 0.001 0.001 0.002 0.002 0.003 0.003 0.003 0.003 0.003 0.003 0.003 0.003 0.004 0.004 0.005 0.006 0.007 0.008 0.010 0.011 0.013 0.015 0.018 0.021 0.025 0.029 0.034 0.039 0.044 0.049 0.054 0.058 0.062 0.065 0.067 0.068 0.068 0.067 0.065 0.061 0.057 0.052 0.047 0.041 0.035 0.030 0.025 0.020 0.016 0.013 0.010 0.006 0.002 0.001 0.000 0.000 0.000 0.000 0.000 0.000 0.000 0.000 0.000 0.000 0.000 0.000 0.000 0.000 0.000 0.000 0.000
