Examples/2023_ISeeSnow/data/CoulombOnly/Results/curv77s/h/1HS_03_curv77s_MoT-Voellmy_h_0050.asc
ncols        180
nrows        39
xllcorner    2957.5
yllcorner    -4347.5
cellsize     5.00
NODATA_value -9999
[rows 0 to 33 of 39, columns 0 to 76 of 180]
0.000 0.000 0.000 0.000 0.000 0.000 0.000 0.000 0.000 0.000 0.000 0.000 0.000 0.000 0.000 0.000 0.000 0.000 0.000 0.000 0.000 0.000 0.000 0.000 0.000 0.000 0.000 0.000 0.000 0.000 0.000 0.000 0.000 0.000 0.000 0.000 0.000 0.000 0.000 0.000 0.000 0.000 0.000 0.000 0.000 0.000 0.000 0.000 0.000 0.000 0.000 0.000 0.000 0.000 0.000 0.000 0.000 0.000 0.000 0.000 0.000 0.000 0.000 0.000 0.000 0.000 0.000 0.000 0.000 0.000 0.000 0.000 0.000 0.000 0.000 0.000 0.000
0.000 0.000 0.000 0.000 0.000 0.000 0.000 0.000 0.000 0.000 0.000 0.000 0.000 0.000 0.000 0.000 0.000 0.000 0.000 0.000 0.000 0.000 0.000 0.000 0.000 0.000 0.000 0.000 0.000 0.000 0.000 0.000 0.000 0.000 0.000 0.000 0.000 0.000 0.000 0.000 0.000 0.000 0.000 0.000 0.000 0.000 0.000 0.000 0.000 0.000 0.000 0.000 0.000 0.000 0.000 0.000 0.000 0.000 0.000 0.000 0.000 0.000 0.000 0.000 0.000 0.000 0.000 0.000 0.000 0.000 0.000 0.000 0.000 0.000 0.000 0.000 0.000
0.000 0.000 0.000 0.000 0.000 0.000 0.000 0.000 0.000 0.000 0.000 0.000 0.000 0.000 0.000 0.000 0.000 0.000 0.000 0.000 0.000 0.000 0.000 0.000 0.000 0.000 0.000 0.000 0.000 0.000 0.000 0.000 0.000 0.000 0.000 0.000 0.000 0.000 0.000 0.000 0.000 0.000 0.000 0.000 0.000 0.000 0.000 0.000 0.000 0.000 0.000 0.000 0.000 0.000 0.000 0.000 0.000 0.000 0.000 0.000 0.000 0.000 0.000 0.000 0.000 0.000 0.000 0.000 0.000 0.000 0.000 0.000 0.000 0.000 0.001 0.001 0.001
0.000 0.000 0.000 0.000 0.000 0.000 0.000 0.000 0.000 0.000 0.000 0.000 0.000 0.000 0.000 0.000 0.000 0.000 0.000 0.000 0.000 0.000 0.000 0.000 0.000 0.000 0.000 0.000 0.000 0.000 0.000 0.000 0.000 0.000 0.000 0.000 0.000 0.000 0.000 0.000 0.000 0.000 0.000 0.000 0.000 0.000 0.000 0.000 0.000 0.000 0.000 0.000 0.000 0.000 0.000 0.000 0.000 0.000 0.000 0.000 0.000 0.000 0.000 0.000 0.000 0.001 0.001 0.001 0.001 0.001 0.002 0.002 0.002 0.002 0.002 0.003 0.003
0.000 0.000 0.000 0.000 0.000 0.000 0.000 0.000 0.000 0.000 0.000 0.000 0.000 0.000 0.000 0.000 0.000 0.000 0.000 0.000 0.000 0.000 0.000 0.000 0.000 0.000 0.000 0.000 0.000 0.000 0.000 0.000 0.000 0.000 0.000 0.000 0.000 0.000 0.000 0.000 0.000 0.000 0.000 0.000 0.000 0.000 0.000 0.000 0.000 0.000 0.000 0.000 0.000 0.000 0.000 0.000 0.001 0.001 0.001 0.001 0.001 0.001 0.001 0.001 0.001 0.002 0.002 0.002 0.002 0.002 0.003 0.003 0.004 0.005 0.006 0.008 0.009
0.000 0.000 0.000 0.000 0.000 0.000 0.000 0.000 0.000 0.000 0.000 0.000 0.000 0.000 0.000 0.000 0.000 0.000 0.000 0.000 0.000 0.000 0.000 0.000 0.000 0.000 0.000 0.000 0.000 0.000 0.000 0.000 0.000 0.000 0.000 0.000 0.000 0.000 0.000 0.000 0.000 0.000 0.000 0.000 0.000 0.000 0.000 0.001 0.001 0.001 0.001 0.001 0.001 0.001 0.001 0.001 0.001 0.001 0.001 0.001 0.001 0.002 0.002 0.002 0.003 0.003 0.004 0.005 0.006 0.008 0.009 0.011 0.013 0.016 0.019 0.024 0.030
0.000 0.000 0.000 0.000 0.000 0.000 0.000 0.000 0.000 0.000 0.000 0.000 0.000 0.000 0.000 0.000 0.000 0.000 0.000 0.000 0.000 0.000 0.000 0.000 0.000 0.000 0.000 0.000 0.000 0.000 0.000 0.000 0.000 0.000 0.000 0.000 0.001 0.001 0.001 0.001 0.001 0.001 0.001 0.001 0.001 0.001 0.001 0.001 0.001 0.001 0.001 0.001 0.001 0.001 0.002 0.002 0.002 0.003 0.003 0.004 0.005 0.006 0.007 0.008 0.009 0.010 0.011 0.014 0.018 0.022 0.028 0.035 0.043 0.053 0.065 0.078 0.093
0.000 0.000 0.000 0.000 0.000 0.000 0.000 0.000 0.000 0.000 0.000 0.000 0.000 0.000 0.000 0.000 0.000 0.000 0.000 0.000 0.000 0.000 0.000 0.000 0.000 0.000 0.000 0.000 0.000 0.000 0.001 0.001 0.001 0.001 0.001 0.001 0.001 0.001 0.001 0.001 0.001 0.001 0.001 0.001 0.001 0.001 0.002 0.002 0.002 0.003 0.003 0.004 0.004 0.005 0.005 0.006 0.007 0.007 0.008 0.009 0.010 0.012 0.015 0.019 0.024 0.030 0.038 0.048 0.060 0.073 0.089 0.106 0.126 0.149 0.173 0.200 0.228
0.000 0.000 0.000 0.000 0.000 0.000 0.000 0.000 0.000 0.000 0.000 0.000 0.000 0.000 0.000 0.000 0.000 0.000 0.000 0.000 0.000 0.000 0.000 0.000 0.000 0.000 0.000 0.000 0.000 0.000 0.001 0.001 0.001 0.001 0.001 0.001 0.001 0.002 0.002 0.002 0.003 0.003 0.004 0.004 0.004 0.005 0.005 0.005 0.006 0.006 0.007 0.007 0.008 0.008 0.009 0.010 0.011 0.014 0.018 0.024 0.031 0.040 0.050 0.063 0.078 0.095 0.115 0.137 0.162 0.190 0.220 0.251 0.285 0.321 0.358 0.397 0.436
0.000 0.000 0.000 0.000 0.000 0.000 0.000 0.000 0.000 0.000 0.000 0.000 0.000 0.000 0.000 0.000 0.000 0.000 0.000 0.000 0.000 0.001 0.001 0.001 0.001 0.001 0.001 0.002 0.002 0.002 0.003 0.003 0.003 0.003 0.004 0.004 0.004 0.004 0.005 0.005 0.005 0.006 0.006 0.006 0.006 0.007 0.007 0.008 0.008 0.009 0.009 0.011 0.013 0.018 0.023 0.031 0.040 0.051 0.064 0.080 0.098 0.119 0.143 0.170 0.199 0.231 0.265 0.302 0.341 0.381 0.422 0.465 0.508 0.552 0.595 0.639 0.682
0.000 0.000 0.000 0.000 0.000 0.000 0.000 0.000 0.000 0.000 0.000 0.001 0.001 0.001 0.001 0.001 0.001 0.002 0.002 0.002 0.002 0.002 0.003 0.003 0.003 0.003 0.004 0.004 0.004 0.004 0.004 0.005 0.005 0.005 0.005 0.005 0.006 0.006 0.006 0.006 0.007 0.007 0.007 0.008 0.008 0.009 0.010 0.012 0.016 0.022 0.029 0.038 0.049 0.063 0.079 0.097 0.119 0.143 0.171 0.201 0.234 0.270 0.308 0.348 0.390 0.434 0.478 0.524 0.570 0.616 0.661 0.707 0.751 0.795 0.838 0.880 0.920
0.000 0.000 0.000 0.000 0.001 0.001 0.001 0.001 0.001 0.002 0.002 0.002 0.002 0.002 0.003 0.003 0.003 0.003 0.003 0.003 0.004 0.004 0.004 0.004 0.004 0.005 0.005 0.005 0.005 0.005 0.005 0.006 0.006 0.006 0.006 0.007 0.007 0.007 0.008 0.008 0.009 0.009 0.011 0.015 0.020 0.027 0.036 0.047 0.060 0.076 0.094 0.115 0.140 0.167 0.197 0.230 0.266 0.304 0.345 0.387 0.431 0.477 0.523 0.570 0.618 0.665 0.712 0.759 0.804 0.849 0.893 0.936 0.977 1.016 1.054 1.090 1.125
0.001 0.001 0.001 0.002 0.002 0.002 0.002 0.002 0.003 0.003 0.003 0.003 0.003 0.003 0.004 0.004 0.004 0.004 0.004 0.005 0.005 0.005 0.005 0.005 0.005 0.005 0.006 0.006 0.006 0.006 0.006 0.006 0.007 0.007 0.008 0.008 0.009 0.009 0.012 0.017 0.024 0.032 0.043 0.055 0.070 0.088 0.108 0.131 0.157 0.186 0.218 0.253 0.290 0.330 0.371 0.415 0.460 0.506 0.553 0.601 0.649 0.697 0.745 0.793 0.839 0.885 0.929 0.973 1.014 1.055 1.094 1.130 1.166 1.199 1.230 1.260 1.287
0.002 0.003 0.003 0.003 0.003 0.003 0.003 0.003 0.004 0.004 0.004 0.004 0.004 0.004 0.005 0.005 0.005 0.005 0.005 0.005 0.005 0.006 0.006 0.006 0.006 0.006 0.006 0.007 0.007 0.007 0.007 0.008 0.009 0.010 0.013 0.019 0.026 0.036 0.047 0.061 0.077 0.096 0.117 0.142 0.169 0.198 0.231 0.266 0.303 0.343 0.384 0.428 0.473 0.519 0.566 0.614 0.662 0.710 0.759 0.807 0.855 0.902 0.949 0.994 1.039 1.082 1.124 1.165 1.204 1.242 1.278 1.314 1.347 1.379 1.410 1.439 1.466
0.003 0.003 0.004 0.004 0.004 0.004 0.004 0.004 0.004 0.005 0.005 0.005 0.005 0.005 0.005 0.005 0.005 0.006 0.006 0.006 0.006 0.006 0.006 0.007 0.007 0.007 0.008 0.008 0.009 0.010 0.014 0.020 0.027 0.037 0.049 0.063 0.079 0.098 0.120 0.144 0.170 0.199 0.231 0.265 0.301 0.339 0.380 0.421 0.465 0.509 0.554 0.599 0.644 0.689 0.733 0.776 0.816 0.855 0.891 0.925 0.955 0.982 1.005 1.025 1.041 1.053 1.062 1.066 1.067 1.063 1.057 1.046 1.032 1.015 0.994 0.970 0.943
0.003 0.004 0.004 0.004 0.005 0.005 0.005 0.005 0.005 0.005 0.005 0.005 0.006 0.006 0.006 0.006 0.006 0.006 0.006 0.007 0.007 0.007 0.008 0.008 0.009 0.011 0.016 0.023 0.031 0.041 0.052 0.065 0.080 0.098 0.117 0.139 0.163 0.189 0.217 0.247 0.279 0.313 0.350 0.388 0.429 0.472 0.518 0.566 0.617 0.671 0.727 0.786 0.848 0.912 0.978 1.047 1.117 1.189 1.263 1.337 1.413 1.489 1.565 1.642 1.719 1.795 1.871 1.947 2.022 2.097 2.172 2.246 2.320 2.394 2.468 2.541 2.614
0.004 0.005 0.005 0.005 0.005 0.005 0.006 0.006 0.006 0.006 0.006 0.006 0.006 0.007 0.007 0.007 0.007 0.008 0.008 0.009 0.012 0.018 0.025 0.033 0.043 0.054 0.066 0.079 0.093 0.108 0.123 0.138 0.153 0.169 0.183 0.197 0.209 0.220 0.229 0.238 0.245 0.252 0.258 0.265 0.272 0.281 0.290 0.300 0.312 0.325 0.340 0.355 0.371 0.387 0.403 0.419 0.433 0.445 0.455 0.462 0.466 0.466 0.461 0.452 0.439 0.421 0.399 0.374 0.349 0.323 0.299 0.275 0.252 0.230 0.210 0.190 0.171
0.005 0.006 0.006 0.006 0.007 0.007 0.007 0.007 0.007 0.007 0.008 0.008 0.009 0.011 0.017 0.025 0.035 0.046 0.059 0.074 0.091 0.111 0.133 0.159 0.187 0.219 0.254 0.293 0.336 0.383 0.435 0.491 0.552 0.621 0.696 0.776 0.860 0.949 1.041 1.136 1.232 1.330 1.427 1.523 1.617 1.708 1.797 1.882 1.963 2.042 2.117 2.190 2.261 2.331 2.401 2.470 2.541 2.614 2.689 2.768 2.851 2.938 3.031 3.129 3.232 3.342 3.456 3.573 3.690 3.806 3.920 4.033 4.145 4.259 4.373 4.489 4.603
0.004 0.005 0.006 0.006 0.006 0.006 0.006 0.006 0.007 0.007 0.007 0.007 0.007 0.008 0.008 0.010 0.014 0.018 0.022 0.025 0.028 0.030 0.033 0.035 0.037 0.039 0.040 0.042 0.044 0.046 0.048 0.050 0.052 0.056 0.059 0.064 0.069 0.075 0.082 0.090 0.099 0.110 0.121 0.133 0.146 0.159 0.173 0.186 0.199 0.212 0.222 0.231 0.239 0.244 0.247 0.248 0.246 0.243 0.237 0.230 0.222 0.213 0.204 0.193 0.183 0.173 0.164 0.155 0.149 0.146 0.145 0.147 0.149 0.152 0.154 0.156 0.155
0.007 0.015 0.023 0.032 0.042 0.052 0.062 0.073 0.085 0.099 0.114 0.130 0.149 0.170 0.192 0.218 0.246 0.277 0.310 0.347 0.386 0.429 0.474 0.523 0.574 0.629 0.686 0.746 0.809 0.874 0.941 1.010 1.083 1.164 1.247 1.333 1.420 1.509 1.600 1.693 1.787 1.882 1.978 2.076 2.174 2.273 2.372 2.472 2.573 2.674 2.775 2.876 2.977 3.078 3.179 3.280 3.380 3.481 3.581 3.680 3.779 3.877 3.975 4.073 4.169 4.265 4.360 4.455 4.549 4.642 4.734 4.826 4.917 5.007 5.096 5.185 5.267
0.004 0.005 0.006 0.006 0.006 0.006 0.006 0.006 0.007 0.007 0.007 0.007 0.007 0.008 0.008 0.010 0.014 0.018 0.022 0.025 0.028 0.030 0.033 0.035 0.037 0.039 0.040 0.042 0.044 0.046 0.048 0.050 0.052 0.056 0.059 0.064 0.069 0.075 0.082 0.090 0.099 0.110 0.121 0.133 0.146 0.159 0.173 0.186 0.199 0.212 0.222 0.232 0.239 0.244 0.247 0.248 0.246 0.243 0.237 0.230 0.222 0.213 0.204 0.194 0.183 0.173 0.164 0.155 0.149 0.146 0.145 0.146 0.149 0.152 0.154 0.155 0.154
0.005 0.006 0.006 0.006 0.007 0.007 0.007 0.007 0.007 0.007 0.008 0.008 0.009 0.011 0.017 0.025 0.035 0.046 0.059 0.074 0.091 0.111 0.133 0.159 0.187 0.219 0.254 0.293 0.336 0.383 0.435 0.491 0.552 0.621 0.696 0.776 0.861 0.949 1.041 1.136 1.232 1.330 1.427 1.523 1.617 1.708 1.797 1.882 1.964 2.042 2.118 2.191 2.262 2.332 2.401 2.471 2.541 2.614 2.690 2.768 2.851 2.939 3.031 3.129 3.233 3.342 3.456 3.574 3.691 3.807 3.921 4.034 4.147 4.260 4.375 4.491 4.605
0.004 0.005 0.005 0.005 0.005 0.005 0.006 0.006 0.006 0.006 0.006 0.006 0.006 0.007 0.007 0.007 0.007 0.008 0.008 0.009 0.012 0.018 0.025 0.033 0.043 0.054 0.066 0.079 0.093 0.108 0.123 0.138 0.153 0.169 0.183 0.197 0.209 0.220 0.229 0.238 0.245 0.252 0.258 0.265 0.272 0.281 0.290 0.300 0.312 0.325 0.340 0.355 0.371 0.387 0.403 0.418 0.433 0.445 0.455 0.462 0.466 0.465 0.461 0.452 0.438 0.421 0.399 0.374 0.349 0.323 0.299 0.275 0.252 0.230 0.210 0.190 0.171
0.003 0.004 0.004 0.004 0.005 0.005 0.005 0.005 0.005 0.005 0.005 0.005 0.006 0.006 0.006 0.006 0.006 0.006 0.006 0.007 0.007 0.007 0.008 0.008 0.009 0.011 0.016 0.023 0.031 0.041 0.052 0.065 0.080 0.098 0.117 0.139 0.163 0.189 0.217 0.247 0.279 0.313 0.350 0.388 0.429 0.472 0.518 0.566 0.617 0.671 0.727 0.786 0.848 0.912 0.978 1.047 1.117 1.189 1.263 1.337 1.413 1.489 1.565 1.642 1.719 1.795 1.872 1.947 2.023 2.098 2.172 2.247 2.321 2.394 2.468 2.542 2.614
0.003 0.003 0.004 0.004 0.004 0.004 0.004 0.004 0.004 0.005 0.005 0.005 0.005 0.005 0.005 0.005 0.005 0.006 0.006 0.006 0.006 0.006 0.006 0.007 0.007 0.007 0.008 0.008 0.009 0.010 0.014 0.020 0.027 0.037 0.049 0.063 0.079 0.098 0.120 0.144 0.170 0.199 0.231 0.265 0.301 0.339 0.380 0.421 0.465 0.509 0.554 0.599 0.644 0.689 0.733 0.776 0.816 0.855 0.891 0.925 0.955 0.982 1.005 1.025 1.041 1.053 1.062 1.066 1.067 1.063 1.056 1.046 1.032 1.014 0.994 0.970 0.943
0.002 0.003 0.003 0.003 0.003 0.003 0.003 0.003 0.004 0.004 0.004 0.004 0.004 0.004 0.005 0.005 0.005 0.005 0.005 0.005 0.005 0.006 0.006 0.006 0.006 0.006 0.006 0.007 0.007 0.007 0.007 0.008 0.009 0.010 0.013 0.019 0.026 0.036 0.047 0.061 0.077 0.096 0.117 0.142 0.169 0.198 0.231 0.266 0.303 0.343 0.384 0.428 0.473 0.519 0.566 0.614 0.662 0.710 0.759 0.807 0.855 0.902 0.949 0.994 1.039 1.082 1.124 1.165 1.204 1.242 1.279 1.314 1.347 1.379 1.410 1.439 1.466
0.001 0.001 0.001 0.002 0.002 0.002 0.002 0.002 0.003 0.003 0.003 0.003 0.003 0.003 0.004 0.004 0.004 0.004 0.004 0.005 0.005 0.005 0.005 0.005 0.005 0.005 0.006 0.006 0.006 0.006 0.006 0.006 0.007 0.007 0.008 0.008 0.009 0.009 0.012 0.017 0.024 0.032 0.043 0.055 0.070 0.088 0.108 0.131 0.157 0.186 0.218 0.253 0.290 0.330 0.371 0.415 0.460 0.506 0.553 0.601 0.649 0.697 0.745 0.793 0.839 0.885 0.929 0.973 1.015 1.055 1.094 1.131 1.166 1.199 1.231 1.260 1.287
0.000 0.000 0.000 0.000 0.001 0.001 0.001 0.001 0.001 0.002 0.002 0.002 0.002 0.002 0.002 0.003 0.003 0.003 0.003 0.003 0.004 0.004 0.004 0.004 0.004 0.005 0.005 0.005 0.005 0.005 0.005 0.006 0.006 0.006 0.006 0.007 0.007 0.007 0.008 0.008 0.009 0.009 0.011 0.015 0.020 0.027 0.036 0.047 0.060 0.076 0.094 0.115 0.140 0.167 0.197 0.230 0.266 0.304 0.344 0.387 0.431 0.477 0.523 0.570 0.618 0.665 0.712 0.759 0.805 0.849 0.893 0.936 0.977 1.016 1.054 1.090 1.125
0.000 0.000 0.000 0.000 0.000 0.000 0.000 0.000 0.000 0.000 0.000 0.001 0.001 0.001 0.001 0.001 0.001 0.002 0.002 0.002 0.002 0.002 0.003 0.003 0.003 0.003 0.004 0.004 0.004 0.004 0.004 0.005 0.005 0.005 0.005 0.005 0.006 0.006 0.006 0.006 0.007 0.007 0.007 0.008 0.008 0.009 0.010 0.012 0.016 0.022 0.029 0.038 0.049 0.063 0.079 0.097 0.119 0.143 0.171 0.201 0.234 0.270 0.308 0.348 0.390 0.434 0.478 0.524 0.570 0.616 0.661 0.707 0.751 0.795 0.838 0.880 0.920
0.000 0.000 0.000 0.000 0.000 0.000 0.000 0.000 0.000 0.000 0.000 0.000 0.000 0.000 0.000 0.000 0.000 0.000 0.000 0.000 0.000 0.001 0.001 0.001 0.001 0.001 0.001 0.002 0.002 0.002 0.003 0.003 0.003 0.003 0.004 0.004 0.004 0.004 0.005 0.005 0.005 0.006 0.006 0.006 0.006 0.007 0.007 0.008 0.008 0.009 0.009 0.011 0.013 0.018 0.023 0.031 0.040 0.051 0.064 0.080 0.098 0.119 0.143 0.169 0.199 0.231 0.265 0.302 0.341 0.381 0.422 0.465 0.508 0.552 0.595 0.639 0.682
0.000 0.000 0.000 0.000 0.000 0.000 0.000 0.000 0.000 0.000 0.000 0.000 0.000 0.000 0.000 0.000 0.000 0.000 0.000 0.000 0.000 0.000 0.000 0.000 0.000 0.000 0.000 0.000 0.000 0.000 0.001 0.001 0.001 0.001 0.001 0.001 0.001 0.002 0.002 0.002 0.003 0.003 0.004 0.004 0.004 0.005 0.005 0.005 0.006 0.006 0.006 0.007 0.008 0.008 0.009 0.010 0.011 0.014 0.018 0.024 0.031 0.040 0.050 0.063 0.078 0.095 0.115 0.137 0.162 0.190 0.219 0.251 0.285 0.321 0.358 0.397 0.436
0.000 0.000 0.000 0.000 0.000 0.000 0.000 0.000 0.000 0.000 0.000 0.000 0.000 0.000 0.000 0.000 0.000 0.000 0.000 0.000 0.000 0.000 0.000 0.000 0.000 0.000 0.000 0.000 0.000 0.000 0.001 0.001 0.001 0.001 0.001 0.001 0.001 0.001 0.001 0.001 0.001 0.001 0.001 0.001 0.001 0.001 0.002 0.002 0.002 0.003 0.003 0.004 0.004 0.005 0.005 0.006 0.007 0.007 0.008 0.009 0.010 0.012 0.015 0.019 0.024 0.030 0.038 0.048 0.060 0.073 0.089 0.106 0.126 0.149 0.173 0.199 0.228
0.000 0.000 0.000 0.000 0.000 0.000 0.000 0.000 0.000 0.000 0.000 0.000 0.000 0.000 0.000 0.000 0.000 0.000 0.000 0.000 0.000 0.000 0.000 0.000 0.000 0.000 0.000 0.000 0.000 0.000 0.000 0.000 0.000 0.000 0.000 0.000 0.001 0.001 0.001 0.001 0.001 0.001 0.001 0.001 0.001 0.001 0.001 0.001 0.001 0.001 0.001 0.001 0.001 0.001 0.002 0.002 0.002 0.003 0.003 0.004 0.005 0.006 0.007 0.008 0.009 0.010 0.011 0.014 0.018 0.022 0.028 0.035 0.043 0.053 0.065 0.078 0.093
0.000 0.000 0.000 0.000 0.000 0.000 0.000 0.000 0.000 0.000 0.000 0.000 0.000 0.000 0.000 0.000 0.000 0.000 0.000 0.000 0.000 0.000 0.000 0.000 0.000 0.000 0.000 0.000 0.000 0.000 0.000 0.000 0.000 0.000 0.000 0.000 0.000 0.000 0.000 0.000 0.000 0.000 0.000 0.000 0.000 0.000 0.000 0.001 0.001 0.001 0.001 0.001 0.001 0.001 0.001 0.001 0.001 0.001 0.001 0.001 0.001 0.002 0.002 0.002 0.003 0.003 0.004 0.005 0.006 0.008 0.009 0.011 0.013 0.016 0.019 0.024 0.030
