Examples/2023_ISeeSnow/data/CoulombOnly/Results/curv77s/h/1HS_03_curv77s_MoT-Voellmy_h_0040.asc
ncols        178
nrows        15
xllcorner    2227.5
yllcorner    -4287.5
cellsize     5.00
NODATA_value -9999
0.000 0.000 0.000 0.000 0.000 0.000 0.001 0.001 0.001 0.001 0.001 0.001 0.001 0.001 0.001 0.001 0.001 0.001 0.001 0.001 0.001 0.001 0.001 0.001 0.001 0.001 0.001 0.001 0.001 0.001 0.001 0.001 0.001 0.001 0.001 0.001 0.001 0.001 0.001 0.001 0.001 0.001 0.001 0.001 0.001 0.001 0.001 0.001 0.001 0.001 0.001 0.001 0.001 0.001 0.001 0.001 0.001 0.001 0.002 0.002 0.002 0.003 0.004 0.005 0.006 0.006 0.001 0.000 0.000 0.000 0.000 0.000 0.000 0.000 0.000 0.000 0.000 0.000 0.000 0.000 0.000 0.000 0.000 0.000 0.000 0.000 0.000 0.000 0.000 0.000 0.000 0.000 0.000 0.000 0.000 0.000 0.000 0.000 0.000 0.000 0.000 0.000 0.000 0.000 0.000 0.000 0.000 0.000 0.000 0.000 0.000 0.000 0.000 0.000 0.000 0.000 0.001 0.001 0.001 0.001 0.001 0.001 0.001 0.000 0.000 0.000 0.000 0.000 0.000 0.000 0.000 0.000 0.000 0.000 0.000 0.000 0.000 0.000 0.000 0.000 0.000 0.000 0.000 0.000 0.000 0.000 0.000 0.000 0.000 0.000 0.000 0.000 0.000 0.000 0.000 0.000 0.000 0.000 0.000 0.000 0.000 0.000 0.000 0.000 0.000 0.000 0.000 0.000 0.000 0.000 0.000 0.000 0.000 0.000 0.000 0.000 0.000 0.000
0.001 0.002 0.002 0.002 0.002 0.002 0.002 0.002 0.002 0.002 0.002 0.002 0.002 0.002 0.002 0.002 0.002 0.002 0.002 0.003 0.003 0.003 0.003 0.003 0.003 0.003 0.003 0.003 0.003 0.004 0.004 0.004 0.004 0.004 0.004 0.005 0.005 0.005 0.005 0.006 0.006 0.007 0.008 0.012 0.017 0.022 0.028 0.034 0.041 0.049 0.058 0.068 0.079 0.091 0.103 0.116 0.129 0.143 0.156 0.169 0.182 0.194 0.206 0.216 0.225 0.233 0.239 0.244 0.247 0.248 0.248 0.247 0.243 0.239 0.233 0.226 0.218 0.209 0.200 0.189 0.178 0.167 0.155 0.143 0.132 0.120 0.109 0.098 0.088 0.078 0.068 0.060 0.052 0.044 0.038 0.032 0.026 0.021 0.017 0.013 0.010 0.009 0.009 0.010 0.010 0.010 0.009 0.009 0.010 0.011 0.013 0.016 0.018 0.020 0.022 0.023 0.024 0.025 0.026 0.027 0.026 0.026 0.025 0.024 0.023 0.021 0.019 0.017 0.015 0.013 0.011 0.008 0.004 0.002 0.002 0.001 0.001 0.000 0.000 0.000 0.000 0.000 0.000 0.000 0.000 0.000 0.000 0.000 0.000 0.000 0.000 0.000 0.000 0.000 0.000 0.000 0.000 0.000 0.000 0.000 0.000 0.000 0.000 0.000 0.000 0.000 0.000 0.000 0.000 0.000 0.000 0.000 0.000 0.000 0.000 0.000 0.000 0.000
0.002 0.003 0.003 0.003 0.003 0.003 0.003 0.003 0.004 0.004 0.004 0.004 0.004 0.004 0.004 0.004 0.004 0.004 0.005 0.005 0.005 0.005 0.005 0.005 0.006 0.006 0.006 0.006 0.007 0.008 0.010 0.014 0.020 0.027 0.035 0.045 0.058 0.072 0.090 0.111 0.135 0.163 0.194 0.229 0.266 0.305 0.346 0.387 0.428 0.469 0.509 0.547 0.584 0.618 0.649 0.678 0.704 0.727 0.747 0.764 0.779 0.791 0.801 0.809 0.815 0.820 0.822 0.824 0.823 0.822 0.819 0.816 0.811 0.805 0.798 0.790 0.781 0.771 0.760 0.748 0.735 0.721 0.706 0.693 0.684 0.680 0.679 0.681 0.685 0.690 0.697 0.703 0.708 0.713 0.716 0.717 0.717 0.714 0.709 0.702 0.694 0.685 0.674 0.662 0.648 0.631 0.613 0.594 0.576 0.557 0.540 0.522 0.505 0.488 0.471 0.454 0.437 0.420 0.402 0.383 0.364 0.344 0.323 0.301 0.278 0.255 0.231 0.207 0.183 0.160 0.138 0.117 0.097 0.080 0.064 0.051 0.039 0.030 0.022 0.016 0.011 0.006 0.001 0.001 0.000 0.000 0.000 0.000 0.000 0.000 0.000 0.000 0.000 0.000 0.000 0.000 0.000 0.000 0.000 0.000 0.000 0.000 0.000 0.000 0.000 0.000 0.000 0.000 0.000 0.000 0.000 0.000 0.000 0.000 0.000 0.000 0.000 0.000
0.003 0.004 0.005 0.005 0.005 0.005 0.005 0.005 0.005 0.005 0.005 0.005 0.006 0.006 0.006 0.006 0.006 0.006 0.006 0.007 0.007 0.008 0.009 0.012 0.017 0.024 0.032 0.041 0.053 0.068 0.086 0.108 0.134 0.163 0.195 0.231 0.269 0.311 0.355 0.401 0.448 0.496 0.544 0.592 0.639 0.685 0.730 0.773 0.814 0.854 0.893 0.931 0.967 1.003 1.038 1.072 1.106 1.140 1.173 1.206 1.238 1.271 1.304 1.337 1.370 1.404 1.439 1.474 1.509 1.546 1.584 1.623 1.666 1.716 1.773 1.838 1.909 1.986 2.067 2.152 2.239 2.329 2.418 2.502 2.573 2.633 2.680 2.717 2.744 2.762 2.773 2.777 2.774 2.767 2.756 2.740 2.721 2.699 2.674 2.647 2.617 2.584 2.549 2.510 2.469 2.424 2.376 2.323 2.267 2.207 2.144 2.076 2.006 1.932 1.856 1.777 1.696 1.613 1.529 1.444 1.358 1.272 1.186 1.101 1.018 0.936 0.856 0.779 0.705 0.635 0.567 0.504 0.444 0.389 0.337 0.288 0.244 0.204 0.168 0.136 0.108 0.085 0.065 0.048 0.035 0.025 0.017 0.011 0.005 0.001 0.000 0.000 0.000 0.000 0.000 0.000 0.000 0.000 0.000 0.000 0.000 0.000 0.000 0.000 0.000 0.000 0.000 0.000 0.000 0.000 0.000 0.000 0.000 0.000 0.000 0.000 0.000 0.000
0.004 0.005 0.006 0.006 0.006 0.006 0.006 0.007 0.007 0.007 0.007 0.007 0.007 0.007 0.008 0.008 0.009 0.013 0.019 0.026 0.035 0.046 0.060 0.078 0.099 0.124 0.154 0.188 0.227 0.271 0.320 0.373 0.429 0.489 0.552 0.617 0.684 0.753 0.823 0.893 0.964 1.035 1.106 1.178 1.250 1.322 1.395 1.469 1.543 1.618 1.695 1.773 1.853 1.934 2.017 2.102 2.189 2.277 2.368 2.460 2.554 2.649 2.746 2.844 2.943 3.043 3.143 3.243 3.343 3.441 3.539 3.635 3.722 3.795 3.850 3.889 3.912 3.919 3.912 3.891 3.858 3.812 3.756 3.693 3.627 3.558 3.485 3.410 3.332 3.251 3.167 3.080 2.989 2.895 2.799 2.699 2.597 2.494 2.388 2.282 2.175 2.070 1.969 1.873 1.782 1.695 1.613 1.535 1.461 1.389 1.320 1.254 1.189 1.127 1.067 1.010 0.954 0.901 0.850 0.802 0.756 0.713 0.673 0.636 0.601 0.570 0.542 0.517 0.495 0.476 0.458 0.443 0.428 0.415 0.401 0.387 0.372 0.355 0.337 0.317 0.295 0.271 0.246 0.220 0.193 0.167 0.142 0.118 0.097 0.077 0.060 0.045 0.033 0.024 0.016 0.011 0.004 0.000 0.000 0.000 0.000 0.000 0.000 0.000 0.000 0.000 0.000 0.000 0.000 0.000 0.000 0.000 0.000 0.000 0.000 0.000 0.000 0.000
0.005 0.006 0.007 0.007 0.007 0.007 0.007 0.008 0.008 0.008 0.009 0.010 0.015 0.021 0.027 0.036 0.046 0.059 0.074 0.092 0.112 0.136 0.162 0.191 0.223 0.258 0.296 0.337 0.381 0.431 0.487 0.550 0.621 0.700 0.786 0.880 0.980 1.088 1.202 1.321 1.444 1.571 1.700 1.831 1.963 2.094 2.224 2.352 2.478 2.600 2.719 2.833 2.943 3.049 3.150 3.245 3.336 3.421 3.501 3.576 3.645 3.708 3.766 3.818 3.864 3.903 3.937 3.963 3.983 3.997 4.003 4.002 3.998 3.992 3.987 3.982 3.977 3.972 3.966 3.961 3.955 3.949 3.943 3.936 3.930 3.923 3.917 3.910 3.903 3.897 3.891 3.885 3.880 3.875 3.870 3.866 3.862 3.857 3.852 3.847 3.841 3.832 3.814 3.787 3.752 3.709 3.661 3.609 3.553 3.496 3.438 3.381 3.324 3.268 3.213 3.160 3.109 3.060 3.012 2.966 2.920 2.875 2.830 2.785 2.738 2.689 2.637 2.581 2.521 2.456 2.386 2.311 2.229 2.142 2.050 1.953 1.851 1.746 1.638 1.528 1.418 1.307 1.198 1.090 0.985 0.883 0.786 0.693 0.605 0.523 0.447 0.377 0.314 0.258 0.208 0.165 0.129 0.099 0.074 0.054 0.039 0.027 0.019 0.013 0.008 0.001 0.000 0.000 0.000 0.000 0.000 0.000 0.000 0.000 0.000 0.000 0.000 0.000
0.005 0.006 0.007 0.007 0.008 0.008 0.008 0.008 0.008 0.009 0.009 0.011 0.016 0.022 0.030 0.040 0.053 0.068 0.087 0.109 0.136 0.168 0.205 0.248 0.299 0.356 0.421 0.495 0.575 0.661 0.749 0.837 0.924 1.011 1.098 1.184 1.269 1.352 1.435 1.518 1.600 1.681 1.763 1.845 1.927 2.010 2.094 2.179 2.265 2.353 2.441 2.530 2.619 2.709 2.799 2.888 2.977 3.064 3.150 3.234 3.315 3.393 3.469 3.541 3.609 3.674 3.735 3.791 3.844 3.892 3.936 3.976 4.013 4.045 4.074 4.098 4.119 4.136 4.148 4.157 4.161 4.161 4.157 4.149 4.137 4.120 4.099 4.075 4.046 4.014 3.978 3.938 3.895 3.849 3.799 3.746 3.690 3.631 3.569 3.504 3.437 3.369 3.302 3.236 3.172 3.109 3.046 2.982 2.917 2.851 2.783 2.713 2.641 2.567 2.491 2.412 2.331 2.249 2.164 2.078 1.990 1.900 1.810 1.718 1.625 1.533 1.440 1.347 1.256 1.167 1.079 0.995 0.914 0.837 0.764 0.696 0.633 0.574 0.521 0.473 0.430 0.392 0.357 0.327 0.301 0.277 0.256 0.238 0.221 0.206 0.191 0.177 0.164 0.151 0.138 0.125 0.113 0.100 0.088 0.077 0.065 0.055 0.045 0.037 0.030 0.023 0.018 0.014 0.011 0.007 0.000 0.000 0.000 0.000 0.000 0.000 0.000 0.000
0.007 0.014 0.024 0.035 0.047 0.061 0.077 0.095 0.116 0.140 0.169 0.203 0.242 0.287 0.339 0.398 0.465 0.539 0.621 0.710 0.807 0.910 1.019 1.133 1.250 1.370 1.490 1.609 1.727 1.845 1.963 2.084 2.205 2.326 2.446 2.565 2.681 2.795 2.905 3.013 3.117 3.217 3.314 3.408 3.497 3.584 3.666 3.745 3.820 3.893 3.961 4.027 4.089 4.148 4.205 4.258 4.308 4.356 4.401 4.443 4.483 4.521 4.555 4.588 4.618 4.645 4.671 4.694 4.714 4.732 4.748 4.762 4.773 4.781 4.788 4.792 4.793 4.792 4.789 4.783 4.775 4.764 4.751 4.736 4.718 4.699 4.676 4.652 4.626 4.597 4.566 4.533 4.499 4.462 4.423 4.383 4.341 4.297 4.251 4.204 4.156 4.106 4.055 4.003 3.950 3.896 3.841 3.785 3.729 3.672 3.614 3.557 3.499 3.441 3.384 3.326 3.268 3.210 3.152 3.095 3.037 2.980 2.922 2.864 2.806 2.747 2.688 2.629 2.568 2.507 2.445 2.382 2.317 2.252 2.185 2.116 2.046 1.975 1.902 1.828 1.753 1.676 1.598 1.520 1.440 1.360 1.280 1.200 1.121 1.042 0.964 0.888 0.814 0.742 0.672 0.605 0.542 0.482 0.426 0.373 0.325 0.280 0.240 0.204 0.172 0.143 0.118 0.097 0.078 0.062 0.049 0.039 0.030 0.023 0.018 0.014 0.010 0.000
0.005 0.006 0.007 0.007 0.008 0.008 0.008 0.008 0.008 0.009 0.009 0.011 0.016 0.022 0.030 0.040 0.053 0.068 0.087 0.109 0.136 0.168 0.205 0.248 0.299 0.356 0.421 0.495 0.575 0.661 0.749 0.837 0.924 1.012 1.098 1.184 1.269 1.352 1.436 1.518 1.600 1.681 1.763 1.845 1.927 2.010 2.094 2.179 2.265 2.353 2.441 2.530 2.619 2.709 2.799 2.888 2.977 3.064 3.150 3.234 3.315 3.394 3.469 3.541 3.609 3.674 3.735 3.791 3.844 3.892 3.936 3.977 4.013 4.046 4.074 4.099 4.120 4.136 4.149 4.158 4.162 4.162 4.158 4.150 4.138 4.121 4.101 4.076 4.048 4.015 3.980 3.940 3.897 3.850 3.801 3.748 3.692 3.633 3.571 3.506 3.439 3.370 3.303 3.238 3.174 3.110 3.047 2.983 2.918 2.851 2.783 2.713 2.641 2.567 2.490 2.412 2.331 2.248 2.164 2.077 1.989 1.900 1.809 1.717 1.625 1.532 1.439 1.347 1.256 1.167 1.079 0.995 0.914 0.837 0.764 0.696 0.632 0.574 0.521 0.473 0.430 0.392 0.357 0.327 0.301 0.277 0.256 0.238 0.221 0.206 0.191 0.177 0.164 0.151 0.138 0.125 0.113 0.100 0.088 0.077 0.065 0.055 0.045 0.037 0.030 0.023 0.018 0.014 0.011 0.007 0.000 0.000 0.000 0.000 0.000 0.000 0.000 0.000
0.005 0.006 0.007 0.007 0.007 0.007 0.007 0.008 0.008 0.008 0.009 0.011 0.015 0.021 0.027 0.036 0.046 0.059 0.074 0.092 0.112 0.136 0.162 0.191 0.223 0.258 0.296 0.337 0.381 0.431 0.487 0.550 0.621 0.700 0.786 0.880 0.981 1.088 1.202 1.321 1.444 1.571 1.701 1.832 1.963 2.094 2.225 2.353 2.478 2.600 2.719 2.834 2.944 3.049 3.150 3.246 3.337 3.422 3.502 3.577 3.646 3.709 3.767 3.819 3.865 3.904 3.938 3.964 3.984 3.998 4.004 4.003 3.999 3.993 3.988 3.983 3.978 3.973 3.967 3.962 3.956 3.950 3.944 3.937 3.931 3.924 3.918 3.911 3.905 3.898 3.892 3.887 3.881 3.876 3.872 3.867 3.863 3.858 3.853 3.848 3.842 3.833 3.815 3.788 3.752 3.710 3.662 3.610 3.554 3.498 3.440 3.382 3.325 3.269 3.215 3.162 3.111 3.062 3.014 2.967 2.922 2.877 2.832 2.786 2.739 2.690 2.637 2.582 2.522 2.457 2.387 2.311 2.230 2.143 2.050 1.953 1.851 1.746 1.638 1.528 1.418 1.307 1.198 1.090 0.985 0.883 0.786 0.693 0.605 0.523 0.447 0.377 0.314 0.258 0.208 0.165 0.129 0.099 0.074 0.054 0.039 0.027 0.019 0.013 0.008 0.001 0.000 0.000 0.000 0.000 0.000 0.000 0.000 0.000 0.000 0.000 0.000 0.000
0.004 0.005 0.006 0.006 0.006 0.006 0.006 0.007 0.007 0.007 0.007 0.007 0.007 0.007 0.008 0.008 0.009 0.013 0.019 0.026 0.035 0.046 0.060 0.078 0.099 0.124 0.154 0.188 0.227 0.271 0.320 0.373 0.429 0.489 0.552 0.617 0.684 0.753 0.823 0.893 0.964 1.035 1.106 1.178 1.250 1.322 1.395 1.469 1.543 1.618 1.695 1.773 1.853 1.934 2.017 2.102 2.189 2.277 2.368 2.460 2.554 2.649 2.746 2.844 2.943 3.043 3.143 3.243 3.343 3.442 3.539 3.635 3.723 3.795 3.851 3.890 3.912 3.920 3.913 3.892 3.858 3.813 3.757 3.694 3.627 3.558 3.485 3.410 3.332 3.251 3.166 3.079 2.988 2.895 2.798 2.699 2.597 2.493 2.388 2.282 2.175 2.070 1.969 1.873 1.782 1.696 1.614 1.535 1.461 1.389 1.320 1.253 1.189 1.127 1.067 1.010 0.954 0.901 0.850 0.802 0.756 0.713 0.673 0.636 0.601 0.570 0.542 0.517 0.495 0.476 0.458 0.443 0.428 0.415 0.401 0.387 0.372 0.355 0.337 0.317 0.295 0.271 0.246 0.220 0.193 0.167 0.142 0.118 0.097 0.077 0.060 0.045 0.033 0.024 0.016 0.011 0.004 0.000 0.000 0.000 0.000 0.000 0.000 0.000 0.000 0.000 0.000 0.000 0.000 0.000 0.000 0.000 0.000 0.000 0.000 0.000 0.000 0.000
0.003 0.004 0.005 0.005 0.005 0.005 0.005 0.005 0.005 0.005 0.005 0.005 0.006 0.006 0.006 0.006 0.006 0.006 0.006 0.007 0.007 0.008 0.009 0.012 0.017 0.024 0.032 0.041 0.053 0.068 0.086 0.108 0.134 0.163 0.195 0.231 0.269 0.311 0.355 0.401 0.448 0.496 0.544 0.592 0.639 0.685 0.730 0.773 0.814 0.854 0.893 0.931 0.967 1.003 1.038 1.072 1.106 1.140 1.173 1.206 1.238 1.271 1.304 1.337 1.370 1.404 1.438 1.474 1.509 1.546 1.584 1.623 1.665 1.715 1.773 1.838 1.909 1.985 2.066 2.151 2.239 2.328 2.418 2.501 2.573 2.633 2.680 2.718 2.745 2.763 2.774 2.778 2.776 2.769 2.757 2.741 2.723 2.700 2.676 2.648 2.618 2.585 2.549 2.511 2.470 2.425 2.376 2.324 2.267 2.207 2.144 2.076 2.006 1.932 1.856 1.777 1.696 1.613 1.529 1.443 1.358 1.272 1.186 1.101 1.017 0.936 0.856 0.779 0.705 0.634 0.567 0.504 0.444 0.388 0.336 0.288 0.244 0.204 0.168 0.136 0.108 0.085 0.065 0.048 0.035 0.025 0.017 0.011 0.005 0.001 0.000 0.000 0.000 0.000 0.000 0.000 0.000 0.000 0.000 0.000 0.000 0.000 0.000 0.000 0.000 0.000 0.000 0.000 0.000 0.000 0.000 0.000 0.000 0.000 0.000 0.000 0.000 0.000
0.002 0.003 0.003 0.003 0.003 0.003 0.003 0.004 0.004 0.004 0.004 0.004 0.004 0.004 0.004 0.004 0.004 0.004 0.005 0.005 0.005 0.005 0.005 0.005 0.006 0.006 0.006 0.006 0.007 0.008 0.010 0.014 0.020 0.027 0.035 0.045 0.058 0.072 0.090 0.111 0.135 0.163 0.194 0.229 0.266 0.305 0.346 0.387 0.428 0.469 0.509 0.547 0.584 0.618 0.649 0.678 0.704 0.727 0.747 0.764 0.779 0.791 0.801 0.809 0.815 0.820 0.822 0.823 0.823 0.822 0.819 0.815 0.811 0.805 0.798 0.790 0.781 0.771 0.760 0.748 0.735 0.721 0.706 0.693 0.684 0.679 0.678 0.680 0.684 0.689 0.695 0.702 0.707 0.712 0.715 0.716 0.716 0.713 0.708 0.701 0.693 0.684 0.673 0.661 0.647 0.630 0.612 0.593 0.575 0.557 0.539 0.522 0.505 0.488 0.471 0.454 0.437 0.419 0.401 0.383 0.363 0.343 0.322 0.300 0.278 0.254 0.231 0.207 0.183 0.160 0.138 0.117 0.097 0.080 0.064 0.050 0.039 0.029 0.022 0.016 0.011 0.006 0.001 0.001 0.000 0.000 0.000 0.000 0.000 0.000 0.000 0.000 0.000 0.000 0.000 0.000 0.000 0.000 0.000 0.000 0.000 0.000 0.000 0.000 0.000 0.000 0.000 0.000 0.000 0.000 0.000 0.000 0.000 0.000 0.000 0.000 0.000 0.000
0.001 0.002 0.002 0.002 0.002 0.002 0.002 0.002 0.002 0.002 0.002 0.002 0.002 0.002 0.002 0.002 0.002 0.002 0.002 0.003 0.003 0.003 0.003 0.003 0.003 0.003 0.003 0.003 0.003 0.004 0.004 0.004 0.004 0.004 0.004 0.005 0.005 0.005 0.005 0.006 0.006 0.007 0.008 0.012 0.017 0.022 0.028 0.034 0.041 0.049 0.058 0.068 0.079 0.091 0.103 0.116 0.129 0.143 0.156 0.169 0.182 0.194 0.205 0.216 0.225 0.233 0.239 0.243 0.246 0.248 0.248 0.246 0.243 0.239 0.233 0.226 0.218 0.209 0.199 0.189 0.178 0.167 0.155 0.143 0.132 0.120 0.109 0.098 0.087 0.077 0.068 0.059 0.051 0.044 0.037 0.032 0.026 0.021 0.017 0.013 0.010 0.009 0.009 0.010 0.010 0.010 0.009 0.009 0.010 0.011 0.013 0.016 0.018 0.020 0.022 0.023 0.024 0.025 0.026 0.026 0.026 0.026 0.025 0.024 0.023 0.021 0.019 0.017 0.015 0.013 0.011 0.008 0.004 0.002 0.002 0.001 0.001 0.000 0.000 0.000 0.000 0.000 0.000 0.000 0.000 0.000 0.000 0.000 0.000 0.000 0.000 0.000 0.000 0.000 0.000 0.000 0.000 0.000 0.000 0.000 0.000 0.000 0.000 0.000 0.000 0.000 0.000 0.000 0.000 0.000 0.000 0.000 0.000 0.000 0.000 0.000 0.000 0.000
0.000 0.000 0.000 0.000 0.000 0.000 0.001 0.001 0.001 0.001 0.001 0.001 0.001 0.001 0.001 0.001 0.001 0.001 0.001 0.001 0.001 0.001 0.001 0.001 0.001 0.001 0.001 0.001 0.001 0.001 0.001 0.001 0.001 0.001 0.001 0.001 0.001 0.001 0.001 0.001 0.001 0.001 0.001 0.001 0.001 0.001 0.001 0.001 0.001 0.001 0.001 0.001 0.001 0.001 0.001 0.001 0.001 0.001 0.002 0.002 0.002 0.003 0.004 0.005 0.006 0.006 0.001 0.000 0.000 0.000 0.000 0.000 0.000 0.000 0.000 0.000 0.000 0.000 0.000 0.000 0.000 0.000 0.000 0.000 0.000 0.000 0.000 0.000 0.000 0.000 0.000 0.000 0.000 0.000 0.000 0.000 0.000 0.000 0.000 0.000 0.000 0.000 0.000 0.000 0.000 0.000 0.000 0.000 0.000 0.000 0.000 0.000 0.000 0.000 0.000 0.000 0.001 0.001 0.001 0.001 0.001 0.001 0.001 0.000 0.000 0.000 0.000 0.000 0.000 0.000 0.000 0.000 0.000 0.000 0.000 0.000 0.000 0.000 0.000 0.000 0.000 0.000 0.000 0.000 0.000 0.000 0.000 0.000 0.000 0.000 0.000 0.000 0.000 0.000 0.000 0.000 0.000 0.000 0.000 0.000 0.000 0.000 0.000 0.000 0.000 0.000 0.000 0.000 0.000 0.000 0.000 0.000 0.000 0.000 0.000 0.000 0.000 0.000
