Examples/2023_ISeeSnow/data/CoulombOnly/Results/curv77s/h/1HS_03_curv77s_MoT-Voellmy_h_0038.asc
ncols        172
nrows        17
xllcorner    2097.5
yllcorner    -4292.5
cellsize     5.00
NODATA_value -9999
0.000 0.000 0.000 0.000 0.000 0.000 0.000 0.000 0.000 0.000 0.000 0.000 0.000 0.000 0.000 0.000 0.000 0.000 0.000 0.000 0.000 0.000 0.000 0.000 0.000 0.000 0.000 0.000 0.000 0.000 0.000 0.000 0.000 0.000 0.000 0.000 0.000 0.000 0.000 0.000 0.000 0.000 0.000 0.000 0.000 0.000 0.000 0.000 0.000 0.000 0.000 0.000 0.000 0.000 0.000 0.000 0.000 0.000 0.000 0.000 0.000 0.000 0.000 0.000 0.000 0.000 0.000 0.000 0.000 0.000 0.000 0.000 0.000 0.000 0.000 0.000 0.000 0.000 0.000 0.000 0.000 0.000 0.000 0.000 0.000 0.000 0.000 0.000 0.000 0.000 0.000 0.000 0.000 0.000 0.000 0.000 0.000 0.000 0.000 0.000 0.000 0.000 0.000 0.000 0.000 0.000 0.000 0.000 0.000 0.000 0.000 0.000 0.000 0.000 0.000 0.000 0.000 0.000 0.000 0.000 0.000 0.000 0.000 0.000 0.000 0.000 0.000 0.000 0.000 0.000 0.000 0.000 0.000 0.000 0.000 0.000 0.000 0.000 0.000 0.000 0.000 0.000 0.000 0.000 0.000 0.000 0.000 0.000 0.000 0.000 0.000 0.000 0.000 0.000 0.000 0.000 0.000 0.000 0.000 0.000 0.000 0.000 0.000 0.000 0.000 0.000 0.000 0.000 0.000 0.000 0.000 0.000
0.001 0.001 0.001 0.001 0.001 0.001 0.001 0.001 0.001 0.001 0.001 0.001 0.001 0.001 0.001 0.001 0.001 0.001 0.001 0.001 0.001 0.001 0.001 0.001 0.001 0.002 0.002 0.002 0.002 0.002 0.002 0.002 0.002 0.002 0.002 0.002 0.002 0.002 0.002 0.003 0.003 0.003 0.003 0.003 0.003 0.003 0.003 0.004 0.004 0.004 0.004 0.004 0.005 0.005 0.005 0.006 0.006 0.006 0.007 0.007 0.008 0.009 0.011 0.012 0.012 0.013 0.013 0.013 0.013 0.012 0.012 0.011 0.010 0.008 0.007 0.007 0.006 0.007 0.007 0.008 0.008 0.008 0.008 0.003 0.000 0.000 0.000 0.000 0.000 0.000 0.000 0.000 0.000 0.000 0.000 0.000 0.000 0.000 0.000 0.000 0.000 0.000 0.000 0.000 0.000 0.000 0.000 0.000 0.000 0.000 0.000 0.000 0.000 0.000 0.000 0.000 0.000 0.000 0.000 0.000 0.000 0.000 0.000 0.000 0.000 0.000 0.000 0.000 0.000 0.000 0.000 0.000 0.000 0.000 0.000 0.000 0.000 0.000 0.000 0.000 0.000 0.000 0.000 0.000 0.000 0.000 0.000 0.000 0.000 0.000 0.000 0.000 0.000 0.000 0.000 0.000 0.000 0.000 0.000 0.000 0.000 0.000 0.000 0.000 0.000 0.000 0.000 0.000 0.000 0.000 0.000 0.000
0.002 0.002 0.002 0.002 0.002 0.002 0.002 0.002 0.002 0.002 0.003 0.003 0.003 0.003 0.003 0.003 0.003 0.003 0.003 0.003 0.003 0.004 0.004 0.004 0.004 0.004 0.004 0.004 0.005 0.005 0.005 0.005 0.006 0.006 0.007 0.008 0.010 0.015 0.022 0.030 0.039 0.051 0.065 0.082 0.101 0.124 0.150 0.179 0.210 0.245 0.282 0.320 0.361 0.403 0.445 0.487 0.528 0.569 0.607 0.644 0.677 0.708 0.734 0.757 0.775 0.790 0.800 0.806 0.809 0.807 0.801 0.791 0.778 0.761 0.740 0.717 0.692 0.664 0.635 0.604 0.572 0.539 0.504 0.468 0.431 0.395 0.360 0.325 0.291 0.259 0.228 0.199 0.172 0.147 0.125 0.104 0.086 0.071 0.057 0.046 0.036 0.028 0.021 0.015 0.011 0.009 0.009 0.009 0.009 0.004 0.000 0.000 0.000 0.000 0.000 0.000 0.000 0.000 0.000 0.000 0.000 0.000 0.000 0.000 0.000 0.000 0.000 0.000 0.000 0.000 0.000 0.000 0.000 0.000 0.000 0.000 0.000 0.000 0.000 0.000 0.000 0.000 0.000 0.000 0.000 0.000 0.000 0.000 0.000 0.000 0.000 0.000 0.000 0.000 0.000 0.000 0.000 0.000 0.000 0.000 0.000 0.000 0.000 0.000 0.000 0.000 0.000 0.000 0.000 0.000 0.000 0.000
0.003 0.003 0.003 0.003 0.004 0.004 0.004 0.004 0.004 0.004 0.004 0.004 0.005 0.005 0.005 0.005 0.005 0.005 0.005 0.005 0.006 0.006 0.006 0.006 0.007 0.007 0.008 0.011 0.016 0.024 0.034 0.047 0.064 0.085 0.112 0.146 0.187 0.237 0.294 0.359 0.431 0.509 0.594 0.682 0.774 0.866 0.959 1.050 1.138 1.223 1.302 1.375 1.442 1.502 1.556 1.603 1.643 1.676 1.703 1.725 1.741 1.752 1.759 1.761 1.760 1.755 1.747 1.736 1.723 1.707 1.689 1.668 1.646 1.622 1.596 1.568 1.539 1.508 1.476 1.443 1.408 1.373 1.336 1.299 1.260 1.220 1.179 1.137 1.094 1.050 1.005 0.959 0.912 0.863 0.814 0.764 0.712 0.660 0.608 0.556 0.504 0.453 0.404 0.356 0.312 0.271 0.234 0.199 0.167 0.138 0.112 0.091 0.072 0.057 0.045 0.034 0.026 0.019 0.014 0.010 0.009 0.009 0.009 0.008 0.001 0.000 0.000 0.000 0.000 0.000 0.000 0.000 0.000 0.000 0.000 0.000 0.000 0.000 0.000 0.000 0.000 0.000 0.000 0.000 0.000 0.000 0.000 0.000 0.000 0.000 0.000 0.000 0.000 0.000 0.000 0.000 0.000 0.000 0.000 0.000 0.000 0.000 0.000 0.000 0.000 0.000 0.000 0.000 0.000 0.000 0.000 0.000
0.004 0.004 0.004 0.005 0.005 0.005 0.005 0.005 0.005 0.006 0.006 0.006 0.006 0.006 0.006 0.006 0.007 0.007 0.007 0.008 0.008 0.012 0.018 0.027 0.039 0.054 0.074 0.101 0.135 0.176 0.226 0.284 0.350 0.423 0.503 0.588 0.676 0.765 0.853 0.937 1.016 1.089 1.154 1.212 1.262 1.306 1.343 1.375 1.402 1.426 1.446 1.465 1.483 1.500 1.516 1.533 1.550 1.566 1.584 1.602 1.620 1.638 1.658 1.677 1.697 1.717 1.737 1.757 1.777 1.797 1.816 1.835 1.854 1.872 1.888 1.904 1.918 1.931 1.942 1.951 1.958 1.962 1.964 1.964 1.960 1.954 1.945 1.933 1.918 1.901 1.881 1.860 1.838 1.818 1.800 1.783 1.767 1.751 1.734 1.716 1.697 1.675 1.651 1.623 1.592 1.557 1.517 1.474 1.425 1.372 1.316 1.255 1.192 1.126 1.057 0.987 0.915 0.843 0.770 0.698 0.627 0.556 0.487 0.419 0.354 0.294 0.239 0.189 0.146 0.109 0.079 0.055 0.037 0.024 0.016 0.010 0.003 0.000 0.000 0.000 0.000 0.000 0.000 0.000 0.000 0.000 0.000 0.000 0.000 0.000 0.000 0.000 0.000 0.000 0.000 0.000 0.000 0.000 0.000 0.000 0.000 0.000 0.000 0.000 0.000 0.000 0.000 0.000 0.000 0.000 0.000 0.000
0.004 0.005 0.005 0.006 0.006 0.006 0.006 0.006 0.006 0.007 0.007 0.007 0.007 0.007 0.008 0.009 0.012 0.018 0.026 0.038 0.053 0.072 0.096 0.125 0.160 0.200 0.247 0.298 0.354 0.413 0.475 0.538 0.601 0.663 0.725 0.785 0.844 0.903 0.963 1.024 1.086 1.151 1.219 1.289 1.362 1.438 1.515 1.594 1.675 1.755 1.836 1.917 1.998 2.077 2.156 2.234 2.311 2.386 2.461 2.534 2.605 2.676 2.745 2.813 2.879 2.944 3.006 3.067 3.126 3.182 3.236 3.287 3.335 3.381 3.423 3.463 3.499 3.532 3.562 3.589 3.613 3.634 3.651 3.665 3.677 3.684 3.689 3.689 3.686 3.678 3.666 3.649 3.624 3.586 3.537 3.478 3.409 3.332 3.249 3.160 3.067 2.972 2.876 2.779 2.683 2.587 2.492 2.398 2.306 2.214 2.123 2.033 1.942 1.852 1.762 1.672 1.582 1.493 1.405 1.318 1.233 1.150 1.070 0.993 0.922 0.856 0.793 0.732 0.673 0.613 0.554 0.495 0.436 0.378 0.321 0.266 0.214 0.168 0.129 0.096 0.070 0.049 0.034 0.023 0.015 0.011 0.009 0.003 0.000 0.000 0.000 0.000 0.000 0.000 0.000 0.000 0.000 0.000 0.000 0.000 0.000 0.000 0.000 0.000 0.000 0.000 0.000 0.000 0.000 0.000 0.000 0.000
0.005 0.006 0.006 0.007 0.007 0.007 0.007 0.008 0.008 0.008 0.008 0.010 0.015 0.022 0.032 0.044 0.061 0.081 0.106 0.135 0.169 0.208 0.251 0.298 0.348 0.401 0.455 0.510 0.566 0.621 0.676 0.730 0.785 0.841 0.897 0.955 1.015 1.078 1.143 1.210 1.281 1.354 1.430 1.509 1.591 1.675 1.761 1.850 1.940 2.033 2.127 2.222 2.318 2.414 2.510 2.605 2.699 2.791 2.881 2.969 3.054 3.135 3.213 3.288 3.359 3.427 3.492 3.553 3.611 3.667 3.719 3.769 3.817 3.861 3.904 3.944 3.981 4.015 4.046 4.073 4.097 4.116 4.131 4.142 4.148 4.149 4.146 4.138 4.125 4.109 4.088 4.064 4.039 4.015 3.992 3.969 3.948 3.926 3.905 3.882 3.858 3.832 3.804 3.772 3.737 3.699 3.658 3.613 3.565 3.515 3.463 3.411 3.357 3.304 3.252 3.201 3.152 3.104 3.058 3.013 2.967 2.920 2.869 2.811 2.742 2.663 2.573 2.476 2.373 2.266 2.155 2.041 1.924 1.804 1.682 1.557 1.431 1.304 1.176 1.049 0.925 0.804 0.690 0.582 0.482 0.391 0.310 0.240 0.181 0.133 0.096 0.067 0.046 0.031 0.020 0.014 0.009 0.002 0.000 0.000 0.000 0.000 0.000 0.000 0.000 0.000 0.000 0.000 0.000 0.000 0.000 0.000
0.005 0.006 0.006 0.007 0.007 0.007 0.007 0.007 0.007 0.007 0.008 0.008 0.008 0.009 0.010 0.012 0.016 0.021 0.027 0.034 0.041 0.050 0.061 0.075 0.093 0.115 0.143 0.177 0.217 0.265 0.319 0.381 0.449 0.523 0.602 0.685 0.771 0.859 0.948 1.038 1.128 1.217 1.305 1.391 1.476 1.560 1.643 1.724 1.804 1.884 1.962 2.041 2.119 2.198 2.277 2.357 2.437 2.518 2.601 2.684 2.769 2.854 2.939 3.025 3.111 3.195 3.278 3.360 3.438 3.514 3.585 3.652 3.715 3.772 3.824 3.869 3.909 3.943 3.970 3.992 4.007 4.017 4.022 4.022 4.017 4.007 3.994 3.976 3.955 3.930 3.902 3.870 3.835 3.797 3.755 3.710 3.661 3.609 3.554 3.496 3.435 3.371 3.305 3.237 3.167 3.096 3.023 2.949 2.874 2.798 2.721 2.642 2.562 2.480 2.396 2.309 2.221 2.130 2.037 1.942 1.845 1.748 1.651 1.556 1.466 1.380 1.298 1.220 1.145 1.074 1.006 0.941 0.880 0.822 0.768 0.718 0.672 0.630 0.590 0.554 0.520 0.488 0.458 0.428 0.399 0.370 0.340 0.310 0.279 0.248 0.217 0.187 0.158 0.131 0.107 0.085 0.065 0.049 0.037 0.027 0.020 0.015 0.011 0.008 0.001 0.000 0.000 0.000 0.000 0.000 0.000 0.000
0.008 0.015 0.023 0.033 0.043 0.054 0.068 0.083 0.102 0.125 0.152 0.185 0.224 0.270 0.323 0.384 0.454 0.532 0.619 0.715 0.819 0.931 1.050 1.175 1.305 1.440 1.577 1.717 1.858 1.998 2.138 2.276 2.412 2.544 2.674 2.799 2.921 3.038 3.151 3.260 3.364 3.464 3.560 3.652 3.740 3.824 3.904 3.981 4.054 4.124 4.191 4.254 4.315 4.373 4.427 4.480 4.529 4.576 4.620 4.662 4.701 4.737 4.771 4.803 4.831 4.858 4.881 4.902 4.920 4.936 4.948 4.958 4.964 4.968 4.969 4.967 4.962 4.954 4.943 4.930 4.913 4.894 4.873 4.848 4.822 4.792 4.761 4.727 4.691 4.653 4.613 4.570 4.526 4.480 4.433 4.383 4.332 4.280 4.226 4.170 4.114 4.056 3.998 3.939 3.879 3.818 3.758 3.697 3.635 3.574 3.513 3.452 3.392 3.331 3.271 3.210 3.150 3.090 3.030 2.970 2.910 2.849 2.787 2.725 2.661 2.597 2.531 2.464 2.395 2.325 2.253 2.180 2.104 2.027 1.949 1.868 1.787 1.704 1.621 1.537 1.452 1.367 1.283 1.199 1.116 1.034 0.953 0.875 0.798 0.724 0.654 0.586 0.521 0.461 0.404 0.351 0.303 0.258 0.217 0.181 0.149 0.121 0.096 0.076 0.059 0.045 0.035 0.026 0.020 0.015 0.011 0.006
0.005 0.006 0.006 0.007 0.007 0.007 0.007 0.007 0.007 0.007 0.008 0.008 0.008 0.009 0.010 0.012 0.016 0.021 0.027 0.034 0.041 0.050 0.061 0.075 0.093 0.115 0.143 0.177 0.217 0.264 0.319 0.381 0.449 0.523 0.602 0.685 0.771 0.859 0.948 1.038 1.128 1.217 1.305 1.391 1.476 1.560 1.643 1.724 1.804 1.884 1.963 2.041 2.120 2.198 2.277 2.357 2.437 2.519 2.601 2.685 2.769 2.854 2.940 3.026 3.111 3.196 3.279 3.360 3.439 3.514 3.586 3.653 3.715 3.772 3.824 3.869 3.909 3.943 3.970 3.992 4.007 4.017 4.022 4.022 4.016 4.007 3.993 3.976 3.954 3.929 3.901 3.869 3.834 3.796 3.754 3.709 3.660 3.608 3.553 3.495 3.434 3.370 3.304 3.236 3.166 3.095 3.022 2.949 2.874 2.798 2.721 2.642 2.562 2.480 2.395 2.309 2.221 2.130 2.037 1.942 1.846 1.748 1.651 1.556 1.466 1.380 1.298 1.220 1.145 1.074 1.006 0.941 0.880 0.822 0.768 0.718 0.672 0.630 0.590 0.554 0.520 0.488 0.458 0.428 0.399 0.370 0.340 0.310 0.279 0.248 0.217 0.187 0.158 0.131 0.107 0.085 0.065 0.049 0.037 0.027 0.020 0.015 0.011 0.008 0.001 0.000 0.000 0.000 0.000 0.000 0.000 0.000
0.005 0.006 0.006 0.007 0.007 0.007 0.007 0.008 0.008 0.008 0.008 0.010 0.015 0.022 0.032 0.044 0.061 0.081 0.106 0.135 0.169 0.208 0.251 0.298 0.349 0.401 0.455 0.510 0.566 0.621 0.676 0.730 0.785 0.841 0.897 0.955 1.015 1.078 1.143 1.210 1.281 1.354 1.430 1.509 1.591 1.675 1.761 1.850 1.940 2.033 2.127 2.222 2.318 2.414 2.510 2.605 2.699 2.791 2.881 2.969 3.054 3.135 3.213 3.288 3.360 3.427 3.492 3.553 3.612 3.667 3.720 3.770 3.817 3.862 3.905 3.945 3.982 4.016 4.047 4.075 4.098 4.118 4.133 4.144 4.150 4.151 4.148 4.140 4.128 4.111 4.090 4.067 4.042 4.017 3.994 3.972 3.950 3.928 3.907 3.884 3.860 3.834 3.805 3.773 3.738 3.700 3.658 3.613 3.565 3.515 3.463 3.411 3.357 3.304 3.252 3.201 3.152 3.104 3.058 3.013 2.967 2.920 2.869 2.811 2.743 2.663 2.573 2.476 2.373 2.266 2.155 2.041 1.924 1.804 1.682 1.557 1.431 1.304 1.176 1.049 0.925 0.804 0.690 0.582 0.482 0.391 0.310 0.240 0.181 0.133 0.096 0.067 0.046 0.031 0.020 0.014 0.009 0.002 0.000 0.000 0.000 0.000 0.000 0.000 0.000 0.000 0.000 0.000 0.000 0.000 0.000 0.000
0.004 0.005 0.005 0.006 0.006 0.006 0.006 0.006 0.006 0.007 0.007 0.007 0.007 0.007 0.008 0.009 0.012 0.018 0.027 0.038 0.053 0.072 0.096 0.125 0.160 0.200 0.247 0.298 0.354 0.413 0.475 0.538 0.601 0.663 0.725 0.785 0.844 0.903 0.963 1.024 1.086 1.151 1.219 1.289 1.362 1.438 1.515 1.594 1.674 1.755 1.836 1.917 1.998 2.077 2.156 2.234 2.311 2.386 2.461 2.534 2.606 2.676 2.745 2.813 2.879 2.944 3.006 3.067 3.126 3.182 3.236 3.287 3.335 3.381 3.423 3.463 3.499 3.532 3.562 3.589 3.612 3.633 3.650 3.665 3.676 3.684 3.688 3.688 3.685 3.677 3.665 3.648 3.623 3.585 3.536 3.477 3.408 3.331 3.248 3.160 3.067 2.973 2.876 2.780 2.683 2.587 2.493 2.399 2.307 2.215 2.124 2.034 1.944 1.853 1.763 1.673 1.583 1.494 1.406 1.319 1.234 1.151 1.070 0.994 0.922 0.856 0.793 0.732 0.673 0.614 0.554 0.495 0.436 0.378 0.321 0.266 0.214 0.168 0.129 0.096 0.070 0.049 0.034 0.023 0.015 0.011 0.009 0.003 0.000 0.000 0.000 0.000 0.000 0.000 0.000 0.000 0.000 0.000 0.000 0.000 0.000 0.000 0.000 0.000 0.000 0.000 0.000 0.000 0.000 0.000 0.000 0.000
0.004 0.004 0.004 0.005 0.005 0.005 0.005 0.005 0.005 0.006 0.006 0.006 0.006 0.006 0.006 0.006 0.007 0.007 0.007 0.008 0.008 0.012 0.018 0.027 0.039 0.054 0.074 0.101 0.135 0.176 0.226 0.284 0.350 0.423 0.503 0.588 0.677 0.765 0.853 0.937 1.016 1.089 1.154 1.212 1.263 1.306 1.343 1.375 1.402 1.426 1.446 1.465 1.483 1.500 1.516 1.533 1.550 1.567 1.584 1.602 1.620 1.639 1.658 1.677 1.697 1.717 1.737 1.757 1.777 1.797 1.816 1.835 1.854 1.872 1.888 1.904 1.918 1.931 1.942 1.951 1.958 1.962 1.964 1.964 1.960 1.954 1.945 1.933 1.918 1.901 1.882 1.860 1.838 1.818 1.800 1.783 1.767 1.751 1.734 1.717 1.697 1.676 1.651 1.623 1.592 1.557 1.517 1.473 1.425 1.372 1.315 1.255 1.191 1.125 1.057 0.986 0.915 0.842 0.769 0.697 0.626 0.556 0.487 0.419 0.354 0.294 0.239 0.189 0.146 0.109 0.079 0.055 0.037 0.024 0.016 0.010 0.003 0.000 0.000 0.000 0.000 0.000 0.000 0.000 0.000 0.000 0.000 0.000 0.000 0.000 0.000 0.000 0.000 0.000 0.000 0.000 0.000 0.000 0.000 0.000 0.000 0.000 0.000 0.000 0.000 0.000 0.000 0.000 0.000 0.000 0.000 0.000
0.003 0.003 0.003 0.003 0.004 0.004 0.004 0.004 0.004 0.004 0.004 0.004 0.005 0.005 0.005 0.005 0.005 0.005 0.005 0.005 0.006 0.006 0.006 0.006 0.007 0.007 0.008 0.011 0.016 0.024 0.034 0.047 0.064 0.085 0.112 0.146 0.187 0.237 0.294 0.359 0.431 0.509 0.594 0.682 0.774 0.866 0.959 1.050 1.138 1.223 1.302 1.375 1.442 1.502 1.556 1.603 1.643 1.676 1.704 1.725 1.741 1.752 1.759 1.761 1.760 1.755 1.747 1.736 1.723 1.707 1.689 1.669 1.646 1.622 1.596 1.569 1.539 1.509 1.477 1.443 1.409 1.373 1.337 1.299 1.260 1.220 1.179 1.137 1.094 1.050 1.005 0.959 0.912 0.863 0.814 0.763 0.712 0.660 0.608 0.556 0.504 0.453 0.403 0.356 0.312 0.271 0.233 0.199 0.167 0.138 0.112 0.091 0.072 0.057 0.044 0.034 0.026 0.019 0.014 0.010 0.009 0.009 0.009 0.008 0.001 0.000 0.000 0.000 0.000 0.000 0.000 0.000 0.000 0.000 0.000 0.000 0.000 0.000 0.000 0.000 0.000 0.000 0.000 0.000 0.000 0.000 0.000 0.000 0.000 0.000 0.000 0.000 0.000 0.000 0.000 0.000 0.000 0.000 0.000 0.000 0.000 0.000 0.000 0.000 0.000 0.000 0.000 0.000 0.000 0.000 0.000 0.000
0.002 0.002 0.002 0.002 0.002 0.002 0.002 0.002 0.002 0.002 0.003 0.003 0.003 0.003 0.003 0.003 0.003 0.003 0.003 0.003 0.003 0.004 0.004 0.004 0.004 0.004 0.004 0.004 0.005 0.005 0.005 0.005 0.006 0.006 0.007 0.008 0.010 0.015 0.022 0.030 0.039 0.051 0.065 0.082 0.101 0.124 0.150 0.179 0.210 0.245 0.282 0.320 0.361 0.403 0.445 0.487 0.528 0.569 0.607 0.643 0.677 0.707 0.734 0.757 0.775 0.790 0.800 0.806 0.808 0.806 0.800 0.791 0.777 0.760 0.740 0.717 0.691 0.664 0.635 0.604 0.572 0.539 0.504 0.468 0.431 0.395 0.359 0.324 0.290 0.258 0.227 0.198 0.172 0.147 0.124 0.104 0.086 0.071 0.057 0.046 0.036 0.028 0.021 0.015 0.011 0.009 0.009 0.009 0.009 0.004 0.000 0.000 0.000 0.000 0.000 0.000 0.000 0.000 0.000 0.000 0.000 0.000 0.000 0.000 0.000 0.000 0.000 0.000 0.000 0.000 0.000 0.000 0.000 0.000 0.000 0.000 0.000 0.000 0.000 0.000 0.000 0.000 0.000 0.000 0.000 0.000 0.000 0.000 0.000 0.000 0.000 0.000 0.000 0.000 0.000 0.000 0.000 0.000 0.000 0.000 0.000 0.000 0.000 0.000 0.000 0.000 0.000 0.000 0.000 0.000 0.000 0.000
0.001 0.001 0.001 0.001 0.001 0.001 0.001 0.001 0.001 0.001 0.001 0.001 0.001 0.001 0.001 0.001 0.001 0.001 0.001 0.001 0.001 0.001 0.001 0.001 0.001 0.002 0.002 0.002 0.002 0.002 0.002 0.002 0.002 0.002 0.002 0.002 0.002 0.002 0.002 0.003 0.003 0.003 0.003 0.003 0.003 0.003 0.003 0.004 0.004 0.004 0.004 0.004 0.005 0.005 0.005 0.006 0.006 0.006 0.007 0.007 0.008 0.009 0.011 0.012 0.012 0.013 0.013 0.013 0.013 0.012 0.012 0.011 0.010 0.008 0.007 0.007 0.006 0.007 0.007 0.008 0.008 0.008 0.008 0.003 0.000 0.000 0.000 0.000 0.000 0.000 0.000 0.000 0.000 0.000 0.000 0.000 0.000 0.000 0.000 0.000 0.000 0.000 0.000 0.000 0.000 0.000 0.000 0.000 0.000 0.000 0.000 0.000 0.000 0.000 0.000 0.000 0.000 0.000 0.000 0.000 0.000 0.000 0.000 0.000 0.000 0.000 0.000 0.000 0.000 0.000 0.000 0.000 0.000 0.000 0.000 0.000 0.000 0.000 0.000 0.000 0.000 0.000 0.000 0.000 0.000 0.000 0.000 0.000 0.000 0.000 0.000 0.000 0.000 0.000 0.000 0.000 0.000 0.000 0.000 0.000 0.000 0.000 0.000 0.000 0.000 0.000 0.000 0.000 0.000 0.000 0.000 0.000
0.000 0.000 0.000 0.000 0.000 0.000 0.000 0.000 0.000 0.000 0.000 0.000 0.000 0.000 0.000 0.000 0.000 0.000 0.000 0.000 0.000 0.000 0.000 0.000 0.000 0.000 0.000 0.000 0.000 0.000 0.000 0.000 0.000 0.000 0.000 0.000 0.000 0.000 0.000 0.000 0.000 0.000 0.000 0.000 0.000 0.000 0.000 0.000 0.000 0.000 0.000 0.000 0.000 0.000 0.000 0.000 0.000 0.000 0.000 0.000 0.000 0.000 0.000 0.000 0.000 0.000 0.000 0.000 0.000 0.000 0.000 0.000 0.000 0.000 0.000 0.000 0.000 0.000 0.000 0.000 0.000 0.000 0.000 0.000 0.000 0.000 0.000 0.000 0.000 0.000 0.000 0.000 0.000 0.000 0.000 0.000 0.000 0.000 0.000 0.000 0.000 0.000 0.000 0.000 0.000 0.000 0.000 0.000 0.000 0.000 0.000 0.000 0.000 0.000 0.000 0.000 0.000 0.000 0.000 0.000 0.000 0.000 0.000 0.000 0.000 0.000 0.000 0.000 0.000 0.000 0.000 0.000 0.000 0.000 0.000 0.000 0.000 0.000 0.000 0.000 0.000 0.000 0.000 0.000 0.000 0.000 0.000 0.000 0.000 0.000 0.000 0.000 0.000 0.000 0.000 0.000 0.000 0.000 0.000 0.000 0.000 0.000 0.000 0.000 0.000 0.000 0.000 0.000 0.000 0.000 0.000 0.000
