Examples/2023_ISeeSnow/data/CoulombOnly/Results/curv77s/h/1HS_03_curv77s_MoT-Voellmy_h_0041.asc
ncols        182
nrows        17
xllcorner    2292.5
yllcorner    -4292.5
cellsize     5.00
NODATA_value -9999
0.000 0.000 0.000 0.000 0.000 0.000 0.000 0.000 0.000 0.000 0.000 0.000 0.000 0.000 0.000 0.000 0.000 0.000 0.000 0.000 0.000 0.000 0.000 0.000 0.000 0.000 0.000 0.000 0.000 0.000 0.000 0.000 0.000 0.000 0.000 0.000 0.000 0.000 0.000 0.000 0.000 0.000 0.000 0.000 0.000 0.000 0.000 0.000 0.000 0.000 0.000 0.000 0.000 0.000 0.000 0.000 0.000 0.000 0.000 0.000 0.000 0.000 0.000 0.000 0.000 0.000 0.000 0.000 0.000 0.000 0.000 0.000 0.000 0.000 0.000 0.000 0.000 0.000 0.000 0.000 0.000 0.000 0.000 0.000 0.000 0.000 0.000 0.000 0.000 0.000 0.000 0.000 0.000 0.000 0.000 0.000 0.000 0.000 0.000 0.000 0.000 0.000 0.000 0.000 0.000 0.000 0.000 0.000 0.000 0.000 0.000 0.000 0.000 0.000 0.000 0.000 0.000 0.000 0.000 0.000 0.000 0.000 0.000 0.000 0.000 0.000 0.000 0.000 0.000 0.000 0.000 0.000 0.000 0.000 0.000 0.000 0.000 0.000 0.000 0.000 0.000 0.000 0.000 0.000 0.000 0.000 0.000 0.000 0.000 0.000 0.000 0.000 0.000 0.000 0.000 0.000 0.000 0.000 0.000 0.000 0.000 0.000 0.000 0.000 0.000 0.000 0.000 0.000 0.000 0.000 0.000 0.000 0.000 0.000 0.000 0.000 0.000 0.000 0.000 0.000 0.000 0.000
0.000 0.000 0.000 0.000 0.000 0.000 0.000 0.000 0.000 0.000 0.000 0.000 0.000 0.000 0.000 0.000 0.000 0.000 0.000 0.001 0.001 0.001 0.001 0.001 0.001 0.001 0.001 0.001 0.001 0.001 0.001 0.001 0.001 0.001 0.001 0.001 0.001 0.001 0.001 0.000 0.000 0.000 0.000 0.000 0.000 0.001 0.001 0.001 0.001 0.001 0.002 0.003 0.004 0.005 0.004 0.000 0.000 0.000 0.000 0.000 0.000 0.000 0.000 0.000 0.000 0.000 0.000 0.000 0.000 0.000 0.000 0.000 0.000 0.000 0.000 0.000 0.000 0.000 0.000 0.000 0.000 0.000 0.000 0.000 0.000 0.000 0.000 0.000 0.000 0.000 0.000 0.000 0.000 0.000 0.000 0.000 0.000 0.000 0.000 0.001 0.002 0.002 0.003 0.004 0.005 0.006 0.007 0.008 0.009 0.009 0.010 0.011 0.011 0.012 0.012 0.012 0.013 0.013 0.013 0.012 0.012 0.012 0.011 0.011 0.010 0.009 0.007 0.006 0.005 0.004 0.003 0.002 0.002 0.001 0.001 0.001 0.001 0.000 0.000 0.000 0.000 0.000 0.000 0.000 0.000 0.000 0.000 0.000 0.000 0.000 0.000 0.000 0.000 0.000 0.000 0.000 0.000 0.000 0.000 0.000 0.000 0.000 0.000 0.000 0.000 0.000 0.000 0.000 0.000 0.000 0.000 0.000 0.000 0.000 0.000 0.000 0.000 0.000 0.000 0.000 0.000 0.000
0.001 0.001 0.001 0.001 0.001 0.001 0.001 0.001 0.002 0.002 0.002 0.002 0.002 0.002 0.002 0.002 0.002 0.002 0.002 0.002 0.002 0.002 0.002 0.002 0.002 0.003 0.003 0.003 0.003 0.003 0.003 0.003 0.003 0.003 0.003 0.004 0.004 0.004 0.004 0.004 0.004 0.005 0.005 0.005 0.006 0.006 0.007 0.007 0.009 0.012 0.017 0.021 0.025 0.029 0.034 0.039 0.044 0.049 0.055 0.060 0.066 0.071 0.077 0.082 0.086 0.091 0.094 0.097 0.100 0.102 0.103 0.104 0.104 0.103 0.101 0.099 0.097 0.094 0.090 0.086 0.082 0.077 0.072 0.067 0.062 0.058 0.053 0.048 0.044 0.044 0.045 0.050 0.056 0.063 0.072 0.081 0.091 0.100 0.110 0.119 0.127 0.134 0.141 0.147 0.151 0.155 0.158 0.160 0.161 0.162 0.163 0.163 0.162 0.161 0.160 0.157 0.155 0.152 0.148 0.144 0.139 0.134 0.129 0.123 0.116 0.109 0.101 0.093 0.085 0.077 0.069 0.061 0.053 0.046 0.039 0.033 0.027 0.022 0.018 0.014 0.011 0.007 0.002 0.001 0.001 0.000 0.000 0.000 0.000 0.000 0.000 0.000 0.000 0.000 0.000 0.000 0.000 0.000 0.000 0.000 0.000 0.000 0.000 0.000 0.000 0.000 0.000 0.000 0.000 0.000 0.000 0.000 0.000 0.000 0.000 0.000 0.000 0.000 0.000 0.000 0.000 0.000
0.002 0.003 0.003 0.003 0.003 0.003 0.003 0.003 0.003 0.003 0.003 0.003 0.003 0.004 0.004 0.004 0.004 0.004 0.004 0.004 0.004 0.004 0.004 0.005 0.005 0.005 0.005 0.005 0.006 0.006 0.006 0.007 0.007 0.008 0.011 0.016 0.021 0.026 0.033 0.040 0.049 0.060 0.071 0.085 0.100 0.116 0.134 0.154 0.175 0.197 0.219 0.242 0.264 0.286 0.307 0.327 0.346 0.365 0.382 0.398 0.413 0.427 0.440 0.451 0.461 0.471 0.479 0.486 0.493 0.498 0.503 0.508 0.511 0.515 0.518 0.522 0.534 0.553 0.580 0.614 0.654 0.700 0.751 0.805 0.862 0.920 0.979 1.036 1.090 1.137 1.175 1.205 1.228 1.243 1.251 1.252 1.247 1.238 1.223 1.206 1.186 1.163 1.139 1.113 1.086 1.058 1.029 1.000 0.971 0.942 0.913 0.885 0.858 0.831 0.805 0.779 0.754 0.729 0.703 0.678 0.652 0.625 0.598 0.569 0.540 0.510 0.479 0.447 0.415 0.382 0.349 0.316 0.284 0.253 0.223 0.194 0.167 0.142 0.120 0.099 0.081 0.065 0.052 0.040 0.031 0.023 0.017 0.013 0.009 0.002 0.001 0.000 0.000 0.000 0.000 0.000 0.000 0.000 0.000 0.000 0.000 0.000 0.000 0.000 0.000 0.000 0.000 0.000 0.000 0.000 0.000 0.000 0.000 0.000 0.000 0.000 0.000 0.000 0.000 0.000 0.000 0.000
0.003 0.004 0.004 0.004 0.004 0.005 0.005 0.005 0.005 0.005 0.005 0.005 0.005 0.005 0.005 0.005 0.006 0.006 0.006 0.006 0.006 0.006 0.007 0.007 0.008 0.009 0.012 0.017 0.022 0.028 0.036 0.045 0.056 0.069 0.085 0.103 0.124 0.146 0.172 0.199 0.228 0.260 0.293 0.328 0.365 0.403 0.441 0.481 0.520 0.560 0.599 0.639 0.678 0.716 0.755 0.793 0.831 0.870 0.908 0.948 0.988 1.029 1.071 1.115 1.161 1.216 1.281 1.356 1.442 1.537 1.641 1.755 1.876 2.004 2.138 2.272 2.396 2.505 2.599 2.678 2.742 2.793 2.830 2.855 2.870 2.876 2.873 2.863 2.849 2.833 2.815 2.797 2.779 2.761 2.743 2.724 2.706 2.687 2.667 2.647 2.624 2.601 2.575 2.546 2.515 2.481 2.443 2.402 2.358 2.310 2.258 2.203 2.144 2.082 2.016 1.947 1.875 1.800 1.724 1.645 1.565 1.483 1.401 1.319 1.238 1.157 1.078 1.001 0.926 0.854 0.785 0.719 0.657 0.598 0.542 0.489 0.439 0.393 0.349 0.308 0.269 0.233 0.200 0.170 0.142 0.118 0.096 0.077 0.061 0.047 0.036 0.027 0.020 0.014 0.010 0.004 0.001 0.000 0.000 0.000 0.000 0.000 0.000 0.000 0.000 0.000 0.000 0.000 0.000 0.000 0.000 0.000 0.000 0.000 0.000 0.000 0.000 0.000 0.000 0.000 0.000 0.000
0.004 0.005 0.006 0.006 0.006 0.006 0.006 0.006 0.006 0.006 0.006 0.007 0.007 0.007 0.007 0.007 0.008 0.008 0.009 0.013 0.018 0.024 0.032 0.040 0.051 0.065 0.082 0.101 0.124 0.150 0.180 0.214 0.251 0.293 0.338 0.388 0.441 0.497 0.557 0.620 0.685 0.754 0.825 0.899 0.975 1.054 1.135 1.218 1.305 1.393 1.485 1.579 1.677 1.778 1.882 1.989 2.101 2.216 2.335 2.457 2.584 2.713 2.846 2.981 3.115 3.239 3.348 3.440 3.516 3.574 3.616 3.640 3.648 3.640 3.617 3.582 3.540 3.495 3.446 3.394 3.340 3.283 3.224 3.162 3.098 3.031 2.962 2.890 2.815 2.737 2.657 2.573 2.487 2.399 2.314 2.232 2.155 2.083 2.015 1.952 1.894 1.839 1.789 1.742 1.698 1.655 1.614 1.574 1.533 1.493 1.452 1.410 1.367 1.323 1.278 1.233 1.186 1.140 1.093 1.045 0.998 0.951 0.905 0.859 0.813 0.769 0.725 0.683 0.642 0.603 0.566 0.531 0.498 0.468 0.441 0.416 0.394 0.375 0.357 0.342 0.327 0.313 0.298 0.283 0.268 0.251 0.233 0.214 0.194 0.174 0.153 0.133 0.113 0.094 0.077 0.062 0.049 0.037 0.028 0.020 0.014 0.010 0.003 0.000 0.000 0.000 0.000 0.000 0.000 0.000 0.000 0.000 0.000 0.000 0.000 0.000 0.000 0.000 0.000 0.000 0.000 0.000
0.004 0.006 0.006 0.007 0.007 0.007 0.007 0.007 0.007 0.008 0.008 0.008 0.009 0.012 0.016 0.021 0.028 0.035 0.044 0.056 0.069 0.084 0.102 0.123 0.147 0.175 0.206 0.243 0.285 0.336 0.397 0.469 0.551 0.644 0.746 0.858 0.977 1.104 1.236 1.374 1.515 1.658 1.802 1.946 2.090 2.231 2.370 2.505 2.635 2.761 2.881 2.996 3.104 3.205 3.299 3.385 3.464 3.534 3.596 3.649 3.693 3.726 3.750 3.764 3.769 3.771 3.770 3.768 3.766 3.764 3.762 3.761 3.761 3.763 3.767 3.773 3.782 3.793 3.806 3.822 3.840 3.859 3.880 3.902 3.925 3.949 3.974 4.000 4.026 4.052 4.079 4.106 4.133 4.157 4.171 4.174 4.165 4.143 4.110 4.064 4.009 3.943 3.869 3.788 3.702 3.611 3.518 3.424 3.330 3.238 3.147 3.061 2.978 2.899 2.825 2.756 2.693 2.634 2.581 2.532 2.488 2.449 2.413 2.382 2.354 2.329 2.305 2.283 2.261 2.239 2.214 2.186 2.153 2.115 2.071 2.019 1.960 1.893 1.819 1.738 1.650 1.557 1.460 1.361 1.260 1.159 1.059 0.961 0.866 0.774 0.688 0.606 0.530 0.459 0.394 0.335 0.282 0.235 0.193 0.156 0.125 0.099 0.077 0.059 0.044 0.032 0.024 0.017 0.012 0.007 0.001 0.000 0.000 0.000 0.000 0.000 0.000 0.000 0.000 0.000 0.000 0.000
0.004 0.006 0.007 0.007 0.007 0.008 0.008 0.008 0.008 0.008 0.009 0.011 0.016 0.023 0.031 0.042 0.055 0.072 0.092 0.116 0.145 0.181 0.223 0.272 0.330 0.397 0.473 0.558 0.649 0.744 0.839 0.932 1.024 1.113 1.200 1.286 1.370 1.453 1.535 1.616 1.697 1.778 1.860 1.942 2.025 2.109 2.193 2.278 2.364 2.451 2.538 2.625 2.712 2.798 2.884 2.969 3.053 3.135 3.215 3.294 3.370 3.444 3.516 3.585 3.651 3.715 3.776 3.833 3.887 3.936 3.982 4.023 4.059 4.089 4.114 4.133 4.146 4.153 4.153 4.148 4.136 4.119 4.096 4.068 4.034 3.996 3.953 3.906 3.854 3.798 3.739 3.676 3.609 3.541 3.474 3.410 3.349 3.292 3.238 3.187 3.139 3.093 3.050 3.008 2.967 2.927 2.886 2.845 2.802 2.758 2.712 2.663 2.613 2.559 2.503 2.444 2.382 2.318 2.251 2.181 2.109 2.034 1.957 1.877 1.794 1.709 1.622 1.533 1.443 1.351 1.260 1.168 1.078 0.989 0.904 0.821 0.743 0.669 0.601 0.538 0.480 0.429 0.382 0.341 0.305 0.274 0.246 0.223 0.203 0.185 0.170 0.157 0.145 0.135 0.126 0.117 0.108 0.100 0.092 0.084 0.076 0.068 0.061 0.053 0.046 0.040 0.034 0.029 0.024 0.019 0.016 0.013 0.010 0.005 0.000 0.000 0.000 0.000 0.000 0.000 0.000 0.000
0.006 0.012 0.020 0.031 0.042 0.055 0.070 0.087 0.107 0.130 0.157 0.189 0.226 0.269 0.319 0.375 0.439 0.510 0.589 0.674 0.767 0.865 0.967 1.073 1.181 1.289 1.395 1.500 1.603 1.706 1.813 1.922 2.034 2.147 2.261 2.374 2.487 2.598 2.708 2.815 2.919 3.021 3.120 3.215 3.307 3.396 3.482 3.564 3.642 3.718 3.790 3.859 3.924 3.987 4.046 4.103 4.156 4.207 4.255 4.300 4.342 4.382 4.420 4.455 4.487 4.518 4.546 4.571 4.595 4.616 4.635 4.651 4.666 4.678 4.688 4.696 4.702 4.705 4.707 4.706 4.702 4.697 4.690 4.680 4.668 4.654 4.637 4.619 4.599 4.576 4.551 4.525 4.496 4.465 4.433 4.398 4.362 4.324 4.284 4.243 4.200 4.156 4.110 4.062 4.014 3.964 3.913 3.862 3.809 3.755 3.701 3.647 3.591 3.536 3.480 3.424 3.368 3.311 3.255 3.199 3.142 3.086 3.030 2.974 2.917 2.861 2.804 2.747 2.690 2.632 2.574 2.515 2.455 2.395 2.333 2.270 2.207 2.141 2.075 2.007 1.938 1.868 1.796 1.723 1.648 1.573 1.497 1.419 1.342 1.264 1.186 1.109 1.032 0.956 0.882 0.809 0.739 0.670 0.605 0.543 0.484 0.429 0.377 0.329 0.286 0.246 0.211 0.180 0.152 0.127 0.106 0.087 0.072 0.058 0.047 0.037 0.030 0.023 0.018 0.014 0.011 0.007
0.004 0.006 0.007 0.007 0.007 0.008 0.008 0.008 0.008 0.008 0.009 0.011 0.016 0.023 0.031 0.042 0.055 0.072 0.092 0.116 0.145 0.181 0.223 0.272 0.330 0.397 0.473 0.558 0.649 0.744 0.839 0.932 1.024 1.113 1.201 1.286 1.370 1.453 1.535 1.616 1.697 1.779 1.860 1.942 2.025 2.109 2.193 2.278 2.364 2.451 2.538 2.625 2.712 2.798 2.884 2.969 3.053 3.135 3.215 3.294 3.370 3.444 3.516 3.585 3.651 3.715 3.775 3.833 3.887 3.936 3.982 4.023 4.059 4.089 4.114 4.133 4.146 4.153 4.153 4.148 4.136 4.119 4.096 4.068 4.035 3.996 3.953 3.906 3.854 3.798 3.739 3.676 3.609 3.541 3.474 3.411 3.350 3.293 3.239 3.188 3.140 3.095 3.052 3.010 2.969 2.928 2.888 2.846 2.803 2.759 2.713 2.664 2.613 2.560 2.504 2.445 2.383 2.318 2.251 2.182 2.109 2.034 1.957 1.876 1.794 1.709 1.622 1.533 1.443 1.351 1.259 1.168 1.078 0.989 0.904 0.821 0.743 0.669 0.601 0.538 0.480 0.429 0.382 0.341 0.305 0.274 0.246 0.223 0.203 0.185 0.170 0.157 0.145 0.135 0.126 0.117 0.108 0.100 0.092 0.084 0.076 0.068 0.061 0.053 0.046 0.040 0.034 0.029 0.024 0.019 0.016 0.013 0.010 0.005 0.000 0.000 0.000 0.000 0.000 0.000 0.000 0.000
0.004 0.006 0.006 0.007 0.007 0.007 0.007 0.007 0.007 0.008 0.008 0.008 0.009 0.012 0.016 0.021 0.028 0.035 0.044 0.056 0.069 0.084 0.102 0.123 0.147 0.175 0.206 0.243 0.285 0.336 0.397 0.469 0.551 0.644 0.746 0.858 0.977 1.104 1.237 1.374 1.515 1.658 1.802 1.947 2.090 2.231 2.370 2.505 2.636 2.761 2.882 2.996 3.104 3.205 3.300 3.386 3.465 3.535 3.597 3.650 3.693 3.727 3.751 3.765 3.770 3.772 3.771 3.769 3.767 3.765 3.763 3.762 3.762 3.764 3.768 3.775 3.783 3.794 3.808 3.823 3.841 3.860 3.881 3.904 3.927 3.951 3.976 4.002 4.028 4.055 4.081 4.108 4.135 4.159 4.173 4.176 4.166 4.144 4.110 4.065 4.009 3.943 3.869 3.788 3.702 3.611 3.519 3.425 3.331 3.239 3.149 3.062 2.979 2.901 2.827 2.759 2.695 2.636 2.583 2.534 2.490 2.451 2.416 2.384 2.356 2.331 2.307 2.285 2.263 2.240 2.215 2.187 2.154 2.116 2.071 2.020 1.961 1.894 1.819 1.738 1.650 1.558 1.461 1.361 1.260 1.159 1.059 0.961 0.866 0.775 0.688 0.606 0.530 0.459 0.394 0.335 0.282 0.235 0.193 0.156 0.125 0.099 0.077 0.059 0.044 0.032 0.024 0.017 0.012 0.007 0.001 0.000 0.000 0.000 0.000 0.000 0.000 0.000 0.000 0.000 0.000 0.000
0.004 0.005 0.006 0.006 0.006 0.006 0.006 0.006 0.006 0.006 0.006 0.007 0.007 0.007 0.007 0.007 0.008 0.008 0.009 0.013 0.018 0.024 0.032 0.040 0.051 0.065 0.082 0.101 0.124 0.150 0.180 0.214 0.251 0.293 0.338 0.388 0.441 0.497 0.557 0.620 0.685 0.754 0.825 0.899 0.975 1.054 1.135 1.218 1.305 1.393 1.485 1.579 1.677 1.778 1.882 1.990 2.101 2.216 2.335 2.458 2.584 2.713 2.846 2.981 3.116 3.240 3.348 3.441 3.516 3.575 3.616 3.641 3.649 3.641 3.618 3.583 3.541 3.495 3.446 3.394 3.340 3.283 3.224 3.162 3.098 3.031 2.962 2.890 2.815 2.737 2.656 2.572 2.486 2.398 2.313 2.232 2.155 2.083 2.015 1.952 1.894 1.840 1.790 1.743 1.698 1.656 1.614 1.574 1.533 1.493 1.451 1.409 1.366 1.322 1.278 1.232 1.186 1.139 1.092 1.045 0.998 0.951 0.904 0.858 0.813 0.768 0.725 0.683 0.642 0.603 0.565 0.530 0.498 0.468 0.441 0.416 0.394 0.375 0.358 0.342 0.327 0.313 0.298 0.283 0.268 0.251 0.233 0.214 0.194 0.174 0.153 0.133 0.113 0.094 0.077 0.062 0.049 0.037 0.028 0.020 0.014 0.010 0.003 0.000 0.000 0.000 0.000 0.000 0.000 0.000 0.000 0.000 0.000 0.000 0.000 0.000 0.000 0.000 0.000 0.000 0.000 0.000
0.003 0.004 0.004 0.004 0.004 0.005 0.005 0.005 0.005 0.005 0.005 0.005 0.005 0.005 0.005 0.005 0.006 0.006 0.006 0.006 0.006 0.006 0.007 0.007 0.008 0.009 0.012 0.017 0.022 0.028 0.036 0.045 0.056 0.069 0.085 0.103 0.124 0.146 0.172 0.199 0.228 0.260 0.293 0.328 0.365 0.403 0.441 0.481 0.520 0.560 0.599 0.639 0.677 0.716 0.755 0.793 0.831 0.870 0.908 0.948 0.988 1.029 1.071 1.115 1.161 1.216 1.281 1.356 1.441 1.536 1.641 1.754 1.876 2.004 2.137 2.272 2.396 2.505 2.599 2.678 2.743 2.793 2.831 2.857 2.872 2.877 2.875 2.865 2.851 2.835 2.818 2.800 2.782 2.763 2.745 2.727 2.708 2.689 2.669 2.648 2.626 2.602 2.576 2.547 2.516 2.482 2.444 2.403 2.358 2.310 2.259 2.203 2.144 2.082 2.016 1.947 1.875 1.800 1.724 1.645 1.564 1.483 1.401 1.319 1.238 1.157 1.078 1.001 0.926 0.854 0.785 0.719 0.657 0.598 0.542 0.489 0.439 0.393 0.349 0.308 0.269 0.233 0.200 0.170 0.142 0.118 0.096 0.077 0.061 0.047 0.036 0.027 0.020 0.014 0.010 0.004 0.001 0.000 0.000 0.000 0.000 0.000 0.000 0.000 0.000 0.000 0.000 0.000 0.000 0.000 0.000 0.000 0.000 0.000 0.000 0.000 0.000 0.000 0.000 0.000 0.000 0.000
0.002 0.003 0.003 0.003 0.003 0.003 0.003 0.003 0.003 0.003 0.003 0.003 0.003 0.004 0.004 0.004 0.004 0.004 0.004 0.004 0.004 0.004 0.004 0.005 0.005 0.005 0.005 0.005 0.006 0.006 0.006 0.007 0.007 0.008 0.011 0.016 0.021 0.026 0.033 0.040 0.049 0.060 0.071 0.085 0.100 0.116 0.134 0.154 0.175 0.197 0.219 0.242 0.264 0.285 0.307 0.327 0.346 0.365 0.382 0.398 0.413 0.427 0.440 0.451 0.461 0.470 0.479 0.486 0.492 0.498 0.503 0.507 0.511 0.514 0.517 0.522 0.533 0.552 0.579 0.613 0.653 0.699 0.750 0.804 0.860 0.918 0.977 1.034 1.088 1.135 1.173 1.204 1.226 1.241 1.249 1.250 1.246 1.236 1.222 1.205 1.185 1.162 1.138 1.112 1.085 1.057 1.029 0.999 0.970 0.941 0.913 0.885 0.857 0.831 0.805 0.779 0.754 0.728 0.703 0.678 0.652 0.625 0.597 0.569 0.540 0.510 0.479 0.447 0.414 0.382 0.349 0.316 0.284 0.253 0.223 0.194 0.167 0.142 0.120 0.099 0.081 0.065 0.052 0.040 0.031 0.023 0.017 0.013 0.009 0.002 0.001 0.000 0.000 0.000 0.000 0.000 0.000 0.000 0.000 0.000 0.000 0.000 0.000 0.000 0.000 0.000 0.000 0.000 0.000 0.000 0.000 0.000 0.000 0.000 0.000 0.000 0.000 0.000 0.000 0.000 0.000 0.000
0.001 0.001 0.001 0.001 0.001 0.001 0.001 0.001 0.002 0.002 0.002 0.002 0.002 0.002 0.002 0.002 0.002 0.002 0.002 0.002 0.002 0.002 0.002 0.002 0.002 0.003 0.003 0.003 0.003 0.003 0.003 0.003 0.003 0.003 0.003 0.004 0.004 0.004 0.004 0.004 0.004 0.005 0.005 0.005 0.006 0.006 0.007 0.007 0.009 0.012 0.016 0.021 0.025 0.029 0.034 0.039 0.044 0.049 0.054 0.060 0.066 0.071 0.076 0.081 0.086 0.090 0.094 0.097 0.100 0.102 0.103 0.104 0.103 0.103 0.101 0.099 0.097 0.093 0.090 0.086 0.081 0.077 0.072 0.067 0.062 0.057 0.052 0.048 0.044 0.043 0.045 0.049 0.055 0.063 0.071 0.080 0.090 0.100 0.109 0.118 0.126 0.134 0.140 0.146 0.151 0.154 0.157 0.159 0.161 0.162 0.163 0.163 0.162 0.161 0.159 0.157 0.155 0.151 0.148 0.144 0.139 0.134 0.129 0.122 0.116 0.109 0.101 0.093 0.085 0.077 0.069 0.061 0.053 0.046 0.039 0.033 0.027 0.022 0.018 0.014 0.011 0.007 0.002 0.001 0.001 0.000 0.000 0.000 0.000 0.000 0.000 0.000 0.000 0.000 0.000 0.000 0.000 0.000 0.000 0.000 0.000 0.000 0.000 0.000 0.000 0.000 0.000 0.000 0.000 0.000 0.000 0.000 0.000 0.000 0.000 0.000 0.000 0.000 0.000 0.000 0.000 0.000
0.000 0.000 0.000 0.000 0.000 0.000 0.000 0.000 0.000 0.000 0.000 0.000 0.000 0.000 0.000 0.000 0.000 0.000 0.000 0.001 0.001 0.001 0.001 0.001 0.001 0.001 0.001 0.001 0.001 0.001 0.001 0.001 0.001 0.001 0.001 0.001 0.001 0.001 0.001 0.000 0.000 0.000 0.000 0.000 0.000 0.001 0.001 0.001 0.001 0.001 0.002 0.003 0.004 0.005 0.004 0.000 0.000 0.000 0.000 0.000 0.000 0.000 0.000 0.000 0.000 0.000 0.000 0.000 0.000 0.000 0.000 0.000 0.000 0.000 0.000 0.000 0.000 0.000 0.000 0.000 0.000 0.000 0.000 0.000 0.000 0.000 0.000 0.000 0.000 0.000 0.000 0.000 0.000 0.000 0.000 0.000 0.000 0.000 0.000 0.001 0.002 0.002 0.003 0.004 0.005 0.006 0.007 0.008 0.009 0.009 0.010 0.011 0.011 0.012 0.012 0.012 0.013 0.013 0.013 0.012 0.012 0.012 0.011 0.011 0.010 0.009 0.007 0.006 0.005 0.004 0.003 0.002 0.002 0.001 0.001 0.001 0.001 0.000 0.000 0.000 0.000 0.000 0.000 0.000 0.000 0.000 0.000 0.000 0.000 0.000 0.000 0.000 0.000 0.000 0.000 0.000 0.000 0.000 0.000 0.000 0.000 0.000 0.000 0.000 0.000 0.000 0.000 0.000 0.000 0.000 0.000 0.000 0.000 0.000 0.000 0.000 0.000 0.000 0.000 0.000 0.000 0.000
0.000 0.000 0.000 0.000 0.000 0.000 0.000 0.000 0.000 0.000 0.000 0.000 0.000 0.000 0.000 0.000 0.000 0.000 0.000 0.000 0.000 0.000 0.000 0.000 0.000 0.000 0.000 0.000 0.000 0.000 0.000 0.000 0.000 0.000 0.000 0.000 0.000 0.000 0.000 0.000 0.000 0.000 0.000 0.000 0.000 0.000 0.000 0.000 0.000 0.000 0.000 0.000 0.000 0.000 0.000 0.000 0.000 0.000 0.000 0.000 0.000 0.000 0.000 0.000 0.000 0.000 0.000 0.000 0.000 0.000 0.000 0.000 0.000 0.000 0.000 0.000 0.000 0.000 0.000 0.000 0.000 0.000 0.000 0.000 0.000 0.000 0.000 0.000 0.000 0.000 0.000 0.000 0.000 0.000 0.000 0.000 0.000 0.000 0.000 0.000 0.000 0.000 0.000 0.000 0.000 0.000 0.000 0.000 0.000 0.000 0.000 0.000 0.000 0.000 0.000 0.000 0.000 0.000 0.000 0.000 0.000 0.000 0.000 0.000 0.000 0.000 0.000 0.000 0.000 0.000 0.000 0.000 0.000 0.000 0.000 0.000 0.000 0.000 0.000 0.000 0.000 0.000 0.000 0.000 0.000 0.000 0.000 0.000 0.000 0.000 0.000 0.000 0.000 0.000 0.000 0.000 0.000 0.000 0.000 0.000 0.000 0.000 0.000 0.000 0.000 0.000 0.000 0.000 0.000 0.000 0.000 0.000 0.000 0.000 0.000 0.000 0.000 0.000 0.000 0.000 0.000 0.000
