Examples/2023_ISeeSnow/data/CoulombOnly/Results/curv77s/h/1HS_03_curv77s_MoT-Voellmy_h_0006.asc
ncols        77
nrows        39
xllcorner    1037.5
yllcorner    -4347.5
cellsize     5.00
NODATA_value -9999
0.000 0.000 0.000 0.000 0.000 0.000 0.000 0.000 0.000 0.000 0.000 0.000 0.000 0.000 0.000 0.000 0.000 0.000 0.000 0.000 0.000 0.000 0.000 0.000 0.000 0.000 0.000 0.000 0.000 0.000 0.000 0.000 0.000 0.000 0.000 0.000 0.000 0.000 0.000 0.000 0.000 0.000 0.000 0.000 0.000 0.000 0.000 0.000 0.000 0.000 0.000 0.000 0.000 0.000 0.000 0.000 0.000 0.000 0.000 0.000 0.000 0.000 0.000 0.000 0.000 0.000 0.000 0.000 0.000 0.000 0.000 0.000 0.000 0.000 0.000 0.000 0.000
0.000 0.000 0.000 0.000 0.001 0.002 0.003 0.004 0.006 0.008 0.010 0.011 0.012 0.012 0.012 0.012 0.011 0.011 0.010 0.009 0.009 0.008 0.007 0.007 0.006 0.005 0.005 0.004 0.004 0.003 0.003 0.002 0.002 0.001 0.001 0.001 0.000 0.000 0.000 0.000 0.000 0.000 0.000 0.000 0.000 0.000 0.000 0.000 0.000 0.000 0.000 0.000 0.000 0.000 0.000 0.000 0.000 0.000 0.000 0.000 0.000 0.000 0.000 0.000 0.000 0.000 0.000 0.000 0.000 0.000 0.000 0.000 0.000 0.000 0.000 0.000 0.000
0.000 0.001 0.001 0.002 0.005 0.009 0.017 0.029 0.044 0.059 0.072 0.082 0.087 0.090 0.090 0.089 0.087 0.085 0.083 0.081 0.079 0.076 0.074 0.071 0.069 0.066 0.064 0.061 0.058 0.056 0.053 0.050 0.048 0.045 0.042 0.039 0.036 0.033 0.030 0.027 0.024 0.021 0.018 0.016 0.013 0.011 0.009 0.006 0.003 0.001 0.000 0.000 0.000 0.000 0.000 0.000 0.000 0.000 0.000 0.000 0.000 0.000 0.000 0.000 0.000 0.000 0.000 0.000 0.000 0.000 0.000 0.000 0.000 0.000 0.000 0.000 0.000
0.000 0.001 0.004 0.009 0.022 0.048 0.084 0.130 0.177 0.222 0.259 0.286 0.303 0.312 0.316 0.316 0.314 0.312 0.309 0.305 0.302 0.299 0.295 0.291 0.287 0.283 0.279 0.275 0.270 0.266 0.261 0.256 0.251 0.246 0.240 0.235 0.229 0.224 0.218 0.212 0.206 0.200 0.193 0.187 0.180 0.173 0.166 0.158 0.150 0.141 0.131 0.122 0.112 0.103 0.093 0.084 0.076 0.067 0.059 0.052 0.045 0.037 0.030 0.021 0.014 0.009 0.003 0.000 0.000 0.000 0.000 0.000 0.000 0.000 0.000 0.000 0.000
0.000 0.003 0.010 0.033 0.078 0.141 0.219 0.304 0.387 0.463 0.525 0.571 0.602 0.621 0.631 0.636 0.637 0.637 0.636 0.635 0.633 0.632 0.630 0.628 0.626 0.624 0.621 0.619 0.616 0.613 0.609 0.605 0.601 0.597 0.591 0.586 0.579 0.573 0.565 0.557 0.548 0.539 0.529 0.517 0.506 0.493 0.479 0.464 0.449 0.433 0.416 0.397 0.377 0.356 0.336 0.315 0.296 0.276 0.257 0.238 0.220 0.202 0.182 0.161 0.135 0.103 0.072 0.045 0.026 0.014 0.007 0.001 0.000 0.000 0.000 0.000 0.000
0.000 0.005 0.023 0.067 0.134 0.215 0.302 0.389 0.471 0.545 0.605 0.652 0.683 0.702 0.711 0.714 0.713 0.710 0.706 0.702 0.698 0.694 0.689 0.685 0.681 0.677 0.674 0.670 0.668 0.665 0.664 0.663 0.663 0.665 0.668 0.673 0.680 0.691 0.706 0.723 0.741 0.760 0.780 0.801 0.822 0.845 0.868 0.893 0.918 0.945 0.973 1.002 1.032 1.062 1.090 1.115 1.137 1.156 1.172 1.185 1.191 1.183 1.151 1.086 0.993 0.878 0.748 0.609 0.464 0.324 0.203 0.112 0.054 0.023 0.009 0.001 0.000
0.000 0.010 0.053 0.143 0.268 0.410 0.552 0.685 0.805 0.910 0.996 1.065 1.117 1.154 1.180 1.199 1.213 1.224 1.234 1.243 1.252 1.261 1.270 1.278 1.287 1.295 1.302 1.309 1.316 1.321 1.325 1.328 1.330 1.329 1.326 1.320 1.310 1.294 1.272 1.246 1.218 1.191 1.163 1.135 1.107 1.078 1.050 1.021 0.992 0.963 0.935 0.906 0.877 0.848 0.822 0.798 0.776 0.756 0.739 0.723 0.709 0.694 0.675 0.649 0.615 0.576 0.530 0.473 0.401 0.312 0.217 0.132 0.069 0.031 0.012 0.003 0.000
0.000 0.010 0.050 0.132 0.251 0.395 0.551 0.709 0.861 0.997 1.111 1.198 1.259 1.295 1.314 1.320 1.319 1.314 1.307 1.299 1.292 1.284 1.277 1.270 1.263 1.257 1.251 1.246 1.241 1.238 1.235 1.233 1.232 1.233 1.235 1.238 1.244 1.252 1.264 1.277 1.290 1.303 1.315 1.328 1.339 1.350 1.361 1.371 1.381 1.390 1.398 1.405 1.412 1.418 1.423 1.427 1.430 1.432 1.433 1.433 1.427 1.410 1.372 1.304 1.208 1.089 0.957 0.813 0.657 0.494 0.335 0.201 0.104 0.047 0.018 0.005 0.000
0.000 0.011 0.055 0.147 0.282 0.443 0.616 0.790 0.954 1.102 1.226 1.323 1.394 1.442 1.472 1.490 1.499 1.504 1.507 1.508 1.509 1.509 1.509 1.508 1.507 1.506 1.504 1.501 1.498 1.494 1.490 1.484 1.479 1.473 1.466 1.458 1.451 1.443 1.435 1.427 1.419 1.411 1.404 1.396 1.389 1.382 1.375 1.369 1.363 1.356 1.351 1.345 1.340 1.335 1.330 1.325 1.321 1.317 1.314 1.310 1.304 1.291 1.263 1.215 1.148 1.063 0.964 0.848 0.710 0.551 0.385 0.236 0.125 0.057 0.022 0.007 0.000
0.000 0.010 0.054 0.145 0.277 0.435 0.605 0.775 0.937 1.081 1.203 1.298 1.366 1.411 1.439 1.453 1.461 1.464 1.466 1.467 1.467 1.468 1.469 1.470 1.471 1.473 1.475 1.477 1.479 1.481 1.484 1.486 1.489 1.492 1.495 1.499 1.502 1.505 1.509 1.512 1.515 1.518 1.520 1.523 1.525 1.528 1.530 1.532 1.533 1.535 1.536 1.537 1.538 1.539 1.539 1.540 1.540 1.540 1.540 1.538 1.534 1.518 1.483 1.421 1.332 1.223 1.097 0.955 0.794 0.613 0.428 0.263 0.140 0.063 0.025 0.008 0.000
0.000 0.010 0.054 0.145 0.280 0.441 0.616 0.793 0.962 1.114 1.243 1.344 1.417 1.466 1.495 1.512 1.520 1.524 1.526 1.527 1.527 1.528 1.528 1.528 1.528 1.528 1.529 1.529 1.529 1.529 1.529 1.529 1.529 1.529 1.529 1.530 1.530 1.530 1.531 1.531 1.532 1.532 1.533 1.534 1.535 1.536 1.537 1.538 1.539 1.540 1.541 1.543 1.544 1.545 1.547 1.548 1.550 1.552 1.553 1.554 1.552 1.540 1.508 1.451 1.367 1.261 1.137 0.996 0.831 0.644 0.451 0.278 0.148 0.068 0.026 0.009 0.000
0.000 0.010 0.053 0.144 0.278 0.440 0.614 0.790 0.958 1.109 1.237 1.337 1.410 1.459 1.489 1.506 1.515 1.520 1.522 1.524 1.525 1.527 1.528 1.529 1.531 1.532 1.534 1.535 1.537 1.539 1.540 1.542 1.544 1.546 1.547 1.549 1.551 1.553 1.555 1.557 1.559 1.561 1.563 1.565 1.567 1.569 1.571 1.573 1.575 1.577 1.579 1.582 1.584 1.586 1.588 1.591 1.593 1.595 1.598 1.599 1.598 1.586 1.554 1.495 1.408 1.298 1.171 1.024 0.855 0.663 0.465 0.287 0.153 0.070 0.027 0.009 0.000
0.000 0.010 0.053 0.144 0.277 0.439 0.614 0.791 0.960 1.112 1.241 1.342 1.416 1.465 1.495 1.512 1.521 1.526 1.528 1.530 1.531 1.532 1.534 1.535 1.536 1.537 1.538 1.540 1.541 1.542 1.544 1.545 1.547 1.549 1.550 1.552 1.554 1.555 1.557 1.559 1.561 1.563 1.565 1.567 1.569 1.572 1.574 1.576 1.579 1.581 1.584 1.586 1.589 1.592 1.594 1.597 1.600 1.603 1.606 1.608 1.607 1.596 1.566 1.508 1.422 1.312 1.184 1.037 0.866 0.673 0.473 0.293 0.157 0.072 0.028 0.010 0.000
0.000 0.010 0.053 0.143 0.276 0.438 0.613 0.789 0.958 1.111 1.240 1.341 1.415 1.464 1.495 1.512 1.521 1.526 1.528 1.530 1.531 1.533 1.534 1.535 1.536 1.538 1.539 1.541 1.542 1.544 1.545 1.547 1.549 1.550 1.552 1.554 1.556 1.558 1.560 1.562 1.564 1.566 1.568 1.570 1.572 1.575 1.577 1.580 1.582 1.585 1.587 1.590 1.593 1.596 1.599 1.602 1.605 1.608 1.611 1.613 1.613 1.602 1.572 1.515 1.429 1.319 1.191 1.043 0.872 0.679 0.478 0.297 0.160 0.074 0.029 0.010 0.000
0.000 0.010 0.052 0.142 0.276 0.437 0.612 0.788 0.958 1.110 1.239 1.341 1.415 1.464 1.495 1.512 1.521 1.526 1.528 1.530 1.531 1.532 1.534 1.535 1.536 1.538 1.539 1.540 1.542 1.543 1.545 1.546 1.548 1.550 1.552 1.553 1.555 1.557 1.559 1.561 1.563 1.565 1.567 1.570 1.572 1.574 1.577 1.579 1.582 1.584 1.587 1.590 1.593 1.595 1.598 1.601 1.605 1.608 1.611 1.614 1.613 1.603 1.573 1.516 1.431 1.322 1.194 1.047 0.876 0.683 0.482 0.300 0.162 0.075 0.030 0.010 0.000
0.000 0.010 0.052 0.142 0.275 0.436 0.611 0.788 0.957 1.109 1.238 1.340 1.414 1.464 1.494 1.511 1.520 1.525 1.528 1.529 1.531 1.532 1.533 1.534 1.536 1.537 1.538 1.540 1.541 1.543 1.544 1.546 1.548 1.549 1.551 1.553 1.555 1.557 1.559 1.561 1.563 1.565 1.567 1.569 1.571 1.574 1.576 1.579 1.581 1.584 1.586 1.589 1.592 1.595 1.598 1.601 1.604 1.607 1.610 1.613 1.613 1.602 1.573 1.517 1.432 1.324 1.196 1.049 0.879 0.686 0.485 0.302 0.163 0.076 0.030 0.010 0.000
0.000 0.010 0.052 0.141 0.274 0.435 0.610 0.787 0.956 1.109 1.238 1.340 1.414 1.463 1.494 1.511 1.520 1.525 1.528 1.529 1.531 1.532 1.533 1.534 1.536 1.537 1.538 1.540 1.541 1.543 1.544 1.546 1.547 1.549 1.551 1.553 1.555 1.556 1.558 1.560 1.562 1.564 1.567 1.569 1.571 1.574 1.576 1.578 1.581 1.584 1.586 1.589 1.592 1.595 1.598 1.601 1.604 1.607 1.610 1.613 1.612 1.602 1.573 1.517 1.433 1.325 1.197 1.051 0.881 0.688 0.487 0.304 0.165 0.076 0.030 0.010 0.000
0.000 0.010 0.052 0.141 0.274 0.435 0.610 0.787 0.956 1.109 1.238 1.340 1.414 1.464 1.495 1.512 1.521 1.526 1.529 1.530 1.532 1.533 1.534 1.536 1.537 1.538 1.540 1.541 1.543 1.544 1.546 1.548 1.549 1.551 1.553 1.555 1.557 1.559 1.561 1.563 1.565 1.567 1.569 1.572 1.574 1.576 1.579 1.582 1.584 1.587 1.590 1.593 1.595 1.598 1.601 1.605 1.608 1.611 1.614 1.617 1.617 1.607 1.578 1.522 1.438 1.330 1.202 1.054 0.884 0.691 0.489 0.306 0.166 0.077 0.031 0.011 0.000
0.000 0.010 0.052 0.141 0.274 0.436 0.611 0.788 0.958 1.111 1.241 1.343 1.418 1.468 1.499 1.516 1.526 1.531 1.534 1.535 1.537 1.538 1.540 1.542 1.543 1.545 1.546 1.548 1.550 1.552 1.554 1.556 1.558 1.560 1.562 1.564 1.566 1.569 1.571 1.573 1.576 1.578 1.581 1.584 1.587 1.589 1.592 1.595 1.599 1.602 1.605 1.608 1.612 1.615 1.619 1.623 1.626 1.630 1.634 1.638 1.638 1.629 1.600 1.544 1.459 1.349 1.220 1.070 0.897 0.700 0.496 0.310 0.168 0.078 0.031 0.011 0.000
0.000 0.010 0.052 0.142 0.276 0.438 0.614 0.791 0.961 1.115 1.245 1.347 1.422 1.472 1.503 1.521 1.530 1.535 1.538 1.541 1.542 1.544 1.546 1.548 1.549 1.551 1.553 1.555 1.557 1.559 1.562 1.564 1.566 1.568 1.571 1.573 1.576 1.579 1.581 1.584 1.587 1.590 1.593 1.596 1.600 1.603 1.606 1.610 1.614 1.617 1.621 1.625 1.629 1.633 1.637 1.642 1.646 1.651 1.655 1.659 1.660 1.652 1.624 1.569 1.485 1.377 1.250 1.102 0.930 0.731 0.521 0.328 0.179 0.083 0.033 0.011 0.000
0.000 0.010 0.052 0.141 0.274 0.436 0.611 0.788 0.958 1.111 1.241 1.343 1.418 1.468 1.499 1.516 1.526 1.531 1.533 1.535 1.537 1.538 1.540 1.542 1.543 1.545 1.546 1.548 1.550 1.552 1.554 1.556 1.558 1.560 1.562 1.564 1.566 1.569 1.571 1.573 1.576 1.578 1.581 1.584 1.587 1.589 1.592 1.595 1.599 1.602 1.605 1.608 1.612 1.615 1.619 1.623 1.626 1.630 1.634 1.638 1.638 1.628 1.600 1.544 1.459 1.349 1.220 1.070 0.897 0.700 0.496 0.310 0.168 0.078 0.031 0.011 0.000
0.000 0.010 0.052 0.141 0.274 0.435 0.610 0.787 0.956 1.109 1.238 1.340 1.414 1.464 1.495 1.512 1.521 1.526 1.529 1.530 1.532 1.533 1.534 1.536 1.537 1.538 1.540 1.541 1.543 1.544 1.546 1.548 1.549 1.551 1.553 1.555 1.557 1.559 1.561 1.563 1.565 1.567 1.569 1.572 1.574 1.576 1.579 1.582 1.584 1.587 1.590 1.592 1.595 1.598 1.601 1.605 1.608 1.611 1.614 1.617 1.617 1.607 1.578 1.522 1.438 1.330 1.202 1.054 0.884 0.691 0.489 0.306 0.166 0.077 0.031 0.011 0.000
0.000 0.010 0.052 0.141 0.274 0.435 0.610 0.787 0.956 1.109 1.238 1.340 1.414 1.463 1.494 1.511 1.520 1.525 1.528 1.529 1.531 1.532 1.533 1.534 1.536 1.537 1.538 1.540 1.541 1.543 1.544 1.546 1.547 1.549 1.551 1.553 1.554 1.556 1.558 1.560 1.562 1.564 1.567 1.569 1.571 1.574 1.576 1.578 1.581 1.584 1.586 1.589 1.592 1.595 1.598 1.601 1.604 1.607 1.610 1.613 1.612 1.602 1.573 1.517 1.433 1.325 1.197 1.051 0.881 0.688 0.487 0.304 0.165 0.076 0.030 0.010 0.000
0.000 0.010 0.052 0.142 0.275 0.436 0.611 0.788 0.957 1.109 1.238 1.340 1.414 1.464 1.494 1.511 1.520 1.525 1.528 1.529 1.531 1.532 1.533 1.534 1.536 1.537 1.538 1.540 1.541 1.543 1.544 1.546 1.548 1.549 1.551 1.553 1.555 1.557 1.559 1.561 1.563 1.565 1.567 1.569 1.571 1.574 1.576 1.579 1.581 1.584 1.586 1.589 1.592 1.595 1.598 1.601 1.604 1.607 1.610 1.613 1.613 1.602 1.573 1.517 1.432 1.324 1.196 1.049 0.879 0.686 0.485 0.302 0.163 0.076 0.030 0.010 0.000
0.000 0.010 0.052 0.142 0.276 0.437 0.612 0.788 0.958 1.110 1.239 1.341 1.415 1.464 1.495 1.512 1.521 1.526 1.528 1.530 1.531 1.532 1.534 1.535 1.536 1.538 1.539 1.540 1.542 1.543 1.545 1.546 1.548 1.550 1.552 1.553 1.555 1.557 1.559 1.561 1.563 1.565 1.567 1.570 1.572 1.574 1.577 1.579 1.582 1.584 1.587 1.590 1.593 1.595 1.598 1.601 1.605 1.608 1.611 1.614 1.613 1.603 1.573 1.516 1.431 1.322 1.194 1.047 0.876 0.683 0.482 0.300 0.162 0.075 0.030 0.010 0.000
0.000 0.010 0.053 0.143 0.276 0.438 0.613 0.789 0.958 1.111 1.240 1.341 1.415 1.464 1.495 1.512 1.521 1.526 1.528 1.530 1.531 1.533 1.534 1.535 1.536 1.538 1.539 1.541 1.542 1.544 1.545 1.547 1.549 1.550 1.552 1.554 1.556 1.558 1.560 1.562 1.564 1.566 1.568 1.570 1.572 1.575 1.577 1.580 1.582 1.585 1.587 1.590 1.593 1.596 1.599 1.602 1.605 1.608 1.611 1.613 1.613 1.602 1.572 1.515 1.429 1.319 1.191 1.043 0.872 0.679 0.478 0.297 0.160 0.074 0.029 0.010 0.000
0.000 0.010 0.053 0.144 0.277 0.439 0.614 0.791 0.960 1.112 1.241 1.342 1.416 1.465 1.495 1.512 1.521 1.526 1.528 1.530 1.531 1.532 1.534 1.535 1.536 1.537 1.538 1.540 1.541 1.542 1.544 1.545 1.547 1.549 1.550 1.552 1.554 1.555 1.557 1.559 1.561 1.563 1.565 1.567 1.569 1.572 1.574 1.576 1.579 1.581 1.584 1.586 1.589 1.592 1.594 1.597 1.600 1.603 1.606 1.608 1.607 1.596 1.566 1.508 1.422 1.312 1.184 1.037 0.866 0.673 0.473 0.293 0.157 0.072 0.028 0.010 0.000
0.000 0.010 0.053 0.144 0.278 0.440 0.614 0.790 0.958 1.109 1.237 1.337 1.410 1.459 1.489 1.506 1.515 1.520 1.522 1.524 1.525 1.527 1.528 1.529 1.531 1.532 1.534 1.535 1.537 1.539 1.540 1.542 1.544 1.546 1.547 1.549 1.551 1.553 1.555 1.557 1.559 1.561 1.563 1.565 1.567 1.569 1.571 1.573 1.575 1.577 1.579 1.582 1.584 1.586 1.588 1.591 1.593 1.595 1.598 1.599 1.598 1.586 1.554 1.495 1.408 1.298 1.170 1.024 0.855 0.663 0.465 0.287 0.153 0.070 0.027 0.009 0.000
0.000 0.010 0.054 0.145 0.280 0.441 0.616 0.793 0.962 1.114 1.243 1.344 1.417 1.466 1.495 1.512 1.520 1.524 1.526 1.527 1.528 1.528 1.528 1.528 1.528 1.528 1.529 1.529 1.529 1.529 1.529 1.529 1.529 1.529 1.529 1.529 1.530 1.530 1.531 1.531 1.532 1.532 1.533 1.534 1.535 1.536 1.537 1.538 1.539 1.540 1.541 1.542 1.544 1.545 1.547 1.548 1.550 1.552 1.553 1.554 1.552 1.540 1.508 1.451 1.367 1.261 1.137 0.996 0.831 0.644 0.451 0.278 0.148 0.068 0.026 0.009 0.000
0.000 0.010 0.054 0.145 0.277 0.435 0.605 0.775 0.937 1.081 1.203 1.298 1.366 1.411 1.439 1.453 1.461 1.464 1.466 1.467 1.467 1.468 1.469 1.470 1.471 1.473 1.475 1.477 1.479 1.481 1.483 1.486 1.489 1.492 1.495 1.499 1.502 1.505 1.508 1.512 1.515 1.517 1.520 1.523 1.525 1.527 1.530 1.531 1.533 1.535 1.536 1.537 1.538 1.539 1.539 1.540 1.540 1.540 1.540 1.538 1.534 1.518 1.483 1.421 1.332 1.222 1.097 0.955 0.794 0.613 0.428 0.263 0.140 0.063 0.025 0.008 0.000
0.000 0.011 0.055 0.147 0.282 0.443 0.616 0.790 0.954 1.102 1.226 1.323 1.394 1.442 1.472 1.490 1.499 1.504 1.507 1.508 1.509 1.509 1.509 1.508 1.507 1.506 1.504 1.501 1.498 1.494 1.490 1.485 1.479 1.473 1.466 1.458 1.451 1.443 1.435 1.427 1.419 1.411 1.404 1.396 1.389 1.382 1.375 1.369 1.362 1.356 1.350 1.345 1.340 1.334 1.330 1.325 1.321 1.317 1.313 1.310 1.304 1.290 1.263 1.215 1.148 1.063 0.964 0.848 0.710 0.551 0.385 0.236 0.125 0.057 0.022 0.007 0.000
0.000 0.010 0.050 0.132 0.251 0.395 0.551 0.709 0.861 0.997 1.111 1.198 1.259 1.295 1.314 1.320 1.319 1.314 1.307 1.299 1.292 1.284 1.277 1.269 1.263 1.257 1.251 1.246 1.241 1.237 1.234 1.233 1.232 1.232 1.234 1.238 1.244 1.252 1.263 1.276 1.289 1.302 1.315 1.327 1.339 1.350 1.361 1.371 1.380 1.389 1.397 1.405 1.412 1.418 1.423 1.427 1.430 1.432 1.433 1.432 1.427 1.410 1.372 1.304 1.208 1.089 0.957 0.813 0.657 0.494 0.335 0.201 0.104 0.047 0.018 0.005 0.000
0.000 0.010 0.053 0.143 0.268 0.410 0.551 0.685 0.805 0.910 0.996 1.065 1.117 1.154 1.180 1.199 1.212 1.224 1.233 1.243 1.252 1.261 1.269 1.278 1.286 1.294 1.302 1.309 1.315 1.321 1.325 1.328 1.330 1.329 1.326 1.320 1.310 1.294 1.272 1.246 1.219 1.191 1.164 1.136 1.107 1.079 1.050 1.022 0.993 0.964 0.935 0.906 0.877 0.849 0.822 0.798 0.776 0.756 0.739 0.724 0.709 0.694 0.675 0.649 0.615 0.576 0.529 0.473 0.401 0.312 0.217 0.132 0.069 0.031 0.012 0.003 0.000
0.000 0.005 0.023 0.067 0.134 0.215 0.302 0.389 0.471 0.545 0.605 0.652 0.683 0.702 0.711 0.714 0.713 0.710 0.706 0.702 0.698 0.693 0.689 0.685 0.681 0.677 0.674 0.670 0.667 0.665 0.664 0.663 0.663 0.664 0.668 0.673 0.680 0.691 0.705 0.722 0.740 0.759 0.779 0.800 0.821 0.844 0.867 0.892 0.917 0.944 0.972 1.000 1.031 1.061 1.089 1.114 1.136 1.155 1.172 1.184 1.191 1.183 1.150 1.086 0.993 0.878 0.748 0.609 0.464 0.324 0.203 0.112 0.054 0.023 0.009 0.001 0.000
0.000 0.003 0.010 0.033 0.078 0.141 0.219 0.304 0.387 0.463 0.525 0.571 0.602 0.621 0.632 0.636 0.638 0.637 0.636 0.635 0.634 0.632 0.630 0.628 0.626 0.624 0.622 0.619 0.616 0.613 0.609 0.606 0.601 0.597 0.592 0.586 0.580 0.573 0.565 0.557 0.549 0.539 0.529 0.518 0.506 0.493 0.480 0.465 0.450 0.433 0.416 0.398 0.378 0.357 0.336 0.316 0.296 0.277 0.258 0.239 0.221 0.202 0.183 0.162 0.136 0.104 0.072 0.045 0.026 0.014 0.007 0.001 0.000 0.000 0.000 0.000 0.000
0.000 0.001 0.004 0.009 0.022 0.048 0.084 0.130 0.177 0.222 0.259 0.286 0.303 0.312 0.316 0.316 0.314 0.312 0.309 0.306 0.302 0.299 0.295 0.291 0.287 0.283 0.279 0.275 0.270 0.266 0.261 0.256 0.251 0.246 0.241 0.235 0.230 0.224 0.218 0.212 0.206 0.200 0.194 0.187 0.180 0.173 0.166 0.159 0.150 0.141 0.132 0.122 0.113 0.103 0.094 0.085 0.076 0.068 0.060 0.052 0.045 0.038 0.030 0.022 0.014 0.009 0.004 0.000 0.000 0.000 0.000 0.000 0.000 0.000 0.000 0.000 0.000
0.000 0.001 0.001 0.002 0.005 0.009 0.017 0.029 0.044 0.059 0.072 0.082 0.087 0.090 0.090 0.089 0.087 0.085 0.083 0.081 0.079 0.076 0.074 0.071 0.069 0.066 0.064 0.061 0.059 0.056 0.053 0.050 0.048 0.045 0.042 0.039 0.036 0.034 0.031 0.027 0.024 0.021 0.018 0.016 0.013 0.011 0.009 0.006 0.003 0.001 0.000 0.000 0.000 0.000 0.000 0.000 0.000 0.000 0.000 0.000 0.000 0.000 0.000 0.000 0.000 0.000 0.000 0.000 0.000 0.000 0.000 0.000 0.000 0.000 0.000 0.000 0.000
0.000 0.000 0.000 0.000 0.001 0.002 0.003 0.004 0.006 0.008 0.010 0.011 0.012 0.012 0.012 0.012 0.011 0.011 0.010 0.009 0.009 0.008 0.007 0.007 0.006 0.006 0.005 0.004 0.004 0.003 0.003 0.002 0.002 0.001 0.001 0.001 0.000 0.000 0.000 0.000 0.000 0.000 0.000 0.000 0.000 0.000 0.000 0.000 0.000 0.000 0.000 0.000 0.000 0.000 0.000 0.000 0.000 0.000 0.000 0.000 0.000 0.000 0.000 0.000 0.000 0.000 0.000 0.000 0.000 0.000 0.000 0.000 0.000 0.000 0.000 0.000 0.000
0.000 0.000 0.000 0.000 0.000 0.000 0.000 0.000 0.000 0.000 0.000 0.000 0.000 0.000 0.000 0.000 0.000 0.000 0.000 0.000 0.000 0.000 0.000 0.000 0.000 0.000 0.000 0.000 0.000 0.000 0.000 0.000 0.000 0.000 0.000 0.000 0.000 0.000 0.000 0.000 0.000 0.000 0.000 0.000 0.000 0.000 0.000 0.000 0.000 0.000 0.000 0.000 0.000 0.000 0.000 0.000 0.000 0.000 0.000 0.000 0.000 0.000 0.000 0.000 0.000 0.000 0.000 0.000 0.000 0.000 0.000 0.000 0.000 0.000 0.000 0.000 0.000
