Examples/2023_ISeeSnow/data/CoulombOnly/Results/curv77s/h/1HS_03_curv77s_MoT-Voellmy_h_0026.asc
ncols        126
nrows        25
xllcorner    1522.5
yllcorner    -4312.5
cellsize     5.00
NODATA_value -9999
0.003 0.003 0.003 0.003 0.003 0.003 0.003 0.003 0.003 0.003 0.003 0.004 0.004 0.004 0.004 0.004 0.004 0.004 0.004 0.004 0.004 0.004 0.004 0.004 0.004 0.004 0.004 0.004 0.004 0.003 0.003 0.003 0.003 0.002 0.002 0.002 0.002 0.003 0.004 0.005 0.002 0.000 0.000 0.000 0.000 0.000 0.000 0.000 0.000 0.000 0.000 0.000 0.000 0.000 0.000 0.000 0.000 0.000 0.000 0.000 0.000 0.000 0.000 0.000 0.000 0.000 0.000 0.000 0.000 0.000 0.000 0.000 0.000 0.000 0.000 0.000 0.000 0.000 0.000 0.000 0.000 0.000 0.000 0.000 0.000 0.000 0.000 0.000 0.000 0.000 0.000 0.000 0.000 0.000 0.000 0.000 0.000 0.000 0.000 0.000 0.000 0.000 0.000 0.000 0.000 0.000 0.000 0.000 0.000 0.000 0.000 0.000 0.000 0.000 0.000 0.000 0.000 0.000 0.000 0.000 0.000 0.000 0.000 0.000 0.000 0.000
0.004 0.005 0.005 0.005 0.005 0.005 0.005 0.006 0.006 0.006 0.006 0.006 0.006 0.006 0.007 0.007 0.008 0.008 0.009 0.010 0.011 0.012 0.012 0.013 0.013 0.013 0.013 0.013 0.012 0.012 0.011 0.010 0.010 0.009 0.008 0.007 0.007 0.006 0.005 0.004 0.003 0.003 0.003 0.004 0.006 0.003 0.000 0.000 0.000 0.000 0.000 0.000 0.000 0.000 0.000 0.000 0.000 0.000 0.000 0.000 0.000 0.000 0.000 0.000 0.000 0.000 0.000 0.000 0.000 0.000 0.000 0.000 0.000 0.000 0.000 0.000 0.000 0.000 0.000 0.000 0.000 0.000 0.000 0.000 0.000 0.000 0.000 0.000 0.000 0.000 0.000 0.000 0.000 0.000 0.000 0.000 0.000 0.000 0.000 0.000 0.000 0.000 0.000 0.000 0.000 0.000 0.000 0.000 0.000 0.000 0.000 0.000 0.000 0.000 0.000 0.000 0.000 0.000 0.000 0.000 0.000 0.000 0.000 0.000 0.000 0.000
0.005 0.005 0.006 0.006 0.006 0.006 0.007 0.007 0.007 0.007 0.008 0.009 0.010 0.013 0.016 0.019 0.022 0.025 0.028 0.031 0.034 0.036 0.038 0.039 0.040 0.041 0.041 0.041 0.040 0.038 0.037 0.034 0.032 0.030 0.027 0.024 0.022 0.019 0.017 0.014 0.012 0.010 0.009 0.007 0.006 0.004 0.003 0.004 0.005 0.006 0.004 0.000 0.000 0.000 0.000 0.000 0.000 0.000 0.000 0.000 0.000 0.000 0.000 0.000 0.000 0.000 0.000 0.000 0.000 0.000 0.000 0.000 0.000 0.000 0.000 0.000 0.000 0.000 0.000 0.000 0.000 0.000 0.000 0.000 0.000 0.000 0.000 0.000 0.000 0.000 0.000 0.000 0.000 0.000 0.000 0.000 0.000 0.000 0.000 0.000 0.000 0.000 0.000 0.000 0.000 0.000 0.000 0.000 0.000 0.000 0.000 0.000 0.000 0.000 0.000 0.000 0.000 0.000 0.000 0.000 0.000 0.000 0.000 0.000 0.000 0.000
0.005 0.006 0.006 0.007 0.007 0.007 0.007 0.008 0.009 0.012 0.016 0.021 0.027 0.033 0.040 0.046 0.054 0.061 0.068 0.075 0.081 0.087 0.092 0.097 0.100 0.103 0.104 0.104 0.103 0.101 0.098 0.094 0.089 0.084 0.078 0.071 0.065 0.058 0.052 0.046 0.040 0.034 0.029 0.025 0.021 0.017 0.014 0.011 0.009 0.007 0.005 0.004 0.004 0.005 0.006 0.004 0.000 0.000 0.000 0.000 0.000 0.000 0.000 0.000 0.000 0.000 0.000 0.000 0.000 0.000 0.000 0.000 0.000 0.000 0.000 0.000 0.000 0.000 0.000 0.000 0.000 0.000 0.000 0.000 0.000 0.000 0.000 0.000 0.000 0.000 0.000 0.000 0.000 0.000 0.000 0.000 0.000 0.000 0.000 0.000 0.000 0.000 0.000 0.000 0.000 0.000 0.000 0.000 0.000 0.000 0.000 0.000 0.000 0.000 0.000 0.000 0.000 0.000 0.000 0.000 0.000 0.000 0.000 0.000 0.000 0.000
0.005 0.006 0.006 0.007 0.007 0.008 0.010 0.014 0.020 0.027 0.036 0.045 0.056 0.068 0.080 0.094 0.107 0.122 0.136 0.150 0.164 0.176 0.188 0.199 0.208 0.215 0.220 0.224 0.225 0.224 0.221 0.216 0.209 0.201 0.191 0.180 0.168 0.155 0.141 0.128 0.115 0.102 0.089 0.078 0.067 0.057 0.048 0.040 0.033 0.027 0.022 0.017 0.014 0.012 0.009 0.006 0.004 0.004 0.005 0.006 0.006 0.001 0.000 0.000 0.000 0.000 0.000 0.000 0.000 0.000 0.000 0.000 0.000 0.000 0.000 0.000 0.000 0.000 0.000 0.000 0.000 0.000 0.000 0.000 0.000 0.000 0.000 0.000 0.000 0.000 0.000 0.000 0.000 0.000 0.000 0.000 0.000 0.000 0.000 0.000 0.000 0.000 0.000 0.000 0.000 0.000 0.000 0.000 0.000 0.000 0.000 0.000 0.000 0.000 0.000 0.000 0.000 0.000 0.000 0.000 0.000 0.000 0.000 0.000 0.000 0.000
0.005 0.006 0.007 0.007 0.009 0.013 0.019 0.028 0.038 0.050 0.064 0.080 0.098 0.117 0.138 0.161 0.184 0.209 0.233 0.258 0.283 0.307 0.330 0.351 0.371 0.388 0.403 0.414 0.423 0.428 0.431 0.429 0.425 0.417 0.406 0.392 0.375 0.357 0.336 0.314 0.290 0.266 0.242 0.218 0.195 0.172 0.151 0.131 0.113 0.096 0.081 0.067 0.056 0.046 0.037 0.030 0.024 0.019 0.015 0.013 0.009 0.006 0.004 0.004 0.006 0.007 0.005 0.001 0.000 0.000 0.000 0.000 0.000 0.000 0.000 0.000 0.000 0.000 0.000 0.000 0.000 0.000 0.000 0.000 0.000 0.000 0.000 0.000 0.000 0.000 0.000 0.000 0.000 0.000 0.000 0.000 0.000 0.000 0.000 0.000 0.000 0.000 0.000 0.000 0.000 0.000 0.000 0.000 0.000 0.000 0.000 0.000 0.000 0.000 0.000 0.000 0.000 0.000 0.000 0.000 0.000 0.000 0.000 0.000 0.000 0.000
0.005 0.006 0.007 0.009 0.014 0.022 0.032 0.045 0.060 0.078 0.099 0.122 0.149 0.178 0.209 0.243 0.278 0.316 0.354 0.393 0.433 0.473 0.511 0.549 0.584 0.618 0.648 0.676 0.700 0.721 0.737 0.748 0.756 0.758 0.756 0.749 0.737 0.721 0.701 0.676 0.648 0.617 0.582 0.546 0.508 0.470 0.430 0.391 0.353 0.315 0.280 0.246 0.214 0.185 0.159 0.135 0.114 0.095 0.079 0.065 0.053 0.042 0.034 0.027 0.022 0.018 0.014 0.009 0.006 0.005 0.005 0.006 0.007 0.005 0.002 0.004 0.007 0.010 0.013 0.016 0.019 0.020 0.021 0.022 0.021 0.020 0.018 0.016 0.013 0.010 0.006 0.002 0.001 0.000 0.000 0.000 0.000 0.000 0.000 0.000 0.000 0.000 0.000 0.000 0.000 0.000 0.000 0.000 0.000 0.000 0.000 0.000 0.000 0.000 0.000 0.000 0.000 0.000 0.000 0.000 0.000 0.000 0.000 0.000 0.000 0.000
0.005 0.007 0.008 0.013 0.021 0.033 0.047 0.064 0.084 0.109 0.136 0.168 0.203 0.243 0.285 0.331 0.381 0.433 0.487 0.543 0.601 0.659 0.718 0.776 0.833 0.889 0.943 0.995 1.044 1.089 1.131 1.169 1.202 1.231 1.254 1.272 1.285 1.292 1.294 1.289 1.279 1.264 1.243 1.216 1.185 1.149 1.110 1.066 1.020 0.971 0.920 0.867 0.814 0.761 0.708 0.656 0.604 0.555 0.507 0.461 0.416 0.374 0.334 0.299 0.281 0.280 0.294 0.320 0.354 0.392 0.434 0.474 0.511 0.541 0.563 0.576 0.581 0.579 0.572 0.560 0.544 0.526 0.504 0.481 0.454 0.424 0.391 0.355 0.317 0.277 0.237 0.198 0.161 0.127 0.097 0.071 0.050 0.033 0.020 0.011 0.004 0.000 0.000 0.000 0.000 0.000 0.000 0.000 0.000 0.000 0.000 0.000 0.000 0.000 0.000 0.000 0.000 0.000 0.000 0.000 0.000 0.000 0.000 0.000 0.000 0.000
0.006 0.007 0.010 0.018 0.029 0.043 0.061 0.082 0.108 0.138 0.173 0.212 0.257 0.307 0.361 0.420 0.484 0.552 0.623 0.698 0.776 0.856 0.938 1.021 1.105 1.189 1.273 1.356 1.439 1.519 1.598 1.674 1.748 1.818 1.885 1.949 2.009 2.065 2.117 2.165 2.209 2.249 2.284 2.316 2.345 2.370 2.393 2.413 2.432 2.449 2.465 2.481 2.498 2.516 2.536 2.558 2.582 2.610 2.640 2.674 2.715 2.767 2.829 2.891 2.928 2.935 2.915 2.875 2.820 2.757 2.692 2.629 2.572 2.521 2.477 2.441 2.409 2.378 2.344 2.304 2.255 2.194 2.120 2.033 1.934 1.825 1.707 1.583 1.456 1.327 1.198 1.072 0.949 0.829 0.715 0.607 0.505 0.410 0.324 0.248 0.182 0.127 0.084 0.052 0.030 0.016 0.008 0.001 0.000 0.000 0.000 0.000 0.000 0.000 0.000 0.000 0.000 0.000 0.000 0.000 0.000 0.000 0.000 0.000 0.000 0.000
0.006 0.008 0.013 0.023 0.036 0.052 0.073 0.099 0.129 0.165 0.206 0.254 0.308 0.368 0.435 0.508 0.586 0.671 0.761 0.856 0.956 1.060 1.168 1.279 1.392 1.508 1.625 1.743 1.862 1.982 2.100 2.218 2.336 2.451 2.565 2.677 2.787 2.895 3.000 3.103 3.204 3.302 3.398 3.492 3.585 3.675 3.764 3.851 3.937 4.021 4.103 4.183 4.261 4.336 4.406 4.472 4.531 4.583 4.627 4.661 4.674 4.656 4.610 4.543 4.473 4.404 4.332 4.253 4.162 4.057 3.936 3.798 3.644 3.475 3.296 3.108 2.915 2.724 2.537 2.358 2.193 2.043 1.912 1.801 1.712 1.644 1.595 1.561 1.538 1.519 1.500 1.475 1.439 1.389 1.323 1.242 1.148 1.042 0.929 0.812 0.695 0.581 0.473 0.373 0.284 0.208 0.144 0.094 0.058 0.034 0.020 0.011 0.004 0.000 0.000 0.000 0.000 0.000 0.000 0.000 0.000 0.000 0.000 0.000 0.000 0.000
0.006 0.009 0.016 0.027 0.042 0.061 0.085 0.114 0.149 0.191 0.240 0.297 0.361 0.433 0.513 0.602 0.698 0.802 0.913 1.031 1.155 1.284 1.418 1.556 1.697 1.841 1.986 2.133 2.280 2.428 2.575 2.722 2.868 3.012 3.156 3.297 3.437 3.575 3.711 3.845 3.976 4.105 4.230 4.352 4.470 4.583 4.691 4.792 4.887 4.972 5.049 5.114 5.168 5.210 5.238 5.252 5.251 5.236 5.206 5.162 5.110 5.055 4.996 4.929 4.850 4.761 4.665 4.573 4.489 4.418 4.359 4.312 4.274 4.241 4.212 4.181 4.146 4.105 4.054 3.994 3.923 3.843 3.753 3.656 3.549 3.434 3.309 3.174 3.030 2.878 2.722 2.565 2.411 2.263 2.122 1.991 1.869 1.752 1.639 1.526 1.411 1.292 1.167 1.038 0.906 0.775 0.647 0.525 0.413 0.314 0.228 0.159 0.106 0.068 0.042 0.025 0.014 0.008 0.001 0.000 0.000 0.000 0.000 0.000 0.000 0.000
0.006 0.010 0.019 0.032 0.050 0.072 0.101 0.136 0.178 0.230 0.290 0.359 0.438 0.527 0.626 0.734 0.850 0.975 1.107 1.244 1.388 1.535 1.686 1.840 1.997 2.155 2.314 2.475 2.637 2.800 2.964 3.128 3.293 3.458 3.623 3.786 3.949 4.110 4.268 4.422 4.571 4.715 4.852 4.981 5.101 5.212 5.311 5.399 5.474 5.537 5.587 5.625 5.650 5.663 5.666 5.659 5.644 5.622 5.594 5.562 5.528 5.493 5.459 5.427 5.401 5.380 5.359 5.328 5.279 5.208 5.116 5.004 4.875 4.732 4.579 4.418 4.253 4.086 3.919 3.752 3.588 3.424 3.261 3.098 2.936 2.775 2.617 2.462 2.312 2.169 2.032 1.901 1.775 1.653 1.532 1.412 1.292 1.172 1.053 0.937 0.825 0.721 0.625 0.539 0.463 0.397 0.340 0.290 0.247 0.210 0.177 0.147 0.119 0.095 0.073 0.054 0.039 0.027 0.018 0.012 0.007 0.001 0.000 0.000 0.000 0.000
0.009 0.020 0.035 0.057 0.085 0.121 0.166 0.219 0.283 0.357 0.440 0.534 0.638 0.750 0.870 0.997 1.130 1.268 1.411 1.558 1.708 1.861 2.017 2.176 2.336 2.499 2.664 2.830 2.996 3.164 3.331 3.497 3.661 3.823 3.981 4.135 4.284 4.427 4.563 4.691 4.812 4.925 5.030 5.125 5.213 5.292 5.364 5.428 5.485 5.536 5.580 5.618 5.649 5.675 5.695 5.707 5.713 5.711 5.699 5.678 5.647 5.603 5.545 5.474 5.387 5.286 5.175 5.062 4.955 4.858 4.772 4.696 4.630 4.571 4.519 4.472 4.429 4.387 4.347 4.306 4.263 4.217 4.166 4.110 4.047 3.977 3.898 3.811 3.715 3.610 3.498 3.380 3.256 3.127 2.996 2.863 2.728 2.594 2.460 2.326 2.191 2.056 1.919 1.781 1.642 1.501 1.359 1.217 1.078 0.942 0.811 0.688 0.574 0.471 0.380 0.300 0.233 0.177 0.132 0.096 0.068 0.047 0.032 0.022 0.014 0.009
0.006 0.010 0.019 0.032 0.049 0.072 0.100 0.136 0.178 0.229 0.289 0.359 0.438 0.527 0.625 0.733 0.850 0.975 1.106 1.244 1.387 1.535 1.686 1.840 1.996 2.154 2.314 2.475 2.637 2.800 2.963 3.128 3.292 3.457 3.622 3.786 3.949 4.109 4.267 4.421 4.571 4.715 4.852 4.981 5.101 5.211 5.311 5.398 5.474 5.537 5.587 5.624 5.650 5.663 5.666 5.659 5.644 5.622 5.594 5.563 5.529 5.494 5.459 5.427 5.402 5.381 5.360 5.329 5.279 5.208 5.116 5.004 4.875 4.732 4.579 4.418 4.253 4.086 3.919 3.753 3.588 3.424 3.261 3.099 2.936 2.775 2.617 2.462 2.312 2.169 2.032 1.901 1.775 1.653 1.532 1.412 1.292 1.172 1.053 0.937 0.826 0.721 0.625 0.539 0.463 0.397 0.340 0.290 0.247 0.210 0.177 0.147 0.119 0.095 0.073 0.054 0.039 0.027 0.018 0.012 0.007 0.001 0.000 0.000 0.000 0.000
0.006 0.009 0.016 0.027 0.042 0.061 0.085 0.114 0.149 0.191 0.240 0.296 0.361 0.433 0.513 0.602 0.698 0.802 0.913 1.030 1.154 1.283 1.417 1.555 1.696 1.840 1.985 2.132 2.279 2.427 2.574 2.721 2.867 3.011 3.155 3.296 3.436 3.574 3.710 3.844 3.975 4.104 4.229 4.351 4.469 4.582 4.690 4.792 4.886 4.971 5.048 5.114 5.168 5.209 5.237 5.251 5.250 5.235 5.206 5.162 5.109 5.054 4.995 4.928 4.849 4.760 4.664 4.572 4.488 4.417 4.359 4.312 4.273 4.241 4.211 4.180 4.146 4.104 4.053 3.993 3.922 3.842 3.752 3.654 3.548 3.433 3.308 3.173 3.030 2.878 2.722 2.565 2.411 2.263 2.122 1.991 1.869 1.752 1.639 1.526 1.411 1.292 1.167 1.038 0.906 0.775 0.647 0.525 0.414 0.314 0.228 0.159 0.106 0.068 0.042 0.025 0.014 0.008 0.001 0.000 0.000 0.000 0.000 0.000 0.000 0.000
0.006 0.008 0.013 0.023 0.036 0.052 0.073 0.099 0.129 0.165 0.206 0.254 0.308 0.368 0.435 0.507 0.586 0.671 0.761 0.856 0.956 1.060 1.167 1.278 1.392 1.507 1.624 1.743 1.862 1.981 2.099 2.218 2.335 2.450 2.564 2.676 2.786 2.894 2.999 3.102 3.202 3.301 3.397 3.491 3.583 3.674 3.763 3.850 3.936 4.020 4.102 4.183 4.260 4.335 4.405 4.471 4.531 4.583 4.627 4.661 4.674 4.656 4.610 4.543 4.474 4.404 4.332 4.253 4.162 4.057 3.936 3.798 3.644 3.475 3.295 3.107 2.915 2.724 2.537 2.358 2.193 2.043 1.912 1.801 1.712 1.644 1.595 1.561 1.537 1.519 1.500 1.475 1.439 1.389 1.323 1.242 1.148 1.042 0.929 0.812 0.695 0.581 0.473 0.373 0.284 0.208 0.144 0.094 0.058 0.035 0.020 0.011 0.004 0.000 0.000 0.000 0.000 0.000 0.000 0.000 0.000 0.000 0.000 0.000 0.000 0.000
0.006 0.007 0.010 0.018 0.029 0.043 0.061 0.082 0.108 0.138 0.173 0.212 0.257 0.307 0.361 0.420 0.484 0.552 0.623 0.698 0.776 0.856 0.938 1.021 1.105 1.189 1.273 1.356 1.438 1.519 1.597 1.673 1.747 1.817 1.885 1.948 2.008 2.064 2.116 2.164 2.208 2.248 2.284 2.316 2.344 2.370 2.392 2.412 2.431 2.448 2.464 2.481 2.497 2.515 2.535 2.557 2.582 2.609 2.640 2.673 2.714 2.767 2.828 2.891 2.928 2.935 2.915 2.874 2.820 2.757 2.692 2.629 2.571 2.520 2.477 2.441 2.409 2.378 2.344 2.304 2.255 2.194 2.120 2.033 1.934 1.825 1.707 1.583 1.456 1.327 1.198 1.072 0.949 0.829 0.715 0.607 0.505 0.410 0.324 0.248 0.182 0.127 0.084 0.052 0.030 0.016 0.008 0.001 0.000 0.000 0.000 0.000 0.000 0.000 0.000 0.000 0.000 0.000 0.000 0.000 0.000 0.000 0.000 0.000 0.000 0.000
0.005 0.007 0.008 0.013 0.021 0.033 0.047 0.064 0.084 0.109 0.136 0.168 0.203 0.242 0.285 0.331 0.381 0.433 0.487 0.543 0.601 0.659 0.718 0.776 0.833 0.889 0.943 0.995 1.044 1.089 1.131 1.169 1.202 1.231 1.254 1.272 1.285 1.292 1.294 1.289 1.279 1.264 1.243 1.217 1.185 1.150 1.110 1.066 1.020 0.971 0.920 0.868 0.815 0.761 0.708 0.656 0.605 0.555 0.507 0.461 0.417 0.374 0.334 0.299 0.281 0.280 0.295 0.320 0.354 0.393 0.434 0.474 0.511 0.541 0.563 0.576 0.581 0.579 0.572 0.560 0.544 0.526 0.505 0.481 0.454 0.424 0.391 0.355 0.317 0.277 0.237 0.198 0.161 0.127 0.097 0.071 0.050 0.033 0.020 0.011 0.004 0.000 0.000 0.000 0.000 0.000 0.000 0.000 0.000 0.000 0.000 0.000 0.000 0.000 0.000 0.000 0.000 0.000 0.000 0.000 0.000 0.000 0.000 0.000 0.000 0.000
0.005 0.006 0.007 0.009 0.014 0.022 0.032 0.045 0.060 0.078 0.099 0.122 0.149 0.178 0.209 0.243 0.278 0.316 0.354 0.394 0.433 0.473 0.511 0.549 0.584 0.618 0.649 0.676 0.700 0.721 0.737 0.749 0.756 0.758 0.756 0.749 0.738 0.721 0.701 0.676 0.648 0.617 0.583 0.547 0.509 0.470 0.431 0.391 0.353 0.316 0.280 0.246 0.215 0.186 0.159 0.135 0.114 0.095 0.079 0.065 0.053 0.042 0.034 0.027 0.022 0.018 0.014 0.009 0.006 0.005 0.005 0.006 0.007 0.005 0.002 0.004 0.007 0.010 0.013 0.016 0.019 0.020 0.021 0.022 0.021 0.020 0.018 0.016 0.013 0.010 0.006 0.002 0.001 0.000 0.000 0.000 0.000 0.000 0.000 0.000 0.000 0.000 0.000 0.000 0.000 0.000 0.000 0.000 0.000 0.000 0.000 0.000 0.000 0.000 0.000 0.000 0.000 0.000 0.000 0.000 0.000 0.000 0.000 0.000 0.000 0.000
0.005 0.006 0.007 0.007 0.009 0.013 0.019 0.028 0.038 0.050 0.064 0.080 0.098 0.117 0.138 0.161 0.184 0.209 0.233 0.258 0.283 0.307 0.330 0.351 0.371 0.388 0.403 0.415 0.423 0.429 0.431 0.430 0.425 0.417 0.406 0.392 0.376 0.357 0.336 0.314 0.291 0.267 0.243 0.219 0.195 0.173 0.151 0.131 0.113 0.096 0.081 0.068 0.056 0.046 0.037 0.030 0.024 0.019 0.015 0.013 0.009 0.006 0.005 0.004 0.005 0.007 0.006 0.001 0.000 0.000 0.000 0.000 0.000 0.000 0.000 0.000 0.000 0.000 0.000 0.000 0.000 0.000 0.000 0.000 0.000 0.000 0.000 0.000 0.000 0.000 0.000 0.000 0.000 0.000 0.000 0.000 0.000 0.000 0.000 0.000 0.000 0.000 0.000 0.000 0.000 0.000 0.000 0.000 0.000 0.000 0.000 0.000 0.000 0.000 0.000 0.000 0.000 0.000 0.000 0.000 0.000 0.000 0.000 0.000 0.000 0.000
0.005 0.006 0.006 0.007 0.007 0.008 0.010 0.014 0.020 0.027 0.036 0.045 0.056 0.068 0.080 0.094 0.108 0.122 0.136 0.150 0.164 0.177 0.188 0.199 0.208 0.215 0.221 0.224 0.225 0.224 0.221 0.216 0.210 0.201 0.191 0.180 0.168 0.155 0.142 0.128 0.115 0.102 0.090 0.078 0.067 0.057 0.048 0.040 0.033 0.027 0.022 0.017 0.014 0.012 0.009 0.006 0.004 0.004 0.005 0.006 0.006 0.001 0.000 0.000 0.000 0.000 0.000 0.000 0.000 0.000 0.000 0.000 0.000 0.000 0.000 0.000 0.000 0.000 0.000 0.000 0.000 0.000 0.000 0.000 0.000 0.000 0.000 0.000 0.000 0.000 0.000 0.000 0.000 0.000 0.000 0.000 0.000 0.000 0.000 0.000 0.000 0.000 0.000 0.000 0.000 0.000 0.000 0.000 0.000 0.000 0.000 0.000 0.000 0.000 0.000 0.000 0.000 0.000 0.000 0.000 0.000 0.000 0.000 0.000 0.000 0.000
0.005 0.006 0.006 0.007 0.007 0.007 0.007 0.008 0.009 0.012 0.016 0.021 0.027 0.033 0.040 0.046 0.054 0.061 0.068 0.075 0.081 0.087 0.093 0.097 0.100 0.103 0.104 0.104 0.103 0.101 0.098 0.094 0.089 0.084 0.078 0.072 0.065 0.058 0.052 0.046 0.040 0.034 0.029 0.025 0.021 0.017 0.014 0.011 0.009 0.007 0.005 0.004 0.004 0.005 0.006 0.004 0.000 0.000 0.000 0.000 0.000 0.000 0.000 0.000 0.000 0.000 0.000 0.000 0.000 0.000 0.000 0.000 0.000 0.000 0.000 0.000 0.000 0.000 0.000 0.000 0.000 0.000 0.000 0.000 0.000 0.000 0.000 0.000 0.000 0.000 0.000 0.000 0.000 0.000 0.000 0.000 0.000 0.000 0.000 0.000 0.000 0.000 0.000 0.000 0.000 0.000 0.000 0.000 0.000 0.000 0.000 0.000 0.000 0.000 0.000 0.000 0.000 0.000 0.000 0.000 0.000 0.000 0.000 0.000 0.000 0.000
0.005 0.005 0.006 0.006 0.006 0.006 0.007 0.007 0.007 0.007 0.008 0.009 0.010 0.013 0.016 0.019 0.022 0.025 0.028 0.031 0.034 0.036 0.038 0.039 0.040 0.041 0.041 0.041 0.040 0.038 0.037 0.035 0.032 0.030 0.027 0.024 0.022 0.019 0.017 0.014 0.012 0.010 0.009 0.007 0.006 0.004 0.003 0.004 0.005 0.006 0.004 0.000 0.000 0.000 0.000 0.000 0.000 0.000 0.000 0.000 0.000 0.000 0.000 0.000 0.000 0.000 0.000 0.000 0.000 0.000 0.000 0.000 0.000 0.000 0.000 0.000 0.000 0.000 0.000 0.000 0.000 0.000 0.000 0.000 0.000 0.000 0.000 0.000 0.000 0.000 0.000 0.000 0.000 0.000 0.000 0.000 0.000 0.000 0.000 0.000 0.000 0.000 0.000 0.000 0.000 0.000 0.000 0.000 0.000 0.000 0.000 0.000 0.000 0.000 0.000 0.000 0.000 0.000 0.000 0.000 0.000 0.000 0.000 0.000 0.000 0.000
0.004 0.005 0.005 0.005 0.005 0.005 0.005 0.006 0.006 0.006 0.006 0.006 0.006 0.006 0.007 0.007 0.008 0.008 0.009 0.010 0.011 0.012 0.012 0.013 0.013 0.013 0.013 0.013 0.013 0.012 0.011 0.011 0.010 0.009 0.008 0.007 0.007 0.006 0.005 0.004 0.003 0.003 0.003 0.004 0.006 0.003 0.000 0.000 0.000 0.000 0.000 0.000 0.000 0.000 0.000 0.000 0.000 0.000 0.000 0.000 0.000 0.000 0.000 0.000 0.000 0.000 0.000 0.000 0.000 0.000 0.000 0.000 0.000 0.000 0.000 0.000 0.000 0.000 0.000 0.000 0.000 0.000 0.000 0.000 0.000 0.000 0.000 0.000 0.000 0.000 0.000 0.000 0.000 0.000 0.000 0.000 0.000 0.000 0.000 0.000 0.000 0.000 0.000 0.000 0.000 0.000 0.000 0.000 0.000 0.000 0.000 0.000 0.000 0.000 0.000 0.000 0.000 0.000 0.000 0.000 0.000 0.000 0.000 0.000 0.000 0.000
0.003 0.003 0.003 0.003 0.003 0.003 0.003 0.003 0.003 0.003 0.003 0.004 0.004 0.004 0.004 0.004 0.004 0.004 0.004 0.004 0.004 0.004 0.004 0.004 0.004 0.004 0.004 0.004 0.004 0.004 0.003 0.003 0.003 0.002 0.002 0.002 0.002 0.003 0.004 0.005 0.002 0.000 0.000 0.000 0.000 0.000 0.000 0.000 0.000 0.000 0.000 0.000 0.000 0.000 0.000 0.000 0.000 0.000 0.000 0.000 0.000 0.000 0.000 0.000 0.000 0.000 0.000 0.000 0.000 0.000 0.000 0.000 0.000 0.000 0.000 0.000 0.000 0.000 0.000 0.000 0.000 0.000 0.000 0.000 0.000 0.000 0.000 0.000 0.000 0.000 0.000 0.000 0.000 0.000 0.000 0.000 0.000 0.000 0.000 0.000 0.000 0.000 0.000 0.000 0.000 0.000 0.000 0.000 0.000 0.000 0.000 0.000 0.000 0.000 0.000 0.000 0.000 0.000 0.000 0.000 0.000 0.000 0.000 0.000 0.000 0.000
