Examples/2023_ISeeSnow/data/CoulombOnly/Results/curv77s/h/1HS_03_curv77s_MoT-Voellmy_h_0047.asc
ncols        192
nrows        29
xllcorner    2712.5
yllcorner    -4322.5
cellsize     5.00
NODATA_value -9999
[rows 0 to 28 of 29, columns 77 to 153 of 192]
0.000 0.000 0.000 0.000 0.000 0.000 0.000 0.000 0.000 0.000 0.000 0.000 0.000 0.000 0.000 0.000 0.000 0.000 0.000 0.000 0.000 0.000 0.000 0.000 0.000 0.000 0.000 0.000 0.001 0.001 0.001 0.001 0.001 0.001 0.001 0.001 0.002 0.002 0.002 0.002 0.002 0.002 0.002 0.002 0.002 0.002 0.002 0.002 0.002 0.002 0.002 0.002 0.002 0.001 0.001 0.001 0.001 0.001 0.000 0.000 0.000 0.000 0.000 0.000 0.000 0.000 0.000 0.000 0.000 0.000 0.000 0.000 0.000 0.000 0.000 0.000 0.000
0.000 0.000 0.000 0.000 0.000 0.000 0.000 0.000 0.000 0.000 0.001 0.001 0.001 0.001 0.001 0.001 0.002 0.002 0.002 0.002 0.003 0.003 0.003 0.004 0.004 0.005 0.005 0.006 0.006 0.007 0.007 0.008 0.008 0.009 0.010 0.010 0.011 0.012 0.013 0.014 0.014 0.015 0.016 0.016 0.017 0.017 0.017 0.017 0.017 0.017 0.017 0.016 0.015 0.015 0.014 0.013 0.012 0.011 0.010 0.008 0.006 0.004 0.003 0.002 0.002 0.001 0.001 0.001 0.000 0.000 0.000 0.000 0.000 0.000 0.000 0.000 0.000
0.002 0.002 0.002 0.002 0.002 0.003 0.003 0.003 0.004 0.004 0.004 0.005 0.005 0.006 0.007 0.008 0.009 0.010 0.011 0.012 0.014 0.016 0.018 0.020 0.022 0.025 0.027 0.030 0.033 0.036 0.039 0.042 0.045 0.049 0.052 0.055 0.058 0.061 0.063 0.066 0.068 0.070 0.072 0.073 0.074 0.075 0.075 0.075 0.075 0.073 0.071 0.069 0.066 0.063 0.059 0.056 0.052 0.048 0.043 0.039 0.035 0.031 0.027 0.024 0.020 0.017 0.015 0.012 0.010 0.007 0.003 0.002 0.001 0.001 0.000 0.000 0.000
0.006 0.007 0.008 0.009 0.010 0.011 0.012 0.014 0.016 0.019 0.022 0.025 0.029 0.033 0.037 0.042 0.048 0.053 0.060 0.066 0.073 0.080 0.088 0.096 0.104 0.112 0.120 0.129 0.137 0.145 0.154 0.162 0.169 0.177 0.184 0.191 0.198 0.204 0.209 0.214 0.218 0.222 0.225 0.227 0.228 0.228 0.227 0.225 0.223 0.219 0.213 0.206 0.198 0.190 0.180 0.170 0.160 0.149 0.138 0.126 0.115 0.104 0.093 0.083 0.073 0.063 0.055 0.047 0.039 0.033 0.027 0.023 0.018 0.015 0.012 0.009 0.004
0.026 0.031 0.036 0.041 0.047 0.054 0.062 0.071 0.080 0.090 0.101 0.113 0.125 0.139 0.152 0.167 0.182 0.197 0.212 0.228 0.244 0.260 0.276 0.292 0.308 0.323 0.338 0.353 0.367 0.381 0.394 0.406 0.418 0.429 0.439 0.448 0.456 0.464 0.470 0.476 0.480 0.483 0.485 0.486 0.485 0.483 0.480 0.475 0.469 0.460 0.449 0.436 0.422 0.407 0.390 0.372 0.354 0.334 0.314 0.293 0.272 0.250 0.229 0.208 0.188 0.168 0.149 0.131 0.114 0.099 0.084 0.072 0.060 0.050 0.041 0.034 0.027
0.116 0.131 0.147 0.163 0.181 0.200 0.220 0.242 0.264 0.287 0.310 0.334 0.358 0.383 0.407 0.431 0.455 0.479 0.502 0.524 0.546 0.567 0.588 0.607 0.626 0.644 0.660 0.676 0.691 0.705 0.718 0.730 0.740 0.750 0.759 0.766 0.773 0.778 0.782 0.785 0.787 0.787 0.786 0.783 0.779 0.774 0.767 0.759 0.748 0.735 0.719 0.701 0.681 0.660 0.638 0.615 0.590 0.564 0.537 0.509 0.481 0.451 0.421 0.391 0.361 0.331 0.301 0.272 0.244 0.218 0.192 0.168 0.146 0.126 0.108 0.091 0.076
0.348 0.377 0.406 0.435 0.464 0.496 0.528 0.560 0.592 0.623 0.653 0.683 0.712 0.740 0.767 0.793 0.817 0.841 0.863 0.885 0.905 0.924 0.941 0.958 0.973 0.988 1.001 1.013 1.024 1.033 1.042 1.050 1.056 1.062 1.066 1.069 1.071 1.072 1.072 1.070 1.067 1.063 1.058 1.051 1.043 1.034 1.023 1.010 0.996 0.979 0.958 0.936 0.912 0.888 0.862 0.835 0.807 0.779 0.748 0.717 0.685 0.652 0.618 0.584 0.549 0.513 0.477 0.441 0.406 0.371 0.337 0.303 0.272 0.241 0.213 0.186 0.161
0.717 0.752 0.785 0.817 0.849 0.883 0.916 0.948 0.978 1.007 1.035 1.061 1.086 1.110 1.133 1.154 1.174 1.192 1.210 1.226 1.241 1.255 1.267 1.279 1.289 1.298 1.305 1.312 1.318 1.322 1.325 1.328 1.329 1.329 1.328 1.326 1.323 1.319 1.314 1.307 1.300 1.291 1.281 1.270 1.257 1.243 1.228 1.212 1.195 1.174 1.149 1.123 1.097 1.070 1.041 1.012 0.982 0.951 0.920 0.887 0.853 0.819 0.784 0.747 0.711 0.673 0.636 0.597 0.559 0.520 0.482 0.444 0.407 0.370 0.335 0.301 0.268
1.109 1.136 1.162 1.187 1.211 1.240 1.270 1.299 1.328 1.355 1.383 1.409 1.434 1.458 1.480 1.501 1.521 1.539 1.555 1.570 1.583 1.594 1.604 1.611 1.617 1.622 1.624 1.625 1.625 1.623 1.620 1.615 1.609 1.602 1.593 1.584 1.573 1.561 1.548 1.534 1.519 1.502 1.485 1.467 1.448 1.428 1.407 1.385 1.362 1.336 1.304 1.272 1.240 1.207 1.174 1.141 1.108 1.074 1.041 1.007 0.973 0.939 0.904 0.869 0.833 0.796 0.759 0.721 0.682 0.643 0.603 0.563 0.524 0.484 0.445 0.407 0.369
1.393 1.406 1.418 1.428 1.440 1.454 1.466 1.474 1.480 1.482 1.483 1.482 1.479 1.474 1.468 1.461 1.454 1.445 1.436 1.426 1.415 1.404 1.393 1.381 1.370 1.358 1.347 1.336 1.325 1.315 1.305 1.296 1.287 1.279 1.271 1.264 1.258 1.251 1.245 1.239 1.233 1.227 1.221 1.214 1.206 1.198 1.190 1.180 1.170 1.157 1.142 1.129 1.117 1.105 1.094 1.082 1.069 1.055 1.040 1.023 1.005 0.984 0.961 0.936 0.908 0.877 0.844 0.809 0.771 0.732 0.691 0.648 0.605 0.561 0.518 0.475 0.433
2.205 2.235 2.264 2.289 2.317 2.355 2.390 2.425 2.458 2.490 2.521 2.551 2.579 2.605 2.630 2.653 2.674 2.694 2.711 2.727 2.741 2.753 2.763 2.770 2.775 2.776 2.775 2.770 2.762 2.750 2.735 2.717 2.696 2.672 2.644 2.614 2.582 2.547 2.510 2.471 2.431 2.389 2.347 2.303 2.260 2.215 2.171 2.126 2.081 2.030 1.973 1.915 1.856 1.796 1.735 1.673 1.610 1.547 1.483 1.419 1.355 1.291 1.227 1.163 1.100 1.037 0.975 0.913 0.851 0.790 0.729 0.670 0.612 0.556 0.504 0.454 0.407
1.462 1.471 1.478 1.484 1.490 1.500 1.505 1.505 1.502 1.494 1.482 1.465 1.445 1.420 1.391 1.357 1.318 1.274 1.225 1.172 1.114 1.054 0.995 0.938 0.884 0.832 0.784 0.738 0.696 0.657 0.621 0.588 0.559 0.533 0.509 0.488 0.470 0.454 0.440 0.428 0.417 0.407 0.398 0.390 0.382 0.374 0.366 0.357 0.348 0.339 0.328 0.317 0.306 0.295 0.285 0.275 0.265 0.256 0.248 0.241 0.235 0.230 0.228 0.227 0.230 0.235 0.245 0.257 0.268 0.276 0.279 0.278 0.272 0.262 0.250 0.236 0.220
3.001 3.022 3.041 3.060 3.086 3.127 3.169 3.213 3.259 3.307 3.358 3.411 3.466 3.523 3.582 3.643 3.706 3.771 3.838 3.906 3.975 4.040 4.095 4.139 4.173 4.196 4.209 4.212 4.207 4.194 4.174 4.147 4.114 4.076 4.034 3.987 3.937 3.884 3.829 3.771 3.712 3.652 3.590 3.529 3.466 3.404 3.342 3.281 3.219 3.150 3.073 3.001 2.931 2.864 2.802 2.746 2.697 2.655 2.620 2.590 2.563 2.537 2.508 2.472 2.427 2.369 2.296 2.211 2.119 2.027 1.937 1.852 1.770 1.691 1.615 1.540 1.464
1.293 1.278 1.263 1.248 1.232 1.220 1.204 1.186 1.165 1.140 1.114 1.085 1.054 1.022 0.988 0.952 0.916 0.879 0.842 0.805 0.768 0.734 0.706 0.683 0.666 0.655 0.648 0.645 0.646 0.650 0.657 0.665 0.675 0.685 0.695 0.706 0.716 0.726 0.734 0.742 0.748 0.752 0.756 0.757 0.757 0.756 0.752 0.746 0.737 0.725 0.710 0.694 0.675 0.653 0.626 0.593 0.553 0.508 0.456 0.399 0.339 0.278 0.218 0.163 0.116 0.078 0.051 0.034 0.026 0.021 0.018 0.017 0.017 0.016 0.016 0.015 0.014
4.083 4.104 4.123 4.142 4.171 4.218 4.259 4.296 4.333 4.368 4.401 4.434 4.465 4.495 4.524 4.552 4.578 4.603 4.627 4.650 4.671 4.691 4.709 4.726 4.742 4.756 4.769 4.780 4.789 4.797 4.803 4.807 4.810 4.812 4.811 4.809 4.805 4.799 4.791 4.782 4.771 4.758 4.744 4.727 4.709 4.689 4.668 4.644 4.615 4.570 4.512 4.460 4.408 4.354 4.298 4.240 4.181 4.120 4.058 3.993 3.927 3.859 3.789 3.716 3.642 3.565 3.486 3.404 3.320 3.234 3.144 3.052 2.957 2.860 2.759 2.656 2.549
1.292 1.278 1.263 1.247 1.232 1.219 1.204 1.185 1.164 1.140 1.113 1.085 1.054 1.021 0.987 0.952 0.916 0.879 0.842 0.805 0.769 0.735 0.706 0.684 0.667 0.655 0.648 0.646 0.647 0.651 0.657 0.665 0.675 0.685 0.695 0.706 0.716 0.725 0.734 0.741 0.747 0.752 0.755 0.757 0.757 0.755 0.752 0.746 0.737 0.726 0.711 0.694 0.676 0.653 0.626 0.594 0.554 0.509 0.457 0.400 0.340 0.279 0.219 0.164 0.117 0.078 0.051 0.035 0.026 0.021 0.018 0.017 0.017 0.016 0.015 0.015 0.014
3.002 3.022 3.042 3.061 3.086 3.128 3.170 3.213 3.260 3.308 3.359 3.412 3.467 3.524 3.583 3.644 3.707 3.773 3.840 3.908 3.977 4.042 4.097 4.141 4.174 4.197 4.210 4.214 4.209 4.196 4.175 4.148 4.116 4.078 4.035 3.988 3.938 3.885 3.829 3.772 3.712 3.652 3.590 3.528 3.466 3.403 3.341 3.280 3.218 3.148 3.072 2.999 2.929 2.862 2.800 2.744 2.695 2.653 2.618 2.588 2.561 2.535 2.506 2.471 2.425 2.368 2.296 2.210 2.119 2.027 1.937 1.852 1.770 1.691 1.615 1.540 1.464
1.463 1.472 1.479 1.485 1.491 1.500 1.505 1.506 1.502 1.494 1.482 1.465 1.445 1.420 1.391 1.356 1.317 1.274 1.225 1.171 1.113 1.053 0.994 0.938 0.883 0.832 0.783 0.737 0.695 0.656 0.620 0.588 0.559 0.532 0.509 0.488 0.470 0.454 0.440 0.428 0.417 0.407 0.398 0.390 0.382 0.374 0.366 0.358 0.349 0.339 0.328 0.317 0.307 0.296 0.285 0.275 0.266 0.257 0.249 0.241 0.235 0.231 0.228 0.227 0.230 0.235 0.245 0.257 0.268 0.276 0.279 0.278 0.272 0.262 0.250 0.235 0.220
2.205 2.236 2.264 2.290 2.318 2.355 2.391 2.425 2.459 2.491 2.522 2.551 2.579 2.605 2.630 2.653 2.675 2.694 2.712 2.728 2.742 2.754 2.763 2.771 2.775 2.777 2.775 2.770 2.762 2.751 2.736 2.718 2.697 2.672 2.645 2.615 2.582 2.547 2.510 2.472 2.431 2.390 2.347 2.304 2.260 2.215 2.171 2.126 2.081 2.030 1.973 1.915 1.856 1.796 1.735 1.673 1.610 1.547 1.483 1.419 1.355 1.291 1.227 1.163 1.100 1.037 0.975 0.913 0.851 0.790 0.729 0.670 0.612 0.556 0.504 0.454 0.407
1.393 1.406 1.418 1.429 1.440 1.455 1.466 1.475 1.480 1.483 1.483 1.482 1.479 1.474 1.469 1.462 1.454 1.446 1.436 1.426 1.416 1.405 1.393 1.382 1.370 1.358 1.347 1.336 1.325 1.315 1.305 1.296 1.287 1.279 1.271 1.264 1.258 1.252 1.245 1.239 1.233 1.227 1.221 1.214 1.207 1.199 1.190 1.180 1.170 1.157 1.142 1.129 1.117 1.105 1.094 1.082 1.069 1.055 1.040 1.024 1.005 0.984 0.961 0.936 0.908 0.877 0.844 0.809 0.771 0.732 0.691 0.648 0.605 0.562 0.518 0.475 0.433
1.109 1.137 1.163 1.187 1.211 1.241 1.270 1.299 1.328 1.356 1.383 1.409 1.434 1.458 1.481 1.502 1.521 1.539 1.556 1.570 1.583 1.594 1.604 1.611 1.617 1.622 1.624 1.626 1.625 1.623 1.620 1.615 1.609 1.602 1.594 1.584 1.573 1.561 1.548 1.534 1.519 1.502 1.485 1.467 1.448 1.428 1.407 1.385 1.362 1.336 1.304 1.272 1.240 1.207 1.174 1.141 1.108 1.074 1.041 1.007 0.973 0.939 0.904 0.869 0.833 0.796 0.759 0.721 0.682 0.643 0.603 0.563 0.524 0.484 0.445 0.407 0.369
0.717 0.752 0.785 0.817 0.848 0.883 0.916 0.948 0.978 1.007 1.035 1.061 1.086 1.110 1.133 1.154 1.174 1.192 1.210 1.226 1.241 1.255 1.267 1.279 1.289 1.298 1.306 1.312 1.318 1.322 1.326 1.328 1.329 1.329 1.328 1.326 1.323 1.319 1.314 1.307 1.300 1.291 1.281 1.270 1.257 1.244 1.229 1.212 1.195 1.174 1.149 1.123 1.097 1.070 1.042 1.012 0.982 0.951 0.920 0.887 0.853 0.819 0.784 0.748 0.711 0.673 0.636 0.597 0.559 0.520 0.482 0.444 0.407 0.370 0.335 0.301 0.269
0.348 0.376 0.406 0.435 0.464 0.496 0.528 0.560 0.591 0.623 0.653 0.683 0.712 0.740 0.767 0.792 0.817 0.841 0.863 0.884 0.905 0.924 0.941 0.958 0.973 0.988 1.001 1.013 1.024 1.033 1.042 1.050 1.056 1.062 1.066 1.069 1.071 1.072 1.072 1.070 1.067 1.063 1.058 1.051 1.043 1.034 1.023 1.010 0.996 0.979 0.958 0.936 0.912 0.888 0.862 0.835 0.808 0.779 0.749 0.717 0.685 0.652 0.618 0.584 0.549 0.513 0.477 0.441 0.406 0.371 0.337 0.303 0.272 0.241 0.213 0.186 0.161
0.116 0.131 0.147 0.163 0.181 0.200 0.220 0.242 0.264 0.287 0.310 0.334 0.358 0.383 0.407 0.431 0.455 0.479 0.502 0.524 0.546 0.567 0.587 0.607 0.626 0.643 0.660 0.676 0.691 0.705 0.718 0.729 0.740 0.750 0.759 0.766 0.773 0.778 0.782 0.785 0.787 0.787 0.786 0.783 0.779 0.774 0.767 0.759 0.748 0.735 0.719 0.701 0.681 0.660 0.638 0.615 0.590 0.564 0.537 0.509 0.481 0.451 0.421 0.391 0.361 0.331 0.301 0.272 0.244 0.218 0.192 0.168 0.146 0.126 0.108 0.091 0.076
0.026 0.031 0.036 0.041 0.047 0.054 0.062 0.070 0.080 0.090 0.101 0.113 0.125 0.138 0.152 0.166 0.181 0.197 0.212 0.228 0.244 0.260 0.276 0.292 0.308 0.323 0.338 0.353 0.367 0.380 0.393 0.406 0.417 0.428 0.438 0.448 0.456 0.464 0.470 0.475 0.480 0.483 0.485 0.486 0.485 0.483 0.480 0.475 0.469 0.460 0.449 0.436 0.422 0.407 0.390 0.372 0.354 0.334 0.314 0.293 0.272 0.250 0.229 0.208 0.188 0.168 0.149 0.131 0.114 0.098 0.084 0.071 0.060 0.050 0.041 0.034 0.027
0.006 0.007 0.008 0.009 0.010 0.011 0.012 0.014 0.016 0.019 0.022 0.025 0.029 0.033 0.037 0.042 0.047 0.053 0.059 0.066 0.073 0.080 0.088 0.096 0.104 0.112 0.120 0.128 0.137 0.145 0.153 0.161 0.169 0.177 0.184 0.191 0.198 0.204 0.209 0.214 0.218 0.222 0.224 0.226 0.228 0.228 0.227 0.225 0.223 0.219 0.213 0.206 0.198 0.190 0.180 0.170 0.160 0.149 0.138 0.126 0.115 0.104 0.093 0.083 0.073 0.063 0.055 0.047 0.039 0.033 0.027 0.023 0.018 0.015 0.012 0.009 0.004
0.002 0.002 0.002 0.002 0.002 0.003 0.003 0.003 0.004 0.004 0.004 0.005 0.005 0.006 0.007 0.008 0.009 0.010 0.011 0.012 0.014 0.016 0.018 0.020 0.022 0.025 0.027 0.030 0.033 0.036 0.039 0.042 0.045 0.049 0.052 0.055 0.058 0.061 0.063 0.066 0.068 0.070 0.072 0.073 0.074 0.075 0.075 0.075 0.075 0.073 0.071 0.069 0.066 0.063 0.059 0.056 0.052 0.048 0.043 0.039 0.035 0.031 0.027 0.024 0.020 0.017 0.015 0.012 0.010 0.007 0.003 0.002 0.001 0.001 0.000 0.000 0.000
0.000 0.000 0.000 0.000 0.000 0.000 0.000 0.000 0.000 0.000 0.001 0.001 0.001 0.001 0.001 0.001 0.002 0.002 0.002 0.002 0.003 0.003 0.003 0.004 0.004 0.005 0.005 0.006 0.006 0.007 0.007 0.008 0.008 0.009 0.010 0.010 0.011 0.012 0.013 0.014 0.014 0.015 0.016 0.016 0.017 0.017 0.017 0.017 0.017 0.017 0.017 0.016 0.015 0.015 0.014 0.013 0.012 0.011 0.010 0.008 0.006 0.004 0.003 0.002 0.002 0.001 0.001 0.001 0.000 0.000 0.000 0.000 0.000 0.000 0.000 0.000 0.000
0.000 0.000 0.000 0.000 0.000 0.000 0.000 0.000 0.000 0.000 0.000 0.000 0.000 0.000 0.000 0.000 0.000 0.000 0.000 0.000 0.000 0.000 0.000 0.000 0.000 0.000 0.000 0.000 0.001 0.001 0.001 0.001 0.001 0.001 0.001 0.001 0.002 0.002 0.002 0.002 0.002 0.002 0.002 0.002 0.002 0.002 0.002 0.002 0.002 0.002 0.002 0.002 0.002 0.001 0.001 0.001 0.001 0.001 0.000 0.000 0.000 0.000 0.000 0.000 0.000 0.000 0.000 0.000 0.000 0.000 0.000 0.000 0.000 0.000 0.000 0.000 0.000
