Examples/2023_ISeeSnow/data/CoulombOnly/Results/curv77s/h/1HS_03_curv77s_MoT-Voellmy_h_0010.asc
ncols        85
nrows        39
xllcorner    1077.5
yllcorner    -4347.5
cellsize     5.00
NODATA_value -9999
0.000 0.000 0.001 0.001 0.001 0.001 0.002 0.002 0.003 0.003 0.004 0.005 0.006 0.007 0.008 0.008 0.009 0.009 0.009 0.008 0.004 0.001 0.000 0.000 0.000 0.000 0.000 0.000 0.000 0.000 0.000 0.000 0.000 0.000 0.000 0.000 0.000 0.000 0.000 0.000 0.000 0.000 0.000 0.000 0.000 0.000 0.000 0.000 0.000 0.000 0.000 0.000 0.000 0.000 0.000 0.000 0.000 0.000 0.000 0.000 0.000 0.000 0.000 0.000 0.000 0.000 0.000 0.000 0.000 0.000 0.000 0.000 0.000 0.000 0.000 0.000 0.000 0.000 0.000 0.000 0.000 0.000 0.000 0.000 0.000
0.001 0.001 0.002 0.003 0.004 0.005 0.006 0.007 0.008 0.012 0.020 0.030 0.041 0.052 0.063 0.072 0.079 0.084 0.086 0.086 0.084 0.080 0.076 0.070 0.064 0.057 0.049 0.042 0.034 0.027 0.022 0.017 0.013 0.010 0.008 0.001 0.000 0.000 0.000 0.000 0.000 0.000 0.000 0.000 0.000 0.000 0.000 0.000 0.000 0.000 0.000 0.000 0.000 0.000 0.000 0.000 0.000 0.000 0.000 0.000 0.000 0.000 0.000 0.000 0.000 0.000 0.000 0.000 0.000 0.000 0.000 0.000 0.000 0.000 0.000 0.000 0.000 0.000 0.000 0.000 0.000 0.000 0.000 0.000 0.000
0.003 0.004 0.005 0.005 0.006 0.008 0.013 0.024 0.040 0.061 0.086 0.114 0.143 0.172 0.197 0.219 0.237 0.249 0.258 0.262 0.263 0.262 0.259 0.254 0.249 0.243 0.237 0.230 0.222 0.214 0.205 0.193 0.180 0.165 0.149 0.132 0.116 0.099 0.083 0.068 0.055 0.044 0.034 0.026 0.020 0.015 0.011 0.009 0.009 0.008 0.002 0.000 0.000 0.000 0.000 0.000 0.000 0.000 0.000 0.000 0.000 0.000 0.000 0.000 0.000 0.000 0.000 0.000 0.000 0.000 0.000 0.000 0.000 0.000 0.000 0.000 0.000 0.000 0.000 0.000 0.000 0.000 0.000 0.000 0.000
0.004 0.005 0.006 0.008 0.012 0.024 0.042 0.067 0.099 0.137 0.179 0.222 0.265 0.305 0.341 0.371 0.396 0.415 0.429 0.437 0.441 0.441 0.438 0.434 0.427 0.419 0.411 0.401 0.391 0.380 0.369 0.359 0.351 0.344 0.338 0.334 0.330 0.326 0.323 0.318 0.310 0.299 0.285 0.269 0.252 0.234 0.216 0.197 0.179 0.160 0.142 0.125 0.110 0.096 0.083 0.072 0.061 0.052 0.043 0.035 0.029 0.023 0.018 0.013 0.009 0.008 0.008 0.006 0.001 0.000 0.000 0.000 0.000 0.000 0.000 0.000 0.000 0.000 0.000 0.000 0.000 0.000 0.000 0.000 0.000
0.004 0.006 0.009 0.018 0.034 0.060 0.095 0.138 0.189 0.245 0.303 0.362 0.418 0.471 0.519 0.561 0.597 0.627 0.651 0.671 0.686 0.697 0.707 0.715 0.722 0.729 0.736 0.743 0.750 0.758 0.766 0.772 0.774 0.774 0.771 0.764 0.756 0.744 0.729 0.713 0.694 0.674 0.651 0.630 0.609 0.589 0.571 0.552 0.534 0.515 0.495 0.475 0.454 0.432 0.409 0.385 0.361 0.336 0.311 0.285 0.259 0.232 0.204 0.175 0.147 0.121 0.095 0.071 0.050 0.034 0.022 0.014 0.010 0.008 0.002 0.000 0.000 0.000 0.000 0.000 0.000 0.000 0.000 0.000 0.000
0.005 0.007 0.012 0.023 0.042 0.070 0.107 0.156 0.213 0.277 0.345 0.415 0.484 0.548 0.607 0.659 0.702 0.736 0.761 0.779 0.788 0.791 0.789 0.782 0.771 0.756 0.740 0.720 0.699 0.676 0.652 0.628 0.604 0.581 0.560 0.543 0.531 0.525 0.525 0.532 0.548 0.573 0.603 0.633 0.659 0.681 0.697 0.706 0.711 0.711 0.706 0.699 0.690 0.679 0.666 0.652 0.637 0.621 0.604 0.585 0.563 0.538 0.509 0.476 0.439 0.397 0.352 0.304 0.257 0.210 0.168 0.130 0.097 0.069 0.047 0.030 0.019 0.012 0.009 0.006 0.001 0.000 0.000 0.000 0.000
0.007 0.017 0.037 0.067 0.109 0.160 0.215 0.269 0.319 0.366 0.412 0.459 0.506 0.552 0.597 0.639 0.675 0.707 0.733 0.754 0.770 0.783 0.794 0.804 0.815 0.828 0.844 0.866 0.894 0.927 0.963 1.001 1.039 1.078 1.114 1.144 1.165 1.177 1.179 1.170 1.150 1.119 1.080 1.037 0.994 0.952 0.913 0.877 0.846 0.820 0.797 0.777 0.760 0.745 0.732 0.720 0.708 0.697 0.686 0.673 0.659 0.641 0.619 0.593 0.562 0.525 0.485 0.440 0.392 0.342 0.292 0.242 0.194 0.149 0.110 0.078 0.052 0.034 0.021 0.012 0.008 0.001 0.000 0.000 0.000
0.007 0.015 0.032 0.058 0.096 0.148 0.214 0.294 0.387 0.487 0.586 0.677 0.758 0.829 0.890 0.944 0.990 1.029 1.063 1.091 1.114 1.132 1.145 1.153 1.156 1.153 1.143 1.124 1.095 1.057 1.016 0.975 0.935 0.896 0.861 0.831 0.808 0.791 0.783 0.783 0.792 0.809 0.833 0.863 0.897 0.931 0.966 0.999 1.029 1.055 1.078 1.097 1.111 1.122 1.128 1.131 1.130 1.126 1.117 1.104 1.084 1.058 1.023 0.980 0.929 0.869 0.803 0.731 0.656 0.578 0.500 0.422 0.346 0.274 0.209 0.152 0.105 0.069 0.043 0.025 0.014 0.008 0.001 0.000 0.000
0.008 0.020 0.043 0.078 0.129 0.194 0.270 0.354 0.440 0.525 0.610 0.695 0.778 0.858 0.932 1.000 1.060 1.111 1.154 1.189 1.216 1.238 1.255 1.271 1.285 1.300 1.317 1.336 1.360 1.386 1.412 1.436 1.456 1.474 1.488 1.497 1.502 1.502 1.496 1.484 1.466 1.442 1.412 1.379 1.343 1.307 1.272 1.239 1.208 1.180 1.156 1.134 1.117 1.102 1.090 1.080 1.073 1.066 1.061 1.054 1.046 1.035 1.018 0.995 0.965 0.927 0.882 0.830 0.770 0.704 0.632 0.554 0.472 0.389 0.308 0.232 0.166 0.113 0.072 0.043 0.024 0.013 0.006 0.000 0.000
0.008 0.019 0.041 0.076 0.124 0.187 0.263 0.350 0.445 0.545 0.647 0.748 0.846 0.938 1.021 1.095 1.158 1.210 1.250 1.279 1.298 1.307 1.309 1.305 1.296 1.284 1.270 1.254 1.239 1.224 1.211 1.200 1.191 1.184 1.180 1.179 1.181 1.187 1.195 1.207 1.223 1.242 1.262 1.284 1.305 1.326 1.345 1.362 1.376 1.388 1.397 1.404 1.409 1.411 1.412 1.410 1.407 1.401 1.393 1.382 1.365 1.342 1.312 1.273 1.225 1.168 1.104 1.034 0.958 0.877 0.791 0.700 0.605 0.507 0.409 0.315 0.231 0.160 0.104 0.064 0.036 0.020 0.010 0.002 0.000
0.008 0.020 0.043 0.080 0.133 0.202 0.286 0.383 0.488 0.597 0.708 0.817 0.923 1.022 1.115 1.199 1.274 1.340 1.396 1.442 1.480 1.510 1.534 1.552 1.567 1.578 1.586 1.592 1.597 1.600 1.601 1.600 1.598 1.595 1.590 1.583 1.576 1.567 1.557 1.546 1.534 1.522 1.509 1.497 1.485 1.474 1.464 1.455 1.447 1.441 1.435 1.431 1.428 1.425 1.424 1.423 1.423 1.422 1.420 1.416 1.409 1.396 1.377 1.349 1.312 1.266 1.210 1.147 1.076 0.997 0.911 0.817 0.716 0.608 0.499 0.391 0.291 0.205 0.136 0.084 0.049 0.026 0.013 0.005 0.000
0.008 0.020 0.042 0.078 0.130 0.198 0.280 0.373 0.474 0.579 0.685 0.789 0.889 0.983 1.069 1.146 1.213 1.270 1.316 1.353 1.380 1.401 1.415 1.425 1.431 1.436 1.440 1.444 1.447 1.451 1.456 1.461 1.467 1.474 1.481 1.489 1.497 1.506 1.515 1.524 1.533 1.542 1.550 1.558 1.566 1.573 1.579 1.584 1.588 1.592 1.595 1.598 1.600 1.601 1.602 1.603 1.603 1.602 1.598 1.592 1.582 1.565 1.540 1.506 1.463 1.409 1.347 1.277 1.199 1.114 1.022 0.921 0.813 0.697 0.576 0.457 0.344 0.245 0.164 0.103 0.060 0.033 0.017 0.008 0.001
0.008 0.019 0.042 0.078 0.131 0.200 0.285 0.382 0.489 0.602 0.717 0.832 0.943 1.050 1.148 1.238 1.317 1.386 1.443 1.490 1.526 1.554 1.574 1.588 1.597 1.603 1.607 1.610 1.611 1.612 1.612 1.612 1.612 1.612 1.611 1.611 1.610 1.610 1.610 1.610 1.610 1.611 1.611 1.613 1.614 1.616 1.618 1.621 1.624 1.627 1.631 1.635 1.639 1.643 1.647 1.651 1.655 1.658 1.659 1.658 1.652 1.640 1.619 1.589 1.549 1.498 1.438 1.368 1.290 1.203 1.108 1.004 0.890 0.767 0.638 0.509 0.386 0.277 0.187 0.118 0.070 0.038 0.020 0.009 0.001
0.007 0.019 0.041 0.077 0.129 0.198 0.282 0.378 0.483 0.594 0.706 0.817 0.924 1.025 1.119 1.204 1.278 1.343 1.396 1.440 1.475 1.502 1.522 1.538 1.549 1.558 1.565 1.572 1.578 1.583 1.589 1.594 1.600 1.605 1.611 1.617 1.623 1.628 1.634 1.640 1.646 1.652 1.657 1.663 1.669 1.674 1.680 1.686 1.691 1.697 1.702 1.707 1.713 1.718 1.724 1.729 1.734 1.738 1.740 1.740 1.735 1.723 1.702 1.672 1.631 1.579 1.517 1.445 1.364 1.274 1.175 1.067 0.948 0.820 0.685 0.549 0.419 0.302 0.204 0.130 0.077 0.043 0.022 0.011 0.002
0.007 0.019 0.041 0.077 0.129 0.197 0.281 0.378 0.485 0.597 0.712 0.826 0.937 1.043 1.141 1.230 1.309 1.377 1.434 1.481 1.517 1.545 1.566 1.581 1.592 1.600 1.606 1.610 1.614 1.618 1.622 1.625 1.629 1.633 1.637 1.641 1.645 1.649 1.654 1.659 1.664 1.669 1.674 1.680 1.685 1.691 1.698 1.704 1.711 1.717 1.724 1.731 1.739 1.746 1.753 1.761 1.768 1.775 1.779 1.781 1.778 1.769 1.750 1.722 1.682 1.631 1.569 1.497 1.415 1.323 1.223 1.111 0.990 0.858 0.718 0.577 0.441 0.319 0.217 0.138 0.082 0.046 0.024 0.012 0.003
0.007 0.019 0.041 0.076 0.128 0.196 0.280 0.377 0.483 0.595 0.709 0.822 0.932 1.037 1.134 1.222 1.301 1.368 1.425 1.471 1.508 1.536 1.558 1.574 1.586 1.595 1.602 1.608 1.614 1.619 1.624 1.629 1.634 1.639 1.645 1.650 1.656 1.661 1.667 1.673 1.679 1.686 1.692 1.699 1.705 1.712 1.719 1.726 1.734 1.741 1.749 1.757 1.765 1.773 1.782 1.790 1.799 1.806 1.812 1.815 1.814 1.805 1.788 1.760 1.720 1.669 1.607 1.533 1.450 1.357 1.254 1.141 1.017 0.882 0.740 0.596 0.457 0.331 0.226 0.145 0.086 0.048 0.025 0.012 0.004
0.007 0.018 0.040 0.076 0.127 0.195 0.279 0.376 0.482 0.594 0.709 0.823 0.935 1.040 1.139 1.228 1.307 1.376 1.434 1.481 1.518 1.547 1.568 1.584 1.596 1.605 1.612 1.618 1.624 1.629 1.634 1.639 1.644 1.649 1.654 1.660 1.666 1.672 1.678 1.684 1.690 1.697 1.704 1.711 1.718 1.726 1.734 1.742 1.750 1.758 1.767 1.776 1.785 1.794 1.804 1.814 1.823 1.832 1.840 1.844 1.844 1.836 1.820 1.793 1.754 1.703 1.639 1.565 1.480 1.385 1.280 1.164 1.037 0.900 0.755 0.609 0.467 0.340 0.232 0.149 0.089 0.050 0.026 0.013 0.004
0.007 0.018 0.040 0.076 0.127 0.195 0.279 0.376 0.482 0.595 0.710 0.825 0.936 1.042 1.141 1.231 1.310 1.379 1.437 1.485 1.522 1.552 1.574 1.590 1.603 1.612 1.620 1.627 1.633 1.638 1.644 1.649 1.655 1.661 1.667 1.673 1.679 1.686 1.693 1.700 1.707 1.714 1.722 1.730 1.738 1.746 1.755 1.763 1.772 1.782 1.791 1.801 1.812 1.822 1.833 1.844 1.855 1.865 1.874 1.879 1.880 1.874 1.859 1.833 1.795 1.743 1.680 1.605 1.518 1.421 1.313 1.194 1.064 0.923 0.774 0.624 0.479 0.348 0.238 0.153 0.092 0.051 0.027 0.013 0.004
0.007 0.018 0.040 0.076 0.127 0.196 0.280 0.377 0.484 0.597 0.712 0.827 0.939 1.045 1.144 1.233 1.313 1.382 1.440 1.487 1.525 1.554 1.576 1.593 1.606 1.615 1.623 1.630 1.636 1.641 1.647 1.653 1.659 1.665 1.671 1.677 1.684 1.690 1.697 1.705 1.712 1.720 1.728 1.736 1.744 1.753 1.762 1.772 1.781 1.791 1.801 1.812 1.823 1.834 1.845 1.857 1.869 1.880 1.890 1.896 1.899 1.894 1.880 1.856 1.819 1.770 1.709 1.637 1.553 1.458 1.352 1.234 1.103 0.960 0.807 0.652 0.501 0.365 0.250 0.160 0.096 0.054 0.028 0.014 0.005
0.007 0.019 0.041 0.077 0.129 0.198 0.283 0.381 0.488 0.601 0.716 0.831 0.943 1.049 1.148 1.238 1.318 1.387 1.446 1.494 1.532 1.561 1.584 1.601 1.614 1.624 1.632 1.639 1.645 1.651 1.657 1.664 1.670 1.676 1.683 1.690 1.697 1.704 1.711 1.719 1.727 1.735 1.744 1.753 1.762 1.771 1.781 1.791 1.801 1.811 1.822 1.834 1.845 1.857 1.870 1.882 1.895 1.907 1.917 1.925 1.928 1.925 1.912 1.888 1.852 1.804 1.743 1.671 1.588 1.495 1.392 1.278 1.151 1.011 0.862 0.706 0.552 0.408 0.284 0.186 0.113 0.064 0.034 0.016 0.006
0.007 0.018 0.040 0.076 0.127 0.196 0.280 0.377 0.484 0.597 0.712 0.827 0.939 1.045 1.144 1.233 1.313 1.382 1.440 1.487 1.525 1.554 1.576 1.593 1.606 1.615 1.623 1.630 1.636 1.641 1.647 1.653 1.659 1.665 1.671 1.677 1.684 1.690 1.697 1.705 1.712 1.720 1.728 1.736 1.744 1.753 1.762 1.771 1.781 1.791 1.801 1.812 1.823 1.834 1.845 1.857 1.869 1.880 1.889 1.896 1.899 1.894 1.880 1.856 1.819 1.770 1.709 1.637 1.553 1.458 1.352 1.234 1.103 0.960 0.807 0.652 0.501 0.365 0.250 0.160 0.096 0.054 0.028 0.014 0.005
0.007 0.018 0.040 0.076 0.127 0.195 0.279 0.376 0.482 0.595 0.710 0.825 0.936 1.042 1.141 1.231 1.310 1.379 1.437 1.485 1.522 1.552 1.574 1.590 1.603 1.612 1.620 1.627 1.633 1.638 1.644 1.649 1.655 1.661 1.667 1.673 1.679 1.686 1.693 1.700 1.707 1.714 1.722 1.730 1.738 1.746 1.754 1.763 1.772 1.782 1.791 1.801 1.812 1.822 1.833 1.844 1.855 1.865 1.873 1.879 1.880 1.874 1.859 1.833 1.795 1.743 1.680 1.605 1.518 1.421 1.313 1.194 1.064 0.923 0.774 0.624 0.479 0.348 0.238 0.153 0.092 0.051 0.027 0.013 0.004
0.007 0.018 0.040 0.076 0.127 0.195 0.279 0.376 0.482 0.594 0.709 0.823 0.935 1.040 1.139 1.228 1.307 1.376 1.434 1.481 1.518 1.547 1.568 1.584 1.596 1.605 1.612 1.618 1.624 1.629 1.634 1.639 1.644 1.649 1.654 1.660 1.666 1.671 1.678 1.684 1.690 1.697 1.704 1.711 1.718 1.726 1.734 1.742 1.750 1.758 1.767 1.776 1.785 1.794 1.804 1.814 1.823 1.832 1.839 1.844 1.844 1.836 1.820 1.793 1.754 1.703 1.639 1.565 1.480 1.385 1.280 1.164 1.037 0.900 0.755 0.609 0.467 0.340 0.232 0.149 0.089 0.050 0.026 0.013 0.004
0.007 0.019 0.041 0.076 0.128 0.196 0.280 0.377 0.483 0.595 0.709 0.822 0.932 1.037 1.134 1.222 1.301 1.368 1.425 1.471 1.508 1.536 1.558 1.574 1.586 1.595 1.602 1.608 1.614 1.619 1.624 1.629 1.634 1.639 1.645 1.650 1.656 1.661 1.667 1.673 1.679 1.686 1.692 1.699 1.705 1.712 1.719 1.726 1.734 1.741 1.749 1.757 1.765 1.773 1.782 1.790 1.799 1.806 1.812 1.815 1.814 1.805 1.788 1.760 1.720 1.669 1.607 1.533 1.450 1.357 1.254 1.141 1.017 0.882 0.740 0.596 0.457 0.331 0.226 0.145 0.086 0.048 0.025 0.012 0.004
0.007 0.019 0.041 0.077 0.129 0.197 0.281 0.378 0.485 0.597 0.712 0.826 0.937 1.043 1.141 1.230 1.309 1.377 1.434 1.481 1.517 1.545 1.566 1.581 1.592 1.600 1.606 1.610 1.614 1.618 1.622 1.625 1.629 1.633 1.637 1.641 1.645 1.649 1.654 1.659 1.664 1.669 1.674 1.680 1.685 1.691 1.698 1.704 1.711 1.717 1.724 1.731 1.738 1.746 1.753 1.761 1.768 1.774 1.779 1.781 1.778 1.769 1.750 1.722 1.682 1.631 1.569 1.496 1.414 1.323 1.222 1.111 0.990 0.858 0.718 0.577 0.441 0.319 0.217 0.138 0.082 0.046 0.024 0.012 0.003
0.007 0.019 0.041 0.077 0.129 0.198 0.282 0.378 0.483 0.594 0.706 0.817 0.924 1.025 1.119 1.203 1.278 1.343 1.396 1.440 1.475 1.502 1.522 1.538 1.549 1.558 1.565 1.572 1.577 1.583 1.588 1.594 1.600 1.605 1.611 1.617 1.622 1.628 1.634 1.640 1.646 1.652 1.657 1.663 1.669 1.674 1.680 1.685 1.691 1.696 1.702 1.707 1.713 1.718 1.724 1.729 1.734 1.738 1.740 1.740 1.734 1.722 1.702 1.672 1.631 1.579 1.516 1.444 1.364 1.274 1.175 1.067 0.948 0.820 0.685 0.549 0.419 0.302 0.204 0.130 0.077 0.043 0.022 0.011 0.002
0.008 0.019 0.042 0.078 0.131 0.200 0.285 0.382 0.489 0.602 0.717 0.832 0.943 1.050 1.148 1.238 1.317 1.386 1.443 1.490 1.526 1.554 1.574 1.588 1.597 1.603 1.607 1.610 1.611 1.612 1.612 1.612 1.612 1.612 1.611 1.611 1.610 1.610 1.610 1.610 1.610 1.611 1.611 1.613 1.614 1.616 1.618 1.621 1.624 1.627 1.631 1.634 1.638 1.642 1.647 1.651 1.655 1.658 1.659 1.658 1.652 1.639 1.619 1.589 1.549 1.498 1.438 1.368 1.289 1.203 1.108 1.003 0.889 0.767 0.638 0.509 0.386 0.277 0.187 0.118 0.070 0.038 0.020 0.009 0.001
0.008 0.020 0.042 0.078 0.130 0.198 0.280 0.373 0.474 0.579 0.685 0.789 0.889 0.983 1.069 1.146 1.213 1.270 1.316 1.353 1.380 1.401 1.415 1.425 1.431 1.436 1.440 1.443 1.447 1.451 1.456 1.461 1.467 1.474 1.481 1.489 1.497 1.506 1.514 1.523 1.532 1.541 1.550 1.558 1.565 1.572 1.578 1.584 1.588 1.592 1.595 1.598 1.600 1.601 1.602 1.603 1.603 1.601 1.598 1.592 1.581 1.565 1.540 1.506 1.462 1.409 1.347 1.277 1.199 1.114 1.022 0.921 0.813 0.697 0.576 0.456 0.344 0.245 0.164 0.103 0.060 0.033 0.017 0.008 0.001
0.008 0.020 0.043 0.080 0.133 0.202 0.286 0.383 0.488 0.597 0.708 0.817 0.923 1.022 1.115 1.199 1.274 1.340 1.396 1.442 1.480 1.510 1.534 1.552 1.567 1.578 1.586 1.592 1.597 1.600 1.601 1.600 1.598 1.595 1.590 1.584 1.576 1.567 1.557 1.546 1.534 1.522 1.509 1.497 1.485 1.474 1.464 1.455 1.447 1.440 1.435 1.431 1.427 1.425 1.424 1.423 1.422 1.422 1.420 1.416 1.409 1.396 1.376 1.348 1.311 1.265 1.210 1.147 1.075 0.997 0.910 0.817 0.715 0.608 0.499 0.391 0.291 0.205 0.136 0.084 0.049 0.026 0.013 0.005 0.000
0.008 0.019 0.041 0.076 0.124 0.187 0.263 0.350 0.445 0.545 0.647 0.748 0.846 0.938 1.021 1.095 1.158 1.210 1.250 1.279 1.298 1.307 1.309 1.305 1.297 1.284 1.270 1.254 1.239 1.224 1.211 1.200 1.191 1.184 1.180 1.179 1.181 1.186 1.195 1.207 1.222 1.241 1.261 1.283 1.304 1.325 1.344 1.361 1.375 1.387 1.397 1.404 1.408 1.411 1.411 1.410 1.407 1.401 1.393 1.382 1.365 1.342 1.312 1.273 1.225 1.168 1.104 1.034 0.958 0.877 0.791 0.700 0.605 0.507 0.409 0.315 0.231 0.160 0.104 0.064 0.036 0.020 0.010 0.002 0.000
0.008 0.020 0.043 0.078 0.129 0.194 0.270 0.354 0.440 0.525 0.610 0.695 0.778 0.858 0.932 1.000 1.060 1.111 1.154 1.189 1.216 1.238 1.255 1.270 1.285 1.299 1.316 1.336 1.359 1.386 1.411 1.435 1.456 1.473 1.487 1.497 1.502 1.502 1.496 1.485 1.466 1.442 1.413 1.380 1.344 1.308 1.273 1.239 1.208 1.180 1.156 1.135 1.117 1.102 1.090 1.080 1.073 1.066 1.061 1.054 1.046 1.034 1.018 0.995 0.965 0.927 0.882 0.829 0.770 0.704 0.632 0.554 0.472 0.389 0.307 0.232 0.166 0.113 0.072 0.043 0.024 0.013 0.006 0.000 0.000
0.007 0.015 0.032 0.058 0.096 0.148 0.214 0.294 0.387 0.487 0.586 0.677 0.758 0.828 0.890 0.943 0.989 1.029 1.063 1.091 1.114 1.132 1.145 1.153 1.155 1.153 1.143 1.125 1.095 1.057 1.016 0.975 0.935 0.897 0.861 0.831 0.808 0.791 0.783 0.783 0.791 0.808 0.832 0.862 0.895 0.930 0.965 0.998 1.028 1.054 1.077 1.096 1.110 1.121 1.128 1.131 1.130 1.126 1.117 1.103 1.084 1.057 1.023 0.980 0.929 0.869 0.803 0.731 0.656 0.579 0.500 0.422 0.346 0.274 0.209 0.152 0.105 0.069 0.043 0.025 0.014 0.008 0.001 0.000 0.000
0.007 0.017 0.037 0.067 0.109 0.160 0.215 0.269 0.319 0.366 0.412 0.458 0.506 0.552 0.597 0.638 0.675 0.707 0.733 0.753 0.770 0.783 0.793 0.804 0.815 0.828 0.844 0.865 0.893 0.927 0.963 1.000 1.038 1.077 1.113 1.143 1.165 1.177 1.179 1.170 1.150 1.119 1.081 1.038 0.995 0.953 0.913 0.878 0.847 0.820 0.797 0.777 0.760 0.745 0.732 0.720 0.708 0.697 0.686 0.674 0.659 0.641 0.620 0.593 0.562 0.526 0.485 0.440 0.392 0.342 0.292 0.242 0.194 0.149 0.110 0.078 0.052 0.034 0.021 0.012 0.008 0.001 0.000 0.000 0.000
0.005 0.007 0.012 0.023 0.042 0.070 0.107 0.156 0.213 0.277 0.346 0.415 0.484 0.548 0.607 0.659 0.702 0.736 0.762 0.779 0.788 0.791 0.789 0.782 0.771 0.757 0.740 0.721 0.699 0.676 0.652 0.628 0.604 0.582 0.561 0.544 0.532 0.525 0.525 0.532 0.548 0.572 0.602 0.632 0.659 0.680 0.696 0.706 0.710 0.710 0.706 0.699 0.690 0.678 0.666 0.652 0.637 0.621 0.604 0.585 0.563 0.538 0.509 0.476 0.439 0.397 0.352 0.305 0.257 0.211 0.168 0.130 0.097 0.069 0.047 0.030 0.019 0.012 0.009 0.006 0.001 0.000 0.000 0.000 0.000
0.004 0.006 0.009 0.018 0.034 0.060 0.095 0.138 0.189 0.245 0.303 0.362 0.418 0.471 0.519 0.561 0.597 0.627 0.651 0.670 0.686 0.697 0.707 0.715 0.722 0.729 0.735 0.743 0.750 0.758 0.766 0.772 0.774 0.774 0.771 0.765 0.756 0.744 0.730 0.713 0.695 0.674 0.652 0.630 0.609 0.590 0.571 0.553 0.534 0.515 0.496 0.475 0.454 0.432 0.409 0.386 0.362 0.337 0.312 0.286 0.260 0.233 0.205 0.176 0.148 0.121 0.096 0.072 0.051 0.034 0.022 0.014 0.010 0.008 0.002 0.000 0.000 0.000 0.000 0.000 0.000 0.000 0.000 0.000 0.000
0.004 0.005 0.006 0.008 0.012 0.024 0.042 0.067 0.099 0.137 0.179 0.222 0.265 0.305 0.341 0.372 0.397 0.416 0.429 0.437 0.441 0.441 0.438 0.434 0.427 0.420 0.411 0.401 0.391 0.380 0.369 0.359 0.351 0.344 0.338 0.334 0.330 0.326 0.323 0.318 0.310 0.299 0.285 0.270 0.253 0.235 0.216 0.198 0.179 0.160 0.142 0.125 0.110 0.096 0.084 0.072 0.061 0.052 0.043 0.036 0.029 0.023 0.018 0.013 0.010 0.008 0.008 0.007 0.001 0.000 0.000 0.000 0.000 0.000 0.000 0.000 0.000 0.000 0.000 0.000 0.000 0.000 0.000 0.000 0.000
0.003 0.004 0.005 0.005 0.006 0.008 0.013 0.024 0.040 0.061 0.086 0.114 0.143 0.172 0.197 0.219 0.237 0.250 0.258 0.262 0.264 0.262 0.259 0.254 0.249 0.243 0.237 0.230 0.223 0.215 0.205 0.193 0.180 0.165 0.149 0.133 0.116 0.100 0.083 0.069 0.055 0.044 0.035 0.027 0.020 0.015 0.011 0.010 0.009 0.008 0.002 0.000 0.000 0.000 0.000 0.000 0.000 0.000 0.000 0.000 0.000 0.000 0.000 0.000 0.000 0.000 0.000 0.000 0.000 0.000 0.000 0.000 0.000 0.000 0.000 0.000 0.000 0.000 0.000 0.000 0.000 0.000 0.000 0.000 0.000
0.001 0.001 0.002 0.003 0.004 0.005 0.006 0.007 0.008 0.012 0.020 0.030 0.041 0.053 0.063 0.073 0.080 0.084 0.086 0.086 0.084 0.081 0.076 0.070 0.064 0.057 0.049 0.042 0.035 0.028 0.022 0.017 0.013 0.011 0.008 0.001 0.000 0.000 0.000 0.000 0.000 0.000 0.000 0.000 0.000 0.000 0.000 0.000 0.000 0.000 0.000 0.000 0.000 0.000 0.000 0.000 0.000 0.000 0.000 0.000 0.000 0.000 0.000 0.000 0.000 0.000 0.000 0.000 0.000 0.000 0.000 0.000 0.000 0.000 0.000 0.000 0.000 0.000 0.000 0.000 0.000 0.000 0.000 0.000 0.000
0.000 0.000 0.001 0.001 0.001 0.001 0.002 0.002 0.003 0.003 0.004 0.005 0.006 0.007 0.008 0.008 0.009 0.009 0.009 0.008 0.005 0.001 0.000 0.000 0.000 0.000 0.000 0.000 0.000 0.000 0.000 0.000 0.000 0.000 0.000 0.000 0.000 0.000 0.000 0.000 0.000 0.000 0.000 0.000 0.000 0.000 0.000 0.000 0.000 0.000 0.000 0.000 0.000 0.000 0.000 0.000 0.000 0.000 0.000 0.000 0.000 0.000 0.000 0.000 0.000 0.000 0.000 0.000 0.000 0.000 0.000 0.000 0.000 0.000 0.000 0.000 0.000 0.000 0.000 0.000 0.000 0.000 0.000 0.000 0.000
