Examples/2023_ISeeSnow/data/CoulombOnly/Results/curv77s/h/1HS_03_curv77s_MoT-Voellmy_h_0003.asc
ncols        68
nrows        35
xllcorner    1037.5
yllcorner    -4337.5
cellsize     5.00
NODATA_value -9999
0.000 0.000 0.001 0.002 0.003 0.004 0.004 0.004 0.004 0.004 0.004 0.003 0.003 0.003 0.003 0.003 0.003 0.003 0.003 0.003 0.003 0.002 0.002 0.002 0.002 0.002 0.002 0.002 0.002 0.002 0.002 0.001 0.001 0.001 0.001 0.001 0.001 0.001 0.001 0.001 0.001 0.001 0.001 0.000 0.000 0.000 0.000 0.000 0.000 0.000 0.000 0.000 0.000 0.000 0.000 0.000 0.000 0.000 0.000 0.000 0.000 0.000 0.000 0.000 0.000 0.000 0.000 0.000
0.000 0.009 0.021 0.038 0.052 0.060 0.063 0.063 0.062 0.062 0.061 0.060 0.060 0.059 0.058 0.057 0.056 0.055 0.054 0.054 0.053 0.052 0.051 0.050 0.049 0.048 0.046 0.045 0.044 0.043 0.042 0.041 0.040 0.039 0.037 0.036 0.035 0.034 0.032 0.031 0.030 0.029 0.027 0.026 0.025 0.023 0.022 0.021 0.020 0.018 0.017 0.016 0.014 0.013 0.012 0.011 0.010 0.009 0.007 0.006 0.005 0.003 0.001 0.000 0.000 0.000 0.000 0.000
0.000 0.087 0.169 0.258 0.331 0.372 0.388 0.392 0.391 0.390 0.388 0.386 0.384 0.381 0.379 0.377 0.375 0.372 0.370 0.367 0.364 0.361 0.358 0.355 0.352 0.349 0.345 0.342 0.338 0.335 0.331 0.327 0.322 0.318 0.314 0.309 0.304 0.299 0.294 0.289 0.283 0.278 0.272 0.266 0.260 0.253 0.247 0.240 0.233 0.225 0.218 0.210 0.202 0.193 0.185 0.176 0.167 0.157 0.147 0.137 0.125 0.093 0.055 0.025 0.009 0.001 0.000 0.000
0.000 0.403 0.607 0.776 0.910 0.991 1.029 1.044 1.049 1.051 1.053 1.055 1.058 1.060 1.063 1.066 1.069 1.073 1.077 1.080 1.084 1.088 1.092 1.097 1.101 1.105 1.110 1.115 1.120 1.125 1.130 1.135 1.141 1.147 1.153 1.159 1.165 1.171 1.178 1.184 1.191 1.198 1.206 1.213 1.221 1.229 1.237 1.245 1.253 1.262 1.271 1.280 1.290 1.299 1.309 1.319 1.330 1.340 1.351 1.362 1.349 1.195 1.010 0.728 0.385 0.137 0.032 0.005
0.000 0.548 0.796 1.057 1.267 1.390 1.446 1.465 1.470 1.470 1.469 1.468 1.466 1.463 1.461 1.458 1.454 1.450 1.446 1.442 1.438 1.433 1.429 1.424 1.419 1.415 1.410 1.404 1.399 1.394 1.388 1.383 1.377 1.371 1.365 1.359 1.353 1.346 1.339 1.333 1.326 1.319 1.311 1.304 1.297 1.289 1.281 1.273 1.265 1.257 1.248 1.240 1.231 1.222 1.213 1.204 1.195 1.185 1.175 1.165 1.135 0.987 0.825 0.620 0.352 0.134 0.033 0.005
0.000 0.544 0.791 1.052 1.261 1.384 1.440 1.460 1.466 1.467 1.467 1.467 1.467 1.467 1.468 1.468 1.469 1.470 1.471 1.472 1.473 1.474 1.475 1.476 1.477 1.478 1.479 1.480 1.481 1.482 1.484 1.485 1.486 1.487 1.488 1.489 1.490 1.491 1.492 1.494 1.495 1.496 1.497 1.498 1.499 1.500 1.501 1.502 1.503 1.504 1.505 1.505 1.506 1.507 1.508 1.508 1.509 1.509 1.510 1.510 1.485 1.308 1.099 0.809 0.446 0.166 0.040 0.006
0.000 0.551 0.805 1.073 1.289 1.416 1.474 1.495 1.501 1.502 1.502 1.502 1.502 1.502 1.502 1.502 1.502 1.501 1.501 1.501 1.501 1.501 1.501 1.501 1.501 1.501 1.501 1.501 1.500 1.500 1.500 1.500 1.500 1.500 1.500 1.500 1.500 1.500 1.499 1.499 1.499 1.499 1.499 1.499 1.499 1.499 1.499 1.499 1.499 1.499 1.499 1.499 1.499 1.499 1.499 1.499 1.499 1.499 1.499 1.498 1.474 1.303 1.103 0.820 0.456 0.171 0.042 0.006
0.000 0.550 0.805 1.074 1.290 1.417 1.476 1.497 1.503 1.505 1.505 1.506 1.506 1.506 1.507 1.507 1.507 1.507 1.508 1.508 1.508 1.509 1.509 1.510 1.510 1.510 1.511 1.511 1.512 1.512 1.512 1.513 1.513 1.514 1.514 1.515 1.515 1.516 1.516 1.517 1.517 1.518 1.518 1.519 1.519 1.520 1.521 1.521 1.522 1.522 1.523 1.524 1.524 1.525 1.526 1.526 1.527 1.528 1.528 1.528 1.505 1.331 1.126 0.835 0.464 0.175 0.043 0.007
0.000 0.549 0.805 1.074 1.290 1.418 1.477 1.498 1.504 1.506 1.506 1.507 1.507 1.507 1.507 1.508 1.508 1.508 1.508 1.509 1.509 1.509 1.510 1.510 1.510 1.511 1.511 1.512 1.512 1.512 1.513 1.513 1.514 1.514 1.514 1.515 1.515 1.516 1.516 1.517 1.517 1.518 1.519 1.519 1.520 1.520 1.521 1.522 1.522 1.523 1.524 1.524 1.525 1.526 1.526 1.527 1.528 1.529 1.529 1.530 1.506 1.334 1.129 0.839 0.468 0.176 0.043 0.007
0.000 0.547 0.805 1.074 1.290 1.418 1.477 1.498 1.504 1.506 1.506 1.507 1.507 1.507 1.507 1.508 1.508 1.508 1.509 1.509 1.509 1.509 1.510 1.510 1.511 1.511 1.511 1.512 1.512 1.512 1.513 1.513 1.514 1.514 1.515 1.515 1.516 1.516 1.517 1.517 1.518 1.518 1.519 1.519 1.520 1.521 1.521 1.522 1.523 1.523 1.524 1.525 1.525 1.526 1.527 1.528 1.528 1.529 1.530 1.530 1.507 1.336 1.131 0.841 0.470 0.178 0.044 0.007
0.000 0.546 0.804 1.073 1.289 1.418 1.477 1.498 1.504 1.506 1.506 1.506 1.507 1.507 1.507 1.507 1.508 1.508 1.508 1.509 1.509 1.509 1.510 1.510 1.510 1.511 1.511 1.511 1.512 1.512 1.513 1.513 1.514 1.514 1.514 1.515 1.515 1.516 1.516 1.517 1.517 1.518 1.519 1.519 1.520 1.520 1.521 1.522 1.522 1.523 1.524 1.524 1.525 1.526 1.527 1.527 1.528 1.529 1.530 1.530 1.507 1.337 1.133 0.843 0.472 0.179 0.044 0.007
0.000 0.545 0.804 1.073 1.289 1.417 1.477 1.498 1.504 1.506 1.506 1.506 1.507 1.507 1.507 1.507 1.508 1.508 1.508 1.508 1.509 1.509 1.509 1.510 1.510 1.510 1.511 1.511 1.512 1.512 1.512 1.513 1.513 1.514 1.514 1.515 1.515 1.516 1.516 1.517 1.517 1.518 1.518 1.519 1.519 1.520 1.521 1.521 1.522 1.523 1.523 1.524 1.525 1.525 1.526 1.527 1.528 1.529 1.529 1.529 1.507 1.338 1.134 0.845 0.474 0.180 0.045 0.007
0.000 0.544 0.804 1.072 1.289 1.417 1.476 1.498 1.504 1.505 1.506 1.506 1.506 1.507 1.507 1.507 1.507 1.508 1.508 1.508 1.509 1.509 1.509 1.510 1.510 1.510 1.511 1.511 1.511 1.512 1.512 1.513 1.513 1.514 1.514 1.514 1.515 1.515 1.516 1.516 1.517 1.518 1.518 1.519 1.519 1.520 1.520 1.521 1.522 1.522 1.523 1.524 1.524 1.525 1.526 1.527 1.527 1.528 1.529 1.529 1.507 1.338 1.135 0.846 0.475 0.181 0.045 0.007
0.000 0.543 0.803 1.072 1.289 1.417 1.476 1.498 1.504 1.505 1.506 1.506 1.506 1.507 1.507 1.507 1.507 1.508 1.508 1.508 1.509 1.509 1.509 1.509 1.510 1.510 1.511 1.511 1.511 1.512 1.512 1.513 1.513 1.513 1.514 1.514 1.515 1.515 1.516 1.516 1.517 1.517 1.518 1.518 1.519 1.520 1.520 1.521 1.522 1.522 1.523 1.524 1.524 1.525 1.526 1.526 1.527 1.528 1.529 1.529 1.506 1.339 1.135 0.848 0.477 0.182 0.045 0.007
0.000 0.543 0.803 1.072 1.288 1.417 1.476 1.498 1.504 1.505 1.506 1.506 1.506 1.506 1.507 1.507 1.507 1.508 1.508 1.508 1.508 1.509 1.509 1.509 1.510 1.510 1.510 1.511 1.511 1.512 1.512 1.512 1.513 1.513 1.514 1.514 1.515 1.515 1.516 1.516 1.517 1.517 1.518 1.518 1.519 1.520 1.520 1.521 1.521 1.522 1.523 1.523 1.524 1.525 1.526 1.526 1.527 1.528 1.529 1.529 1.506 1.339 1.136 0.848 0.478 0.182 0.045 0.007
0.000 0.542 0.803 1.072 1.288 1.417 1.476 1.498 1.504 1.505 1.506 1.506 1.506 1.506 1.507 1.507 1.507 1.507 1.508 1.508 1.508 1.509 1.509 1.509 1.510 1.510 1.510 1.511 1.511 1.512 1.512 1.512 1.513 1.513 1.514 1.514 1.515 1.515 1.516 1.516 1.517 1.517 1.518 1.518 1.519 1.519 1.520 1.521 1.521 1.522 1.523 1.523 1.524 1.525 1.525 1.526 1.527 1.528 1.529 1.529 1.506 1.339 1.137 0.849 0.478 0.183 0.046 0.007
0.000 0.542 0.803 1.072 1.289 1.417 1.476 1.498 1.504 1.506 1.506 1.506 1.507 1.507 1.507 1.507 1.508 1.508 1.508 1.509 1.509 1.509 1.510 1.510 1.510 1.511 1.511 1.512 1.512 1.512 1.513 1.513 1.514 1.514 1.515 1.515 1.516 1.516 1.517 1.517 1.518 1.519 1.519 1.520 1.520 1.521 1.522 1.522 1.523 1.524 1.524 1.525 1.526 1.527 1.527 1.528 1.529 1.530 1.531 1.531 1.509 1.342 1.139 0.851 0.479 0.183 0.046 0.007
0.000 0.543 0.805 1.074 1.291 1.420 1.480 1.502 1.508 1.510 1.510 1.511 1.511 1.512 1.512 1.513 1.513 1.514 1.514 1.515 1.515 1.516 1.516 1.517 1.517 1.518 1.519 1.519 1.520 1.521 1.522 1.522 1.523 1.524 1.525 1.526 1.526 1.527 1.528 1.529 1.530 1.531 1.532 1.533 1.534 1.535 1.536 1.537 1.539 1.540 1.541 1.542 1.544 1.545 1.546 1.548 1.549 1.550 1.552 1.552 1.531 1.362 1.158 0.866 0.488 0.187 0.046 0.007
0.000 0.542 0.803 1.072 1.289 1.417 1.476 1.498 1.504 1.506 1.506 1.506 1.507 1.507 1.507 1.507 1.508 1.508 1.508 1.509 1.509 1.509 1.510 1.510 1.510 1.511 1.511 1.512 1.512 1.512 1.513 1.513 1.514 1.514 1.515 1.515 1.516 1.516 1.517 1.517 1.518 1.519 1.519 1.520 1.520 1.521 1.522 1.522 1.523 1.524 1.524 1.525 1.526 1.527 1.527 1.528 1.529 1.530 1.531 1.531 1.509 1.342 1.139 0.851 0.479 0.183 0.046 0.007
0.000 0.542 0.803 1.072 1.288 1.417 1.476 1.498 1.504 1.505 1.506 1.506 1.506 1.506 1.507 1.507 1.507 1.507 1.508 1.508 1.508 1.509 1.509 1.509 1.510 1.510 1.510 1.511 1.511 1.512 1.512 1.512 1.513 1.513 1.514 1.514 1.515 1.515 1.516 1.516 1.517 1.517 1.518 1.518 1.519 1.519 1.520 1.521 1.521 1.522 1.523 1.523 1.524 1.525 1.525 1.526 1.527 1.528 1.529 1.529 1.506 1.339 1.137 0.849 0.478 0.183 0.046 0.007
0.000 0.543 0.803 1.072 1.288 1.417 1.476 1.498 1.504 1.505 1.506 1.506 1.506 1.506 1.507 1.507 1.507 1.508 1.508 1.508 1.508 1.509 1.509 1.509 1.510 1.510 1.510 1.511 1.511 1.512 1.512 1.512 1.513 1.513 1.514 1.514 1.515 1.515 1.516 1.516 1.517 1.517 1.518 1.518 1.519 1.520 1.520 1.521 1.521 1.522 1.523 1.523 1.524 1.525 1.526 1.526 1.527 1.528 1.529 1.529 1.506 1.339 1.136 0.848 0.478 0.182 0.045 0.007
0.000 0.543 0.803 1.072 1.289 1.417 1.476 1.498 1.504 1.505 1.506 1.506 1.506 1.507 1.507 1.507 1.507 1.508 1.508 1.508 1.509 1.509 1.509 1.509 1.510 1.510 1.511 1.511 1.511 1.512 1.512 1.513 1.513 1.513 1.514 1.514 1.515 1.515 1.516 1.516 1.517 1.517 1.518 1.518 1.519 1.520 1.520 1.521 1.522 1.522 1.523 1.524 1.524 1.525 1.526 1.526 1.527 1.528 1.529 1.529 1.506 1.339 1.136 0.848 0.477 0.182 0.045 0.007
0.000 0.544 0.804 1.072 1.289 1.417 1.476 1.498 1.504 1.505 1.506 1.506 1.506 1.507 1.507 1.507 1.507 1.508 1.508 1.508 1.509 1.509 1.509 1.510 1.510 1.510 1.511 1.511 1.511 1.512 1.512 1.513 1.513 1.514 1.514 1.514 1.515 1.515 1.516 1.516 1.517 1.518 1.518 1.519 1.519 1.520 1.520 1.521 1.522 1.522 1.523 1.524 1.524 1.525 1.526 1.527 1.527 1.528 1.529 1.529 1.507 1.338 1.135 0.846 0.475 0.181 0.045 0.007
0.000 0.545 0.804 1.073 1.289 1.417 1.477 1.498 1.504 1.506 1.506 1.506 1.507 1.507 1.507 1.507 1.508 1.508 1.508 1.508 1.509 1.509 1.509 1.510 1.510 1.510 1.511 1.511 1.512 1.512 1.512 1.513 1.513 1.514 1.514 1.515 1.515 1.516 1.516 1.517 1.517 1.518 1.518 1.519 1.519 1.520 1.521 1.521 1.522 1.523 1.523 1.524 1.525 1.525 1.526 1.527 1.528 1.529 1.529 1.529 1.507 1.338 1.134 0.845 0.474 0.180 0.045 0.007
0.000 0.546 0.804 1.073 1.289 1.418 1.477 1.498 1.504 1.506 1.506 1.506 1.507 1.507 1.507 1.507 1.508 1.508 1.508 1.509 1.509 1.509 1.510 1.510 1.510 1.511 1.511 1.511 1.512 1.512 1.513 1.513 1.514 1.514 1.514 1.515 1.515 1.516 1.516 1.517 1.517 1.518 1.519 1.519 1.520 1.520 1.521 1.522 1.522 1.523 1.524 1.524 1.525 1.526 1.527 1.527 1.528 1.529 1.530 1.530 1.507 1.337 1.133 0.843 0.472 0.179 0.044 0.007
0.000 0.547 0.805 1.074 1.290 1.418 1.477 1.498 1.504 1.506 1.506 1.507 1.507 1.507 1.507 1.508 1.508 1.508 1.509 1.509 1.509 1.509 1.510 1.510 1.511 1.511 1.511 1.512 1.512 1.512 1.513 1.513 1.514 1.514 1.515 1.515 1.516 1.516 1.517 1.517 1.518 1.518 1.519 1.519 1.520 1.521 1.521 1.522 1.523 1.523 1.524 1.525 1.525 1.526 1.527 1.528 1.528 1.529 1.530 1.530 1.507 1.336 1.131 0.841 0.470 0.178 0.044 0.007
0.000 0.549 0.805 1.074 1.290 1.418 1.477 1.498 1.504 1.506 1.506 1.507 1.507 1.507 1.507 1.508 1.508 1.508 1.508 1.509 1.509 1.509 1.510 1.510 1.510 1.511 1.511 1.512 1.512 1.512 1.513 1.513 1.514 1.514 1.514 1.515 1.515 1.516 1.516 1.517 1.517 1.518 1.519 1.519 1.520 1.520 1.521 1.522 1.522 1.523 1.524 1.524 1.525 1.526 1.526 1.527 1.528 1.529 1.529 1.530 1.506 1.334 1.129 0.839 0.468 0.176 0.043 0.007
0.000 0.550 0.805 1.074 1.290 1.417 1.476 1.497 1.503 1.505 1.505 1.506 1.506 1.506 1.507 1.507 1.507 1.507 1.508 1.508 1.508 1.509 1.509 1.510 1.510 1.510 1.511 1.511 1.512 1.512 1.512 1.513 1.513 1.514 1.514 1.515 1.515 1.516 1.516 1.517 1.517 1.518 1.518 1.519 1.519 1.520 1.521 1.521 1.522 1.522 1.523 1.524 1.524 1.525 1.526 1.526 1.527 1.528 1.528 1.528 1.505 1.331 1.126 0.835 0.464 0.175 0.043 0.007
0.000 0.551 0.805 1.073 1.289 1.416 1.474 1.495 1.501 1.502 1.502 1.502 1.502 1.502 1.502 1.502 1.502 1.501 1.501 1.501 1.501 1.501 1.501 1.501 1.501 1.501 1.501 1.500 1.500 1.500 1.500 1.500 1.500 1.500 1.500 1.500 1.500 1.500 1.499 1.499 1.499 1.499 1.499 1.499 1.499 1.499 1.499 1.499 1.499 1.499 1.499 1.499 1.499 1.499 1.499 1.499 1.499 1.499 1.499 1.498 1.474 1.303 1.103 0.820 0.456 0.171 0.042 0.006
0.000 0.544 0.791 1.052 1.261 1.384 1.440 1.460 1.466 1.467 1.467 1.467 1.467 1.467 1.468 1.468 1.469 1.470 1.471 1.472 1.473 1.474 1.475 1.476 1.477 1.478 1.479 1.480 1.481 1.482 1.484 1.485 1.486 1.487 1.488 1.489 1.490 1.491 1.492 1.493 1.495 1.496 1.497 1.498 1.499 1.500 1.501 1.502 1.503 1.504 1.504 1.505 1.506 1.507 1.508 1.508 1.509 1.509 1.510 1.509 1.485 1.308 1.099 0.809 0.446 0.166 0.040 0.006
0.000 0.548 0.796 1.057 1.267 1.390 1.446 1.465 1.470 1.470 1.469 1.468 1.466 1.463 1.461 1.458 1.454 1.450 1.446 1.442 1.438 1.433 1.429 1.424 1.419 1.415 1.410 1.405 1.399 1.394 1.388 1.383 1.377 1.371 1.365 1.359 1.353 1.346 1.339 1.333 1.326 1.319 1.311 1.304 1.297 1.289 1.281 1.273 1.265 1.257 1.248 1.240 1.231 1.222 1.213 1.204 1.195 1.185 1.175 1.165 1.135 0.987 0.825 0.620 0.352 0.134 0.033 0.005
0.000 0.403 0.607 0.776 0.910 0.990 1.029 1.043 1.049 1.051 1.053 1.055 1.058 1.060 1.063 1.066 1.069 1.073 1.076 1.080 1.084 1.088 1.092 1.096 1.101 1.105 1.110 1.115 1.120 1.125 1.130 1.135 1.141 1.146 1.152 1.158 1.164 1.171 1.177 1.184 1.191 1.198 1.205 1.213 1.220 1.228 1.236 1.244 1.253 1.262 1.271 1.280 1.289 1.299 1.309 1.319 1.329 1.340 1.350 1.361 1.348 1.194 1.010 0.728 0.385 0.137 0.032 0.005
0.000 0.087 0.169 0.258 0.331 0.372 0.388 0.392 0.391 0.390 0.388 0.386 0.384 0.382 0.379 0.377 0.375 0.372 0.370 0.367 0.364 0.361 0.359 0.355 0.352 0.349 0.346 0.342 0.339 0.335 0.331 0.327 0.323 0.318 0.314 0.309 0.305 0.300 0.295 0.289 0.284 0.278 0.272 0.266 0.260 0.254 0.247 0.240 0.233 0.226 0.218 0.210 0.202 0.194 0.185 0.176 0.167 0.158 0.148 0.138 0.126 0.094 0.055 0.025 0.009 0.001 0.000 0.000
0.000 0.009 0.021 0.038 0.052 0.060 0.063 0.063 0.063 0.062 0.061 0.060 0.060 0.059 0.058 0.057 0.056 0.055 0.055 0.054 0.053 0.052 0.051 0.050 0.049 0.048 0.047 0.045 0.044 0.043 0.042 0.041 0.040 0.039 0.037 0.036 0.035 0.034 0.032 0.031 0.030 0.029 0.027 0.026 0.025 0.023 0.022 0.021 0.020 0.018 0.017 0.016 0.015 0.013 0.012 0.011 0.010 0.009 0.008 0.006 0.005 0.003 0.001 0.000 0.000 0.000 0.000 0.000
0.000 0.000 0.001 0.002 0.003 0.004 0.004 0.004 0.004 0.004 0.004 0.003 0.003 0.003 0.003 0.003 0.003 0.003 0.003 0.003 0.003 0.003 0.002 0.002 0.002 0.002 0.002 0.002 0.002 0.002 0.002 0.001 0.001 0.001 0.001 0.001 0.001 0.001 0.001 0.001 0.001 0.001 0.001 0.000 0.000 0.000 0.000 0.000 0.000 0.000 0.000 0.000 0.000 0.000 0.000 0.000 0.000 0.000 0.000 0.000 0.000 0.000 0.000 0.000 0.000 0.000 0.000 0.000
