Examples/2023_ISeeSnow/data/CoulombOnly/Results/curv77s/h/1HS_03_curv77s_MoT-Voellmy_h_0013.asc
ncols        92
nrows        39
xllcorner    1127.5
yllcorner    -4347.5
cellsize     5.00
NODATA_value -9999
[rows 0 to 33 of 39, columns 0 to 76 of 92]
0.001 0.001 0.002 0.002 0.002 0.003 0.003 0.003 0.004 0.004 0.004 0.005 0.005 0.005 0.006 0.006 0.007 0.007 0.002 0.000 0.000 0.000 0.000 0.000 0.000 0.000 0.000 0.000 0.000 0.000 0.000 0.000 0.000 0.000 0.000 0.000 0.000 0.000 0.000 0.000 0.000 0.000 0.000 0.000 0.000 0.000 0.000 0.000 0.000 0.000 0.000 0.000 0.000 0.000 0.000 0.000 0.000 0.000 0.000 0.000 0.000 0.000 0.000 0.000 0.000 0.000 0.000 0.000 0.000 0.000 0.000 0.000 0.000 0.000 0.000 0.000 0.000
0.003 0.004 0.004 0.005 0.005 0.005 0.006 0.006 0.007 0.008 0.011 0.017 0.026 0.036 0.048 0.060 0.072 0.082 0.089 0.094 0.096 0.095 0.091 0.085 0.077 0.068 0.058 0.049 0.040 0.032 0.026 0.020 0.015 0.012 0.010 0.009 0.005 0.000 0.000 0.000 0.000 0.000 0.000 0.000 0.000 0.000 0.000 0.000 0.000 0.000 0.000 0.000 0.000 0.000 0.000 0.000 0.000 0.000 0.000 0.000 0.000 0.000 0.000 0.000 0.000 0.000 0.000 0.000 0.000 0.000 0.000 0.000 0.000 0.000 0.000 0.000 0.000
0.004 0.005 0.005 0.006 0.006 0.007 0.009 0.015 0.024 0.038 0.057 0.079 0.105 0.134 0.164 0.193 0.221 0.246 0.268 0.286 0.300 0.310 0.316 0.317 0.314 0.308 0.298 0.285 0.269 0.251 0.231 0.210 0.189 0.167 0.147 0.126 0.106 0.088 0.072 0.058 0.046 0.036 0.028 0.021 0.015 0.011 0.009 0.009 0.009 0.005 0.000 0.000 0.000 0.000 0.000 0.000 0.000 0.000 0.000 0.000 0.000 0.000 0.000 0.000 0.000 0.000 0.000 0.000 0.000 0.000 0.000 0.000 0.000 0.000 0.000 0.000 0.000
0.004 0.005 0.006 0.007 0.009 0.015 0.025 0.040 0.060 0.085 0.114 0.146 0.181 0.216 0.252 0.287 0.320 0.350 0.377 0.398 0.415 0.426 0.432 0.435 0.434 0.431 0.427 0.422 0.417 0.412 0.407 0.402 0.396 0.389 0.380 0.370 0.357 0.343 0.326 0.308 0.287 0.266 0.243 0.219 0.195 0.173 0.152 0.132 0.113 0.094 0.078 0.064 0.052 0.042 0.034 0.027 0.021 0.016 0.012 0.008 0.007 0.007 0.007 0.007 0.006 0.001 0.000 0.000 0.000 0.000 0.000 0.000 0.000 0.000 0.000 0.000 0.000
0.005 0.006 0.008 0.012 0.022 0.037 0.058 0.084 0.116 0.154 0.195 0.239 0.283 0.327 0.369 0.408 0.443 0.476 0.506 0.534 0.560 0.586 0.611 0.634 0.654 0.670 0.681 0.686 0.685 0.679 0.669 0.655 0.638 0.620 0.601 0.581 0.562 0.544 0.527 0.511 0.496 0.482 0.469 0.457 0.444 0.431 0.416 0.401 0.383 0.363 0.342 0.319 0.296 0.272 0.247 0.223 0.199 0.176 0.154 0.133 0.114 0.097 0.082 0.068 0.054 0.041 0.031 0.023 0.016 0.011 0.008 0.008 0.008 0.003 0.000 0.000 0.000
0.005 0.007 0.010 0.018 0.031 0.050 0.075 0.107 0.147 0.193 0.245 0.301 0.361 0.421 0.480 0.537 0.590 0.639 0.682 0.717 0.746 0.766 0.779 0.784 0.784 0.780 0.772 0.764 0.755 0.746 0.740 0.735 0.731 0.729 0.728 0.728 0.727 0.725 0.723 0.719 0.713 0.705 0.695 0.682 0.666 0.648 0.627 0.604 0.580 0.555 0.528 0.502 0.476 0.450 0.424 0.398 0.373 0.347 0.321 0.295 0.270 0.244 0.218 0.193 0.168 0.143 0.120 0.098 0.078 0.062 0.048 0.037 0.028 0.019 0.012 0.008 0.007
0.007 0.014 0.027 0.045 0.069 0.098 0.132 0.170 0.209 0.250 0.290 0.330 0.371 0.414 0.461 0.510 0.561 0.611 0.658 0.701 0.739 0.771 0.798 0.821 0.841 0.858 0.875 0.891 0.908 0.923 0.936 0.945 0.950 0.951 0.946 0.938 0.926 0.912 0.896 0.880 0.863 0.846 0.830 0.815 0.800 0.787 0.773 0.759 0.745 0.730 0.713 0.696 0.677 0.656 0.635 0.612 0.588 0.563 0.536 0.508 0.479 0.448 0.415 0.381 0.345 0.308 0.271 0.235 0.200 0.167 0.137 0.111 0.087 0.067 0.050 0.036 0.027
0.007 0.013 0.025 0.042 0.066 0.097 0.136 0.184 0.239 0.302 0.370 0.441 0.511 0.576 0.634 0.684 0.727 0.765 0.800 0.833 0.866 0.899 0.931 0.962 0.989 1.012 1.027 1.034 1.033 1.024 1.008 0.988 0.966 0.944 0.923 0.904 0.888 0.876 0.867 0.860 0.857 0.856 0.858 0.861 0.866 0.871 0.876 0.880 0.883 0.885 0.884 0.882 0.877 0.869 0.859 0.847 0.831 0.813 0.792 0.768 0.740 0.709 0.674 0.634 0.592 0.545 0.496 0.446 0.394 0.343 0.294 0.247 0.204 0.165 0.130 0.100 0.076
0.009 0.019 0.036 0.059 0.090 0.127 0.171 0.219 0.269 0.321 0.372 0.422 0.472 0.523 0.576 0.628 0.681 0.732 0.778 0.819 0.854 0.881 0.901 0.916 0.926 0.935 0.945 0.959 0.978 1.004 1.036 1.073 1.114 1.155 1.195 1.231 1.261 1.285 1.302 1.311 1.312 1.307 1.296 1.279 1.258 1.234 1.208 1.182 1.156 1.131 1.107 1.085 1.065 1.046 1.029 1.013 0.996 0.979 0.962 0.942 0.919 0.894 0.864 0.830 0.791 0.748 0.700 0.648 0.592 0.535 0.476 0.416 0.358 0.302 0.249 0.200 0.158
0.009 0.019 0.036 0.060 0.092 0.133 0.183 0.241 0.308 0.381 0.459 0.541 0.624 0.706 0.786 0.862 0.934 1.000 1.061 1.116 1.166 1.210 1.247 1.278 1.301 1.316 1.323 1.320 1.309 1.289 1.262 1.230 1.196 1.162 1.130 1.102 1.079 1.062 1.051 1.047 1.049 1.056 1.068 1.084 1.102 1.122 1.142 1.162 1.180 1.195 1.208 1.218 1.225 1.229 1.229 1.226 1.220 1.211 1.198 1.181 1.160 1.135 1.104 1.068 1.026 0.979 0.926 0.870 0.809 0.744 0.677 0.607 0.537 0.467 0.398 0.332 0.270
0.009 0.021 0.040 0.067 0.102 0.147 0.202 0.264 0.333 0.406 0.481 0.557 0.631 0.703 0.773 0.840 0.903 0.963 1.018 1.070 1.118 1.162 1.203 1.241 1.276 1.310 1.342 1.374 1.406 1.437 1.468 1.496 1.522 1.544 1.562 1.574 1.582 1.584 1.581 1.574 1.563 1.548 1.531 1.512 1.492 1.472 1.452 1.434 1.417 1.402 1.389 1.378 1.368 1.361 1.354 1.349 1.343 1.336 1.328 1.318 1.304 1.285 1.262 1.233 1.198 1.157 1.109 1.056 0.997 0.933 0.864 0.792 0.716 0.638 0.558 0.478 0.401
0.009 0.021 0.039 0.066 0.101 0.145 0.199 0.261 0.331 0.406 0.485 0.567 0.649 0.732 0.813 0.891 0.965 1.034 1.098 1.155 1.205 1.247 1.282 1.309 1.329 1.341 1.348 1.350 1.348 1.343 1.336 1.329 1.323 1.319 1.317 1.318 1.322 1.329 1.339 1.352 1.367 1.384 1.402 1.420 1.438 1.456 1.472 1.486 1.499 1.510 1.518 1.525 1.530 1.533 1.535 1.535 1.533 1.529 1.522 1.511 1.497 1.478 1.454 1.424 1.388 1.345 1.296 1.241 1.181 1.115 1.044 0.969 0.889 0.805 0.718 0.628 0.538
0.009 0.021 0.040 0.067 0.104 0.151 0.208 0.275 0.351 0.434 0.522 0.612 0.704 0.796 0.887 0.974 1.058 1.139 1.214 1.284 1.349 1.408 1.461 1.507 1.548 1.583 1.613 1.637 1.656 1.671 1.682 1.690 1.694 1.696 1.696 1.694 1.690 1.685 1.679 1.672 1.665 1.658 1.651 1.645 1.639 1.634 1.630 1.627 1.626 1.625 1.625 1.626 1.628 1.630 1.633 1.635 1.637 1.637 1.636 1.631 1.623 1.610 1.591 1.566 1.534 1.495 1.450 1.398 1.339 1.275 1.204 1.128 1.047 0.960 0.868 0.771 0.672
0.009 0.021 0.039 0.066 0.102 0.148 0.204 0.270 0.343 0.422 0.506 0.592 0.678 0.763 0.846 0.926 1.001 1.072 1.138 1.198 1.251 1.299 1.341 1.376 1.407 1.432 1.454 1.472 1.487 1.501 1.513 1.525 1.536 1.548 1.560 1.572 1.584 1.597 1.610 1.624 1.637 1.650 1.663 1.676 1.687 1.699 1.709 1.719 1.728 1.737 1.744 1.752 1.759 1.765 1.770 1.775 1.778 1.780 1.780 1.776 1.768 1.756 1.737 1.713 1.681 1.643 1.597 1.545 1.486 1.421 1.350 1.273 1.189 1.100 1.004 0.902 0.795
0.009 0.020 0.039 0.065 0.102 0.148 0.206 0.273 0.350 0.434 0.523 0.617 0.712 0.808 0.903 0.995 1.085 1.170 1.251 1.325 1.393 1.454 1.508 1.555 1.595 1.628 1.655 1.676 1.693 1.706 1.715 1.723 1.728 1.732 1.736 1.738 1.741 1.744 1.746 1.750 1.753 1.757 1.761 1.766 1.772 1.778 1.785 1.792 1.800 1.808 1.817 1.826 1.835 1.844 1.853 1.862 1.870 1.876 1.880 1.881 1.877 1.869 1.854 1.833 1.804 1.768 1.724 1.673 1.615 1.550 1.478 1.400 1.315 1.223 1.123 1.017 0.904
0.009 0.020 0.038 0.065 0.101 0.147 0.204 0.271 0.346 0.428 0.516 0.606 0.698 0.789 0.879 0.966 1.049 1.127 1.201 1.269 1.331 1.387 1.437 1.481 1.520 1.553 1.582 1.606 1.627 1.646 1.662 1.677 1.691 1.704 1.716 1.728 1.741 1.753 1.764 1.776 1.788 1.800 1.812 1.824 1.836 1.848 1.860 1.872 1.884 1.896 1.908 1.921 1.933 1.945 1.957 1.968 1.979 1.988 1.994 1.998 1.996 1.990 1.977 1.957 1.929 1.893 1.849 1.797 1.738 1.671 1.598 1.517 1.429 1.333 1.229 1.117 0.998
0.009 0.020 0.038 0.064 0.100 0.146 0.204 0.271 0.347 0.431 0.521 0.614 0.710 0.806 0.901 0.994 1.084 1.169 1.250 1.325 1.393 1.455 1.510 1.558 1.599 1.634 1.663 1.687 1.708 1.724 1.738 1.750 1.761 1.771 1.780 1.790 1.799 1.808 1.818 1.828 1.839 1.850 1.861 1.873 1.885 1.898 1.911 1.925 1.940 1.954 1.970 1.985 2.001 2.017 2.033 2.049 2.064 2.077 2.089 2.096 2.100 2.097 2.088 2.071 2.046 2.013 1.970 1.919 1.859 1.791 1.716 1.632 1.539 1.438 1.329 1.210 1.084
0.009 0.020 0.038 0.064 0.100 0.146 0.203 0.271 0.347 0.431 0.520 0.613 0.707 0.802 0.896 0.986 1.074 1.157 1.235 1.307 1.374 1.434 1.488 1.535 1.576 1.612 1.643 1.669 1.691 1.711 1.728 1.743 1.757 1.770 1.783 1.796 1.808 1.821 1.834 1.847 1.860 1.874 1.888 1.903 1.918 1.933 1.949 1.965 1.981 1.999 2.016 2.034 2.053 2.071 2.090 2.109 2.127 2.144 2.158 2.170 2.177 2.178 2.172 2.159 2.138 2.108 2.069 2.021 1.964 1.898 1.824 1.740 1.647 1.544 1.430 1.305 1.171
0.009 0.020 0.038 0.064 0.100 0.147 0.204 0.272 0.349 0.433 0.523 0.617 0.712 0.808 0.903 0.996 1.085 1.170 1.250 1.325 1.393 1.456 1.511 1.560 1.602 1.638 1.669 1.696 1.718 1.737 1.754 1.769 1.782 1.795 1.807 1.820 1.832 1.845 1.858 1.871 1.885 1.899 1.914 1.929 1.945 1.962 1.979 1.997 2.015 2.034 2.054 2.074 2.095 2.117 2.138 2.160 2.181 2.201 2.219 2.233 2.243 2.248 2.245 2.235 2.216 2.189 2.152 2.106 2.052 1.989 1.917 1.836 1.746 1.644 1.532 1.407 1.270
0.009 0.020 0.039 0.066 0.103 0.150 0.209 0.277 0.355 0.440 0.530 0.624 0.721 0.817 0.912 1.005 1.095 1.180 1.261 1.336 1.405 1.467 1.523 1.572 1.616 1.653 1.685 1.713 1.737 1.757 1.776 1.792 1.807 1.822 1.836 1.850 1.865 1.879 1.894 1.909 1.925 1.941 1.957 1.975 1.992 2.011 2.030 2.049 2.070 2.091 2.112 2.134 2.157 2.181 2.205 2.228 2.252 2.274 2.294 2.311 2.323 2.330 2.330 2.322 2.306 2.281 2.246 2.203 2.151 2.090 2.020 1.942 1.854 1.756 1.648 1.528 1.396
0.009 0.020 0.038 0.064 0.100 0.147 0.204 0.272 0.349 0.433 0.523 0.617 0.712 0.808 0.903 0.996 1.085 1.170 1.250 1.325 1.393 1.455 1.511 1.560 1.602 1.638 1.669 1.696 1.718 1.737 1.754 1.769 1.782 1.795 1.807 1.820 1.832 1.845 1.858 1.871 1.885 1.899 1.914 1.929 1.945 1.962 1.979 1.997 2.015 2.034 2.054 2.074 2.095 2.116 2.138 2.160 2.181 2.201 2.218 2.233 2.243 2.247 2.245 2.235 2.216 2.188 2.152 2.106 2.052 1.989 1.917 1.836 1.745 1.644 1.531 1.406 1.269
0.009 0.020 0.038 0.064 0.100 0.146 0.203 0.271 0.347 0.431 0.520 0.613 0.707 0.802 0.896 0.986 1.074 1.157 1.235 1.307 1.374 1.434 1.488 1.535 1.576 1.612 1.643 1.669 1.691 1.711 1.728 1.743 1.757 1.770 1.783 1.796 1.808 1.821 1.834 1.847 1.860 1.874 1.888 1.903 1.918 1.933 1.949 1.965 1.981 1.998 2.016 2.034 2.052 2.071 2.090 2.109 2.127 2.144 2.158 2.169 2.176 2.178 2.172 2.159 2.138 2.108 2.069 2.021 1.964 1.898 1.824 1.740 1.647 1.543 1.430 1.305 1.171
0.009 0.020 0.038 0.064 0.100 0.146 0.204 0.271 0.347 0.431 0.521 0.614 0.710 0.806 0.901 0.994 1.084 1.169 1.250 1.325 1.393 1.455 1.510 1.558 1.599 1.634 1.663 1.687 1.708 1.724 1.738 1.750 1.761 1.771 1.780 1.790 1.799 1.808 1.818 1.828 1.839 1.850 1.861 1.873 1.885 1.898 1.911 1.925 1.939 1.954 1.969 1.985 2.001 2.017 2.033 2.049 2.064 2.077 2.088 2.096 2.099 2.097 2.088 2.071 2.046 2.012 1.970 1.918 1.859 1.791 1.715 1.631 1.539 1.438 1.329 1.210 1.083
0.009 0.020 0.038 0.065 0.101 0.147 0.204 0.271 0.346 0.428 0.516 0.606 0.698 0.789 0.879 0.966 1.049 1.127 1.201 1.269 1.331 1.387 1.437 1.481 1.520 1.553 1.581 1.606 1.627 1.646 1.662 1.677 1.691 1.704 1.716 1.728 1.740 1.752 1.764 1.776 1.788 1.800 1.812 1.824 1.836 1.848 1.860 1.872 1.884 1.896 1.908 1.920 1.933 1.945 1.957 1.968 1.979 1.988 1.994 1.997 1.996 1.989 1.976 1.956 1.928 1.893 1.849 1.797 1.738 1.671 1.597 1.516 1.428 1.332 1.229 1.117 0.998
0.009 0.020 0.039 0.065 0.102 0.148 0.206 0.273 0.350 0.434 0.523 0.617 0.712 0.808 0.903 0.995 1.085 1.170 1.251 1.325 1.393 1.454 1.508 1.555 1.595 1.628 1.655 1.676 1.693 1.706 1.715 1.723 1.728 1.732 1.736 1.738 1.741 1.744 1.746 1.750 1.753 1.757 1.761 1.766 1.772 1.778 1.785 1.792 1.800 1.808 1.816 1.825 1.834 1.844 1.853 1.862 1.869 1.876 1.880 1.880 1.877 1.868 1.854 1.832 1.803 1.767 1.723 1.672 1.614 1.549 1.478 1.399 1.314 1.222 1.123 1.016 0.903
0.009 0.021 0.039 0.066 0.102 0.148 0.204 0.270 0.343 0.422 0.506 0.592 0.678 0.763 0.846 0.926 1.001 1.072 1.138 1.197 1.251 1.299 1.341 1.376 1.407 1.432 1.454 1.472 1.487 1.501 1.513 1.525 1.536 1.547 1.559 1.571 1.584 1.597 1.610 1.623 1.637 1.650 1.663 1.675 1.687 1.698 1.709 1.719 1.728 1.736 1.744 1.751 1.758 1.764 1.770 1.775 1.778 1.780 1.779 1.776 1.768 1.755 1.737 1.712 1.681 1.642 1.597 1.544 1.486 1.421 1.350 1.272 1.189 1.099 1.003 0.901 0.795
0.009 0.021 0.040 0.067 0.104 0.151 0.208 0.275 0.351 0.434 0.522 0.612 0.704 0.796 0.886 0.974 1.058 1.138 1.214 1.284 1.349 1.407 1.460 1.507 1.548 1.583 1.613 1.637 1.656 1.671 1.682 1.690 1.694 1.696 1.696 1.694 1.690 1.685 1.679 1.672 1.665 1.658 1.651 1.645 1.639 1.634 1.630 1.627 1.625 1.625 1.625 1.626 1.628 1.630 1.633 1.635 1.637 1.637 1.635 1.631 1.622 1.609 1.590 1.565 1.534 1.495 1.449 1.397 1.339 1.274 1.204 1.128 1.047 0.960 0.868 0.771 0.671
0.009 0.021 0.039 0.066 0.101 0.145 0.199 0.261 0.331 0.406 0.485 0.567 0.649 0.732 0.813 0.891 0.965 1.034 1.098 1.155 1.205 1.247 1.282 1.309 1.329 1.341 1.348 1.350 1.348 1.343 1.336 1.329 1.323 1.319 1.317 1.318 1.322 1.329 1.339 1.351 1.366 1.383 1.401 1.419 1.437 1.455 1.471 1.486 1.498 1.509 1.518 1.525 1.530 1.533 1.534 1.534 1.532 1.528 1.521 1.511 1.497 1.478 1.454 1.424 1.387 1.345 1.296 1.241 1.181 1.115 1.044 0.969 0.889 0.805 0.718 0.628 0.538
0.009 0.021 0.040 0.067 0.102 0.147 0.202 0.264 0.333 0.406 0.481 0.556 0.631 0.703 0.773 0.840 0.903 0.962 1.018 1.070 1.118 1.162 1.203 1.240 1.276 1.309 1.342 1.374 1.405 1.437 1.467 1.495 1.521 1.543 1.561 1.574 1.582 1.584 1.581 1.574 1.563 1.548 1.531 1.512 1.492 1.472 1.452 1.434 1.417 1.402 1.389 1.378 1.368 1.361 1.354 1.348 1.342 1.336 1.328 1.317 1.303 1.285 1.262 1.233 1.198 1.157 1.109 1.056 0.997 0.933 0.864 0.792 0.716 0.638 0.558 0.478 0.401
0.009 0.019 0.036 0.060 0.092 0.133 0.183 0.241 0.308 0.381 0.459 0.541 0.624 0.706 0.786 0.862 0.934 1.000 1.061 1.116 1.166 1.210 1.247 1.278 1.301 1.316 1.323 1.321 1.309 1.289 1.263 1.231 1.197 1.162 1.130 1.102 1.079 1.062 1.051 1.047 1.048 1.055 1.067 1.083 1.101 1.121 1.141 1.161 1.179 1.195 1.208 1.218 1.224 1.228 1.228 1.226 1.220 1.211 1.198 1.181 1.160 1.134 1.104 1.067 1.026 0.979 0.926 0.870 0.809 0.744 0.677 0.607 0.537 0.467 0.398 0.332 0.270
0.009 0.019 0.036 0.059 0.090 0.127 0.171 0.219 0.269 0.320 0.371 0.422 0.472 0.523 0.576 0.628 0.681 0.732 0.779 0.820 0.854 0.881 0.901 0.916 0.926 0.935 0.945 0.959 0.978 1.003 1.035 1.072 1.113 1.154 1.194 1.230 1.260 1.284 1.301 1.310 1.312 1.307 1.296 1.279 1.258 1.234 1.209 1.182 1.156 1.131 1.107 1.085 1.065 1.047 1.029 1.013 0.996 0.979 0.962 0.942 0.919 0.894 0.864 0.830 0.791 0.748 0.700 0.648 0.593 0.535 0.476 0.417 0.358 0.302 0.249 0.200 0.158
0.007 0.013 0.025 0.042 0.066 0.097 0.136 0.184 0.239 0.302 0.370 0.441 0.511 0.575 0.633 0.683 0.727 0.764 0.799 0.832 0.866 0.899 0.931 0.962 0.989 1.011 1.027 1.034 1.033 1.024 1.008 0.988 0.966 0.944 0.923 0.905 0.889 0.876 0.867 0.860 0.857 0.856 0.858 0.861 0.866 0.871 0.876 0.880 0.883 0.885 0.884 0.881 0.876 0.869 0.859 0.846 0.831 0.813 0.792 0.768 0.740 0.709 0.674 0.635 0.592 0.546 0.497 0.446 0.395 0.344 0.294 0.248 0.204 0.165 0.130 0.100 0.076
0.007 0.014 0.027 0.045 0.069 0.098 0.132 0.170 0.209 0.249 0.289 0.330 0.371 0.414 0.461 0.510 0.561 0.611 0.658 0.701 0.739 0.771 0.798 0.821 0.841 0.858 0.875 0.891 0.908 0.923 0.936 0.945 0.950 0.951 0.946 0.938 0.926 0.912 0.896 0.880 0.863 0.846 0.830 0.815 0.800 0.787 0.773 0.759 0.745 0.730 0.713 0.696 0.677 0.656 0.635 0.612 0.588 0.563 0.537 0.509 0.479 0.448 0.415 0.381 0.345 0.309 0.272 0.235 0.200 0.167 0.137 0.111 0.087 0.067 0.050 0.037 0.027
0.005 0.007 0.010 0.018 0.031 0.050 0.075 0.107 0.147 0.193 0.245 0.301 0.361 0.421 0.480 0.537 0.591 0.639 0.682 0.717 0.746 0.766 0.779 0.784 0.784 0.780 0.772 0.764 0.755 0.746 0.739 0.734 0.731 0.729 0.728 0.728 0.727 0.725 0.723 0.719 0.713 0.705 0.695 0.682 0.666 0.648 0.627 0.605 0.580 0.555 0.529 0.503 0.476 0.450 0.424 0.399 0.373 0.347 0.322 0.296 0.270 0.244 0.219 0.194 0.168 0.143 0.120 0.098 0.079 0.062 0.048 0.037 0.028 0.019 0.012 0.008 0.007
