Examples/2023_ISeeSnow/data/CoulombOnly/Results/curv77s/h/1HS_03_curv77s_MoT-Voellmy_h_0062.asc
ncols        104
nrows        67
xllcorner    3747.5
yllcorner    -4417.5
cellsize     5.00
NODATA_value -9999
[rows 0 to 33 of 67, columns 0 to 76 of 104]
0.000 0.000 0.000 0.000 0.000 0.000 0.000 0.000 0.000 0.000 0.000 0.000 0.000 0.000 0.000 0.000 0.000 0.000 0.000 0.000 0.000 0.000 0.000 0.000 0.000 0.000 0.000 0.000 0.000 0.000 0.000 0.000 0.000 0.000 0.000 0.000 0.000 0.000 0.001 0.001 0.001 0.001 0.001 0.002 0.002 0.002 0.002 0.002 0.002 0.002 0.002 0.002 0.002 0.001 0.001 0.001 0.001 0.000 0.000 0.000 0.000 0.000 0.000 0.000 0.000 0.000 0.000 0.000 0.000 0.000 0.000 0.000 0.000 0.000 0.000 0.000 0.000
0.000 0.000 0.000 0.000 0.000 0.000 0.000 0.000 0.000 0.000 0.000 0.000 0.000 0.000 0.000 0.000 0.000 0.000 0.000 0.000 0.000 0.000 0.000 0.000 0.000 0.000 0.000 0.000 0.001 0.001 0.001 0.002 0.002 0.002 0.003 0.003 0.004 0.004 0.005 0.005 0.006 0.006 0.007 0.007 0.008 0.009 0.009 0.010 0.010 0.011 0.011 0.011 0.011 0.011 0.010 0.010 0.009 0.007 0.006 0.004 0.003 0.002 0.001 0.001 0.000 0.000 0.000 0.000 0.000 0.000 0.000 0.000 0.000 0.000 0.000 0.000 0.000
0.000 0.000 0.000 0.000 0.000 0.000 0.000 0.000 0.000 0.000 0.000 0.000 0.000 0.000 0.000 0.000 0.000 0.000 0.000 0.000 0.001 0.001 0.001 0.002 0.002 0.002 0.003 0.003 0.003 0.003 0.004 0.004 0.005 0.005 0.006 0.007 0.007 0.008 0.010 0.011 0.013 0.014 0.016 0.018 0.020 0.022 0.023 0.025 0.026 0.027 0.028 0.028 0.028 0.028 0.027 0.026 0.024 0.022 0.020 0.018 0.016 0.014 0.012 0.011 0.008 0.005 0.003 0.001 0.001 0.000 0.000 0.000 0.000 0.000 0.000 0.000 0.000
0.000 0.000 0.000 0.000 0.000 0.000 0.000 0.000 0.000 0.000 0.000 0.000 0.001 0.001 0.001 0.002 0.002 0.002 0.002 0.002 0.002 0.003 0.003 0.003 0.003 0.004 0.004 0.004 0.005 0.005 0.006 0.007 0.009 0.010 0.011 0.013 0.015 0.018 0.021 0.024 0.028 0.031 0.035 0.039 0.043 0.047 0.051 0.054 0.057 0.059 0.061 0.062 0.062 0.061 0.059 0.057 0.054 0.051 0.047 0.043 0.038 0.034 0.030 0.026 0.022 0.018 0.015 0.013 0.010 0.007 0.003 0.001 0.000 0.000 0.000 0.000 0.000
0.000 0.000 0.000 0.000 0.001 0.001 0.001 0.002 0.002 0.002 0.002 0.002 0.002 0.002 0.002 0.002 0.002 0.003 0.003 0.003 0.003 0.004 0.004 0.004 0.005 0.006 0.006 0.007 0.008 0.009 0.010 0.012 0.015 0.018 0.021 0.025 0.030 0.035 0.041 0.047 0.054 0.061 0.069 0.076 0.083 0.090 0.097 0.103 0.108 0.112 0.115 0.117 0.117 0.116 0.113 0.109 0.105 0.099 0.092 0.085 0.077 0.069 0.061 0.054 0.046 0.039 0.033 0.028 0.023 0.019 0.015 0.012 0.009 0.004 0.001 0.000 0.000
0.002 0.002 0.002 0.002 0.002 0.002 0.002 0.002 0.002 0.002 0.002 0.002 0.002 0.003 0.003 0.003 0.004 0.004 0.004 0.005 0.005 0.006 0.007 0.007 0.007 0.008 0.009 0.009 0.011 0.014 0.017 0.022 0.026 0.032 0.038 0.046 0.054 0.063 0.072 0.083 0.094 0.106 0.118 0.129 0.141 0.152 0.163 0.172 0.180 0.187 0.191 0.194 0.195 0.194 0.190 0.185 0.178 0.169 0.159 0.148 0.136 0.123 0.110 0.098 0.086 0.074 0.063 0.054 0.045 0.037 0.030 0.024 0.019 0.015 0.012 0.009 0.004
0.001 0.002 0.002 0.002 0.002 0.002 0.002 0.002 0.003 0.003 0.003 0.004 0.004 0.004 0.005 0.005 0.006 0.006 0.006 0.007 0.007 0.007 0.007 0.008 0.008 0.009 0.011 0.015 0.019 0.024 0.030 0.037 0.044 0.053 0.063 0.075 0.087 0.101 0.115 0.131 0.147 0.164 0.181 0.198 0.215 0.230 0.245 0.258 0.270 0.279 0.286 0.290 0.292 0.290 0.286 0.279 0.270 0.259 0.245 0.230 0.213 0.195 0.177 0.159 0.141 0.124 0.107 0.092 0.078 0.065 0.054 0.044 0.036 0.029 0.023 0.018 0.014
0.002 0.002 0.003 0.003 0.003 0.003 0.004 0.004 0.005 0.005 0.005 0.005 0.006 0.006 0.006 0.006 0.006 0.006 0.007 0.007 0.007 0.008 0.008 0.009 0.011 0.014 0.019 0.024 0.031 0.038 0.047 0.057 0.068 0.081 0.096 0.112 0.129 0.148 0.168 0.188 0.210 0.232 0.255 0.277 0.298 0.319 0.337 0.354 0.369 0.381 0.390 0.396 0.398 0.397 0.393 0.385 0.374 0.360 0.343 0.324 0.303 0.281 0.258 0.234 0.210 0.187 0.164 0.142 0.122 0.104 0.087 0.073 0.060 0.049 0.039 0.031 0.025
0.003 0.004 0.004 0.005 0.005 0.005 0.005 0.005 0.005 0.006 0.006 0.006 0.006 0.006 0.006 0.006 0.006 0.007 0.007 0.007 0.008 0.008 0.010 0.013 0.017 0.023 0.029 0.037 0.046 0.057 0.069 0.082 0.098 0.115 0.134 0.154 0.177 0.201 0.226 0.252 0.279 0.306 0.333 0.359 0.385 0.410 0.432 0.452 0.470 0.484 0.496 0.503 0.507 0.506 0.502 0.494 0.481 0.466 0.447 0.425 0.400 0.374 0.346 0.317 0.288 0.258 0.230 0.202 0.176 0.152 0.130 0.109 0.091 0.075 0.061 0.050 0.040
0.004 0.005 0.005 0.005 0.005 0.005 0.005 0.006 0.006 0.006 0.006 0.006 0.006 0.006 0.006 0.006 0.007 0.007 0.007 0.008 0.009 0.010 0.014 0.020 0.026 0.034 0.043 0.053 0.065 0.078 0.094 0.111 0.131 0.152 0.175 0.201 0.228 0.256 0.286 0.316 0.347 0.379 0.410 0.441 0.470 0.498 0.524 0.547 0.567 0.584 0.597 0.607 0.612 0.612 0.608 0.600 0.587 0.570 0.549 0.525 0.497 0.468 0.436 0.403 0.369 0.335 0.301 0.268 0.236 0.206 0.178 0.152 0.129 0.108 0.089 0.073 0.059
0.004 0.005 0.005 0.005 0.005 0.005 0.006 0.006 0.006 0.006 0.006 0.006 0.006 0.006 0.006 0.007 0.007 0.007 0.008 0.009 0.011 0.016 0.022 0.029 0.037 0.047 0.058 0.071 0.086 0.103 0.121 0.142 0.166 0.191 0.218 0.247 0.278 0.310 0.344 0.378 0.413 0.448 0.483 0.516 0.549 0.580 0.608 0.634 0.657 0.677 0.692 0.703 0.710 0.711 0.708 0.700 0.687 0.670 0.648 0.622 0.592 0.560 0.525 0.488 0.450 0.412 0.373 0.335 0.298 0.263 0.230 0.199 0.170 0.144 0.121 0.100 0.083
0.004 0.005 0.005 0.005 0.005 0.006 0.006 0.006 0.006 0.006 0.006 0.006 0.006 0.006 0.007 0.007 0.007 0.008 0.009 0.011 0.016 0.023 0.030 0.039 0.049 0.061 0.075 0.090 0.108 0.128 0.150 0.174 0.200 0.229 0.260 0.292 0.326 0.362 0.398 0.435 0.473 0.511 0.548 0.585 0.620 0.653 0.685 0.713 0.739 0.761 0.778 0.792 0.800 0.803 0.801 0.794 0.781 0.763 0.741 0.714 0.682 0.648 0.610 0.571 0.529 0.487 0.444 0.402 0.361 0.321 0.283 0.247 0.214 0.183 0.155 0.131 0.109
0.004 0.005 0.005 0.006 0.006 0.006 0.006 0.006 0.006 0.006 0.006 0.006 0.006 0.007 0.007 0.007 0.008 0.009 0.011 0.016 0.023 0.031 0.040 0.050 0.062 0.076 0.092 0.110 0.130 0.153 0.178 0.205 0.234 0.265 0.298 0.333 0.370 0.408 0.447 0.486 0.526 0.566 0.606 0.645 0.682 0.718 0.752 0.783 0.811 0.835 0.856 0.871 0.882 0.887 0.886 0.880 0.868 0.851 0.828 0.800 0.768 0.732 0.692 0.650 0.605 0.560 0.514 0.468 0.422 0.378 0.336 0.295 0.258 0.223 0.191 0.162 0.136
0.004 0.005 0.005 0.006 0.006 0.006 0.006 0.006 0.006 0.006 0.006 0.006 0.007 0.007 0.007 0.008 0.009 0.011 0.016 0.022 0.030 0.039 0.050 0.062 0.076 0.092 0.110 0.130 0.152 0.177 0.204 0.233 0.265 0.298 0.333 0.370 0.409 0.448 0.489 0.530 0.572 0.614 0.655 0.696 0.735 0.774 0.810 0.843 0.874 0.901 0.923 0.941 0.954 0.962 0.963 0.959 0.948 0.932 0.909 0.881 0.848 0.811 0.769 0.725 0.678 0.629 0.580 0.530 0.481 0.433 0.387 0.343 0.301 0.262 0.226 0.194 0.164
0.004 0.005 0.006 0.006 0.006 0.006 0.006 0.006 0.006 0.006 0.006 0.007 0.007 0.007 0.007 0.008 0.010 0.015 0.021 0.029 0.038 0.048 0.060 0.074 0.089 0.107 0.127 0.149 0.173 0.199 0.228 0.259 0.292 0.327 0.364 0.402 0.442 0.483 0.525 0.567 0.610 0.653 0.696 0.738 0.780 0.820 0.858 0.894 0.927 0.956 0.982 1.002 1.018 1.028 1.032 1.030 1.021 1.006 0.984 0.957 0.923 0.885 0.842 0.796 0.747 0.696 0.643 0.591 0.538 0.486 0.436 0.389 0.343 0.301 0.261 0.225 0.192
0.004 0.005 0.006 0.006 0.006 0.006 0.006 0.006 0.006 0.006 0.007 0.007 0.007 0.007 0.008 0.009 0.013 0.019 0.027 0.035 0.045 0.057 0.070 0.085 0.102 0.121 0.143 0.166 0.192 0.220 0.250 0.282 0.316 0.352 0.390 0.429 0.469 0.511 0.554 0.597 0.641 0.685 0.728 0.772 0.815 0.856 0.896 0.934 0.970 1.002 1.030 1.054 1.073 1.086 1.093 1.093 1.086 1.073 1.053 1.026 0.993 0.954 0.911 0.863 0.812 0.759 0.704 0.648 0.592 0.537 0.484 0.432 0.383 0.337 0.295 0.255 0.219
0.004 0.005 0.006 0.006 0.006 0.006 0.006 0.006 0.006 0.006 0.007 0.007 0.007 0.008 0.009 0.012 0.017 0.024 0.033 0.042 0.053 0.066 0.080 0.096 0.114 0.135 0.157 0.182 0.208 0.237 0.268 0.301 0.336 0.373 0.411 0.450 0.491 0.533 0.576 0.620 0.664 0.708 0.753 0.797 0.841 0.884 0.926 0.966 1.003 1.038 1.069 1.096 1.117 1.134 1.143 1.146 1.142 1.131 1.113 1.088 1.056 1.018 0.974 0.926 0.874 0.819 0.762 0.703 0.644 0.586 0.529 0.475 0.422 0.373 0.327 0.284 0.245
0.004 0.005 0.006 0.006 0.006 0.006 0.006 0.006 0.006 0.007 0.007 0.007 0.007 0.008 0.010 0.015 0.021 0.029 0.038 0.049 0.061 0.074 0.089 0.107 0.126 0.147 0.170 0.195 0.223 0.252 0.284 0.317 0.352 0.389 0.427 0.467 0.508 0.549 0.592 0.636 0.680 0.724 0.769 0.814 0.859 0.903 0.946 0.987 1.027 1.064 1.098 1.127 1.152 1.171 1.184 1.190 1.189 1.180 1.164 1.141 1.111 1.074 1.031 0.983 0.930 0.874 0.815 0.755 0.694 0.633 0.573 0.515 0.459 0.407 0.357 0.311 0.270
0.004 0.005 0.006 0.006 0.006 0.006 0.006 0.006 0.006 0.007 0.007 0.007 0.008 0.009 0.012 0.018 0.026 0.034 0.044 0.055 0.067 0.082 0.098 0.116 0.136 0.157 0.181 0.207 0.235 0.265 0.296 0.330 0.364 0.401 0.439 0.478 0.518 0.560 0.602 0.645 0.689 0.733 0.778 0.823 0.868 0.912 0.956 0.999 1.041 1.080 1.116 1.148 1.175 1.197 1.213 1.222 1.224 1.218 1.205 1.184 1.156 1.121 1.079 1.032 0.980 0.924 0.864 0.803 0.740 0.677 0.614 0.553 0.495 0.439 0.386 0.338 0.293
0.004 0.005 0.006 0.006 0.006 0.006 0.006 0.006 0.007 0.007 0.007 0.007 0.008 0.010 0.015 0.022 0.030 0.039 0.049 0.061 0.074 0.089 0.105 0.124 0.144 0.166 0.190 0.216 0.244 0.274 0.305 0.338 0.373 0.409 0.446 0.484 0.524 0.564 0.606 0.648 0.691 0.734 0.779 0.823 0.868 0.913 0.957 1.001 1.044 1.084 1.122 1.157 1.187 1.211 1.230 1.242 1.247 1.244 1.233 1.215 1.189 1.157 1.117 1.072 1.021 0.966 0.907 0.845 0.782 0.717 0.653 0.590 0.528 0.469 0.414 0.362 0.315
0.004 0.005 0.006 0.006 0.006 0.006 0.006 0.006 0.007 0.007 0.007 0.008 0.009 0.012 0.018 0.025 0.033 0.043 0.054 0.066 0.079 0.095 0.112 0.130 0.151 0.173 0.197 0.223 0.251 0.280 0.311 0.343 0.377 0.412 0.448 0.486 0.524 0.563 0.603 0.644 0.686 0.728 0.771 0.815 0.860 0.904 0.949 0.993 1.037 1.078 1.118 1.154 1.185 1.212 1.233 1.247 1.255 1.255 1.247 1.232 1.209 1.179 1.143 1.100 1.052 0.999 0.941 0.881 0.818 0.753 0.688 0.623 0.559 0.498 0.440 0.385 0.335
0.004 0.005 0.006 0.006 0.006 0.006 0.006 0.007 0.007 0.007 0.007 0.008 0.009 0.014 0.020 0.028 0.037 0.046 0.058 0.070 0.084 0.100 0.117 0.136 0.156 0.178 0.202 0.228 0.255 0.283 0.313 0.345 0.377 0.411 0.446 0.482 0.518 0.556 0.594 0.633 0.674 0.714 0.756 0.799 0.842 0.886 0.931 0.975 1.019 1.062 1.102 1.140 1.174 1.204 1.227 1.245 1.255 1.258 1.253 1.240 1.220 1.193 1.159 1.119 1.073 1.022 0.967 0.908 0.847 0.783 0.717 0.652 0.587 0.524 0.464 0.407 0.354
0.004 0.005 0.006 0.006 0.006 0.006 0.006 0.007 0.007 0.007 0.007 0.008 0.010 0.015 0.022 0.030 0.039 0.049 0.061 0.073 0.087 0.103 0.120 0.139 0.159 0.181 0.204 0.229 0.255 0.283 0.312 0.342 0.373 0.405 0.438 0.472 0.507 0.542 0.579 0.616 0.654 0.693 0.733 0.774 0.816 0.859 0.902 0.945 0.987 1.028 1.067 1.102 1.133 1.159 1.180 1.195 1.204 1.207 1.204 1.194 1.179 1.158 1.131 1.098 1.060 1.017 0.968 0.916 0.859 0.799 0.737 0.673 0.609 0.546 0.484 0.426 0.371
0.004 0.005 0.006 0.006 0.006 0.006 0.006 0.007 0.007 0.007 0.007 0.008 0.011 0.016 0.023 0.031 0.041 0.051 0.062 0.075 0.089 0.104 0.121 0.139 0.159 0.180 0.203 0.227 0.252 0.279 0.306 0.334 0.364 0.394 0.425 0.456 0.488 0.521 0.555 0.589 0.625 0.661 0.699 0.739 0.780 0.823 0.869 0.916 0.966 1.016 1.068 1.118 1.167 1.211 1.250 1.282 1.305 1.318 1.322 1.315 1.298 1.272 1.237 1.195 1.147 1.093 1.034 0.972 0.907 0.840 0.772 0.703 0.635 0.569 0.505 0.443 0.386
0.004 0.005 0.006 0.006 0.006 0.006 0.006 0.007 0.007 0.007 0.007 0.008 0.011 0.016 0.023 0.031 0.040 0.051 0.062 0.074 0.088 0.103 0.119 0.137 0.156 0.176 0.198 0.221 0.245 0.269 0.295 0.322 0.349 0.377 0.406 0.435 0.465 0.496 0.527 0.560 0.593 0.628 0.663 0.698 0.734 0.768 0.801 0.831 0.857 0.878 0.893 0.903 0.909 0.912 0.912 0.908 0.902 0.894 0.884 0.873 0.861 0.849 0.836 0.823 0.810 0.795 0.779 0.761 0.739 0.711 0.677 0.637 0.592 0.543 0.491 0.439 0.386
0.004 0.005 0.006 0.006 0.006 0.006 0.006 0.007 0.007 0.007 0.007 0.008 0.010 0.015 0.022 0.030 0.038 0.048 0.059 0.071 0.084 0.098 0.114 0.131 0.149 0.168 0.188 0.209 0.232 0.254 0.278 0.302 0.326 0.350 0.374 0.399 0.425 0.452 0.480 0.510 0.542 0.578 0.617 0.661 0.711 0.766 0.828 0.897 0.973 1.054 1.140 1.226 1.306 1.379 1.445 1.501 1.547 1.583 1.607 1.620 1.621 1.609 1.584 1.546 1.496 1.433 1.357 1.270 1.175 1.076 0.975 0.875 0.777 0.682 0.593 0.511 0.435
0.004 0.005 0.006 0.006 0.006 0.006 0.006 0.007 0.007 0.007 0.007 0.008 0.009 0.012 0.018 0.025 0.034 0.043 0.053 0.064 0.076 0.090 0.104 0.120 0.137 0.155 0.173 0.193 0.214 0.235 0.257 0.280 0.302 0.325 0.347 0.368 0.387 0.406 0.426 0.448 0.472 0.498 0.525 0.553 0.582 0.610 0.636 0.659 0.679 0.692 0.699 0.700 0.696 0.686 0.670 0.648 0.621 0.590 0.555 0.519 0.483 0.448 0.417 0.389 0.366 0.348 0.335 0.328 0.325 0.324 0.323 0.322 0.320 0.315 0.306 0.294 0.278
0.004 0.005 0.006 0.006 0.006 0.006 0.006 0.007 0.007 0.007 0.007 0.007 0.008 0.009 0.013 0.019 0.026 0.034 0.043 0.053 0.064 0.077 0.090 0.105 0.120 0.137 0.154 0.172 0.191 0.210 0.229 0.248 0.268 0.290 0.315 0.343 0.375 0.410 0.443 0.476 0.510 0.547 0.588 0.634 0.688 0.749 0.816 0.887 0.961 1.036 1.109 1.179 1.246 1.308 1.366 1.421 1.472 1.521 1.566 1.608 1.646 1.679 1.705 1.722 1.728 1.720 1.698 1.661 1.606 1.535 1.447 1.342 1.221 1.088 0.947 0.804 0.667
0.004 0.005 0.006 0.006 0.007 0.007 0.007 0.007 0.007 0.007 0.007 0.007 0.008 0.008 0.009 0.013 0.018 0.024 0.029 0.035 0.039 0.043 0.047 0.050 0.051 0.052 0.052 0.050 0.047 0.044 0.040 0.036 0.032 0.030 0.028 0.027 0.026 0.026 0.029 0.036 0.048 0.064 0.082 0.101 0.120 0.138 0.154 0.168 0.179 0.189 0.197 0.204 0.211 0.216 0.220 0.223 0.225 0.225 0.224 0.222 0.221 0.219 0.218 0.217 0.215 0.211 0.205 0.197 0.186 0.172 0.156 0.138 0.120 0.103 0.088 0.077 0.070
0.004 0.006 0.006 0.006 0.007 0.007 0.007 0.007 0.007 0.008 0.008 0.008 0.008 0.009 0.012 0.019 0.027 0.039 0.054 0.075 0.102 0.137 0.180 0.234 0.300 0.382 0.481 0.599 0.734 0.888 1.057 1.238 1.428 1.626 1.829 2.035 2.242 2.448 2.650 2.843 3.023 3.189 3.342 3.482 3.609 3.727 3.834 3.933 4.024 4.106 4.180 4.244 4.299 4.345 4.380 4.405 4.419 4.421 4.410 4.385 4.344 4.288 4.215 4.128 4.026 3.911 3.783 3.644 3.493 3.332 3.161 2.979 2.789 2.590 2.384 2.171 1.954
0.001 0.002 0.002 0.003 0.003 0.003 0.003 0.004 0.004 0.004 0.004 0.004 0.004 0.004 0.005 0.005 0.005 0.005 0.005 0.005 0.005 0.006 0.006 0.007 0.008 0.009 0.010 0.012 0.012 0.012 0.012 0.012 0.014 0.016 0.018 0.019 0.020 0.019 0.018 0.018 0.022 0.031 0.044 0.058 0.074 0.088 0.101 0.111 0.118 0.122 0.123 0.121 0.116 0.109 0.101 0.090 0.079 0.066 0.054 0.043 0.033 0.025 0.020 0.016 0.015 0.015 0.015 0.016 0.018 0.020 0.022 0.024 0.026 0.029 0.031 0.032 0.033
0.006 0.011 0.021 0.032 0.044 0.059 0.077 0.097 0.122 0.152 0.188 0.231 0.282 0.343 0.415 0.499 0.598 0.713 0.847 1.000 1.175 1.372 1.592 1.835 2.100 2.387 2.693 3.015 3.349 3.689 4.029 4.364 4.689 5.000 5.296 5.575 5.836 6.078 6.302 6.508 6.691 6.852 6.992 7.114 7.221 7.316 7.402 7.481 7.558 7.632 7.707 7.782 7.858 7.935 8.010 8.084 8.152 8.213 8.262 8.296 8.313 8.310 8.284 8.233 8.156 8.052 7.921 7.764 7.579 7.368 7.130 6.865 6.574 6.255 5.911 5.543 5.152
0.002 0.002 0.002 0.002 0.002 0.002 0.002 0.003 0.003 0.003 0.003 0.003 0.003 0.003 0.003 0.003 0.004 0.004 0.004 0.004 0.005 0.005 0.006 0.007 0.007 0.008 0.010 0.013 0.016 0.018 0.019 0.019 0.019 0.018 0.017 0.015 0.013 0.010 0.009 0.009 0.013 0.022 0.035 0.053 0.074 0.097 0.119 0.140 0.159 0.174 0.186 0.193 0.196 0.194 0.189 0.181 0.170 0.157 0.143 0.130 0.117 0.106 0.096 0.087 0.080 0.072 0.065 0.057 0.049 0.040 0.032 0.025 0.018 0.013 0.011 0.009 0.007
0.004 0.006 0.008 0.015 0.025 0.039 0.057 0.080 0.109 0.146 0.192 0.249 0.320 0.406 0.511 0.637 0.785 0.957 1.154 1.376 1.622 1.890 2.180 2.487 2.809 3.144 3.487 3.836 4.189 4.543 4.897 5.250 5.599 5.944 6.283 6.617 6.944 7.264 7.576 7.880 8.175 8.461 8.738 9.004 9.259 9.504 9.736 9.956 10.162 10.353 10.529 10.689 10.831 10.954 11.058 11.140 11.202 11.241 11.258 11.252 11.222 11.169 11.093 10.995 10.873 10.730 10.565 10.379 10.173 9.948 9.703 9.439 9.158 8.859 8.542 8.209 7.858
