Examples/2023_ISeeSnow/data/CoulombOnly/Results/curv77s/h/1HS_03_curv77s_MoT-Voellmy_h_0016.asc
ncols        99
nrows        39
xllcorner    1192.5
yllcorner    -4347.5
cellsize     5.00
NODATA_value -9999
[rows 0 to 33 of 39, columns 0 to 76 of 99]
0.002 0.002 0.003 0.003 0.003 0.004 0.005 0.006 0.006 0.003 0.000 0.000 0.000 0.000 0.000 0.000 0.000 0.000 0.000 0.000 0.000 0.000 0.000 0.000 0.000 0.000 0.000 0.000 0.000 0.000 0.000 0.000 0.000 0.000 0.000 0.000 0.000 0.000 0.000 0.000 0.000 0.000 0.000 0.000 0.000 0.000 0.000 0.000 0.000 0.000 0.000 0.000 0.000 0.000 0.000 0.000 0.000 0.000 0.000 0.000 0.000 0.000 0.000 0.000 0.000 0.000 0.000 0.000 0.000 0.000 0.000 0.000 0.000 0.000 0.000 0.000 0.000
0.003 0.004 0.005 0.005 0.005 0.005 0.006 0.006 0.006 0.006 0.006 0.007 0.008 0.009 0.014 0.019 0.023 0.028 0.032 0.036 0.039 0.041 0.041 0.041 0.039 0.036 0.033 0.029 0.025 0.021 0.017 0.013 0.010 0.009 0.009 0.009 0.006 0.000 0.000 0.000 0.000 0.000 0.000 0.000 0.000 0.000 0.000 0.000 0.000 0.000 0.000 0.000 0.000 0.000 0.000 0.000 0.000 0.000 0.000 0.000 0.000 0.000 0.000 0.000 0.000 0.000 0.000 0.000 0.000 0.000 0.000 0.000 0.000 0.000 0.000 0.000 0.000
0.004 0.005 0.005 0.006 0.006 0.007 0.007 0.008 0.010 0.015 0.023 0.033 0.046 0.060 0.078 0.096 0.116 0.135 0.154 0.172 0.186 0.198 0.206 0.211 0.211 0.208 0.201 0.192 0.179 0.165 0.149 0.133 0.117 0.102 0.088 0.074 0.060 0.048 0.038 0.030 0.023 0.017 0.011 0.009 0.008 0.008 0.008 0.005 0.000 0.000 0.000 0.000 0.000 0.000 0.000 0.000 0.000 0.000 0.000 0.000 0.000 0.000 0.000 0.000 0.000 0.000 0.000 0.000 0.000 0.000 0.000 0.000 0.000 0.000 0.000 0.000 0.000
0.004 0.005 0.006 0.007 0.007 0.008 0.011 0.018 0.029 0.042 0.059 0.079 0.102 0.128 0.157 0.186 0.216 0.246 0.274 0.300 0.323 0.344 0.361 0.375 0.385 0.392 0.394 0.393 0.388 0.379 0.367 0.353 0.336 0.316 0.295 0.273 0.250 0.226 0.202 0.179 0.157 0.136 0.117 0.100 0.085 0.072 0.060 0.048 0.038 0.029 0.022 0.017 0.011 0.008 0.006 0.006 0.007 0.008 0.006 0.001 0.000 0.000 0.000 0.000 0.000 0.000 0.000 0.000 0.000 0.000 0.000 0.000 0.000 0.000 0.000 0.000 0.000
0.004 0.006 0.007 0.008 0.010 0.017 0.027 0.041 0.058 0.080 0.106 0.135 0.168 0.203 0.240 0.278 0.316 0.354 0.389 0.423 0.453 0.480 0.504 0.523 0.537 0.547 0.553 0.554 0.550 0.543 0.532 0.519 0.503 0.484 0.464 0.443 0.420 0.397 0.373 0.350 0.326 0.302 0.279 0.256 0.235 0.213 0.193 0.172 0.152 0.133 0.115 0.099 0.084 0.070 0.059 0.050 0.042 0.035 0.028 0.022 0.017 0.012 0.008 0.006 0.006 0.006 0.007 0.007 0.002 0.000 0.000 0.000 0.000 0.000 0.000 0.000 0.000
0.004 0.006 0.007 0.010 0.018 0.029 0.044 0.063 0.086 0.113 0.144 0.177 0.213 0.250 0.288 0.326 0.362 0.398 0.431 0.463 0.491 0.518 0.541 0.562 0.580 0.596 0.609 0.620 0.629 0.636 0.641 0.643 0.644 0.642 0.637 0.630 0.620 0.607 0.592 0.574 0.554 0.532 0.508 0.483 0.457 0.430 0.402 0.373 0.344 0.315 0.286 0.258 0.231 0.205 0.180 0.158 0.137 0.119 0.101 0.085 0.071 0.058 0.047 0.037 0.030 0.024 0.020 0.015 0.009 0.006 0.006 0.006 0.007 0.004 0.000 0.000 0.000
0.005 0.008 0.013 0.023 0.037 0.055 0.077 0.103 0.133 0.168 0.206 0.248 0.292 0.338 0.384 0.432 0.479 0.525 0.570 0.613 0.654 0.693 0.729 0.763 0.794 0.821 0.844 0.862 0.875 0.883 0.885 0.881 0.872 0.859 0.843 0.823 0.802 0.780 0.757 0.734 0.712 0.690 0.668 0.646 0.624 0.602 0.579 0.556 0.531 0.505 0.478 0.450 0.420 0.391 0.360 0.330 0.300 0.271 0.242 0.215 0.188 0.163 0.139 0.118 0.098 0.081 0.067 0.053 0.042 0.032 0.025 0.020 0.015 0.009 0.007 0.006 0.007
0.005 0.008 0.015 0.027 0.042 0.061 0.085 0.114 0.148 0.186 0.228 0.274 0.323 0.373 0.425 0.476 0.527 0.577 0.624 0.668 0.709 0.747 0.780 0.808 0.832 0.852 0.868 0.881 0.892 0.900 0.908 0.915 0.921 0.925 0.929 0.930 0.929 0.926 0.920 0.912 0.901 0.888 0.873 0.856 0.838 0.818 0.797 0.775 0.752 0.727 0.701 0.674 0.645 0.616 0.584 0.552 0.519 0.484 0.449 0.414 0.378 0.341 0.306 0.270 0.236 0.204 0.174 0.147 0.121 0.099 0.080 0.063 0.049 0.037 0.028 0.022 0.017
0.006 0.011 0.021 0.035 0.053 0.076 0.102 0.133 0.167 0.204 0.243 0.284 0.327 0.371 0.416 0.462 0.508 0.555 0.601 0.647 0.692 0.736 0.776 0.814 0.849 0.880 0.908 0.932 0.953 0.971 0.986 0.998 1.009 1.018 1.026 1.032 1.037 1.041 1.044 1.045 1.045 1.042 1.039 1.033 1.025 1.015 1.002 0.988 0.971 0.952 0.930 0.907 0.882 0.855 0.826 0.795 0.763 0.729 0.693 0.655 0.615 0.574 0.531 0.487 0.442 0.397 0.353 0.309 0.267 0.228 0.191 0.159 0.129 0.104 0.082 0.064 0.049
0.006 0.013 0.025 0.041 0.063 0.089 0.122 0.161 0.206 0.256 0.311 0.370 0.432 0.496 0.561 0.625 0.689 0.750 0.810 0.866 0.920 0.971 1.020 1.066 1.109 1.148 1.183 1.213 1.237 1.256 1.268 1.274 1.274 1.269 1.260 1.247 1.233 1.217 1.202 1.187 1.174 1.162 1.152 1.144 1.136 1.130 1.124 1.118 1.111 1.104 1.094 1.084 1.071 1.056 1.038 1.018 0.995 0.969 0.940 0.907 0.872 0.832 0.790 0.744 0.695 0.643 0.589 0.534 0.479 0.424 0.370 0.319 0.271 0.226 0.186 0.151 0.120
0.007 0.015 0.028 0.046 0.070 0.098 0.133 0.173 0.217 0.265 0.315 0.366 0.418 0.470 0.520 0.569 0.616 0.662 0.706 0.747 0.787 0.825 0.861 0.894 0.926 0.957 0.987 1.016 1.046 1.077 1.109 1.142 1.177 1.211 1.244 1.276 1.306 1.332 1.353 1.370 1.382 1.390 1.393 1.393 1.388 1.382 1.372 1.362 1.350 1.337 1.323 1.309 1.294 1.278 1.261 1.244 1.224 1.203 1.179 1.152 1.121 1.087 1.049 1.006 0.959 0.908 0.852 0.793 0.731 0.667 0.602 0.536 0.472 0.409 0.350 0.295 0.244
0.007 0.015 0.029 0.048 0.072 0.102 0.139 0.182 0.232 0.287 0.347 0.411 0.479 0.550 0.622 0.695 0.769 0.842 0.913 0.982 1.049 1.112 1.170 1.223 1.271 1.313 1.347 1.375 1.395 1.409 1.416 1.417 1.414 1.408 1.401 1.392 1.384 1.378 1.373 1.372 1.373 1.376 1.382 1.389 1.398 1.407 1.416 1.425 1.433 1.440 1.446 1.449 1.450 1.450 1.446 1.440 1.432 1.420 1.405 1.386 1.363 1.335 1.303 1.266 1.223 1.175 1.122 1.064 1.001 0.934 0.863 0.790 0.716 0.640 0.565 0.492 0.422
0.007 0.016 0.030 0.050 0.076 0.108 0.147 0.194 0.246 0.305 0.368 0.434 0.503 0.572 0.641 0.709 0.775 0.839 0.900 0.959 1.015 1.069 1.120 1.170 1.218 1.264 1.309 1.353 1.396 1.437 1.476 1.513 1.546 1.577 1.603 1.626 1.643 1.657 1.667 1.672 1.675 1.675 1.673 1.670 1.666 1.661 1.657 1.653 1.649 1.646 1.643 1.641 1.639 1.637 1.634 1.631 1.626 1.620 1.610 1.598 1.582 1.562 1.536 1.506 1.469 1.427 1.379 1.325 1.266 1.201 1.131 1.056 0.978 0.896 0.812 0.727 0.642
0.007 0.016 0.030 0.049 0.075 0.107 0.146 0.192 0.245 0.303 0.366 0.434 0.504 0.576 0.649 0.722 0.795 0.866 0.936 1.003 1.068 1.129 1.186 1.238 1.286 1.329 1.367 1.400 1.428 1.451 1.470 1.487 1.501 1.513 1.525 1.536 1.548 1.561 1.575 1.589 1.605 1.622 1.640 1.658 1.676 1.693 1.710 1.726 1.742 1.756 1.769 1.781 1.791 1.800 1.807 1.813 1.816 1.817 1.814 1.809 1.799 1.784 1.765 1.740 1.709 1.672 1.628 1.579 1.523 1.461 1.394 1.320 1.242 1.159 1.071 0.980 0.885
0.007 0.016 0.030 0.050 0.076 0.109 0.150 0.198 0.254 0.317 0.385 0.459 0.537 0.617 0.700 0.782 0.865 0.947 1.027 1.105 1.181 1.253 1.323 1.389 1.451 1.510 1.564 1.613 1.658 1.699 1.734 1.765 1.791 1.813 1.831 1.845 1.856 1.865 1.871 1.876 1.880 1.884 1.887 1.891 1.895 1.900 1.906 1.912 1.920 1.929 1.938 1.948 1.958 1.969 1.979 1.988 1.997 2.003 2.007 2.008 2.005 1.998 1.985 1.966 1.941 1.910 1.872 1.827 1.775 1.717 1.652 1.581 1.504 1.421 1.332 1.237 1.138
0.007 0.015 0.029 0.049 0.075 0.107 0.147 0.195 0.250 0.311 0.378 0.449 0.524 0.600 0.677 0.755 0.831 0.906 0.979 1.049 1.116 1.180 1.241 1.298 1.351 1.401 1.447 1.489 1.529 1.565 1.598 1.629 1.658 1.686 1.712 1.737 1.762 1.786 1.810 1.834 1.857 1.880 1.904 1.927 1.949 1.972 1.994 2.015 2.037 2.058 2.078 2.098 2.118 2.137 2.155 2.172 2.188 2.201 2.212 2.220 2.224 2.223 2.216 2.204 2.185 2.159 2.126 2.085 2.037 1.982 1.920 1.850 1.774 1.690 1.600 1.503 1.399
0.007 0.015 0.029 0.049 0.075 0.108 0.148 0.197 0.254 0.318 0.388 0.464 0.545 0.629 0.715 0.803 0.891 0.978 1.064 1.149 1.231 1.311 1.387 1.459 1.526 1.589 1.647 1.700 1.747 1.790 1.827 1.860 1.889 1.913 1.935 1.953 1.970 1.985 1.999 2.013 2.026 2.040 2.054 2.069 2.085 2.101 2.119 2.138 2.158 2.178 2.200 2.223 2.246 2.270 2.294 2.318 2.341 2.362 2.381 2.397 2.410 2.418 2.421 2.417 2.408 2.391 2.366 2.335 2.295 2.247 2.191 2.127 2.054 1.973 1.883 1.785 1.677
0.007 0.015 0.029 0.048 0.074 0.107 0.148 0.196 0.252 0.315 0.385 0.459 0.537 0.618 0.700 0.783 0.865 0.945 1.024 1.101 1.174 1.245 1.313 1.377 1.438 1.495 1.549 1.599 1.647 1.691 1.732 1.771 1.807 1.841 1.874 1.904 1.934 1.963 1.991 2.019 2.046 2.073 2.100 2.128 2.155 2.183 2.211 2.240 2.268 2.298 2.328 2.358 2.388 2.419 2.449 2.480 2.509 2.537 2.562 2.585 2.604 2.618 2.628 2.631 2.628 2.619 2.602 2.578 2.546 2.507 2.460 2.404 2.340 2.266 2.183 2.089 1.983
0.007 0.015 0.029 0.049 0.075 0.108 0.149 0.199 0.256 0.321 0.392 0.470 0.552 0.637 0.725 0.814 0.904 0.993 1.082 1.169 1.254 1.336 1.415 1.490 1.561 1.628 1.690 1.747 1.799 1.847 1.890 1.928 1.963 1.995 2.024 2.051 2.076 2.100 2.124 2.147 2.170 2.193 2.218 2.243 2.268 2.295 2.323 2.353 2.383 2.415 2.447 2.481 2.516 2.551 2.586 2.621 2.656 2.689 2.720 2.749 2.774 2.794 2.809 2.819 2.822 2.819 2.809 2.793 2.769 2.738 2.701 2.656 2.604 2.544 2.474 2.394 2.302
0.007 0.016 0.031 0.051 0.079 0.113 0.155 0.206 0.264 0.330 0.402 0.479 0.561 0.645 0.730 0.817 0.903 0.987 1.070 1.151 1.229 1.304 1.376 1.444 1.509 1.570 1.627 1.681 1.731 1.777 1.821 1.861 1.899 1.935 1.968 2.000 2.031 2.061 2.090 2.119 2.147 2.176 2.205 2.234 2.264 2.294 2.325 2.356 2.388 2.421 2.454 2.488 2.522 2.557 2.591 2.625 2.659 2.690 2.720 2.748 2.771 2.791 2.806 2.816 2.821 2.820 2.813 2.800 2.782 2.757 2.727 2.691 2.650 2.602 2.548 2.487 2.417
0.007 0.015 0.029 0.049 0.075 0.108 0.149 0.199 0.256 0.321 0.392 0.470 0.552 0.637 0.725 0.814 0.904 0.993 1.082 1.169 1.254 1.336 1.415 1.490 1.561 1.628 1.690 1.747 1.799 1.847 1.890 1.928 1.963 1.995 2.024 2.051 2.076 2.100 2.124 2.147 2.170 2.193 2.217 2.242 2.268 2.295 2.323 2.352 2.383 2.414 2.447 2.481 2.515 2.550 2.586 2.621 2.656 2.689 2.720 2.748 2.773 2.794 2.809 2.818 2.822 2.819 2.809 2.792 2.769 2.738 2.701 2.656 2.604 2.543 2.474 2.393 2.301
0.007 0.015 0.029 0.048 0.074 0.107 0.148 0.196 0.252 0.315 0.385 0.459 0.537 0.618 0.700 0.783 0.865 0.945 1.024 1.100 1.174 1.245 1.312 1.377 1.437 1.495 1.549 1.599 1.646 1.691 1.732 1.771 1.807 1.841 1.873 1.904 1.934 1.963 1.991 2.018 2.046 2.073 2.100 2.127 2.155 2.183 2.211 2.239 2.268 2.297 2.327 2.357 2.388 2.418 2.449 2.479 2.508 2.536 2.562 2.584 2.603 2.618 2.627 2.631 2.628 2.618 2.601 2.577 2.545 2.506 2.459 2.403 2.339 2.266 2.182 2.088 1.982
0.007 0.015 0.029 0.049 0.075 0.108 0.148 0.197 0.254 0.318 0.388 0.464 0.545 0.629 0.715 0.803 0.890 0.978 1.064 1.149 1.231 1.311 1.387 1.459 1.526 1.589 1.647 1.700 1.747 1.790 1.827 1.860 1.888 1.913 1.935 1.953 1.970 1.985 1.999 2.013 2.026 2.040 2.054 2.069 2.084 2.101 2.119 2.137 2.157 2.178 2.200 2.223 2.246 2.270 2.294 2.317 2.340 2.361 2.380 2.397 2.409 2.417 2.420 2.416 2.407 2.390 2.366 2.334 2.294 2.246 2.190 2.126 2.053 1.972 1.883 1.784 1.677
0.007 0.015 0.029 0.049 0.075 0.107 0.147 0.195 0.250 0.311 0.378 0.449 0.524 0.600 0.677 0.755 0.831 0.906 0.979 1.049 1.116 1.180 1.241 1.298 1.351 1.401 1.447 1.489 1.528 1.565 1.598 1.629 1.658 1.685 1.712 1.737 1.761 1.786 1.809 1.833 1.857 1.880 1.903 1.926 1.949 1.971 1.993 2.015 2.036 2.057 2.078 2.098 2.117 2.136 2.154 2.172 2.187 2.201 2.212 2.219 2.223 2.222 2.215 2.203 2.184 2.158 2.125 2.084 2.037 1.982 1.919 1.850 1.773 1.690 1.599 1.502 1.398
0.007 0.016 0.030 0.050 0.076 0.109 0.150 0.198 0.254 0.317 0.385 0.459 0.537 0.617 0.699 0.782 0.865 0.947 1.027 1.105 1.180 1.253 1.323 1.389 1.451 1.509 1.563 1.613 1.658 1.699 1.734 1.765 1.791 1.813 1.831 1.845 1.856 1.865 1.871 1.876 1.880 1.883 1.887 1.890 1.895 1.899 1.905 1.912 1.920 1.928 1.937 1.947 1.958 1.968 1.978 1.988 1.996 2.003 2.007 2.007 2.004 1.997 1.984 1.965 1.941 1.909 1.871 1.826 1.775 1.716 1.652 1.580 1.503 1.420 1.331 1.237 1.138
0.007 0.016 0.030 0.049 0.075 0.107 0.146 0.192 0.245 0.303 0.366 0.434 0.504 0.576 0.649 0.722 0.795 0.866 0.936 1.003 1.068 1.129 1.186 1.238 1.286 1.329 1.367 1.400 1.428 1.451 1.470 1.487 1.501 1.513 1.525 1.536 1.548 1.560 1.574 1.589 1.605 1.622 1.639 1.657 1.675 1.692 1.710 1.726 1.741 1.755 1.768 1.780 1.790 1.799 1.807 1.812 1.815 1.816 1.814 1.808 1.798 1.784 1.764 1.739 1.708 1.671 1.628 1.578 1.523 1.461 1.393 1.320 1.242 1.158 1.071 0.979 0.885
0.007 0.016 0.030 0.050 0.076 0.108 0.147 0.194 0.246 0.305 0.368 0.434 0.503 0.572 0.641 0.709 0.775 0.839 0.900 0.959 1.015 1.068 1.120 1.169 1.217 1.264 1.309 1.353 1.395 1.436 1.475 1.512 1.546 1.576 1.603 1.625 1.643 1.657 1.666 1.672 1.675 1.675 1.673 1.670 1.666 1.661 1.657 1.652 1.649 1.645 1.643 1.640 1.638 1.636 1.634 1.630 1.626 1.619 1.610 1.598 1.582 1.561 1.536 1.505 1.469 1.427 1.379 1.325 1.265 1.200 1.130 1.056 0.977 0.896 0.812 0.727 0.642
0.007 0.015 0.029 0.048 0.072 0.102 0.139 0.182 0.232 0.287 0.347 0.411 0.479 0.550 0.622 0.695 0.769 0.842 0.913 0.982 1.049 1.112 1.170 1.224 1.271 1.313 1.347 1.375 1.395 1.409 1.416 1.418 1.415 1.409 1.401 1.392 1.384 1.378 1.373 1.372 1.372 1.376 1.381 1.388 1.397 1.406 1.416 1.425 1.433 1.440 1.445 1.448 1.450 1.449 1.446 1.440 1.431 1.420 1.404 1.386 1.362 1.335 1.303 1.265 1.223 1.175 1.122 1.064 1.001 0.934 0.863 0.790 0.716 0.640 0.565 0.492 0.422
0.007 0.015 0.028 0.046 0.070 0.098 0.133 0.173 0.217 0.264 0.315 0.366 0.418 0.470 0.520 0.569 0.616 0.662 0.706 0.747 0.787 0.825 0.861 0.894 0.926 0.957 0.986 1.016 1.046 1.077 1.109 1.142 1.176 1.210 1.244 1.276 1.305 1.331 1.353 1.370 1.382 1.390 1.393 1.392 1.388 1.381 1.372 1.362 1.349 1.337 1.323 1.309 1.294 1.278 1.261 1.243 1.224 1.202 1.178 1.151 1.121 1.087 1.049 1.006 0.959 0.908 0.852 0.793 0.731 0.667 0.602 0.537 0.472 0.410 0.350 0.295 0.244
0.006 0.013 0.025 0.041 0.063 0.089 0.122 0.161 0.206 0.256 0.311 0.370 0.432 0.496 0.561 0.625 0.689 0.750 0.809 0.866 0.920 0.971 1.020 1.065 1.108 1.147 1.182 1.212 1.237 1.256 1.268 1.274 1.274 1.269 1.260 1.247 1.233 1.217 1.202 1.187 1.174 1.162 1.152 1.144 1.136 1.130 1.124 1.118 1.111 1.103 1.094 1.083 1.071 1.056 1.038 1.018 0.995 0.969 0.940 0.907 0.872 0.833 0.790 0.744 0.695 0.643 0.590 0.535 0.479 0.424 0.371 0.319 0.271 0.227 0.187 0.151 0.121
0.006 0.011 0.021 0.035 0.053 0.076 0.102 0.133 0.167 0.204 0.243 0.284 0.327 0.371 0.416 0.462 0.508 0.555 0.601 0.648 0.693 0.736 0.777 0.815 0.849 0.881 0.908 0.932 0.953 0.971 0.986 0.998 1.009 1.018 1.026 1.032 1.037 1.041 1.043 1.045 1.044 1.042 1.038 1.032 1.024 1.014 1.002 0.987 0.971 0.952 0.930 0.907 0.882 0.855 0.826 0.795 0.763 0.729 0.693 0.655 0.616 0.575 0.532 0.488 0.443 0.398 0.353 0.310 0.268 0.228 0.192 0.159 0.130 0.104 0.082 0.064 0.049
0.005 0.008 0.015 0.027 0.042 0.061 0.085 0.114 0.148 0.186 0.228 0.274 0.323 0.373 0.425 0.476 0.527 0.577 0.624 0.668 0.709 0.747 0.780 0.808 0.832 0.852 0.868 0.881 0.891 0.900 0.908 0.915 0.920 0.925 0.928 0.930 0.929 0.926 0.920 0.912 0.901 0.888 0.873 0.856 0.838 0.818 0.797 0.775 0.752 0.727 0.702 0.674 0.646 0.616 0.585 0.552 0.519 0.485 0.450 0.414 0.378 0.342 0.306 0.271 0.237 0.205 0.175 0.147 0.122 0.099 0.080 0.063 0.050 0.038 0.028 0.022 0.017
0.005 0.008 0.013 0.023 0.037 0.055 0.077 0.103 0.133 0.168 0.206 0.248 0.292 0.338 0.384 0.432 0.479 0.525 0.570 0.613 0.654 0.693 0.729 0.763 0.793 0.820 0.843 0.862 0.875 0.882 0.884 0.881 0.872 0.860 0.843 0.824 0.802 0.780 0.757 0.734 0.712 0.690 0.668 0.646 0.624 0.602 0.579 0.556 0.531 0.505 0.478 0.450 0.421 0.391 0.361 0.331 0.301 0.271 0.243 0.215 0.188 0.163 0.140 0.118 0.098 0.081 0.067 0.054 0.042 0.032 0.025 0.020 0.015 0.009 0.007 0.006 0.007
0.004 0.006 0.007 0.010 0.018 0.029 0.044 0.063 0.086 0.113 0.144 0.177 0.213 0.250 0.288 0.326 0.362 0.398 0.431 0.463 0.491 0.518 0.541 0.562 0.580 0.596 0.609 0.620 0.629 0.636 0.640 0.643 0.644 0.642 0.637 0.630 0.620 0.607 0.592 0.574 0.554 0.532 0.508 0.483 0.457 0.430 0.402 0.374 0.345 0.316 0.287 0.259 0.231 0.205 0.181 0.158 0.138 0.119 0.102 0.086 0.071 0.058 0.047 0.037 0.030 0.024 0.020 0.015 0.009 0.006 0.006 0.006 0.007 0.004 0.000 0.000 0.000
