Examples/2023_ISeeSnow/data/CoulombOnly/Results/curv77s/h/1HS_03_curv77s_MoT-Voellmy_h_0051.asc
ncols        174
nrows        41
xllcorner    3042.5
yllcorner    -4352.5
cellsize     5.00
NODATA_value -9999
[rows 0 to 33 of 41, columns 77 to 153 of 174]
0.000 0.000 0.000 0.000 0.000 0.001 0.001 0.001 0.001 0.001 0.002 0.002 0.002 0.003 0.003 0.003 0.004 0.004 0.004 0.004 0.005 0.005 0.005 0.005 0.006 0.006 0.006 0.006 0.006 0.006 0.005 0.005 0.005 0.004 0.004 0.003 0.003 0.002 0.002 0.002 0.001 0.001 0.000 0.000 0.000 0.000 0.000 0.000 0.000 0.000 0.000 0.000 0.000 0.000 0.000 0.000 0.000 0.000 0.000 0.000 0.000 0.000 0.000 0.000 0.000 0.000 0.000 0.000 0.000 0.000 0.000 0.000 0.000 0.000 0.000 0.000 0.000
0.002 0.002 0.003 0.003 0.003 0.004 0.004 0.005 0.005 0.006 0.006 0.007 0.008 0.008 0.009 0.010 0.011 0.012 0.013 0.014 0.015 0.016 0.017 0.018 0.019 0.020 0.020 0.021 0.021 0.021 0.021 0.020 0.020 0.019 0.019 0.018 0.017 0.016 0.015 0.013 0.012 0.011 0.010 0.007 0.005 0.003 0.002 0.002 0.001 0.000 0.000 0.000 0.000 0.000 0.000 0.000 0.000 0.000 0.000 0.000 0.000 0.000 0.000 0.000 0.000 0.000 0.000 0.000 0.000 0.000 0.000 0.000 0.000 0.000 0.000 0.000 0.000
0.005 0.005 0.006 0.007 0.008 0.009 0.011 0.012 0.014 0.016 0.018 0.021 0.023 0.026 0.029 0.032 0.034 0.037 0.040 0.043 0.045 0.048 0.050 0.052 0.054 0.056 0.057 0.057 0.058 0.058 0.058 0.057 0.056 0.054 0.052 0.050 0.047 0.045 0.042 0.038 0.035 0.032 0.029 0.026 0.023 0.020 0.017 0.015 0.012 0.010 0.008 0.004 0.002 0.001 0.001 0.000 0.000 0.000 0.000 0.000 0.000 0.000 0.000 0.000 0.000 0.000 0.000 0.000 0.000 0.000 0.000 0.000 0.000 0.000 0.000 0.000 0.000
0.013 0.015 0.018 0.021 0.024 0.028 0.033 0.037 0.043 0.048 0.054 0.059 0.066 0.072 0.078 0.084 0.090 0.096 0.102 0.108 0.113 0.118 0.122 0.126 0.129 0.131 0.133 0.134 0.135 0.134 0.133 0.131 0.129 0.125 0.121 0.116 0.111 0.105 0.099 0.092 0.086 0.079 0.072 0.065 0.058 0.051 0.045 0.039 0.034 0.029 0.024 0.020 0.017 0.014 0.011 0.009 0.004 0.002 0.001 0.000 0.000 0.000 0.000 0.000 0.000 0.000 0.000 0.000 0.000 0.000 0.000 0.000 0.000 0.000 0.000 0.000 0.000
0.038 0.045 0.052 0.060 0.069 0.078 0.088 0.098 0.109 0.120 0.131 0.142 0.154 0.165 0.176 0.187 0.197 0.207 0.216 0.225 0.233 0.240 0.246 0.251 0.256 0.259 0.261 0.262 0.262 0.260 0.258 0.254 0.249 0.243 0.236 0.228 0.218 0.208 0.198 0.186 0.174 0.162 0.149 0.136 0.124 0.111 0.100 0.088 0.077 0.067 0.058 0.049 0.042 0.035 0.029 0.024 0.019 0.015 0.012 0.010 0.005 0.001 0.001 0.000 0.000 0.000 0.000 0.000 0.000 0.000 0.000 0.000 0.000 0.000 0.000 0.000 0.000
0.100 0.114 0.129 0.145 0.161 0.178 0.196 0.213 0.231 0.248 0.266 0.283 0.299 0.315 0.331 0.345 0.359 0.372 0.383 0.394 0.403 0.411 0.418 0.424 0.428 0.431 0.432 0.432 0.431 0.428 0.423 0.417 0.409 0.400 0.390 0.378 0.365 0.350 0.334 0.318 0.300 0.282 0.263 0.244 0.225 0.205 0.186 0.168 0.150 0.133 0.116 0.101 0.087 0.074 0.063 0.053 0.044 0.036 0.029 0.024 0.019 0.015 0.012 0.009 0.003 0.001 0.000 0.000 0.000 0.000 0.000 0.000 0.000 0.000 0.000 0.000 0.000
0.217 0.240 0.264 0.288 0.312 0.337 0.361 0.384 0.407 0.429 0.451 0.471 0.490 0.508 0.525 0.541 0.555 0.568 0.579 0.589 0.598 0.605 0.611 0.615 0.618 0.619 0.619 0.617 0.613 0.608 0.601 0.593 0.583 0.571 0.558 0.543 0.527 0.509 0.490 0.469 0.448 0.425 0.401 0.376 0.351 0.326 0.300 0.275 0.250 0.225 0.201 0.179 0.157 0.137 0.118 0.101 0.086 0.072 0.060 0.049 0.040 0.033 0.026 0.021 0.016 0.013 0.010 0.005 0.001 0.000 0.000 0.000 0.000 0.000 0.000 0.000 0.000
0.390 0.420 0.450 0.479 0.508 0.536 0.562 0.587 0.611 0.634 0.655 0.675 0.693 0.709 0.724 0.738 0.750 0.761 0.770 0.777 0.783 0.788 0.791 0.793 0.793 0.792 0.789 0.785 0.780 0.773 0.764 0.754 0.742 0.729 0.714 0.698 0.680 0.660 0.639 0.616 0.593 0.567 0.541 0.513 0.485 0.455 0.425 0.395 0.365 0.335 0.305 0.275 0.247 0.220 0.194 0.170 0.147 0.127 0.108 0.091 0.076 0.063 0.051 0.042 0.034 0.027 0.021 0.017 0.013 0.010 0.005 0.001 0.000 0.000 0.000 0.000 0.000
0.593 0.626 0.656 0.686 0.714 0.740 0.765 0.787 0.808 0.828 0.846 0.862 0.876 0.889 0.900 0.910 0.918 0.925 0.930 0.934 0.937 0.939 0.939 0.938 0.936 0.932 0.927 0.921 0.914 0.905 0.895 0.884 0.871 0.857 0.841 0.824 0.805 0.786 0.764 0.741 0.717 0.691 0.664 0.636 0.606 0.576 0.544 0.512 0.479 0.445 0.412 0.379 0.346 0.313 0.282 0.252 0.223 0.196 0.171 0.147 0.126 0.107 0.089 0.074 0.061 0.050 0.040 0.032 0.026 0.020 0.016 0.012 0.009 0.004 0.001 0.000 0.000
0.793 0.823 0.850 0.876 0.900 0.921 0.941 0.959 0.976 0.990 1.003 1.014 1.024 1.032 1.039 1.045 1.049 1.052 1.054 1.054 1.054 1.052 1.050 1.046 1.042 1.036 1.029 1.021 1.013 1.003 0.992 0.979 0.966 0.951 0.935 0.918 0.900 0.880 0.859 0.837 0.813 0.788 0.762 0.734 0.705 0.675 0.644 0.612 0.578 0.545 0.510 0.475 0.440 0.405 0.371 0.337 0.304 0.272 0.242 0.213 0.186 0.161 0.138 0.118 0.099 0.083 0.068 0.056 0.046 0.037 0.029 0.023 0.018 0.014 0.011 0.008 0.002
0.966 0.991 1.013 1.033 1.052 1.068 1.083 1.096 1.107 1.117 1.125 1.131 1.137 1.140 1.143 1.144 1.145 1.144 1.142 1.140 1.136 1.132 1.127 1.121 1.114 1.107 1.099 1.089 1.079 1.068 1.057 1.044 1.030 1.015 1.000 0.983 0.965 0.946 0.925 0.904 0.881 0.858 0.833 0.806 0.779 0.750 0.720 0.689 0.657 0.625 0.591 0.556 0.521 0.486 0.451 0.415 0.380 0.346 0.312 0.280 0.249 0.220 0.193 0.167 0.144 0.123 0.104 0.087 0.072 0.059 0.048 0.039 0.031 0.025 0.020 0.015 0.012
1.105 1.124 1.141 1.156 1.169 1.181 1.190 1.198 1.204 1.209 1.212 1.214 1.215 1.215 1.213 1.211 1.207 1.203 1.198 1.193 1.187 1.180 1.172 1.165 1.156 1.147 1.138 1.128 1.117 1.106 1.094 1.081 1.067 1.052 1.037 1.021 1.003 0.985 0.966 0.945 0.924 0.901 0.878 0.853 0.827 0.800 0.772 0.743 0.713 0.682 0.650 0.617 0.583 0.549 0.514 0.479 0.444 0.409 0.375 0.341 0.308 0.276 0.245 0.217 0.190 0.165 0.142 0.121 0.102 0.086 0.071 0.058 0.048 0.039 0.031 0.025 0.020
1.210 1.223 1.235 1.245 1.252 1.258 1.263 1.265 1.266 1.266 1.265 1.262 1.258 1.253 1.248 1.242 1.235 1.227 1.220 1.211 1.203 1.195 1.186 1.177 1.168 1.159 1.149 1.139 1.129 1.118 1.106 1.094 1.081 1.067 1.052 1.036 1.020 1.002 0.983 0.964 0.943 0.921 0.899 0.875 0.851 0.825 0.799 0.772 0.744 0.715 0.685 0.654 0.623 0.591 0.558 0.524 0.490 0.456 0.422 0.388 0.354 0.322 0.290 0.259 0.230 0.202 0.177 0.153 0.131 0.112 0.094 0.079 0.065 0.054 0.044 0.035 0.029
1.278 1.285 1.290 1.293 1.294 1.294 1.293 1.290 1.285 1.280 1.273 1.265 1.257 1.248 1.239 1.230 1.220 1.211 1.202 1.193 1.184 1.176 1.168 1.160 1.152 1.145 1.137 1.129 1.121 1.112 1.103 1.092 1.081 1.068 1.054 1.039 1.022 1.005 0.986 0.966 0.945 0.923 0.900 0.876 0.852 0.827 0.802 0.776 0.749 0.722 0.695 0.666 0.637 0.608 0.577 0.546 0.515 0.482 0.450 0.417 0.384 0.352 0.320 0.289 0.259 0.230 0.203 0.178 0.154 0.133 0.113 0.096 0.080 0.067 0.055 0.045 0.037
1.248 1.245 1.241 1.236 1.229 1.222 1.214 1.205 1.195 1.186 1.176 1.166 1.156 1.146 1.137 1.129 1.121 1.114 1.107 1.102 1.097 1.093 1.089 1.086 1.084 1.081 1.078 1.075 1.072 1.068 1.062 1.056 1.048 1.038 1.027 1.015 1.000 0.984 0.966 0.946 0.925 0.903 0.880 0.856 0.832 0.806 0.781 0.755 0.729 0.703 0.677 0.651 0.624 0.597 0.570 0.542 0.513 0.484 0.454 0.424 0.393 0.363 0.332 0.302 0.272 0.244 0.216 0.191 0.167 0.144 0.124 0.106 0.090 0.076 0.063 0.052 0.043
0.568 0.543 0.520 0.497 0.476 0.456 0.439 0.423 0.410 0.400 0.394 0.390 0.389 0.392 0.398 0.407 0.420 0.435 0.452 0.472 0.493 0.516 0.539 0.563 0.586 0.609 0.631 0.651 0.668 0.684 0.697 0.706 0.713 0.716 0.717 0.714 0.709 0.701 0.691 0.680 0.668 0.655 0.642 0.629 0.617 0.606 0.596 0.588 0.579 0.571 0.563 0.553 0.543 0.530 0.514 0.497 0.476 0.453 0.429 0.402 0.374 0.346 0.317 0.289 0.262 0.235 0.210 0.186 0.163 0.143 0.124 0.107 0.091 0.078 0.066 0.056 0.047
2.734 2.797 2.858 2.919 2.978 3.035 3.090 3.143 3.192 3.237 3.278 3.315 3.346 3.371 3.391 3.403 3.409 3.408 3.401 3.386 3.364 3.336 3.302 3.262 3.216 3.165 3.109 3.049 2.985 2.918 2.847 2.773 2.697 2.617 2.534 2.449 2.360 2.268 2.173 2.074 1.972 1.866 1.757 1.645 1.531 1.416 1.301 1.188 1.077 0.970 0.868 0.773 0.685 0.606 0.535 0.472 0.418 0.371 0.331 0.297 0.268 0.242 0.220 0.200 0.183 0.167 0.152 0.138 0.125 0.113 0.101 0.090 0.080 0.071 0.062 0.054 0.047
0.075 0.083 0.091 0.099 0.107 0.116 0.124 0.132 0.140 0.147 0.154 0.160 0.166 0.171 0.175 0.179 0.184 0.189 0.195 0.202 0.210 0.219 0.228 0.238 0.249 0.259 0.269 0.279 0.289 0.298 0.307 0.314 0.321 0.327 0.333 0.337 0.341 0.345 0.347 0.349 0.350 0.349 0.346 0.340 0.330 0.315 0.296 0.272 0.246 0.217 0.188 0.158 0.130 0.105 0.082 0.064 0.050 0.039 0.032 0.028 0.026 0.026 0.027 0.029 0.032 0.034 0.036 0.038 0.040 0.041 0.042 0.043 0.043 0.043 0.042 0.041 0.039
5.151 5.222 5.287 5.345 5.398 5.443 5.482 5.514 5.539 5.556 5.566 5.570 5.566 5.557 5.541 5.518 5.488 5.450 5.404 5.351 5.292 5.226 5.156 5.082 5.006 4.927 4.847 4.767 4.688 4.610 4.534 4.460 4.388 4.319 4.251 4.185 4.119 4.052 3.984 3.915 3.842 3.766 3.686 3.603 3.520 3.435 3.350 3.261 3.170 3.075 2.975 2.870 2.761 2.647 2.528 2.405 2.279 2.150 2.018 1.885 1.750 1.615 1.482 1.353 1.229 1.111 0.999 0.894 0.795 0.703 0.617 0.538 0.464 0.397 0.336 0.282 0.234
0.047 0.045 0.042 0.040 0.038 0.035 0.033 0.031 0.030 0.028 0.027 0.026 0.025 0.024 0.023 0.023 0.023 0.025 0.029 0.034 0.040 0.047 0.054 0.062 0.070 0.077 0.083 0.089 0.092 0.094 0.094 0.091 0.087 0.080 0.072 0.063 0.054 0.044 0.035 0.028 0.023 0.019 0.018 0.019 0.019 0.019 0.020 0.019 0.019 0.018 0.017 0.016 0.014 0.013 0.011 0.009 0.009 0.009 0.009 0.009 0.009 0.009 0.010 0.010 0.010 0.008 0.004 0.002 0.001 0.001 0.000 0.000 0.000 0.000 0.000 0.000 0.000
5.686 5.744 5.799 5.852 5.902 5.949 5.993 6.035 6.074 6.109 6.142 6.172 6.199 6.223 6.243 6.261 6.276 6.288 6.296 6.302 6.304 6.303 6.299 6.292 6.282 6.269 6.253 6.233 6.210 6.184 6.155 6.122 6.085 6.045 6.001 5.954 5.902 5.847 5.787 5.722 5.653 5.579 5.501 5.417 5.328 5.234 5.134 5.029 4.919 4.804 4.683 4.557 4.425 4.289 4.149 4.004 3.854 3.701 3.544 3.384 3.220 3.055 2.887 2.718 2.548 2.377 2.208 2.039 1.873 1.710 1.551 1.397 1.250 1.110 0.977 0.854 0.740
0.047 0.045 0.043 0.040 0.038 0.036 0.034 0.032 0.030 0.028 0.027 0.026 0.025 0.024 0.023 0.023 0.023 0.025 0.029 0.034 0.040 0.047 0.054 0.062 0.070 0.077 0.083 0.089 0.092 0.094 0.094 0.092 0.087 0.081 0.073 0.064 0.054 0.045 0.036 0.029 0.023 0.020 0.019 0.019 0.019 0.020 0.020 0.019 0.019 0.018 0.017 0.015 0.014 0.012 0.011 0.009 0.009 0.008 0.009 0.009 0.009 0.009 0.010 0.010 0.010 0.008 0.004 0.002 0.001 0.001 0.000 0.000 0.000 0.000 0.000 0.000 0.000
5.152 5.223 5.288 5.347 5.399 5.445 5.483 5.515 5.540 5.557 5.567 5.571 5.567 5.558 5.541 5.519 5.489 5.451 5.405 5.352 5.292 5.227 5.157 5.084 5.007 4.928 4.848 4.769 4.689 4.611 4.535 4.461 4.390 4.320 4.252 4.186 4.119 4.053 3.985 3.915 3.842 3.766 3.686 3.603 3.519 3.435 3.349 3.260 3.169 3.073 2.974 2.869 2.760 2.645 2.527 2.404 2.278 2.149 2.018 1.885 1.750 1.615 1.482 1.353 1.229 1.111 0.999 0.894 0.795 0.703 0.617 0.538 0.464 0.397 0.336 0.282 0.234
0.076 0.083 0.091 0.099 0.108 0.116 0.125 0.133 0.140 0.148 0.154 0.160 0.166 0.171 0.175 0.179 0.183 0.189 0.195 0.202 0.210 0.219 0.228 0.238 0.248 0.259 0.269 0.279 0.288 0.297 0.306 0.314 0.320 0.326 0.332 0.336 0.340 0.344 0.346 0.348 0.349 0.348 0.345 0.340 0.329 0.315 0.295 0.272 0.246 0.217 0.187 0.158 0.130 0.105 0.082 0.064 0.050 0.039 0.032 0.028 0.026 0.026 0.027 0.029 0.032 0.034 0.036 0.038 0.040 0.041 0.042 0.043 0.043 0.043 0.042 0.041 0.039
2.735 2.798 2.860 2.921 2.980 3.037 3.092 3.145 3.194 3.239 3.280 3.317 3.348 3.373 3.392 3.405 3.411 3.410 3.402 3.387 3.365 3.337 3.303 3.263 3.217 3.166 3.110 3.050 2.986 2.919 2.848 2.774 2.697 2.618 2.535 2.449 2.360 2.268 2.173 2.074 1.972 1.866 1.757 1.645 1.531 1.416 1.301 1.188 1.077 0.969 0.868 0.773 0.685 0.606 0.535 0.472 0.418 0.371 0.331 0.297 0.267 0.242 0.220 0.200 0.183 0.167 0.152 0.138 0.125 0.113 0.101 0.090 0.080 0.071 0.062 0.054 0.047
0.567 0.543 0.519 0.496 0.475 0.455 0.438 0.423 0.410 0.400 0.393 0.390 0.389 0.392 0.398 0.407 0.420 0.435 0.452 0.472 0.493 0.515 0.539 0.562 0.586 0.608 0.630 0.650 0.668 0.683 0.696 0.706 0.712 0.716 0.716 0.714 0.708 0.701 0.691 0.679 0.667 0.654 0.641 0.629 0.617 0.606 0.596 0.587 0.579 0.571 0.563 0.553 0.542 0.529 0.514 0.496 0.476 0.453 0.428 0.402 0.374 0.346 0.317 0.289 0.262 0.235 0.210 0.186 0.163 0.143 0.124 0.107 0.091 0.078 0.066 0.056 0.047
1.248 1.245 1.241 1.235 1.229 1.221 1.213 1.204 1.195 1.185 1.175 1.165 1.155 1.146 1.137 1.128 1.120 1.113 1.107 1.101 1.097 1.092 1.089 1.086 1.083 1.081 1.078 1.075 1.072 1.067 1.062 1.056 1.048 1.038 1.027 1.014 1.000 0.983 0.966 0.946 0.925 0.903 0.880 0.856 0.832 0.806 0.781 0.755 0.729 0.703 0.677 0.650 0.624 0.597 0.570 0.542 0.513 0.484 0.454 0.424 0.393 0.363 0.332 0.302 0.272 0.244 0.216 0.191 0.167 0.144 0.124 0.106 0.090 0.076 0.063 0.052 0.043
1.278 1.284 1.290 1.293 1.294 1.294 1.292 1.289 1.285 1.279 1.273 1.265 1.257 1.248 1.239 1.230 1.220 1.211 1.201 1.192 1.184 1.175 1.167 1.160 1.152 1.145 1.137 1.129 1.121 1.112 1.103 1.092 1.081 1.068 1.054 1.039 1.022 1.005 0.986 0.966 0.944 0.922 0.900 0.876 0.852 0.827 0.802 0.776 0.749 0.722 0.695 0.666 0.637 0.608 0.577 0.546 0.515 0.482 0.450 0.417 0.384 0.352 0.320 0.289 0.259 0.230 0.203 0.178 0.154 0.133 0.113 0.096 0.080 0.067 0.055 0.045 0.037
1.210 1.223 1.235 1.244 1.252 1.258 1.262 1.265 1.266 1.266 1.265 1.262 1.258 1.253 1.248 1.241 1.235 1.227 1.219 1.211 1.203 1.194 1.186 1.177 1.168 1.158 1.149 1.139 1.128 1.118 1.106 1.094 1.081 1.067 1.052 1.036 1.020 1.002 0.983 0.964 0.943 0.921 0.899 0.875 0.851 0.825 0.799 0.772 0.744 0.715 0.685 0.654 0.623 0.591 0.558 0.524 0.490 0.456 0.422 0.388 0.354 0.322 0.290 0.259 0.230 0.202 0.177 0.153 0.131 0.112 0.094 0.079 0.065 0.054 0.044 0.035 0.029
1.105 1.124 1.141 1.156 1.169 1.180 1.190 1.198 1.204 1.209 1.212 1.214 1.215 1.214 1.213 1.210 1.207 1.203 1.198 1.193 1.186 1.180 1.172 1.165 1.156 1.147 1.138 1.128 1.117 1.106 1.094 1.081 1.067 1.052 1.037 1.021 1.003 0.985 0.966 0.945 0.924 0.901 0.878 0.853 0.827 0.800 0.772 0.743 0.713 0.682 0.650 0.617 0.583 0.549 0.514 0.479 0.444 0.409 0.375 0.341 0.308 0.276 0.245 0.217 0.190 0.165 0.142 0.121 0.102 0.086 0.071 0.058 0.048 0.039 0.031 0.025 0.020
0.966 0.991 1.013 1.033 1.052 1.068 1.083 1.096 1.107 1.117 1.125 1.131 1.136 1.140 1.143 1.144 1.145 1.144 1.142 1.140 1.136 1.132 1.127 1.121 1.114 1.107 1.098 1.089 1.079 1.068 1.057 1.044 1.030 1.015 1.000 0.983 0.965 0.946 0.925 0.904 0.881 0.858 0.833 0.806 0.779 0.750 0.720 0.689 0.657 0.625 0.591 0.556 0.521 0.486 0.451 0.415 0.380 0.346 0.312 0.280 0.249 0.220 0.193 0.167 0.144 0.123 0.104 0.087 0.072 0.059 0.048 0.039 0.031 0.025 0.020 0.015 0.012
0.793 0.823 0.850 0.876 0.899 0.921 0.941 0.959 0.976 0.990 1.003 1.014 1.024 1.032 1.039 1.045 1.049 1.052 1.054 1.054 1.054 1.052 1.050 1.046 1.042 1.036 1.029 1.021 1.013 1.003 0.992 0.979 0.966 0.951 0.935 0.918 0.900 0.880 0.859 0.837 0.813 0.788 0.762 0.734 0.705 0.675 0.644 0.612 0.579 0.545 0.510 0.475 0.440 0.405 0.371 0.337 0.304 0.272 0.242 0.213 0.186 0.161 0.138 0.118 0.099 0.083 0.068 0.056 0.046 0.037 0.029 0.023 0.018 0.014 0.011 0.008 0.002
0.593 0.626 0.656 0.686 0.714 0.740 0.764 0.787 0.808 0.828 0.845 0.861 0.876 0.889 0.900 0.910 0.918 0.925 0.930 0.934 0.937 0.939 0.939 0.938 0.936 0.932 0.927 0.921 0.914 0.905 0.895 0.884 0.871 0.857 0.841 0.824 0.806 0.786 0.764 0.741 0.717 0.691 0.664 0.636 0.606 0.576 0.544 0.512 0.479 0.445 0.412 0.379 0.346 0.313 0.282 0.252 0.223 0.196 0.171 0.147 0.126 0.107 0.089 0.074 0.061 0.050 0.040 0.032 0.026 0.020 0.016 0.012 0.009 0.004 0.001 0.000 0.000
0.390 0.420 0.450 0.479 0.508 0.536 0.562 0.587 0.611 0.634 0.655 0.675 0.693 0.709 0.724 0.738 0.750 0.760 0.770 0.777 0.783 0.788 0.791 0.793 0.793 0.792 0.789 0.785 0.780 0.773 0.764 0.754 0.742 0.729 0.714 0.698 0.680 0.660 0.639 0.617 0.593 0.567 0.541 0.513 0.485 0.455 0.425 0.395 0.365 0.335 0.305 0.275 0.247 0.220 0.194 0.170 0.147 0.127 0.108 0.091 0.076 0.063 0.051 0.042 0.034 0.027 0.021 0.017 0.013 0.010 0.005 0.001 0.000 0.000 0.000 0.000 0.000
