Examples/2023_ISeeSnow/data/CoulombOnly/Results/curv77s/h/1HS_03_curv77s_MoT-Voellmy_h_0034.asc
ncols        158
nrows        17
xllcorner    1867.5
yllcorner    -4292.5
cellsize     5.00
NODATA_value -9999
0.001 0.000 0.000 0.000 0.000 0.000 0.000 0.000 0.000 0.000 0.000 0.000 0.000 0.000 0.000 0.000 0.000 0.000 0.000 0.000 0.000 0.000 0.000 0.000 0.000 0.000 0.000 0.000 0.000 0.000 0.000 0.000 0.000 0.000 0.000 0.000 0.000 0.000 0.000 0.000 0.000 0.000 0.000 0.000 0.000 0.000 0.000 0.000 0.000 0.000 0.000 0.000 0.000 0.000 0.000 0.000 0.000 0.000 0.000 0.000 0.000 0.000 0.000 0.000 0.000 0.000 0.000 0.000 0.000 0.000 0.000 0.000 0.000 0.000 0.000 0.000 0.000 0.000 0.000 0.000 0.000 0.000 0.000 0.000 0.000 0.000 0.000 0.000 0.000 0.000 0.000 0.000 0.000 0.000 0.000 0.000 0.000 0.000 0.000 0.000 0.000 0.000 0.000 0.000 0.000 0.000 0.000 0.000 0.000 0.000 0.000 0.000 0.000 0.000 0.000 0.000 0.000 0.000 0.000 0.000 0.000 0.000 0.000 0.000 0.000 0.000 0.000 0.000 0.000 0.000 0.000 0.000 0.000 0.000 0.000 0.000 0.000 0.000 0.000 0.000 0.000 0.000 0.000 0.000 0.000 0.000 0.000 0.000 0.000 0.000 0.000 0.000 0.000 0.000 0.000 0.000 0.000 0.000
0.000 0.000 0.000 0.000 0.000 0.001 0.001 0.002 0.001 0.000 0.000 0.000 0.000 0.000 0.000 0.000 0.000 0.000 0.000 0.000 0.000 0.000 0.000 0.000 0.000 0.000 0.000 0.001 0.001 0.002 0.002 0.003 0.003 0.004 0.004 0.005 0.005 0.006 0.006 0.007 0.007 0.009 0.014 0.022 0.032 0.044 0.059 0.075 0.093 0.113 0.135 0.158 0.181 0.205 0.228 0.250 0.271 0.289 0.304 0.316 0.324 0.327 0.327 0.324 0.318 0.310 0.299 0.287 0.272 0.256 0.239 0.221 0.203 0.184 0.166 0.148 0.130 0.113 0.098 0.083 0.070 0.059 0.048 0.039 0.031 0.025 0.019 0.014 0.010 0.009 0.009 0.009 0.009 0.003 0.000 0.000 0.000 0.000 0.000 0.000 0.000 0.000 0.000 0.000 0.000 0.000 0.000 0.000 0.000 0.000 0.000 0.000 0.000 0.000 0.000 0.000 0.000 0.000 0.000 0.000 0.000 0.000 0.000 0.000 0.000 0.000 0.000 0.000 0.000 0.000 0.000 0.000 0.000 0.000 0.000 0.000 0.000 0.000 0.000 0.000 0.000 0.000 0.000 0.000 0.000 0.000 0.000 0.000 0.000 0.000 0.000 0.000 0.000 0.000 0.000 0.000 0.000 0.000
0.000 0.000 0.000 0.000 0.000 0.000 0.000 0.000 0.000 0.000 0.000 0.000 0.000 0.000 0.000 0.000 0.000 0.000 0.000 0.000 0.000 0.001 0.001 0.002 0.002 0.003 0.004 0.004 0.005 0.006 0.006 0.007 0.009 0.013 0.021 0.033 0.050 0.072 0.100 0.134 0.176 0.223 0.278 0.338 0.403 0.473 0.548 0.626 0.706 0.788 0.871 0.954 1.037 1.119 1.200 1.279 1.357 1.432 1.506 1.578 1.648 1.715 1.777 1.832 1.880 1.920 1.952 1.974 1.987 1.991 1.985 1.969 1.943 1.907 1.862 1.807 1.744 1.674 1.599 1.519 1.435 1.348 1.257 1.165 1.072 0.979 0.887 0.797 0.710 0.629 0.552 0.480 0.413 0.351 0.295 0.246 0.203 0.167 0.135 0.109 0.086 0.068 0.053 0.041 0.031 0.023 0.017 0.012 0.010 0.009 0.009 0.008 0.002 0.000 0.000 0.000 0.000 0.000 0.000 0.000 0.000 0.000 0.000 0.000 0.000 0.000 0.000 0.000 0.000 0.000 0.000 0.000 0.000 0.000 0.000 0.000 0.000 0.000 0.000 0.000 0.000 0.000 0.000 0.000 0.000 0.000 0.000 0.000 0.000 0.000 0.000 0.000 0.000 0.000 0.000 0.000 0.000 0.000
0.001 0.001 0.001 0.001 0.001 0.001 0.001 0.001 0.001 0.001 0.001 0.001 0.001 0.001 0.001 0.001 0.001 0.001 0.002 0.002 0.003 0.003 0.004 0.005 0.006 0.006 0.008 0.010 0.016 0.027 0.043 0.066 0.095 0.133 0.181 0.237 0.302 0.376 0.457 0.544 0.636 0.731 0.829 0.928 1.026 1.123 1.218 1.309 1.398 1.482 1.563 1.639 1.711 1.778 1.840 1.897 1.948 1.994 2.034 2.069 2.096 2.117 2.132 2.141 2.144 2.141 2.138 2.138 2.141 2.147 2.158 2.173 2.192 2.215 2.243 2.274 2.307 2.337 2.363 2.385 2.400 2.409 2.410 2.403 2.387 2.361 2.326 2.280 2.224 2.157 2.081 1.995 1.900 1.796 1.687 1.572 1.454 1.335 1.216 1.098 0.983 0.873 0.769 0.671 0.579 0.496 0.420 0.353 0.294 0.243 0.198 0.159 0.126 0.098 0.076 0.058 0.044 0.032 0.024 0.017 0.012 0.010 0.009 0.009 0.005 0.000 0.000 0.000 0.000 0.000 0.000 0.000 0.000 0.000 0.000 0.000 0.000 0.000 0.000 0.000 0.000 0.000 0.000 0.000 0.000 0.000 0.000 0.000 0.000 0.000 0.000 0.000 0.000 0.000 0.000 0.000 0.000 0.000
0.002 0.002 0.002 0.002 0.002 0.002 0.002 0.002 0.002 0.002 0.002 0.002 0.002 0.002 0.002 0.003 0.003 0.004 0.004 0.005 0.006 0.007 0.008 0.012 0.021 0.036 0.058 0.089 0.129 0.180 0.242 0.315 0.399 0.491 0.591 0.698 0.808 0.920 1.033 1.145 1.254 1.360 1.462 1.559 1.652 1.740 1.824 1.905 1.982 2.058 2.132 2.206 2.280 2.354 2.430 2.507 2.586 2.666 2.749 2.834 2.922 3.013 3.107 3.205 3.308 3.412 3.506 3.583 3.642 3.683 3.703 3.703 3.682 3.643 3.585 3.510 3.422 3.324 3.218 3.106 2.992 2.876 2.761 2.648 2.542 2.445 2.356 2.277 2.206 2.142 2.086 2.035 1.988 1.943 1.899 1.855 1.808 1.757 1.702 1.642 1.576 1.505 1.429 1.347 1.262 1.174 1.083 0.993 0.903 0.814 0.728 0.645 0.566 0.493 0.425 0.363 0.307 0.257 0.213 0.175 0.143 0.116 0.094 0.074 0.057 0.043 0.033 0.024 0.018 0.013 0.010 0.009 0.009 0.007 0.001 0.000 0.000 0.000 0.000 0.000 0.000 0.000 0.000 0.000 0.000 0.000 0.000 0.000 0.000 0.000 0.000 0.000 0.000 0.000 0.000 0.000 0.000 0.000
0.003 0.003 0.003 0.003 0.003 0.003 0.003 0.004 0.004 0.004 0.004 0.004 0.004 0.005 0.005 0.005 0.006 0.006 0.007 0.011 0.022 0.040 0.068 0.106 0.157 0.220 0.294 0.380 0.474 0.574 0.677 0.782 0.886 0.987 1.085 1.180 1.271 1.358 1.442 1.523 1.602 1.677 1.749 1.816 1.879 1.935 1.985 2.027 2.060 2.084 2.098 2.103 2.102 2.095 2.086 2.073 2.058 2.042 2.025 2.006 1.987 1.967 1.947 1.925 1.904 1.882 1.869 1.865 1.872 1.891 1.922 1.964 2.017 2.081 2.153 2.234 2.321 2.413 2.509 2.608 2.707 2.806 2.904 2.998 3.082 3.152 3.209 3.251 3.279 3.293 3.294 3.283 3.261 3.229 3.188 3.139 3.084 3.024 2.960 2.893 2.823 2.750 2.674 2.595 2.513 2.427 2.337 2.242 2.143 2.040 1.932 1.819 1.703 1.585 1.464 1.343 1.222 1.103 0.986 0.874 0.768 0.668 0.574 0.489 0.411 0.342 0.281 0.228 0.183 0.146 0.115 0.090 0.070 0.053 0.039 0.028 0.021 0.015 0.012 0.010 0.009 0.004 0.000 0.000 0.000 0.000 0.000 0.000 0.000 0.000 0.000 0.000 0.000 0.000 0.000 0.000 0.000 0.000
0.004 0.005 0.005 0.005 0.005 0.005 0.006 0.006 0.006 0.006 0.006 0.006 0.006 0.007 0.008 0.011 0.021 0.039 0.067 0.107 0.159 0.226 0.307 0.402 0.510 0.629 0.759 0.897 1.041 1.189 1.340 1.491 1.642 1.789 1.932 2.071 2.203 2.329 2.449 2.564 2.674 2.781 2.886 2.990 3.095 3.202 3.311 3.424 3.539 3.658 3.781 3.906 4.029 4.146 4.254 4.353 4.442 4.522 4.592 4.652 4.703 4.745 4.779 4.804 4.821 4.832 4.836 4.833 4.825 4.810 4.788 4.759 4.722 4.677 4.623 4.560 4.488 4.405 4.313 4.211 4.101 3.983 3.857 3.726 3.594 3.464 3.336 3.212 3.093 2.980 2.874 2.775 2.684 2.600 2.524 2.456 2.394 2.339 2.290 2.246 2.207 2.173 2.142 2.115 2.090 2.068 2.049 2.030 2.012 1.994 1.975 1.954 1.929 1.901 1.867 1.826 1.779 1.723 1.658 1.584 1.501 1.410 1.310 1.205 1.094 0.981 0.867 0.755 0.647 0.546 0.452 0.369 0.295 0.233 0.181 0.141 0.109 0.084 0.065 0.050 0.038 0.028 0.020 0.015 0.012 0.010 0.009 0.004 0.000 0.000 0.000 0.000 0.000 0.000 0.000 0.000 0.000 0.000
0.005 0.006 0.007 0.007 0.007 0.007 0.007 0.008 0.008 0.008 0.009 0.011 0.017 0.026 0.038 0.054 0.072 0.093 0.116 0.140 0.163 0.187 0.209 0.230 0.249 0.267 0.284 0.302 0.320 0.340 0.363 0.389 0.419 0.453 0.491 0.531 0.574 0.619 0.664 0.707 0.749 0.787 0.821 0.850 0.874 0.894 0.909 0.921 0.928 0.933 0.936 0.937 0.938 0.943 0.953 0.967 0.987 1.011 1.040 1.075 1.114 1.157 1.205 1.256 1.311 1.369 1.429 1.492 1.557 1.623 1.692 1.763 1.836 1.912 1.990 2.072 2.156 2.243 2.333 2.424 2.517 2.610 2.703 2.794 2.884 2.970 3.053 3.130 3.202 3.267 3.326 3.377 3.420 3.454 3.481 3.498 3.507 3.507 3.499 3.481 3.455 3.421 3.378 3.328 3.270 3.204 3.132 3.054 2.969 2.880 2.787 2.689 2.589 2.488 2.385 2.282 2.180 2.079 1.981 1.885 1.792 1.702 1.615 1.530 1.447 1.365 1.284 1.203 1.121 1.038 0.953 0.867 0.779 0.690 0.601 0.514 0.431 0.356 0.289 0.232 0.183 0.143 0.111 0.085 0.065 0.049 0.036 0.026 0.019 0.014 0.011 0.007 0.001 0.000 0.000 0.000 0.000 0.000
0.008 0.015 0.022 0.031 0.040 0.052 0.067 0.086 0.111 0.144 0.185 0.238 0.304 0.382 0.474 0.581 0.701 0.836 0.983 1.141 1.308 1.481 1.658 1.836 2.014 2.189 2.359 2.524 2.682 2.833 2.976 3.112 3.240 3.361 3.475 3.583 3.686 3.783 3.875 3.964 4.049 4.131 4.210 4.287 4.362 4.434 4.504 4.573 4.639 4.704 4.766 4.825 4.883 4.937 4.989 5.038 5.084 5.127 5.166 5.202 5.234 5.262 5.285 5.305 5.321 5.332 5.339 5.341 5.339 5.332 5.322 5.307 5.288 5.265 5.239 5.209 5.177 5.141 5.102 5.061 5.017 4.971 4.923 4.873 4.821 4.766 4.711 4.653 4.594 4.533 4.471 4.407 4.343 4.277 4.211 4.145 4.077 4.010 3.943 3.876 3.809 3.743 3.677 3.611 3.547 3.482 3.418 3.354 3.291 3.227 3.162 3.097 3.031 2.963 2.894 2.822 2.749 2.672 2.594 2.512 2.427 2.339 2.248 2.154 2.058 1.960 1.860 1.759 1.658 1.557 1.457 1.359 1.264 1.171 1.082 0.996 0.912 0.829 0.746 0.664 0.583 0.507 0.435 0.368 0.308 0.254 0.206 0.166 0.131 0.102 0.078 0.059 0.044 0.032 0.024 0.017 0.013 0.009
0.005 0.006 0.007 0.007 0.007 0.007 0.007 0.008 0.008 0.008 0.009 0.011 0.017 0.026 0.038 0.054 0.072 0.093 0.116 0.140 0.163 0.187 0.209 0.230 0.249 0.267 0.284 0.302 0.320 0.340 0.363 0.389 0.419 0.453 0.491 0.531 0.575 0.619 0.664 0.707 0.749 0.787 0.821 0.850 0.875 0.894 0.910 0.921 0.929 0.934 0.936 0.937 0.939 0.944 0.953 0.968 0.987 1.011 1.041 1.075 1.114 1.157 1.205 1.256 1.311 1.369 1.429 1.492 1.557 1.623 1.692 1.763 1.836 1.912 1.990 2.072 2.156 2.243 2.332 2.424 2.516 2.610 2.703 2.794 2.884 2.970 3.053 3.130 3.202 3.267 3.326 3.377 3.420 3.454 3.481 3.498 3.507 3.507 3.498 3.481 3.455 3.420 3.378 3.327 3.269 3.204 3.131 3.053 2.969 2.880 2.786 2.689 2.589 2.487 2.385 2.282 2.180 2.079 1.981 1.885 1.792 1.702 1.615 1.530 1.447 1.365 1.284 1.203 1.121 1.038 0.953 0.867 0.779 0.690 0.602 0.514 0.431 0.356 0.289 0.232 0.183 0.143 0.111 0.085 0.065 0.049 0.036 0.026 0.019 0.014 0.011 0.007 0.001 0.000 0.000 0.000 0.000 0.000
0.004 0.005 0.005 0.005 0.005 0.005 0.006 0.006 0.006 0.006 0.006 0.006 0.006 0.007 0.008 0.011 0.021 0.039 0.067 0.107 0.159 0.226 0.307 0.402 0.510 0.629 0.759 0.897 1.041 1.189 1.340 1.491 1.641 1.789 1.932 2.071 2.203 2.329 2.449 2.564 2.674 2.781 2.886 2.990 3.095 3.202 3.311 3.424 3.539 3.658 3.781 3.906 4.029 4.146 4.254 4.353 4.443 4.523 4.592 4.653 4.704 4.746 4.779 4.804 4.821 4.832 4.836 4.833 4.824 4.809 4.787 4.758 4.721 4.676 4.622 4.559 4.486 4.404 4.311 4.210 4.100 3.981 3.856 3.725 3.593 3.463 3.335 3.211 3.092 2.980 2.874 2.775 2.684 2.600 2.524 2.456 2.394 2.339 2.290 2.246 2.207 2.173 2.142 2.115 2.091 2.069 2.049 2.030 2.012 1.994 1.975 1.954 1.930 1.901 1.867 1.827 1.779 1.723 1.658 1.584 1.501 1.410 1.311 1.205 1.094 0.981 0.867 0.755 0.647 0.546 0.452 0.369 0.295 0.233 0.181 0.141 0.109 0.084 0.065 0.050 0.038 0.028 0.020 0.015 0.012 0.010 0.009 0.004 0.000 0.000 0.000 0.000 0.000 0.000 0.000 0.000 0.000 0.000
0.003 0.003 0.003 0.003 0.003 0.003 0.003 0.004 0.004 0.004 0.004 0.004 0.004 0.005 0.005 0.005 0.006 0.006 0.007 0.011 0.022 0.040 0.068 0.106 0.157 0.220 0.294 0.380 0.474 0.574 0.677 0.782 0.886 0.987 1.085 1.180 1.271 1.358 1.442 1.523 1.602 1.677 1.749 1.816 1.879 1.935 1.985 2.026 2.059 2.083 2.098 2.103 2.101 2.095 2.085 2.073 2.058 2.042 2.024 2.006 1.987 1.967 1.946 1.925 1.903 1.882 1.869 1.865 1.873 1.892 1.922 1.965 2.018 2.082 2.154 2.235 2.322 2.414 2.510 2.609 2.708 2.807 2.905 2.999 3.083 3.153 3.210 3.252 3.280 3.294 3.295 3.284 3.262 3.230 3.189 3.140 3.085 3.026 2.962 2.894 2.824 2.751 2.675 2.596 2.513 2.427 2.337 2.243 2.144 2.040 1.932 1.820 1.704 1.585 1.464 1.343 1.222 1.103 0.986 0.874 0.768 0.668 0.574 0.489 0.411 0.342 0.281 0.228 0.183 0.146 0.115 0.090 0.070 0.053 0.039 0.028 0.021 0.015 0.012 0.010 0.009 0.004 0.000 0.000 0.000 0.000 0.000 0.000 0.000 0.000 0.000 0.000 0.000 0.000 0.000 0.000 0.000 0.000
0.002 0.002 0.002 0.002 0.002 0.002 0.002 0.002 0.002 0.002 0.002 0.002 0.002 0.002 0.002 0.003 0.003 0.004 0.004 0.005 0.006 0.007 0.008 0.012 0.021 0.036 0.058 0.089 0.129 0.180 0.242 0.315 0.399 0.491 0.591 0.698 0.808 0.920 1.033 1.145 1.254 1.360 1.462 1.559 1.652 1.740 1.824 1.904 1.982 2.058 2.132 2.206 2.280 2.354 2.430 2.507 2.586 2.666 2.749 2.834 2.922 3.013 3.107 3.205 3.307 3.412 3.505 3.583 3.642 3.682 3.702 3.702 3.682 3.643 3.585 3.510 3.422 3.324 3.218 3.107 2.992 2.877 2.762 2.649 2.543 2.445 2.357 2.277 2.206 2.142 2.086 2.035 1.988 1.943 1.899 1.854 1.807 1.757 1.702 1.642 1.576 1.505 1.428 1.347 1.261 1.173 1.083 0.992 0.902 0.814 0.728 0.645 0.566 0.493 0.425 0.362 0.307 0.257 0.213 0.175 0.143 0.116 0.094 0.074 0.057 0.043 0.033 0.024 0.018 0.013 0.010 0.009 0.009 0.007 0.001 0.000 0.000 0.000 0.000 0.000 0.000 0.000 0.000 0.000 0.000 0.000 0.000 0.000 0.000 0.000 0.000 0.000 0.000 0.000 0.000 0.000 0.000 0.000
0.001 0.001 0.001 0.001 0.001 0.001 0.001 0.001 0.001 0.001 0.001 0.001 0.001 0.001 0.001 0.001 0.001 0.001 0.002 0.002 0.003 0.003 0.004 0.005 0.006 0.006 0.008 0.010 0.016 0.027 0.043 0.066 0.095 0.133 0.181 0.237 0.302 0.376 0.457 0.544 0.636 0.731 0.829 0.928 1.026 1.123 1.218 1.309 1.398 1.482 1.563 1.639 1.711 1.777 1.839 1.896 1.948 1.994 2.034 2.068 2.096 2.117 2.132 2.141 2.144 2.141 2.138 2.138 2.141 2.148 2.158 2.173 2.192 2.215 2.243 2.274 2.307 2.337 2.363 2.385 2.400 2.409 2.410 2.403 2.387 2.361 2.325 2.280 2.223 2.157 2.081 1.995 1.899 1.796 1.686 1.572 1.454 1.335 1.215 1.098 0.983 0.873 0.769 0.670 0.579 0.496 0.420 0.353 0.294 0.243 0.198 0.159 0.126 0.098 0.076 0.058 0.044 0.032 0.024 0.017 0.012 0.010 0.009 0.009 0.005 0.000 0.000 0.000 0.000 0.000 0.000 0.000 0.000 0.000 0.000 0.000 0.000 0.000 0.000 0.000 0.000 0.000 0.000 0.000 0.000 0.000 0.000 0.000 0.000 0.000 0.000 0.000 0.000 0.000 0.000 0.000 0.000 0.000
0.000 0.000 0.000 0.000 0.000 0.000 0.000 0.000 0.000 0.000 0.000 0.000 0.000 0.000 0.000 0.000 0.000 0.000 0.000 0.000 0.000 0.001 0.001 0.002 0.002 0.003 0.004 0.004 0.005 0.006 0.006 0.007 0.009 0.013 0.021 0.033 0.050 0.072 0.100 0.135 0.176 0.223 0.278 0.338 0.403 0.473 0.548 0.626 0.706 0.788 0.871 0.954 1.037 1.119 1.200 1.279 1.357 1.432 1.506 1.578 1.648 1.715 1.777 1.832 1.880 1.920 1.952 1.974 1.987 1.991 1.985 1.969 1.943 1.907 1.862 1.807 1.744 1.674 1.599 1.519 1.435 1.348 1.257 1.165 1.072 0.979 0.887 0.797 0.710 0.629 0.552 0.480 0.413 0.351 0.295 0.246 0.203 0.167 0.135 0.109 0.086 0.068 0.053 0.041 0.031 0.023 0.017 0.012 0.010 0.009 0.009 0.008 0.002 0.000 0.000 0.000 0.000 0.000 0.000 0.000 0.000 0.000 0.000 0.000 0.000 0.000 0.000 0.000 0.000 0.000 0.000 0.000 0.000 0.000 0.000 0.000 0.000 0.000 0.000 0.000 0.000 0.000 0.000 0.000 0.000 0.000 0.000 0.000 0.000 0.000 0.000 0.000 0.000 0.000 0.000 0.000 0.000 0.000
0.000 0.000 0.000 0.000 0.000 0.001 0.001 0.002 0.001 0.000 0.000 0.000 0.000 0.000 0.000 0.000 0.000 0.000 0.000 0.000 0.000 0.000 0.000 0.000 0.000 0.000 0.000 0.001 0.001 0.002 0.002 0.003 0.003 0.004 0.004 0.005 0.005 0.006 0.006 0.007 0.007 0.009 0.014 0.022 0.032 0.044 0.059 0.075 0.093 0.113 0.135 0.158 0.181 0.205 0.228 0.251 0.271 0.289 0.305 0.316 0.324 0.327 0.327 0.324 0.318 0.310 0.299 0.287 0.272 0.256 0.239 0.221 0.203 0.184 0.166 0.148 0.130 0.114 0.098 0.083 0.070 0.059 0.048 0.039 0.031 0.025 0.019 0.014 0.010 0.009 0.009 0.009 0.009 0.003 0.000 0.000 0.000 0.000 0.000 0.000 0.000 0.000 0.000 0.000 0.000 0.000 0.000 0.000 0.000 0.000 0.000 0.000 0.000 0.000 0.000 0.000 0.000 0.000 0.000 0.000 0.000 0.000 0.000 0.000 0.000 0.000 0.000 0.000 0.000 0.000 0.000 0.000 0.000 0.000 0.000 0.000 0.000 0.000 0.000 0.000 0.000 0.000 0.000 0.000 0.000 0.000 0.000 0.000 0.000 0.000 0.000 0.000 0.000 0.000 0.000 0.000 0.000 0.000
0.001 0.000 0.000 0.000 0.000 0.000 0.000 0.000 0.000 0.000 0.000 0.000 0.000 0.000 0.000 0.000 0.000 0.000 0.000 0.000 0.000 0.000 0.000 0.000 0.000 0.000 0.000 0.000 0.000 0.000 0.000 0.000 0.000 0.000 0.000 0.000 0.000 0.000 0.000 0.000 0.000 0.000 0.000 0.000 0.000 0.000 0.000 0.000 0.000 0.000 0.000 0.000 0.000 0.000 0.000 0.000 0.000 0.000 0.000 0.000 0.000 0.000 0.000 0.000 0.000 0.000 0.000 0.000 0.000 0.000 0.000 0.000 0.000 0.000 0.000 0.000 0.000 0.000 0.000 0.000 0.000 0.000 0.000 0.000 0.000 0.000 0.000 0.000 0.000 0.000 0.000 0.000 0.000 0.000 0.000 0.000 0.000 0.000 0.000 0.000 0.000 0.000 0.000 0.000 0.000 0.000 0.000 0.000 0.000 0.000 0.000 0.000 0.000 0.000 0.000 0.000 0.000 0.000 0.000 0.000 0.000 0.000 0.000 0.000 0.000 0.000 0.000 0.000 0.000 0.000 0.000 0.000 0.000 0.000 0.000 0.000 0.000 0.000 0.000 0.000 0.000 0.000 0.000 0.000 0.000 0.000 0.000 0.000 0.000 0.000 0.000 0.000 0.000 0.000 0.000 0.000 0.000 0.000
