Examples/2023_ISeeSnow/data/CoulombOnly/Results/curv77s/h/1HS_03_curv77s_MoT-Voellmy_h_0065.asc
ncols        91
nrows        69
xllcorner    3832.5
yllcorner    -4422.5
cellsize     5.00
NODATA_value -9999
[rows 34 to 67 of 69, columns 0 to 76 of 91]
0.003 0.005 0.006 0.007 0.009 0.014 0.024 0.038 0.058 0.085 0.121 0.172 0.240 0.332 0.453 0.609 0.807 1.051 1.342 1.680 2.061 2.479 2.925 3.393 3.873 4.359 4.847 5.331 5.809 6.279 6.738 7.187 7.623 8.047 8.456 8.850 9.228 9.589 9.931 10.253 10.554 10.832 11.085 11.313 11.515 11.690 11.837 11.957 12.049 12.114 12.152 12.164 12.151 12.113 12.051 11.966 11.858 11.729 11.580 11.410 11.220 11.011 10.783 10.537 10.273 9.992 9.692 9.376 9.042 8.690 8.320 7.932 7.524 7.096 6.646 6.173 5.674
0.002 0.002 0.002 0.002 0.003 0.003 0.003 0.003 0.003 0.003 0.003 0.003 0.003 0.003 0.004 0.004 0.004 0.004 0.004 0.004 0.004 0.005 0.004 0.004 0.004 0.003 0.003 0.003 0.004 0.004 0.004 0.004 0.005 0.005 0.005 0.006 0.007 0.009 0.010 0.013 0.016 0.019 0.023 0.029 0.036 0.045 0.056 0.069 0.084 0.099 0.114 0.129 0.142 0.152 0.160 0.164 0.165 0.162 0.155 0.145 0.131 0.115 0.096 0.077 0.057 0.040 0.025 0.015 0.010 0.007 0.006 0.006 0.006 0.006 0.007 0.006 0.003
0.005 0.010 0.019 0.030 0.042 0.057 0.076 0.098 0.126 0.161 0.204 0.259 0.327 0.413 0.521 0.654 0.818 1.018 1.256 1.534 1.849 2.198 2.572 2.962 3.356 3.747 4.126 4.489 4.832 5.154 5.454 5.732 5.990 6.230 6.455 6.667 6.870 7.067 7.258 7.446 7.628 7.807 7.982 8.152 8.316 8.471 8.614 8.743 8.854 8.945 9.015 9.061 9.084 9.082 9.055 9.006 8.933 8.840 8.726 8.593 8.442 8.273 8.084 7.875 7.644 7.387 7.103 6.789 6.443 6.062 5.646 5.194 4.705 4.178 3.613 3.019 2.414
0.002 0.002 0.003 0.003 0.003 0.003 0.003 0.003 0.003 0.003 0.003 0.003 0.004 0.004 0.004 0.004 0.004 0.004 0.005 0.005 0.006 0.006 0.007 0.007 0.006 0.006 0.006 0.006 0.005 0.005 0.005 0.005 0.005 0.007 0.009 0.014 0.022 0.032 0.042 0.053 0.063 0.072 0.081 0.089 0.096 0.102 0.108 0.112 0.115 0.117 0.117 0.115 0.113 0.109 0.106 0.102 0.101 0.101 0.102 0.105 0.107 0.109 0.108 0.104 0.095 0.082 0.067 0.050 0.036 0.025 0.018 0.014 0.012 0.010 0.009 0.009 0.007
0.005 0.007 0.007 0.007 0.008 0.008 0.008 0.008 0.008 0.009 0.011 0.016 0.023 0.033 0.046 0.064 0.088 0.119 0.160 0.214 0.283 0.372 0.481 0.613 0.767 0.943 1.135 1.340 1.555 1.776 1.999 2.222 2.440 2.649 2.846 3.031 3.207 3.374 3.532 3.681 3.822 3.954 4.077 4.190 4.293 4.383 4.460 4.524 4.575 4.612 4.635 4.645 4.641 4.622 4.590 4.542 4.480 4.401 4.307 4.197 4.072 3.933 3.781 3.619 3.447 3.267 3.077 2.877 2.666 2.439 2.196 1.936 1.662 1.378 1.093 0.818 0.569
0.004 0.006 0.006 0.006 0.007 0.007 0.007 0.007 0.007 0.007 0.007 0.007 0.008 0.008 0.008 0.008 0.009 0.011 0.013 0.015 0.017 0.018 0.018 0.018 0.018 0.017 0.017 0.018 0.020 0.022 0.023 0.023 0.024 0.027 0.033 0.043 0.057 0.073 0.091 0.111 0.132 0.156 0.182 0.210 0.240 0.269 0.296 0.318 0.334 0.342 0.341 0.333 0.318 0.296 0.271 0.243 0.215 0.189 0.165 0.146 0.132 0.122 0.115 0.109 0.101 0.092 0.080 0.067 0.055 0.045 0.038 0.032 0.028 0.023 0.018 0.013 0.009
0.004 0.005 0.006 0.006 0.006 0.006 0.006 0.006 0.006 0.007 0.007 0.007 0.007 0.008 0.009 0.012 0.018 0.025 0.033 0.041 0.051 0.062 0.074 0.088 0.103 0.119 0.138 0.159 0.184 0.212 0.245 0.280 0.315 0.352 0.392 0.438 0.494 0.563 0.650 0.754 0.876 1.009 1.148 1.284 1.408 1.518 1.610 1.685 1.747 1.798 1.842 1.881 1.919 1.954 1.987 2.017 2.039 2.051 2.048 2.025 1.977 1.899 1.790 1.646 1.469 1.263 1.038 0.808 0.593 0.410 0.269 0.171 0.107 0.066 0.041 0.027 0.018
0.003 0.005 0.006 0.006 0.006 0.006 0.006 0.006 0.006 0.007 0.007 0.007 0.008 0.008 0.011 0.017 0.024 0.032 0.040 0.050 0.061 0.073 0.086 0.100 0.116 0.132 0.150 0.169 0.188 0.208 0.227 0.246 0.267 0.290 0.316 0.345 0.378 0.414 0.455 0.500 0.551 0.607 0.669 0.734 0.801 0.864 0.922 0.970 1.003 1.019 1.016 0.993 0.952 0.894 0.824 0.746 0.665 0.584 0.507 0.436 0.374 0.323 0.282 0.253 0.232 0.217 0.205 0.191 0.173 0.152 0.128 0.103 0.080 0.061 0.044 0.032 0.024
0.004 0.005 0.006 0.006 0.006 0.006 0.006 0.006 0.007 0.007 0.007 0.007 0.008 0.010 0.015 0.022 0.030 0.038 0.048 0.059 0.070 0.083 0.098 0.114 0.131 0.150 0.170 0.191 0.215 0.240 0.267 0.298 0.331 0.370 0.413 0.464 0.524 0.595 0.682 0.784 0.898 1.024 1.157 1.292 1.425 1.549 1.660 1.754 1.829 1.884 1.920 1.938 1.940 1.926 1.897 1.855 1.798 1.729 1.645 1.548 1.436 1.310 1.170 1.020 0.864 0.710 0.566 0.439 0.332 0.248 0.183 0.135 0.099 0.073 0.054 0.039 0.029
0.004 0.005 0.006 0.006 0.006 0.006 0.006 0.006 0.007 0.007 0.007 0.008 0.009 0.013 0.019 0.027 0.035 0.044 0.054 0.066 0.079 0.093 0.109 0.126 0.145 0.165 0.187 0.211 0.236 0.264 0.293 0.324 0.358 0.393 0.431 0.471 0.513 0.556 0.597 0.637 0.676 0.712 0.744 0.771 0.795 0.817 0.838 0.855 0.865 0.865 0.855 0.832 0.800 0.760 0.715 0.669 0.626 0.589 0.559 0.535 0.518 0.503 0.485 0.463 0.433 0.396 0.354 0.306 0.258 0.211 0.168 0.131 0.101 0.077 0.058 0.044 0.033
0.004 0.005 0.006 0.006 0.006 0.006 0.006 0.006 0.007 0.007 0.007 0.008 0.010 0.016 0.022 0.030 0.039 0.049 0.060 0.072 0.085 0.101 0.117 0.136 0.156 0.178 0.201 0.227 0.254 0.284 0.315 0.349 0.386 0.425 0.468 0.515 0.568 0.629 0.699 0.781 0.877 0.989 1.119 1.263 1.415 1.562 1.694 1.806 1.895 1.960 1.999 2.012 2.001 1.967 1.910 1.833 1.735 1.620 1.489 1.346 1.194 1.041 0.895 0.759 0.636 0.527 0.431 0.348 0.279 0.221 0.173 0.135 0.104 0.080 0.062 0.047 0.036
0.004 0.005 0.006 0.006 0.006 0.006 0.006 0.007 0.007 0.007 0.008 0.009 0.012 0.018 0.025 0.033 0.042 0.052 0.063 0.076 0.090 0.106 0.124 0.143 0.165 0.188 0.213 0.240 0.269 0.301 0.335 0.371 0.410 0.452 0.498 0.546 0.599 0.655 0.715 0.776 0.838 0.898 0.952 0.997 1.031 1.058 1.076 1.087 1.090 1.086 1.077 1.063 1.046 1.026 1.004 0.980 0.953 0.924 0.889 0.850 0.803 0.749 0.686 0.616 0.541 0.466 0.393 0.326 0.266 0.214 0.170 0.134 0.105 0.082 0.064 0.049 0.038
0.004 0.005 0.006 0.006 0.006 0.006 0.006 0.007 0.007 0.007 0.008 0.009 0.013 0.019 0.026 0.034 0.044 0.054 0.066 0.079 0.094 0.111 0.129 0.149 0.171 0.196 0.222 0.251 0.282 0.315 0.351 0.389 0.430 0.475 0.522 0.573 0.629 0.689 0.754 0.825 0.903 0.986 1.077 1.172 1.272 1.371 1.466 1.551 1.621 1.670 1.696 1.696 1.672 1.623 1.555 1.470 1.374 1.269 1.160 1.050 0.941 0.835 0.733 0.635 0.544 0.460 0.384 0.316 0.258 0.208 0.166 0.132 0.104 0.082 0.064 0.050 0.039
0.004 0.005 0.006 0.006 0.006 0.006 0.006 0.007 0.007 0.007 0.008 0.009 0.013 0.019 0.027 0.035 0.045 0.055 0.067 0.081 0.096 0.113 0.132 0.153 0.176 0.201 0.229 0.259 0.291 0.326 0.363 0.404 0.447 0.493 0.543 0.596 0.653 0.714 0.780 0.849 0.921 0.996 1.070 1.143 1.212 1.272 1.324 1.364 1.391 1.406 1.408 1.399 1.378 1.346 1.304 1.251 1.189 1.119 1.041 0.958 0.869 0.779 0.688 0.600 0.515 0.437 0.365 0.302 0.247 0.200 0.161 0.129 0.102 0.081 0.063 0.050 0.039
0.004 0.005 0.006 0.006 0.006 0.006 0.006 0.007 0.007 0.007 0.008 0.009 0.013 0.020 0.027 0.035 0.045 0.056 0.068 0.082 0.097 0.115 0.134 0.156 0.179 0.205 0.234 0.265 0.298 0.334 0.373 0.415 0.459 0.507 0.559 0.613 0.672 0.734 0.800 0.870 0.943 1.019 1.096 1.172 1.245 1.313 1.374 1.424 1.461 1.482 1.488 1.476 1.449 1.406 1.349 1.282 1.204 1.120 1.031 0.938 0.844 0.750 0.659 0.571 0.489 0.414 0.346 0.287 0.235 0.191 0.155 0.124 0.099 0.078 0.062 0.049 0.038
0.004 0.005 0.006 0.006 0.006 0.006 0.006 0.007 0.007 0.007 0.008 0.009 0.013 0.019 0.026 0.035 0.044 0.055 0.068 0.082 0.097 0.115 0.135 0.157 0.181 0.208 0.237 0.268 0.303 0.340 0.380 0.423 0.468 0.518 0.570 0.626 0.685 0.748 0.814 0.884 0.955 1.028 1.101 1.173 1.240 1.300 1.352 1.393 1.422 1.436 1.435 1.420 1.391 1.348 1.293 1.227 1.152 1.070 0.983 0.892 0.801 0.710 0.622 0.538 0.461 0.390 0.326 0.271 0.222 0.181 0.147 0.118 0.094 0.075 0.059 0.047 0.036
0.004 0.005 0.006 0.006 0.006 0.006 0.006 0.007 0.007 0.007 0.008 0.009 0.013 0.019 0.026 0.034 0.043 0.054 0.066 0.080 0.096 0.114 0.134 0.156 0.181 0.208 0.237 0.270 0.305 0.342 0.383 0.427 0.474 0.524 0.577 0.633 0.693 0.756 0.821 0.890 0.959 1.030 1.100 1.167 1.230 1.286 1.333 1.369 1.393 1.403 1.399 1.380 1.348 1.302 1.245 1.177 1.101 1.019 0.933 0.844 0.755 0.667 0.583 0.504 0.430 0.364 0.305 0.253 0.209 0.170 0.138 0.111 0.089 0.071 0.056 0.044 0.034
0.004 0.005 0.006 0.006 0.006 0.006 0.006 0.007 0.007 0.007 0.008 0.009 0.012 0.017 0.024 0.032 0.042 0.052 0.064 0.078 0.094 0.112 0.132 0.154 0.179 0.206 0.236 0.268 0.304 0.342 0.383 0.428 0.475 0.525 0.579 0.635 0.695 0.757 0.821 0.888 0.955 1.022 1.088 1.151 1.208 1.259 1.300 1.331 1.349 1.355 1.346 1.324 1.289 1.242 1.183 1.116 1.040 0.960 0.875 0.790 0.704 0.621 0.542 0.467 0.399 0.338 0.283 0.235 0.194 0.158 0.128 0.103 0.083 0.066 0.052 0.041 0.032
0.004 0.005 0.006 0.006 0.006 0.006 0.006 0.006 0.007 0.007 0.007 0.008 0.011 0.016 0.023 0.030 0.039 0.050 0.062 0.075 0.091 0.108 0.128 0.150 0.175 0.202 0.232 0.265 0.300 0.339 0.380 0.424 0.472 0.522 0.575 0.631 0.690 0.751 0.813 0.877 0.942 1.005 1.066 1.124 1.176 1.221 1.256 1.282 1.295 1.296 1.284 1.258 1.221 1.172 1.114 1.047 0.973 0.895 0.814 0.732 0.651 0.573 0.499 0.430 0.367 0.310 0.260 0.215 0.177 0.145 0.117 0.094 0.075 0.060 0.047 0.037 0.029
0.004 0.005 0.006 0.006 0.006 0.006 0.006 0.006 0.007 0.007 0.007 0.008 0.010 0.014 0.021 0.028 0.037 0.046 0.058 0.071 0.086 0.103 0.123 0.145 0.169 0.196 0.225 0.258 0.293 0.332 0.373 0.417 0.464 0.514 0.566 0.621 0.678 0.738 0.798 0.859 0.920 0.979 1.035 1.087 1.134 1.172 1.202 1.222 1.230 1.227 1.211 1.184 1.145 1.095 1.037 0.972 0.900 0.825 0.748 0.671 0.596 0.523 0.455 0.391 0.333 0.281 0.235 0.195 0.160 0.130 0.105 0.084 0.067 0.053 0.041 0.032 0.025
0.004 0.005 0.006 0.006 0.006 0.006 0.006 0.006 0.007 0.007 0.007 0.008 0.009 0.012 0.018 0.025 0.033 0.043 0.054 0.066 0.081 0.097 0.116 0.137 0.161 0.187 0.216 0.248 0.283 0.321 0.361 0.405 0.451 0.500 0.551 0.605 0.660 0.717 0.774 0.832 0.888 0.943 0.994 1.041 1.081 1.114 1.139 1.153 1.157 1.149 1.131 1.101 1.061 1.012 0.955 0.892 0.824 0.753 0.681 0.609 0.539 0.472 0.409 0.351 0.299 0.251 0.210 0.173 0.142 0.115 0.093 0.074 0.058 0.046 0.036 0.028 0.021
0.004 0.006 0.006 0.006 0.006 0.006 0.006 0.006 0.007 0.007 0.007 0.007 0.008 0.011 0.016 0.022 0.029 0.038 0.048 0.060 0.074 0.090 0.108 0.128 0.151 0.176 0.204 0.235 0.269 0.306 0.345 0.388 0.433 0.480 0.530 0.581 0.634 0.688 0.742 0.796 0.848 0.898 0.944 0.985 1.020 1.047 1.066 1.076 1.075 1.064 1.043 1.012 0.972 0.924 0.869 0.809 0.745 0.678 0.611 0.545 0.481 0.420 0.363 0.311 0.263 0.221 0.183 0.151 0.123 0.099 0.079 0.063 0.049 0.039 0.030 0.023 0.018
0.004 0.006 0.006 0.006 0.006 0.006 0.006 0.006 0.006 0.007 0.007 0.007 0.008 0.009 0.013 0.018 0.025 0.033 0.043 0.054 0.066 0.081 0.098 0.117 0.138 0.162 0.189 0.219 0.251 0.286 0.324 0.365 0.408 0.454 0.501 0.550 0.600 0.651 0.701 0.751 0.798 0.843 0.884 0.920 0.949 0.971 0.985 0.991 0.987 0.973 0.950 0.919 0.879 0.833 0.780 0.723 0.664 0.602 0.541 0.481 0.422 0.367 0.316 0.269 0.227 0.189 0.156 0.128 0.103 0.083 0.066 0.052 0.040 0.031 0.024 0.018 0.014
0.005 0.005 0.006 0.006 0.006 0.006 0.006 0.006 0.006 0.007 0.007 0.007 0.007 0.008 0.010 0.015 0.021 0.028 0.036 0.046 0.058 0.071 0.086 0.104 0.124 0.146 0.171 0.199 0.229 0.263 0.299 0.337 0.378 0.421 0.465 0.511 0.558 0.605 0.652 0.697 0.740 0.779 0.815 0.846 0.870 0.888 0.897 0.899 0.892 0.876 0.853 0.821 0.783 0.738 0.689 0.636 0.581 0.525 0.470 0.415 0.363 0.314 0.269 0.227 0.190 0.158 0.129 0.105 0.084 0.067 0.052 0.041 0.032 0.024 0.019 0.014 0.011
0.005 0.005 0.006 0.006 0.006 0.006 0.006 0.006 0.006 0.006 0.007 0.007 0.007 0.008 0.009 0.011 0.016 0.022 0.030 0.038 0.048 0.060 0.074 0.089 0.107 0.127 0.150 0.176 0.204 0.234 0.268 0.303 0.341 0.381 0.423 0.465 0.508 0.551 0.593 0.634 0.672 0.707 0.738 0.763 0.783 0.797 0.803 0.801 0.792 0.775 0.751 0.721 0.684 0.642 0.597 0.548 0.498 0.448 0.398 0.350 0.304 0.261 0.221 0.186 0.154 0.126 0.102 0.082 0.065 0.051 0.040 0.031 0.024 0.018 0.014 0.010 0.005
0.005 0.005 0.006 0.006 0.006 0.006 0.006 0.006 0.006 0.006 0.006 0.007 0.007 0.007 0.008 0.009 0.012 0.017 0.023 0.030 0.039 0.049 0.061 0.074 0.090 0.107 0.127 0.150 0.175 0.203 0.233 0.265 0.299 0.335 0.373 0.411 0.450 0.489 0.526 0.562 0.596 0.626 0.652 0.674 0.689 0.699 0.702 0.698 0.687 0.670 0.647 0.617 0.583 0.544 0.503 0.459 0.415 0.370 0.326 0.284 0.245 0.208 0.175 0.145 0.119 0.097 0.077 0.061 0.048 0.037 0.029 0.022 0.017 0.013 0.009 0.003 0.000
0.005 0.005 0.006 0.006 0.006 0.006 0.006 0.006 0.006 0.006 0.006 0.006 0.007 0.007 0.007 0.008 0.009 0.012 0.017 0.023 0.030 0.038 0.048 0.059 0.072 0.086 0.103 0.123 0.144 0.168 0.194 0.222 0.252 0.284 0.317 0.351 0.385 0.419 0.452 0.483 0.512 0.538 0.560 0.577 0.589 0.595 0.596 0.591 0.579 0.562 0.540 0.512 0.481 0.446 0.409 0.371 0.332 0.293 0.256 0.221 0.188 0.158 0.131 0.108 0.087 0.070 0.055 0.043 0.033 0.026 0.019 0.015 0.011 0.007 0.001 0.000 0.000
0.005 0.006 0.006 0.006 0.006 0.006 0.006 0.006 0.006 0.006 0.006 0.006 0.007 0.007 0.007 0.007 0.008 0.009 0.012 0.016 0.022 0.028 0.035 0.044 0.054 0.066 0.080 0.095 0.113 0.132 0.154 0.177 0.203 0.229 0.258 0.286 0.315 0.344 0.372 0.398 0.422 0.444 0.461 0.475 0.484 0.488 0.486 0.480 0.469 0.452 0.432 0.407 0.379 0.349 0.317 0.284 0.252 0.220 0.190 0.162 0.136 0.112 0.092 0.074 0.059 0.047 0.036 0.028 0.021 0.016 0.012 0.009 0.003 0.000 0.000 0.000 0.000
0.002 0.003 0.004 0.004 0.005 0.005 0.006 0.006 0.006 0.006 0.006 0.006 0.006 0.007 0.007 0.007 0.007 0.008 0.009 0.011 0.014 0.019 0.024 0.031 0.038 0.047 0.057 0.069 0.082 0.097 0.114 0.133 0.153 0.174 0.197 0.220 0.243 0.267 0.289 0.310 0.330 0.346 0.360 0.370 0.376 0.378 0.376 0.369 0.359 0.344 0.326 0.304 0.281 0.256 0.230 0.204 0.178 0.154 0.131 0.109 0.090 0.074 0.059 0.047 0.037 0.029 0.022 0.017 0.013 0.009 0.004 0.000 0.000 0.000 0.000 0.000 0.000
0.002 0.002 0.002 0.002 0.003 0.003 0.003 0.003 0.004 0.004 0.005 0.006 0.006 0.007 0.007 0.007 0.007 0.007 0.008 0.009 0.010 0.012 0.016 0.020 0.025 0.031 0.038 0.046 0.056 0.066 0.078 0.092 0.106 0.122 0.139 0.156 0.174 0.192 0.209 0.225 0.239 0.251 0.261 0.268 0.272 0.273 0.270 0.264 0.254 0.242 0.227 0.210 0.192 0.172 0.153 0.134 0.115 0.098 0.082 0.067 0.055 0.044 0.035 0.027 0.021 0.016 0.012 0.009 0.003 0.000 0.000 0.000 0.000 0.000 0.000 0.000 0.000
0.002 0.002 0.002 0.002 0.002 0.002 0.002 0.002 0.002 0.003 0.003 0.003 0.004 0.004 0.004 0.005 0.006 0.007 0.007 0.008 0.008 0.009 0.010 0.012 0.015 0.019 0.023 0.028 0.034 0.041 0.049 0.058 0.067 0.078 0.089 0.101 0.113 0.125 0.137 0.147 0.157 0.166 0.172 0.176 0.179 0.178 0.175 0.170 0.163 0.153 0.143 0.130 0.117 0.104 0.091 0.078 0.066 0.055 0.046 0.037 0.029 0.023 0.018 0.014 0.010 0.006 0.002 0.000 0.000 0.000 0.000 0.000 0.000 0.000 0.000 0.000 0.000
0.000 0.000 0.001 0.001 0.002 0.002 0.002 0.002 0.002 0.002 0.002 0.002 0.002 0.003 0.003 0.003 0.003 0.004 0.004 0.005 0.005 0.006 0.008 0.009 0.010 0.011 0.013 0.016 0.019 0.023 0.027 0.032 0.038 0.044 0.051 0.058 0.065 0.072 0.079 0.086 0.092 0.097 0.100 0.103 0.104 0.103 0.101 0.097 0.092 0.086 0.079 0.071 0.063 0.055 0.047 0.040 0.033 0.027 0.022 0.018 0.014 0.011 0.007 0.002 0.001 0.000 0.000 0.000 0.000 0.000 0.000 0.000 0.000 0.000 0.000 0.000 0.000
0.000 0.000 0.000 0.000 0.000 0.000 0.000 0.000 0.000 0.001 0.001 0.001 0.002 0.002 0.002 0.002 0.003 0.003 0.003 0.003 0.003 0.004 0.004 0.005 0.005 0.006 0.007 0.009 0.010 0.012 0.014 0.016 0.019 0.022 0.025 0.029 0.033 0.036 0.040 0.043 0.046 0.049 0.051 0.052 0.052 0.051 0.050 0.048 0.045 0.041 0.037 0.033 0.029 0.025 0.021 0.018 0.014 0.011 0.009 0.005 0.002 0.001 0.000 0.000 0.000 0.000 0.000 0.000 0.000 0.000 0.000 0.000 0.000 0.000 0.000 0.000 0.000
0.000 0.000 0.000 0.000 0.000 0.000 0.000 0.000 0.000 0.000 0.000 0.000 0.000 0.000 0.000 0.000 0.000 0.001 0.001 0.001 0.002 0.002 0.003 0.003 0.003 0.004 0.004 0.005 0.005 0.006 0.007 0.007 0.008 0.010 0.011 0.012 0.014 0.016 0.017 0.019 0.020 0.021 0.022 0.022 0.022 0.022 0.021 0.020 0.018 0.017 0.015 0.013 0.011 0.009 0.006 0.003 0.002 0.001 0.000 0.000 0.000 0.000 0.000 0.000 0.000 0.000 0.000 0.000 0.000 0.000 0.000 0.000 0.000 0.000 0.000 0.000 0.000
