Examples/2023_ISeeSnow/data/CoulombOnly/Results/curv77s/h/1HS_03_curv77s_MoT-Voellmy_h_0042.asc
ncols        185
nrows        17
xllcorner    2362.5
yllcorner    -4292.5
cellsize     5.00
NODATA_value -9999
0.000 0.000 0.000 0.000 0.000 0.000 0.000 0.000 0.000 0.000 0.000 0.000 0.000 0.000 0.000 0.000 0.000 0.000 0.000 0.000 0.000 0.000 0.000 0.000 0.000 0.000 0.000 0.000 0.000 0.000 0.000 0.000 0.000 0.000 0.000 0.000 0.000 0.000 0.000 0.000 0.000 0.000 0.000 0.000 0.000 0.000 0.000 0.000 0.000 0.000 0.000 0.000 0.000 0.000 0.000 0.000 0.000 0.000 0.000 0.000 0.000 0.000 0.000 0.000 0.000 0.000 0.000 0.000 0.000 0.000 0.000 0.000 0.000 0.000 0.000 0.000 0.000 0.000 0.000 0.000 0.000 0.000 0.000 0.000 0.000 0.000 0.000 0.000 0.000 0.000 0.001 0.001 0.001 0.001 0.002 0.002 0.003 0.003 0.003 0.004 0.004 0.005 0.005 0.005 0.006 0.006 0.006 0.006 0.007 0.007 0.007 0.007 0.007 0.007 0.007 0.006 0.006 0.006 0.005 0.005 0.004 0.004 0.004 0.003 0.003 0.003 0.002 0.002 0.002 0.001 0.001 0.001 0.001 0.001 0.000 0.000 0.000 0.000 0.000 0.000 0.000 0.000 0.000 0.000 0.000 0.000 0.000 0.000 0.000 0.000 0.000 0.000 0.000 0.000 0.000 0.000 0.000 0.000 0.000 0.000 0.000 0.000 0.000 0.000 0.000 0.000 0.000 0.000 0.000 0.000 0.000 0.000 0.000 0.000 0.000 0.000 0.000 0.000 0.000 0.000 0.000 0.000 0.000 0.000 0.000
0.000 0.000 0.000 0.000 0.000 0.000 0.000 0.000 0.000 0.000 0.000 0.000 0.000 0.000 0.000 0.000 0.000 0.000 0.000 0.000 0.000 0.000 0.000 0.000 0.000 0.000 0.000 0.000 0.000 0.000 0.000 0.000 0.000 0.000 0.000 0.001 0.001 0.001 0.002 0.003 0.004 0.004 0.000 0.000 0.000 0.000 0.000 0.000 0.000 0.000 0.000 0.000 0.000 0.000 0.000 0.000 0.000 0.000 0.000 0.000 0.000 0.000 0.000 0.000 0.000 0.000 0.000 0.000 0.000 0.000 0.000 0.000 0.000 0.000 0.000 0.000 0.000 0.000 0.000 0.000 0.000 0.000 0.000 0.000 0.000 0.000 0.001 0.002 0.004 0.006 0.010 0.013 0.018 0.023 0.028 0.034 0.039 0.045 0.050 0.055 0.060 0.064 0.068 0.072 0.074 0.077 0.079 0.080 0.081 0.082 0.082 0.082 0.082 0.081 0.080 0.078 0.076 0.074 0.072 0.069 0.066 0.063 0.060 0.057 0.053 0.049 0.046 0.042 0.039 0.035 0.031 0.028 0.025 0.022 0.019 0.016 0.014 0.011 0.009 0.005 0.002 0.001 0.001 0.001 0.000 0.000 0.000 0.000 0.000 0.000 0.000 0.000 0.000 0.000 0.000 0.000 0.000 0.000 0.000 0.000 0.000 0.000 0.000 0.000 0.000 0.000 0.000 0.000 0.000 0.000 0.000 0.000 0.000 0.000 0.000 0.000 0.000 0.000 0.000 0.000 0.000 0.000 0.000 0.000 0.000
0.001 0.001 0.001 0.001 0.001 0.001 0.001 0.001 0.001 0.001 0.001 0.001 0.001 0.001 0.001 0.002 0.002 0.002 0.002 0.002 0.002 0.002 0.002 0.002 0.002 0.002 0.002 0.002 0.002 0.002 0.002 0.002 0.002 0.003 0.003 0.003 0.003 0.003 0.003 0.004 0.004 0.004 0.004 0.004 0.004 0.004 0.004 0.005 0.005 0.005 0.005 0.006 0.006 0.007 0.007 0.008 0.011 0.014 0.016 0.018 0.020 0.022 0.024 0.026 0.028 0.030 0.031 0.033 0.034 0.035 0.036 0.036 0.037 0.037 0.037 0.036 0.036 0.035 0.035 0.039 0.048 0.061 0.079 0.101 0.126 0.155 0.187 0.219 0.251 0.282 0.312 0.340 0.367 0.390 0.412 0.430 0.446 0.459 0.470 0.478 0.484 0.488 0.490 0.491 0.489 0.486 0.482 0.477 0.470 0.463 0.455 0.446 0.436 0.426 0.415 0.404 0.393 0.381 0.368 0.355 0.342 0.328 0.314 0.299 0.284 0.269 0.253 0.237 0.220 0.204 0.187 0.171 0.155 0.140 0.124 0.110 0.096 0.084 0.072 0.061 0.051 0.042 0.034 0.028 0.022 0.017 0.014 0.010 0.005 0.001 0.001 0.000 0.000 0.000 0.000 0.000 0.000 0.000 0.000 0.000 0.000 0.000 0.000 0.000 0.000 0.000 0.000 0.000 0.000 0.000 0.000 0.000 0.000 0.000 0.000 0.000 0.000 0.000 0.000 0.000 0.000 0.000 0.000 0.000 0.000
0.002 0.002 0.002 0.002 0.003 0.003 0.003 0.003 0.003 0.003 0.003 0.003 0.003 0.003 0.003 0.003 0.003 0.003 0.004 0.004 0.004 0.004 0.004 0.004 0.004 0.004 0.004 0.005 0.005 0.005 0.005 0.005 0.006 0.006 0.006 0.007 0.007 0.008 0.010 0.014 0.018 0.022 0.026 0.031 0.036 0.042 0.049 0.056 0.064 0.073 0.082 0.092 0.102 0.113 0.124 0.136 0.147 0.159 0.170 0.181 0.192 0.202 0.213 0.223 0.233 0.243 0.253 0.264 0.280 0.305 0.341 0.387 0.444 0.510 0.586 0.669 0.761 0.858 0.958 1.055 1.144 1.226 1.299 1.363 1.417 1.461 1.496 1.523 1.542 1.554 1.559 1.558 1.552 1.542 1.527 1.509 1.489 1.466 1.441 1.415 1.388 1.360 1.332 1.304 1.276 1.248 1.220 1.192 1.165 1.138 1.111 1.085 1.059 1.033 1.008 0.983 0.958 0.932 0.907 0.881 0.854 0.827 0.799 0.770 0.740 0.708 0.676 0.642 0.608 0.572 0.536 0.500 0.463 0.427 0.391 0.355 0.321 0.287 0.255 0.225 0.197 0.170 0.146 0.124 0.104 0.086 0.070 0.057 0.045 0.035 0.027 0.021 0.016 0.012 0.008 0.002 0.001 0.000 0.000 0.000 0.000 0.000 0.000 0.000 0.000 0.000 0.000 0.000 0.000 0.000 0.000 0.000 0.000 0.000 0.000 0.000 0.000 0.000 0.000 0.000 0.000 0.000 0.000 0.000 0.000
0.003 0.004 0.004 0.004 0.004 0.004 0.004 0.004 0.004 0.004 0.005 0.005 0.005 0.005 0.005 0.005 0.005 0.005 0.005 0.005 0.006 0.006 0.006 0.006 0.006 0.007 0.007 0.008 0.009 0.011 0.015 0.020 0.025 0.030 0.037 0.045 0.055 0.066 0.079 0.094 0.110 0.128 0.148 0.169 0.192 0.217 0.243 0.271 0.301 0.332 0.364 0.398 0.434 0.471 0.510 0.550 0.595 0.649 0.714 0.790 0.877 0.977 1.088 1.211 1.344 1.488 1.641 1.801 1.958 2.104 2.236 2.351 2.451 2.535 2.602 2.655 2.693 2.718 2.733 2.741 2.744 2.744 2.742 2.738 2.734 2.729 2.725 2.720 2.716 2.712 2.707 2.703 2.698 2.692 2.685 2.677 2.668 2.657 2.644 2.630 2.613 2.593 2.571 2.547 2.520 2.490 2.458 2.422 2.384 2.342 2.298 2.251 2.201 2.147 2.091 2.032 1.970 1.906 1.838 1.769 1.697 1.623 1.548 1.471 1.394 1.317 1.240 1.163 1.088 1.015 0.943 0.874 0.808 0.745 0.685 0.628 0.574 0.524 0.477 0.433 0.391 0.352 0.316 0.282 0.250 0.220 0.193 0.167 0.143 0.121 0.102 0.084 0.069 0.056 0.045 0.036 0.028 0.022 0.017 0.013 0.009 0.003 0.001 0.000 0.000 0.000 0.000 0.000 0.000 0.000 0.000 0.000 0.000 0.000 0.000 0.000 0.000 0.000 0.000 0.000 0.000 0.000 0.000 0.000 0.000
0.005 0.005 0.005 0.006 0.006 0.006 0.006 0.006 0.006 0.006 0.006 0.006 0.006 0.006 0.007 0.007 0.007 0.007 0.007 0.008 0.009 0.013 0.018 0.023 0.028 0.035 0.044 0.054 0.067 0.083 0.101 0.122 0.146 0.174 0.205 0.241 0.281 0.326 0.376 0.430 0.490 0.555 0.625 0.700 0.782 0.869 0.961 1.060 1.165 1.276 1.394 1.519 1.650 1.788 1.933 2.084 2.237 2.382 2.516 2.637 2.744 2.837 2.914 2.977 3.024 3.055 3.071 3.073 3.065 3.052 3.035 3.015 2.992 2.966 2.937 2.906 2.872 2.834 2.793 2.749 2.701 2.649 2.593 2.535 2.477 2.420 2.364 2.309 2.255 2.204 2.155 2.109 2.067 2.028 1.993 1.962 1.935 1.911 1.891 1.874 1.859 1.846 1.834 1.822 1.811 1.798 1.783 1.767 1.747 1.725 1.700 1.672 1.640 1.605 1.567 1.527 1.484 1.439 1.392 1.344 1.294 1.244 1.193 1.141 1.089 1.037 0.985 0.933 0.881 0.829 0.778 0.728 0.679 0.631 0.585 0.542 0.501 0.464 0.430 0.399 0.372 0.348 0.327 0.308 0.292 0.277 0.263 0.250 0.236 0.222 0.207 0.191 0.175 0.159 0.142 0.125 0.109 0.093 0.079 0.065 0.053 0.043 0.034 0.026 0.020 0.015 0.011 0.007 0.001 0.000 0.000 0.000 0.000 0.000 0.000 0.000 0.000 0.000 0.000 0.000 0.000 0.000 0.000 0.000 0.000
0.005 0.006 0.006 0.007 0.007 0.007 0.007 0.007 0.007 0.007 0.007 0.008 0.008 0.008 0.010 0.014 0.018 0.023 0.029 0.036 0.045 0.056 0.070 0.086 0.105 0.128 0.157 0.195 0.243 0.303 0.376 0.461 0.559 0.668 0.789 0.920 1.060 1.207 1.360 1.517 1.676 1.837 1.997 2.156 2.311 2.462 2.607 2.745 2.876 2.998 3.110 3.212 3.302 3.380 3.445 3.496 3.536 3.569 3.596 3.618 3.637 3.652 3.665 3.676 3.686 3.697 3.709 3.723 3.740 3.759 3.782 3.809 3.839 3.872 3.909 3.950 3.992 4.038 4.085 4.134 4.184 4.235 4.286 4.333 4.374 4.406 4.430 4.445 4.451 4.447 4.435 4.412 4.381 4.339 4.289 4.229 4.161 4.085 4.001 3.911 3.816 3.716 3.612 3.506 3.398 3.291 3.183 3.077 2.973 2.872 2.775 2.682 2.593 2.509 2.430 2.356 2.287 2.224 2.166 2.113 2.066 2.024 1.988 1.957 1.930 1.909 1.893 1.880 1.872 1.866 1.862 1.860 1.857 1.853 1.846 1.834 1.817 1.792 1.760 1.720 1.671 1.613 1.547 1.474 1.394 1.310 1.221 1.131 1.039 0.949 0.860 0.775 0.696 0.622 0.552 0.486 0.426 0.371 0.320 0.274 0.233 0.196 0.164 0.136 0.111 0.090 0.072 0.057 0.044 0.034 0.026 0.020 0.015 0.011 0.006 0.000 0.000 0.000 0.000 0.000 0.000 0.000 0.000 0.000 0.000
0.006 0.006 0.007 0.007 0.007 0.008 0.008 0.008 0.008 0.008 0.009 0.013 0.018 0.026 0.035 0.047 0.061 0.080 0.102 0.130 0.164 0.206 0.256 0.315 0.385 0.464 0.552 0.646 0.740 0.834 0.926 1.017 1.104 1.190 1.272 1.352 1.431 1.507 1.583 1.657 1.731 1.805 1.880 1.954 2.029 2.105 2.181 2.258 2.336 2.414 2.492 2.571 2.650 2.729 2.808 2.886 2.965 3.043 3.121 3.198 3.272 3.345 3.415 3.481 3.542 3.599 3.650 3.695 3.733 3.763 3.787 3.803 3.812 3.813 3.808 3.796 3.777 3.753 3.723 3.688 3.648 3.603 3.554 3.503 3.452 3.401 3.351 3.302 3.253 3.206 3.160 3.115 3.071 3.029 2.989 2.949 2.911 2.874 2.838 2.803 2.769 2.735 2.701 2.666 2.632 2.597 2.562 2.526 2.489 2.451 2.412 2.372 2.331 2.288 2.245 2.200 2.154 2.106 2.057 2.007 1.954 1.900 1.844 1.785 1.724 1.660 1.594 1.525 1.453 1.378 1.301 1.221 1.141 1.059 0.977 0.896 0.817 0.740 0.666 0.596 0.530 0.470 0.415 0.365 0.321 0.281 0.247 0.218 0.192 0.171 0.152 0.137 0.125 0.114 0.105 0.097 0.091 0.085 0.079 0.074 0.069 0.064 0.060 0.055 0.050 0.046 0.041 0.037 0.032 0.028 0.025 0.021 0.018 0.015 0.013 0.011 0.008 0.002 0.000 0.000 0.000 0.000 0.000 0.000 0.000
0.009 0.017 0.027 0.037 0.049 0.062 0.078 0.095 0.116 0.140 0.169 0.203 0.243 0.290 0.343 0.403 0.470 0.544 0.625 0.711 0.803 0.898 0.995 1.092 1.188 1.282 1.373 1.464 1.558 1.654 1.754 1.857 1.961 2.067 2.174 2.281 2.389 2.495 2.600 2.704 2.805 2.905 3.001 3.095 3.187 3.275 3.360 3.442 3.521 3.597 3.669 3.739 3.805 3.869 3.929 3.986 4.041 4.092 4.141 4.187 4.231 4.272 4.310 4.346 4.380 4.411 4.440 4.467 4.491 4.513 4.534 4.552 4.568 4.582 4.594 4.604 4.611 4.617 4.621 4.622 4.622 4.620 4.615 4.609 4.600 4.590 4.577 4.563 4.546 4.528 4.507 4.485 4.460 4.434 4.406 4.376 4.344 4.310 4.275 4.238 4.200 4.159 4.118 4.075 4.030 3.985 3.938 3.890 3.841 3.791 3.740 3.688 3.636 3.583 3.529 3.476 3.421 3.367 3.312 3.258 3.203 3.148 3.093 3.038 2.983 2.928 2.873 2.818 2.763 2.707 2.651 2.595 2.538 2.481 2.423 2.364 2.304 2.243 2.181 2.118 2.054 1.988 1.921 1.853 1.784 1.713 1.641 1.568 1.494 1.420 1.344 1.270 1.201 1.131 1.061 0.991 0.923 0.855 0.788 0.723 0.661 0.600 0.542 0.487 0.435 0.386 0.340 0.298 0.259 0.224 0.192 0.164 0.138 0.116 0.097 0.080 0.065 0.053 0.042 0.034 0.027 0.021 0.016 0.013 0.010
0.006 0.006 0.007 0.007 0.007 0.008 0.008 0.008 0.008 0.008 0.009 0.013 0.018 0.026 0.035 0.047 0.061 0.080 0.102 0.130 0.164 0.206 0.256 0.315 0.385 0.464 0.552 0.646 0.740 0.834 0.927 1.017 1.104 1.190 1.272 1.353 1.431 1.507 1.583 1.657 1.732 1.806 1.880 1.954 2.029 2.105 2.182 2.259 2.336 2.414 2.493 2.571 2.650 2.729 2.808 2.887 2.965 3.044 3.121 3.198 3.273 3.345 3.415 3.481 3.543 3.599 3.650 3.695 3.733 3.764 3.787 3.803 3.812 3.814 3.808 3.796 3.778 3.753 3.723 3.688 3.648 3.603 3.554 3.503 3.452 3.401 3.351 3.302 3.253 3.206 3.160 3.115 3.072 3.030 2.989 2.950 2.912 2.875 2.839 2.804 2.769 2.735 2.701 2.667 2.633 2.598 2.563 2.527 2.490 2.452 2.413 2.373 2.332 2.290 2.246 2.201 2.155 2.107 2.058 2.008 1.955 1.901 1.845 1.786 1.725 1.661 1.595 1.525 1.453 1.378 1.301 1.222 1.141 1.059 0.978 0.896 0.817 0.740 0.666 0.596 0.531 0.470 0.415 0.365 0.321 0.281 0.247 0.218 0.192 0.171 0.152 0.137 0.125 0.114 0.105 0.097 0.091 0.085 0.079 0.074 0.069 0.064 0.060 0.055 0.050 0.046 0.041 0.037 0.032 0.028 0.025 0.021 0.018 0.015 0.013 0.011 0.008 0.002 0.000 0.000 0.000 0.000 0.000 0.000 0.000
0.005 0.006 0.006 0.007 0.007 0.007 0.007 0.007 0.007 0.007 0.007 0.008 0.008 0.008 0.010 0.014 0.018 0.023 0.029 0.036 0.045 0.056 0.070 0.086 0.105 0.128 0.157 0.195 0.243 0.303 0.376 0.461 0.559 0.668 0.789 0.920 1.060 1.207 1.360 1.517 1.677 1.837 1.998 2.156 2.311 2.462 2.607 2.746 2.876 2.998 3.111 3.212 3.303 3.381 3.446 3.497 3.537 3.570 3.597 3.619 3.638 3.653 3.665 3.677 3.687 3.698 3.710 3.724 3.740 3.760 3.783 3.810 3.840 3.874 3.911 3.951 3.994 4.039 4.086 4.135 4.185 4.236 4.288 4.335 4.376 4.408 4.431 4.446 4.452 4.448 4.435 4.413 4.381 4.339 4.288 4.228 4.160 4.084 4.000 3.910 3.815 3.715 3.611 3.505 3.397 3.290 3.182 3.077 2.973 2.872 2.775 2.682 2.594 2.510 2.431 2.357 2.289 2.225 2.167 2.115 2.068 2.026 1.989 1.958 1.932 1.911 1.894 1.882 1.873 1.867 1.864 1.861 1.858 1.854 1.847 1.835 1.817 1.793 1.761 1.721 1.671 1.614 1.548 1.474 1.395 1.310 1.221 1.131 1.039 0.949 0.860 0.775 0.696 0.622 0.552 0.486 0.426 0.371 0.320 0.274 0.233 0.196 0.164 0.136 0.111 0.090 0.072 0.057 0.044 0.034 0.026 0.020 0.015 0.011 0.006 0.000 0.000 0.000 0.000 0.000 0.000 0.000 0.000 0.000 0.000
0.005 0.005 0.005 0.006 0.006 0.006 0.006 0.006 0.006 0.006 0.006 0.006 0.006 0.006 0.007 0.007 0.007 0.007 0.007 0.008 0.009 0.013 0.018 0.023 0.028 0.035 0.044 0.054 0.067 0.083 0.101 0.122 0.146 0.174 0.205 0.241 0.281 0.326 0.376 0.430 0.490 0.555 0.625 0.700 0.782 0.868 0.961 1.060 1.165 1.276 1.394 1.519 1.650 1.788 1.933 2.084 2.237 2.383 2.516 2.637 2.744 2.837 2.915 2.977 3.024 3.056 3.072 3.073 3.065 3.052 3.035 3.015 2.992 2.966 2.938 2.906 2.872 2.834 2.793 2.749 2.700 2.648 2.592 2.534 2.477 2.420 2.363 2.308 2.255 2.204 2.155 2.110 2.068 2.029 1.994 1.964 1.937 1.913 1.893 1.876 1.861 1.848 1.836 1.824 1.812 1.799 1.784 1.768 1.748 1.726 1.701 1.672 1.640 1.605 1.567 1.527 1.484 1.439 1.392 1.343 1.294 1.244 1.193 1.141 1.089 1.037 0.985 0.932 0.880 0.829 0.778 0.727 0.678 0.631 0.585 0.542 0.501 0.464 0.430 0.399 0.372 0.348 0.327 0.308 0.292 0.277 0.263 0.250 0.236 0.222 0.207 0.191 0.175 0.159 0.142 0.125 0.109 0.093 0.079 0.065 0.053 0.043 0.034 0.026 0.020 0.015 0.011 0.007 0.001 0.000 0.000 0.000 0.000 0.000 0.000 0.000 0.000 0.000 0.000 0.000 0.000 0.000 0.000 0.000 0.000
0.003 0.004 0.004 0.004 0.004 0.004 0.004 0.004 0.004 0.004 0.005 0.005 0.005 0.005 0.005 0.005 0.005 0.005 0.005 0.005 0.006 0.006 0.006 0.006 0.006 0.007 0.007 0.008 0.009 0.011 0.015 0.020 0.025 0.030 0.037 0.045 0.055 0.066 0.079 0.094 0.110 0.128 0.148 0.169 0.192 0.217 0.243 0.271 0.300 0.332 0.364 0.398 0.434 0.471 0.510 0.550 0.595 0.649 0.713 0.789 0.877 0.977 1.088 1.210 1.343 1.487 1.640 1.800 1.958 2.104 2.235 2.351 2.451 2.535 2.603 2.656 2.694 2.720 2.734 2.742 2.746 2.746 2.744 2.741 2.736 2.732 2.727 2.723 2.718 2.714 2.710 2.705 2.700 2.694 2.688 2.680 2.670 2.659 2.646 2.631 2.614 2.595 2.573 2.548 2.521 2.491 2.459 2.423 2.385 2.343 2.299 2.252 2.201 2.148 2.092 2.032 1.970 1.906 1.838 1.769 1.697 1.623 1.548 1.471 1.394 1.317 1.240 1.163 1.088 1.015 0.943 0.874 0.808 0.745 0.684 0.628 0.574 0.524 0.477 0.433 0.391 0.352 0.316 0.282 0.250 0.220 0.192 0.167 0.143 0.121 0.102 0.084 0.069 0.056 0.045 0.036 0.028 0.022 0.017 0.013 0.009 0.003 0.001 0.000 0.000 0.000 0.000 0.000 0.000 0.000 0.000 0.000 0.000 0.000 0.000 0.000 0.000 0.000 0.000 0.000 0.000 0.000 0.000 0.000 0.000
0.002 0.002 0.002 0.002 0.003 0.003 0.003 0.003 0.003 0.003 0.003 0.003 0.003 0.003 0.003 0.003 0.003 0.003 0.004 0.004 0.004 0.004 0.004 0.004 0.004 0.004 0.004 0.005 0.005 0.005 0.005 0.005 0.006 0.006 0.006 0.007 0.007 0.008 0.010 0.014 0.018 0.022 0.026 0.031 0.036 0.042 0.049 0.056 0.064 0.073 0.082 0.092 0.102 0.113 0.124 0.136 0.147 0.159 0.170 0.181 0.192 0.202 0.212 0.223 0.233 0.243 0.253 0.264 0.280 0.305 0.341 0.387 0.443 0.509 0.584 0.668 0.759 0.856 0.957 1.053 1.143 1.225 1.298 1.361 1.415 1.460 1.495 1.522 1.541 1.553 1.558 1.557 1.552 1.541 1.527 1.509 1.488 1.465 1.440 1.414 1.387 1.360 1.332 1.304 1.276 1.248 1.220 1.192 1.165 1.138 1.111 1.085 1.059 1.033 1.008 0.983 0.958 0.932 0.907 0.881 0.854 0.827 0.799 0.770 0.739 0.708 0.676 0.642 0.608 0.572 0.536 0.500 0.463 0.427 0.390 0.355 0.320 0.287 0.255 0.225 0.197 0.170 0.146 0.124 0.104 0.086 0.070 0.057 0.045 0.035 0.027 0.021 0.016 0.012 0.008 0.002 0.001 0.000 0.000 0.000 0.000 0.000 0.000 0.000 0.000 0.000 0.000 0.000 0.000 0.000 0.000 0.000 0.000 0.000 0.000 0.000 0.000 0.000 0.000 0.000 0.000 0.000 0.000 0.000 0.000
0.001 0.001 0.001 0.001 0.001 0.001 0.001 0.001 0.001 0.001 0.001 0.001 0.001 0.001 0.001 0.002 0.002 0.002 0.002 0.002 0.002 0.002 0.002 0.002 0.002 0.002 0.002 0.002 0.002 0.002 0.002 0.002 0.002 0.003 0.003 0.003 0.003 0.003 0.003 0.004 0.004 0.004 0.004 0.004 0.004 0.004 0.004 0.005 0.005 0.005 0.005 0.006 0.006 0.007 0.007 0.008 0.011 0.014 0.016 0.018 0.020 0.022 0.024 0.026 0.028 0.029 0.031 0.032 0.034 0.035 0.036 0.036 0.036 0.037 0.036 0.036 0.036 0.035 0.035 0.039 0.048 0.061 0.078 0.100 0.126 0.154 0.186 0.218 0.250 0.281 0.311 0.339 0.366 0.389 0.411 0.429 0.445 0.458 0.469 0.477 0.483 0.487 0.490 0.490 0.488 0.486 0.481 0.476 0.470 0.462 0.454 0.445 0.436 0.426 0.415 0.404 0.392 0.380 0.368 0.355 0.342 0.328 0.314 0.299 0.284 0.268 0.253 0.236 0.220 0.204 0.187 0.171 0.155 0.139 0.124 0.110 0.096 0.083 0.072 0.061 0.051 0.042 0.034 0.028 0.022 0.017 0.013 0.010 0.005 0.001 0.001 0.000 0.000 0.000 0.000 0.000 0.000 0.000 0.000 0.000 0.000 0.000 0.000 0.000 0.000 0.000 0.000 0.000 0.000 0.000 0.000 0.000 0.000 0.000 0.000 0.000 0.000 0.000 0.000 0.000 0.000 0.000 0.000 0.000 0.000
0.000 0.000 0.000 0.000 0.000 0.000 0.000 0.000 0.000 0.000 0.000 0.000 0.000 0.000 0.000 0.000 0.000 0.000 0.000 0.000 0.000 0.000 0.000 0.000 0.000 0.000 0.000 0.000 0.000 0.000 0.000 0.000 0.000 0.000 0.000 0.001 0.001 0.001 0.002 0.003 0.004 0.004 0.000 0.000 0.000 0.000 0.000 0.000 0.000 0.000 0.000 0.000 0.000 0.000 0.000 0.000 0.000 0.000 0.000 0.000 0.000 0.000 0.000 0.000 0.000 0.000 0.000 0.000 0.000 0.000 0.000 0.000 0.000 0.000 0.000 0.000 0.000 0.000 0.000 0.000 0.000 0.000 0.000 0.000 0.000 0.000 0.001 0.002 0.004 0.006 0.010 0.013 0.018 0.023 0.028 0.033 0.039 0.044 0.050 0.055 0.060 0.064 0.068 0.071 0.074 0.077 0.079 0.080 0.081 0.082 0.082 0.082 0.081 0.081 0.079 0.078 0.076 0.074 0.072 0.069 0.066 0.063 0.060 0.056 0.053 0.049 0.046 0.042 0.038 0.035 0.031 0.028 0.025 0.022 0.019 0.016 0.014 0.011 0.009 0.005 0.002 0.001 0.001 0.001 0.000 0.000 0.000 0.000 0.000 0.000 0.000 0.000 0.000 0.000 0.000 0.000 0.000 0.000 0.000 0.000 0.000 0.000 0.000 0.000 0.000 0.000 0.000 0.000 0.000 0.000 0.000 0.000 0.000 0.000 0.000 0.000 0.000 0.000 0.000 0.000 0.000 0.000 0.000 0.000 0.000
0.000 0.000 0.000 0.000 0.000 0.000 0.000 0.000 0.000 0.000 0.000 0.000 0.000 0.000 0.000 0.000 0.000 0.000 0.000 0.000 0.000 0.000 0.000 0.000 0.000 0.000 0.000 0.000 0.000 0.000 0.000 0.000 0.000 0.000 0.000 0.000 0.000 0.000 0.000 0.000 0.000 0.000 0.000 0.000 0.000 0.000 0.000 0.000 0.000 0.000 0.000 0.000 0.000 0.000 0.000 0.000 0.000 0.000 0.000 0.000 0.000 0.000 0.000 0.000 0.000 0.000 0.000 0.000 0.000 0.000 0.000 0.000 0.000 0.000 0.000 0.000 0.000 0.000 0.000 0.000 0.000 0.000 0.000 0.000 0.000 0.000 0.000 0.000 0.000 0.000 0.001 0.001 0.001 0.001 0.002 0.002 0.003 0.003 0.003 0.004 0.004 0.005 0.005 0.005 0.006 0.006 0.006 0.006 0.007 0.007 0.007 0.007 0.007 0.007 0.006 0.006 0.006 0.006 0.005 0.005 0.004 0.004 0.004 0.003 0.003 0.003 0.002 0.002 0.002 0.001 0.001 0.001 0.001 0.001 0.000 0.000 0.000 0.000 0.000 0.000 0.000 0.000 0.000 0.000 0.000 0.000 0.000 0.000 0.000 0.000 0.000 0.000 0.000 0.000 0.000 0.000 0.000 0.000 0.000 0.000 0.000 0.000 0.000 0.000 0.000 0.000 0.000 0.000 0.000 0.000 0.000 0.000 0.000 0.000 0.000 0.000 0.000 0.000 0.000 0.000 0.000 0.000 0.000 0.000 0.000
