Examples/2023_ISeeSnow/data/CoulombOnly/Results/curv77s/h/1HS_03_curv77s_MoT-Voellmy_h_0021.asc
ncols        112
nrows        35
xllcorner    1337.5
yllcorner    -4337.5
cellsize     5.00
NODATA_value -9999
[rows 0 to 33 of 35, columns 0 to 76 of 112]
0.003 0.003 0.004 0.004 0.004 0.004 0.004 0.004 0.004 0.004 0.004 0.004 0.004 0.005 0.005 0.005 0.005 0.005 0.006 0.006 0.006 0.007 0.007 0.007 0.007 0.007 0.007 0.006 0.005 0.004 0.004 0.004 0.005 0.005 0.006 0.006 0.002 0.000 0.000 0.000 0.000 0.000 0.000 0.000 0.000 0.000 0.000 0.000 0.000 0.000 0.000 0.000 0.000 0.000 0.000 0.000 0.000 0.000 0.000 0.000 0.000 0.000 0.000 0.000 0.000 0.000 0.000 0.000 0.000 0.000 0.000 0.000 0.000 0.000 0.000 0.000 0.000
0.003 0.005 0.005 0.005 0.005 0.006 0.006 0.006 0.006 0.006 0.007 0.007 0.008 0.009 0.012 0.015 0.018 0.021 0.024 0.027 0.030 0.033 0.035 0.037 0.038 0.038 0.037 0.036 0.034 0.031 0.028 0.025 0.023 0.021 0.018 0.016 0.012 0.008 0.006 0.005 0.005 0.006 0.007 0.006 0.001 0.000 0.000 0.000 0.000 0.000 0.000 0.000 0.000 0.000 0.000 0.000 0.000 0.000 0.000 0.000 0.000 0.000 0.000 0.000 0.000 0.000 0.000 0.000 0.000 0.000 0.000 0.000 0.000 0.000 0.000 0.000 0.000
0.004 0.005 0.006 0.006 0.006 0.007 0.007 0.007 0.008 0.009 0.013 0.018 0.023 0.030 0.038 0.046 0.054 0.063 0.072 0.081 0.089 0.096 0.102 0.107 0.110 0.112 0.112 0.110 0.106 0.101 0.095 0.088 0.081 0.073 0.065 0.057 0.049 0.041 0.034 0.028 0.023 0.019 0.016 0.012 0.007 0.005 0.005 0.005 0.007 0.007 0.002 0.000 0.000 0.000 0.000 0.000 0.000 0.000 0.000 0.000 0.000 0.000 0.000 0.000 0.000 0.000 0.000 0.000 0.000 0.000 0.000 0.000 0.000 0.000 0.000 0.000 0.000
0.004 0.005 0.006 0.006 0.007 0.007 0.008 0.010 0.016 0.023 0.031 0.041 0.052 0.065 0.080 0.095 0.111 0.127 0.143 0.159 0.174 0.188 0.200 0.211 0.219 0.224 0.227 0.227 0.224 0.219 0.211 0.201 0.190 0.176 0.162 0.147 0.132 0.117 0.102 0.088 0.075 0.063 0.053 0.044 0.035 0.028 0.022 0.018 0.015 0.011 0.007 0.005 0.005 0.006 0.007 0.005 0.001 0.000 0.000 0.000 0.000 0.000 0.000 0.000 0.000 0.000 0.000 0.000 0.000 0.000 0.000 0.000 0.000 0.000 0.000 0.000 0.000
0.004 0.006 0.006 0.007 0.008 0.010 0.016 0.024 0.034 0.046 0.060 0.076 0.094 0.114 0.136 0.159 0.183 0.207 0.232 0.255 0.278 0.300 0.319 0.336 0.350 0.362 0.370 0.375 0.376 0.374 0.368 0.358 0.346 0.331 0.313 0.293 0.271 0.249 0.226 0.202 0.180 0.158 0.137 0.118 0.100 0.084 0.069 0.057 0.047 0.038 0.030 0.023 0.018 0.015 0.012 0.008 0.005 0.005 0.005 0.006 0.005 0.001 0.000 0.000 0.000 0.000 0.000 0.000 0.000 0.000 0.000 0.000 0.000 0.000 0.000 0.000 0.000
0.004 0.006 0.007 0.008 0.012 0.019 0.029 0.041 0.055 0.072 0.092 0.114 0.138 0.164 0.192 0.222 0.252 0.284 0.315 0.345 0.375 0.404 0.430 0.455 0.476 0.495 0.510 0.522 0.530 0.534 0.534 0.530 0.522 0.510 0.494 0.475 0.453 0.428 0.401 0.372 0.342 0.312 0.281 0.251 0.222 0.195 0.169 0.145 0.124 0.104 0.087 0.071 0.059 0.048 0.038 0.030 0.023 0.018 0.015 0.012 0.007 0.005 0.005 0.005 0.007 0.005 0.000 0.000 0.000 0.000 0.000 0.000 0.000 0.000 0.000 0.000 0.000
0.004 0.006 0.008 0.012 0.019 0.030 0.043 0.058 0.077 0.098 0.122 0.150 0.179 0.212 0.246 0.282 0.319 0.357 0.395 0.433 0.471 0.507 0.541 0.574 0.604 0.631 0.655 0.676 0.692 0.705 0.713 0.717 0.716 0.711 0.701 0.687 0.668 0.646 0.620 0.591 0.559 0.524 0.488 0.451 0.413 0.376 0.339 0.302 0.268 0.235 0.204 0.176 0.150 0.127 0.107 0.088 0.072 0.059 0.048 0.038 0.030 0.023 0.018 0.015 0.011 0.007 0.005 0.005 0.006 0.007 0.003 0.000 0.000 0.000 0.000 0.000 0.000
0.004 0.007 0.010 0.017 0.028 0.041 0.057 0.076 0.099 0.125 0.154 0.187 0.222 0.260 0.300 0.341 0.384 0.428 0.471 0.515 0.558 0.600 0.641 0.680 0.716 0.751 0.782 0.811 0.836 0.858 0.876 0.889 0.899 0.904 0.904 0.900 0.891 0.877 0.859 0.836 0.809 0.778 0.744 0.707 0.667 0.625 0.582 0.538 0.493 0.449 0.405 0.363 0.322 0.284 0.248 0.214 0.184 0.156 0.131 0.109 0.090 0.073 0.059 0.047 0.037 0.029 0.022 0.017 0.014 0.009 0.006 0.005 0.006 0.007 0.005 0.001 0.000
0.005 0.008 0.013 0.022 0.035 0.050 0.069 0.091 0.117 0.146 0.179 0.215 0.254 0.295 0.339 0.384 0.432 0.480 0.528 0.577 0.626 0.674 0.722 0.768 0.812 0.854 0.894 0.931 0.965 0.996 1.024 1.048 1.067 1.083 1.094 1.100 1.102 1.099 1.092 1.080 1.063 1.042 1.017 0.987 0.954 0.917 0.877 0.834 0.788 0.740 0.691 0.641 0.590 0.539 0.489 0.440 0.392 0.347 0.304 0.264 0.227 0.193 0.162 0.135 0.112 0.091 0.073 0.059 0.047 0.036 0.028 0.021 0.017 0.013 0.008 0.006 0.006
0.005 0.009 0.016 0.027 0.041 0.059 0.080 0.106 0.135 0.168 0.205 0.246 0.290 0.337 0.386 0.438 0.492 0.547 0.603 0.659 0.715 0.770 0.825 0.878 0.930 0.980 1.028 1.074 1.116 1.156 1.192 1.225 1.254 1.278 1.299 1.316 1.327 1.335 1.338 1.336 1.330 1.319 1.304 1.285 1.261 1.234 1.203 1.167 1.129 1.086 1.041 0.992 0.941 0.887 0.832 0.774 0.716 0.657 0.599 0.541 0.484 0.429 0.377 0.328 0.282 0.240 0.202 0.169 0.139 0.113 0.091 0.072 0.057 0.044 0.034 0.026 0.020
0.005 0.010 0.018 0.031 0.046 0.066 0.089 0.117 0.149 0.184 0.224 0.267 0.314 0.363 0.415 0.469 0.524 0.580 0.637 0.694 0.751 0.808 0.864 0.920 0.975 1.029 1.082 1.134 1.184 1.231 1.277 1.320 1.361 1.399 1.433 1.464 1.491 1.515 1.534 1.549 1.560 1.566 1.568 1.566 1.559 1.547 1.532 1.512 1.488 1.459 1.427 1.390 1.349 1.304 1.254 1.201 1.144 1.084 1.021 0.954 0.886 0.816 0.746 0.675 0.606 0.538 0.473 0.411 0.354 0.301 0.253 0.210 0.172 0.140 0.112 0.088 0.069
0.005 0.010 0.020 0.033 0.050 0.071 0.096 0.126 0.160 0.199 0.242 0.290 0.341 0.396 0.453 0.514 0.576 0.640 0.705 0.772 0.838 0.905 0.971 1.037 1.102 1.166 1.228 1.289 1.347 1.403 1.456 1.507 1.554 1.598 1.639 1.677 1.711 1.741 1.769 1.793 1.813 1.830 1.844 1.854 1.861 1.865 1.865 1.862 1.855 1.844 1.830 1.811 1.789 1.761 1.729 1.693 1.650 1.603 1.550 1.492 1.428 1.358 1.284 1.205 1.122 1.036 0.948 0.860 0.771 0.684 0.601 0.521 0.446 0.378 0.316 0.261 0.213
0.005 0.011 0.021 0.035 0.053 0.075 0.102 0.134 0.170 0.212 0.258 0.309 0.364 0.422 0.483 0.546 0.611 0.677 0.744 0.811 0.878 0.945 1.011 1.077 1.142 1.206 1.270 1.333 1.395 1.457 1.517 1.576 1.634 1.690 1.745 1.797 1.848 1.895 1.941 1.983 2.022 2.058 2.091 2.122 2.148 2.172 2.193 2.211 2.226 2.237 2.246 2.250 2.252 2.249 2.243 2.231 2.215 2.193 2.165 2.131 2.089 2.040 1.983 1.917 1.843 1.760 1.670 1.572 1.467 1.357 1.242 1.126 1.008 0.893 0.781 0.674 0.574
0.006 0.011 0.021 0.036 0.054 0.077 0.104 0.137 0.175 0.219 0.267 0.321 0.379 0.441 0.506 0.575 0.645 0.718 0.792 0.867 0.943 1.019 1.095 1.170 1.246 1.320 1.394 1.466 1.538 1.607 1.675 1.741 1.805 1.866 1.926 1.984 2.039 2.093 2.145 2.195 2.243 2.290 2.335 2.379 2.422 2.463 2.503 2.542 2.580 2.615 2.650 2.682 2.713 2.741 2.766 2.788 2.806 2.820 2.828 2.831 2.828 2.817 2.798 2.771 2.733 2.685 2.626 2.554 2.470 2.373 2.264 2.141 2.007 1.863 1.710 1.551 1.388
0.006 0.011 0.022 0.036 0.055 0.079 0.108 0.142 0.182 0.228 0.280 0.338 0.400 0.467 0.538 0.612 0.689 0.768 0.848 0.929 1.010 1.091 1.172 1.253 1.333 1.412 1.491 1.569 1.646 1.722 1.798 1.873 1.947 2.020 2.091 2.162 2.231 2.299 2.365 2.430 2.493 2.554 2.615 2.673 2.731 2.788 2.844 2.899 2.953 3.007 3.060 3.112 3.164 3.214 3.263 3.310 3.354 3.396 3.434 3.469 3.499 3.523 3.543 3.556 3.563 3.563 3.555 3.539 3.514 3.479 3.433 3.374 3.301 3.211 3.104 2.977 2.828
0.006 0.011 0.022 0.036 0.055 0.079 0.109 0.143 0.184 0.232 0.285 0.344 0.408 0.477 0.550 0.627 0.707 0.789 0.872 0.957 1.043 1.129 1.215 1.301 1.386 1.471 1.555 1.638 1.720 1.800 1.879 1.956 2.032 2.106 2.178 2.249 2.319 2.388 2.455 2.522 2.588 2.653 2.718 2.783 2.847 2.912 2.976 3.040 3.104 3.168 3.231 3.294 3.355 3.415 3.473 3.529 3.582 3.633 3.679 3.722 3.761 3.795 3.824 3.848 3.867 3.881 3.891 3.896 3.897 3.894 3.889 3.881 3.872 3.861 3.847 3.831 3.810
0.006 0.012 0.023 0.038 0.058 0.083 0.114 0.151 0.195 0.246 0.304 0.368 0.439 0.516 0.597 0.683 0.772 0.864 0.957 1.052 1.147 1.242 1.336 1.430 1.522 1.613 1.702 1.790 1.876 1.960 2.042 2.122 2.201 2.277 2.352 2.424 2.495 2.564 2.631 2.697 2.761 2.824 2.886 2.947 3.008 3.069 3.129 3.190 3.251 3.313 3.375 3.437 3.500 3.562 3.625 3.686 3.746 3.803 3.858 3.910 3.957 4.000 4.037 4.068 4.092 4.109 4.118 4.119 4.112 4.095 4.070 4.035 3.991 3.940 3.880 3.816 3.747
0.006 0.014 0.027 0.044 0.066 0.094 0.128 0.169 0.215 0.269 0.329 0.394 0.465 0.541 0.620 0.702 0.786 0.872 0.958 1.045 1.132 1.218 1.305 1.390 1.475 1.559 1.643 1.725 1.807 1.888 1.969 2.048 2.127 2.205 2.282 2.359 2.435 2.511 2.587 2.662 2.738 2.814 2.890 2.966 3.043 3.120 3.197 3.275 3.353 3.431 3.509 3.587 3.664 3.739 3.813 3.885 3.954 4.020 4.082 4.141 4.194 4.242 4.285 4.323 4.354 4.379 4.398 4.411 4.417 4.417 4.410 4.396 4.373 4.343 4.302 4.250 4.184
0.006 0.012 0.023 0.038 0.058 0.083 0.114 0.151 0.195 0.246 0.304 0.368 0.439 0.516 0.597 0.683 0.772 0.863 0.957 1.052 1.147 1.242 1.336 1.430 1.522 1.613 1.702 1.790 1.876 1.960 2.042 2.122 2.200 2.277 2.351 2.424 2.495 2.564 2.631 2.697 2.761 2.824 2.886 2.947 3.008 3.068 3.129 3.190 3.251 3.312 3.374 3.437 3.499 3.562 3.624 3.685 3.745 3.803 3.858 3.909 3.957 3.999 4.036 4.067 4.092 4.109 4.118 4.119 4.111 4.095 4.069 4.034 3.991 3.939 3.880 3.815 3.746
0.006 0.011 0.022 0.036 0.055 0.079 0.109 0.143 0.184 0.232 0.285 0.344 0.408 0.477 0.550 0.627 0.707 0.789 0.872 0.957 1.043 1.129 1.215 1.301 1.386 1.471 1.555 1.638 1.719 1.800 1.878 1.956 2.031 2.105 2.178 2.249 2.319 2.387 2.455 2.521 2.587 2.652 2.717 2.782 2.847 2.911 2.976 3.040 3.104 3.167 3.231 3.293 3.354 3.414 3.472 3.528 3.582 3.632 3.679 3.721 3.760 3.794 3.823 3.847 3.867 3.881 3.890 3.895 3.897 3.894 3.889 3.881 3.872 3.861 3.847 3.831 3.810
0.006 0.011 0.022 0.036 0.055 0.079 0.108 0.142 0.182 0.228 0.280 0.338 0.400 0.467 0.538 0.612 0.689 0.768 0.848 0.929 1.010 1.091 1.172 1.253 1.333 1.412 1.491 1.568 1.646 1.722 1.797 1.872 1.946 2.019 2.091 2.161 2.230 2.298 2.364 2.429 2.492 2.553 2.614 2.672 2.730 2.787 2.842 2.897 2.952 3.006 3.059 3.111 3.163 3.213 3.262 3.308 3.353 3.395 3.433 3.467 3.497 3.522 3.541 3.555 3.561 3.561 3.553 3.537 3.512 3.477 3.431 3.372 3.299 3.210 3.102 2.975 2.827
0.006 0.011 0.021 0.036 0.054 0.077 0.104 0.137 0.175 0.219 0.267 0.321 0.379 0.441 0.506 0.575 0.645 0.718 0.792 0.867 0.942 1.018 1.094 1.170 1.246 1.320 1.394 1.466 1.537 1.607 1.674 1.740 1.804 1.866 1.926 1.983 2.039 2.092 2.144 2.194 2.242 2.289 2.334 2.378 2.421 2.462 2.502 2.541 2.578 2.614 2.648 2.681 2.711 2.739 2.764 2.786 2.804 2.818 2.827 2.830 2.826 2.816 2.797 2.769 2.732 2.684 2.624 2.553 2.469 2.372 2.263 2.141 2.007 1.862 1.709 1.550 1.388
0.005 0.011 0.021 0.035 0.053 0.075 0.102 0.134 0.170 0.212 0.258 0.309 0.363 0.422 0.483 0.546 0.611 0.677 0.744 0.811 0.878 0.944 1.011 1.076 1.141 1.206 1.270 1.333 1.395 1.456 1.516 1.576 1.633 1.690 1.744 1.797 1.847 1.895 1.940 1.982 2.021 2.058 2.091 2.121 2.148 2.171 2.192 2.210 2.225 2.236 2.245 2.250 2.251 2.248 2.242 2.231 2.214 2.192 2.165 2.130 2.088 2.039 1.982 1.916 1.842 1.760 1.670 1.572 1.467 1.357 1.242 1.126 1.009 0.893 0.781 0.674 0.574
0.005 0.010 0.020 0.033 0.050 0.071 0.096 0.126 0.160 0.199 0.242 0.290 0.341 0.396 0.453 0.514 0.576 0.640 0.705 0.771 0.838 0.905 0.971 1.037 1.102 1.166 1.228 1.289 1.347 1.403 1.456 1.506 1.554 1.598 1.639 1.676 1.710 1.741 1.768 1.792 1.812 1.830 1.843 1.854 1.861 1.864 1.865 1.861 1.854 1.844 1.829 1.811 1.788 1.761 1.729 1.692 1.650 1.603 1.550 1.492 1.428 1.358 1.284 1.205 1.122 1.037 0.949 0.860 0.772 0.685 0.601 0.521 0.447 0.378 0.316 0.261 0.213
0.005 0.010 0.018 0.031 0.046 0.066 0.089 0.117 0.149 0.184 0.224 0.267 0.314 0.363 0.415 0.469 0.524 0.580 0.637 0.694 0.751 0.808 0.864 0.920 0.975 1.029 1.082 1.133 1.183 1.231 1.277 1.320 1.361 1.398 1.433 1.464 1.491 1.514 1.534 1.549 1.559 1.566 1.568 1.565 1.558 1.547 1.532 1.512 1.488 1.459 1.427 1.390 1.349 1.304 1.255 1.201 1.145 1.084 1.021 0.955 0.887 0.817 0.746 0.676 0.606 0.539 0.474 0.412 0.354 0.301 0.253 0.210 0.172 0.140 0.112 0.089 0.069
0.005 0.009 0.016 0.027 0.041 0.059 0.080 0.106 0.135 0.168 0.205 0.246 0.290 0.337 0.386 0.438 0.492 0.547 0.603 0.659 0.715 0.770 0.825 0.878 0.930 0.980 1.028 1.073 1.116 1.155 1.192 1.224 1.253 1.278 1.299 1.315 1.327 1.335 1.337 1.336 1.330 1.319 1.304 1.285 1.261 1.234 1.203 1.167 1.129 1.087 1.041 0.993 0.941 0.888 0.832 0.775 0.717 0.658 0.599 0.541 0.484 0.430 0.378 0.328 0.283 0.241 0.203 0.169 0.139 0.113 0.091 0.073 0.057 0.045 0.034 0.026 0.020
0.005 0.008 0.013 0.022 0.035 0.050 0.069 0.091 0.117 0.146 0.179 0.215 0.254 0.295 0.339 0.384 0.432 0.480 0.528 0.577 0.626 0.674 0.722 0.768 0.812 0.854 0.894 0.931 0.965 0.996 1.024 1.047 1.067 1.082 1.093 1.100 1.102 1.099 1.092 1.080 1.063 1.042 1.017 0.988 0.954 0.917 0.877 0.834 0.788 0.741 0.691 0.641 0.590 0.540 0.489 0.440 0.393 0.347 0.304 0.264 0.227 0.193 0.163 0.136 0.112 0.091 0.074 0.059 0.047 0.036 0.028 0.021 0.017 0.013 0.008 0.006 0.006
0.004 0.007 0.010 0.017 0.028 0.041 0.057 0.076 0.099 0.125 0.154 0.187 0.222 0.260 0.299 0.341 0.384 0.427 0.471 0.515 0.558 0.600 0.641 0.679 0.716 0.750 0.782 0.811 0.836 0.858 0.875 0.889 0.899 0.904 0.904 0.900 0.891 0.877 0.859 0.836 0.809 0.778 0.744 0.707 0.667 0.626 0.582 0.538 0.494 0.449 0.406 0.364 0.323 0.284 0.248 0.215 0.184 0.156 0.131 0.109 0.090 0.073 0.059 0.048 0.037 0.029 0.022 0.018 0.014 0.010 0.006 0.005 0.006 0.007 0.005 0.001 0.000
0.004 0.006 0.008 0.012 0.019 0.030 0.043 0.058 0.077 0.098 0.122 0.150 0.179 0.212 0.246 0.282 0.319 0.357 0.395 0.433 0.471 0.507 0.541 0.574 0.604 0.631 0.655 0.676 0.692 0.705 0.713 0.717 0.716 0.711 0.701 0.687 0.669 0.646 0.620 0.591 0.559 0.525 0.489 0.452 0.414 0.376 0.339 0.303 0.268 0.235 0.205 0.176 0.151 0.127 0.107 0.089 0.073 0.059 0.048 0.038 0.030 0.023 0.018 0.015 0.011 0.007 0.005 0.005 0.006 0.007 0.003 0.000 0.000 0.000 0.000 0.000 0.000
0.004 0.006 0.007 0.008 0.012 0.019 0.029 0.041 0.055 0.072 0.092 0.114 0.138 0.164 0.192 0.222 0.252 0.284 0.315 0.346 0.375 0.404 0.430 0.455 0.476 0.495 0.510 0.522 0.530 0.534 0.534 0.530 0.522 0.510 0.494 0.475 0.453 0.428 0.401 0.372 0.342 0.312 0.282 0.252 0.223 0.195 0.169 0.145 0.124 0.104 0.087 0.072 0.059 0.048 0.038 0.030 0.024 0.019 0.015 0.012 0.008 0.005 0.005 0.005 0.007 0.005 0.000 0.000 0.000 0.000 0.000 0.000 0.000 0.000 0.000 0.000 0.000
0.004 0.006 0.006 0.007 0.008 0.010 0.016 0.024 0.034 0.046 0.060 0.076 0.094 0.114 0.136 0.159 0.183 0.207 0.232 0.256 0.278 0.300 0.319 0.336 0.350 0.362 0.370 0.375 0.376 0.374 0.368 0.359 0.346 0.331 0.313 0.293 0.272 0.249 0.226 0.203 0.180 0.158 0.137 0.118 0.100 0.084 0.070 0.057 0.047 0.038 0.030 0.023 0.019 0.015 0.012 0.008 0.005 0.005 0.005 0.006 0.005 0.001 0.000 0.000 0.000 0.000 0.000 0.000 0.000 0.000 0.000 0.000 0.000 0.000 0.000 0.000 0.000
0.004 0.005 0.006 0.006 0.007 0.007 0.008 0.010 0.016 0.023 0.031 0.041 0.052 0.065 0.080 0.095 0.111 0.127 0.143 0.159 0.174 0.188 0.200 0.211 0.219 0.224 0.227 0.227 0.225 0.219 0.212 0.202 0.190 0.177 0.163 0.148 0.133 0.117 0.102 0.088 0.075 0.064 0.053 0.044 0.035 0.028 0.022 0.018 0.015 0.011 0.007 0.005 0.005 0.005 0.007 0.005 0.001 0.000 0.000 0.000 0.000 0.000 0.000 0.000 0.000 0.000 0.000 0.000 0.000 0.000 0.000 0.000 0.000 0.000 0.000 0.000 0.000
0.004 0.005 0.006 0.006 0.006 0.007 0.007 0.007 0.008 0.009 0.013 0.018 0.023 0.030 0.038 0.046 0.055 0.063 0.072 0.081 0.089 0.096 0.102 0.107 0.110 0.112 0.112 0.110 0.107 0.102 0.096 0.088 0.081 0.073 0.065 0.057 0.049 0.041 0.034 0.028 0.023 0.019 0.016 0.012 0.007 0.005 0.005 0.005 0.007 0.007 0.002 0.000 0.000 0.000 0.000 0.000 0.000 0.000 0.000 0.000 0.000 0.000 0.000 0.000 0.000 0.000 0.000 0.000 0.000 0.000 0.000 0.000 0.000 0.000 0.000 0.000 0.000
0.003 0.005 0.005 0.005 0.005 0.006 0.006 0.006 0.006 0.006 0.007 0.007 0.008 0.009 0.012 0.015 0.018 0.021 0.024 0.027 0.030 0.033 0.035 0.037 0.038 0.038 0.037 0.036 0.034 0.031 0.028 0.025 0.023 0.021 0.018 0.016 0.012 0.008 0.006 0.005 0.005 0.006 0.007 0.006 0.002 0.000 0.000 0.000 0.000 0.000 0.000 0.000 0.000 0.000 0.000 0.000 0.000 0.000 0.000 0.000 0.000 0.000 0.000 0.000 0.000 0.000 0.000 0.000 0.000 0.000 0.000 0.000 0.000 0.000 0.000 0.000 0.000
