Examples/2023_ISeeSnow/data/CoulombOnly/Results/curv77s/h/1HS_03_curv77s_MoT-Voellmy_h_0053.asc
ncols        157
nrows        47
xllcorner    3222.5
yllcorner    -4367.5
cellsize     5.00
NODATA_value -9999
[rows 0 to 33 of 47, columns 0 to 76 of 157]
0.000 0.000 0.000 0.000 0.000 0.000 0.000 0.000 0.000 0.000 0.000 0.000 0.000 0.000 0.000 0.000 0.000 0.000 0.000 0.000 0.000 0.000 0.000 0.000 0.000 0.000 0.000 0.000 0.000 0.000 0.000 0.000 0.000 0.000 0.000 0.000 0.000 0.000 0.000 0.000 0.000 0.000 0.000 0.000 0.000 0.000 0.000 0.000 0.000 0.000 0.000 0.000 0.000 0.000 0.000 0.000 0.000 0.000 0.000 0.000 0.000 0.000 0.000 0.000 0.000 0.000 0.000 0.000 0.000 0.001 0.001 0.001 0.001 0.001 0.002 0.002 0.002
0.000 0.000 0.000 0.000 0.000 0.000 0.000 0.000 0.000 0.000 0.000 0.000 0.000 0.000 0.000 0.000 0.000 0.000 0.000 0.000 0.000 0.000 0.000 0.000 0.000 0.000 0.000 0.000 0.000 0.000 0.000 0.000 0.000 0.000 0.000 0.000 0.000 0.000 0.000 0.000 0.000 0.000 0.000 0.000 0.000 0.000 0.000 0.000 0.000 0.000 0.000 0.000 0.000 0.000 0.000 0.000 0.000 0.000 0.000 0.001 0.001 0.001 0.001 0.002 0.002 0.002 0.003 0.003 0.003 0.004 0.004 0.005 0.005 0.006 0.006 0.007 0.007
0.000 0.000 0.000 0.000 0.000 0.000 0.000 0.000 0.000 0.000 0.000 0.000 0.000 0.000 0.000 0.000 0.000 0.000 0.000 0.000 0.000 0.000 0.000 0.000 0.000 0.000 0.000 0.000 0.000 0.000 0.000 0.000 0.000 0.000 0.000 0.000 0.000 0.000 0.000 0.000 0.000 0.000 0.000 0.000 0.000 0.000 0.000 0.000 0.000 0.000 0.001 0.001 0.001 0.001 0.002 0.002 0.002 0.002 0.002 0.003 0.003 0.003 0.004 0.004 0.005 0.005 0.006 0.006 0.007 0.008 0.009 0.011 0.012 0.014 0.016 0.018 0.020
0.000 0.000 0.000 0.000 0.000 0.000 0.000 0.000 0.000 0.000 0.000 0.000 0.000 0.000 0.000 0.000 0.000 0.000 0.000 0.000 0.000 0.000 0.000 0.000 0.000 0.000 0.000 0.000 0.000 0.000 0.000 0.000 0.000 0.000 0.000 0.000 0.000 0.000 0.000 0.000 0.000 0.000 0.001 0.001 0.001 0.001 0.001 0.002 0.002 0.002 0.002 0.002 0.002 0.002 0.003 0.003 0.003 0.004 0.004 0.005 0.006 0.006 0.008 0.009 0.010 0.011 0.013 0.016 0.018 0.021 0.024 0.028 0.032 0.036 0.040 0.045 0.050
0.000 0.000 0.000 0.000 0.000 0.000 0.000 0.000 0.000 0.000 0.000 0.000 0.000 0.000 0.000 0.000 0.000 0.000 0.000 0.000 0.000 0.000 0.000 0.000 0.000 0.000 0.000 0.000 0.000 0.000 0.000 0.000 0.000 0.000 0.001 0.001 0.001 0.001 0.001 0.001 0.001 0.001 0.001 0.001 0.002 0.002 0.002 0.002 0.002 0.003 0.003 0.003 0.004 0.004 0.005 0.006 0.007 0.008 0.009 0.010 0.012 0.014 0.017 0.020 0.024 0.028 0.033 0.039 0.045 0.052 0.059 0.066 0.074 0.083 0.091 0.100 0.109
0.000 0.000 0.000 0.000 0.000 0.000 0.000 0.000 0.000 0.000 0.000 0.000 0.000 0.000 0.000 0.000 0.000 0.000 0.000 0.000 0.000 0.000 0.000 0.000 0.000 0.000 0.001 0.001 0.001 0.001 0.001 0.001 0.001 0.001 0.001 0.001 0.001 0.001 0.001 0.001 0.001 0.002 0.002 0.002 0.002 0.003 0.003 0.004 0.004 0.005 0.006 0.007 0.008 0.009 0.009 0.010 0.013 0.015 0.019 0.023 0.028 0.034 0.041 0.048 0.057 0.066 0.076 0.087 0.098 0.111 0.124 0.137 0.151 0.165 0.179 0.193 0.207
0.000 0.000 0.000 0.000 0.000 0.000 0.000 0.000 0.000 0.000 0.000 0.000 0.000 0.000 0.000 0.000 0.000 0.000 0.000 0.001 0.001 0.001 0.001 0.001 0.001 0.001 0.001 0.001 0.001 0.001 0.001 0.001 0.001 0.001 0.001 0.001 0.001 0.002 0.002 0.002 0.003 0.003 0.004 0.004 0.005 0.006 0.006 0.007 0.007 0.008 0.009 0.010 0.012 0.015 0.019 0.024 0.030 0.037 0.045 0.054 0.064 0.076 0.088 0.102 0.118 0.134 0.151 0.169 0.188 0.207 0.226 0.246 0.266 0.285 0.304 0.323 0.341
0.000 0.000 0.000 0.000 0.000 0.000 0.000 0.000 0.000 0.000 0.000 0.001 0.001 0.001 0.001 0.001 0.001 0.001 0.001 0.001 0.001 0.001 0.001 0.001 0.001 0.001 0.001 0.001 0.001 0.001 0.001 0.002 0.002 0.002 0.003 0.003 0.003 0.004 0.004 0.005 0.005 0.006 0.006 0.006 0.007 0.008 0.008 0.009 0.010 0.013 0.017 0.022 0.028 0.035 0.044 0.054 0.066 0.079 0.094 0.110 0.128 0.148 0.169 0.191 0.214 0.238 0.262 0.287 0.312 0.338 0.363 0.387 0.411 0.434 0.457 0.478 0.498
0.000 0.000 0.000 0.000 0.000 0.000 0.000 0.000 0.000 0.000 0.000 0.000 0.000 0.000 0.000 0.000 0.000 0.000 0.000 0.001 0.001 0.001 0.001 0.001 0.001 0.001 0.002 0.002 0.002 0.003 0.003 0.004 0.004 0.004 0.005 0.005 0.005 0.005 0.006 0.006 0.007 0.007 0.008 0.008 0.009 0.010 0.014 0.018 0.024 0.031 0.040 0.050 0.062 0.076 0.091 0.109 0.129 0.151 0.174 0.199 0.226 0.253 0.282 0.312 0.342 0.372 0.402 0.432 0.461 0.490 0.517 0.544 0.569 0.593 0.616 0.637 0.657
0.000 0.000 0.000 0.000 0.000 0.000 0.000 0.000 0.000 0.000 0.000 0.000 0.000 0.000 0.001 0.001 0.001 0.001 0.001 0.001 0.002 0.002 0.002 0.003 0.003 0.004 0.004 0.004 0.004 0.005 0.005 0.005 0.005 0.005 0.006 0.006 0.006 0.007 0.007 0.007 0.008 0.009 0.010 0.013 0.018 0.024 0.032 0.041 0.053 0.066 0.082 0.100 0.120 0.142 0.167 0.194 0.222 0.252 0.284 0.317 0.351 0.385 0.419 0.454 0.488 0.521 0.553 0.584 0.615 0.643 0.670 0.696 0.720 0.742 0.763 0.781 0.799
0.000 0.000 0.000 0.000 0.000 0.000 0.000 0.001 0.001 0.001 0.001 0.001 0.001 0.002 0.002 0.002 0.003 0.003 0.003 0.003 0.004 0.004 0.004 0.004 0.005 0.005 0.005 0.005 0.005 0.005 0.006 0.006 0.006 0.006 0.006 0.007 0.007 0.008 0.009 0.010 0.012 0.017 0.024 0.032 0.041 0.053 0.067 0.084 0.103 0.125 0.149 0.176 0.205 0.236 0.269 0.304 0.340 0.377 0.414 0.452 0.490 0.527 0.563 0.599 0.633 0.666 0.697 0.727 0.755 0.782 0.806 0.829 0.849 0.869 0.886 0.901 0.915
0.001 0.001 0.001 0.001 0.001 0.002 0.002 0.002 0.002 0.003 0.003 0.003 0.003 0.003 0.004 0.004 0.004 0.004 0.004 0.005 0.005 0.005 0.005 0.005 0.005 0.006 0.006 0.006 0.006 0.006 0.006 0.007 0.007 0.007 0.008 0.008 0.009 0.011 0.016 0.022 0.030 0.039 0.051 0.066 0.083 0.102 0.125 0.150 0.178 0.208 0.241 0.276 0.312 0.350 0.389 0.429 0.469 0.509 0.549 0.588 0.625 0.662 0.697 0.731 0.763 0.793 0.822 0.848 0.873 0.895 0.916 0.935 0.952 0.968 0.981 0.993 1.004
0.002 0.002 0.003 0.003 0.003 0.003 0.003 0.004 0.004 0.004 0.004 0.004 0.004 0.005 0.005 0.005 0.005 0.005 0.005 0.006 0.006 0.006 0.006 0.006 0.006 0.006 0.006 0.006 0.007 0.007 0.007 0.007 0.008 0.009 0.010 0.014 0.020 0.027 0.036 0.048 0.062 0.078 0.098 0.120 0.145 0.173 0.204 0.237 0.273 0.310 0.349 0.389 0.430 0.472 0.513 0.554 0.595 0.634 0.673 0.710 0.745 0.779 0.811 0.841 0.870 0.896 0.920 0.943 0.963 0.982 0.999 1.014 1.027 1.039 1.049 1.058 1.065
0.003 0.004 0.004 0.004 0.004 0.004 0.005 0.005 0.005 0.005 0.005 0.005 0.005 0.005 0.006 0.006 0.006 0.006 0.006 0.006 0.006 0.006 0.006 0.007 0.007 0.007 0.007 0.007 0.007 0.008 0.008 0.009 0.012 0.017 0.024 0.033 0.044 0.057 0.073 0.091 0.112 0.137 0.164 0.194 0.227 0.262 0.299 0.338 0.379 0.420 0.462 0.504 0.545 0.587 0.627 0.667 0.705 0.742 0.777 0.810 0.842 0.872 0.899 0.925 0.949 0.971 0.991 1.010 1.026 1.041 1.054 1.065 1.075 1.083 1.090 1.095 1.100
0.004 0.005 0.005 0.005 0.005 0.005 0.005 0.005 0.006 0.006 0.006 0.006 0.006 0.006 0.006 0.006 0.006 0.006 0.007 0.007 0.007 0.007 0.007 0.007 0.007 0.007 0.008 0.008 0.009 0.010 0.015 0.021 0.029 0.039 0.051 0.066 0.083 0.103 0.126 0.152 0.181 0.212 0.246 0.282 0.320 0.359 0.400 0.441 0.482 0.524 0.565 0.606 0.646 0.685 0.722 0.758 0.792 0.825 0.855 0.884 0.911 0.936 0.960 0.981 1.000 1.018 1.034 1.048 1.060 1.071 1.080 1.088 1.094 1.099 1.103 1.106 1.108
0.004 0.005 0.005 0.005 0.006 0.006 0.006 0.006 0.006 0.006 0.006 0.006 0.006 0.006 0.007 0.007 0.007 0.007 0.007 0.007 0.007 0.007 0.007 0.008 0.008 0.008 0.009 0.012 0.018 0.025 0.034 0.045 0.059 0.075 0.093 0.115 0.139 0.166 0.195 0.227 0.260 0.296 0.334 0.372 0.412 0.452 0.492 0.533 0.572 0.612 0.650 0.687 0.723 0.757 0.790 0.821 0.851 0.878 0.904 0.928 0.950 0.970 0.988 1.005 1.019 1.033 1.044 1.054 1.062 1.069 1.075 1.080 1.083 1.086 1.088 1.089 1.090
0.004 0.005 0.006 0.006 0.006 0.006 0.006 0.006 0.006 0.006 0.007 0.007 0.007 0.007 0.007 0.007 0.007 0.007 0.007 0.007 0.008 0.008 0.008 0.009 0.010 0.015 0.021 0.029 0.040 0.052 0.066 0.083 0.103 0.125 0.149 0.176 0.205 0.236 0.269 0.304 0.340 0.376 0.414 0.452 0.490 0.528 0.565 0.602 0.637 0.672 0.705 0.737 0.767 0.796 0.823 0.848 0.871 0.893 0.913 0.931 0.948 0.963 0.976 0.988 0.998 1.008 1.016 1.022 1.028 1.033 1.036 1.039 1.042 1.044 1.045 1.047 1.049
0.005 0.006 0.006 0.006 0.006 0.006 0.006 0.006 0.007 0.007 0.007 0.007 0.007 0.007 0.007 0.007 0.007 0.007 0.008 0.008 0.008 0.009 0.012 0.017 0.025 0.034 0.045 0.058 0.073 0.090 0.110 0.132 0.156 0.182 0.210 0.240 0.271 0.303 0.337 0.371 0.405 0.439 0.473 0.507 0.540 0.573 0.604 0.634 0.662 0.689 0.714 0.737 0.758 0.777 0.794 0.808 0.821 0.831 0.840 0.846 0.851 0.854 0.856 0.856 0.855 0.854 0.853 0.851 0.850 0.850 0.851 0.852 0.855 0.860 0.867 0.875 0.884
0.005 0.006 0.006 0.006 0.006 0.006 0.007 0.007 0.007 0.007 0.007 0.007 0.007 0.007 0.007 0.007 0.008 0.008 0.008 0.010 0.013 0.020 0.027 0.037 0.048 0.061 0.075 0.092 0.110 0.130 0.152 0.175 0.200 0.227 0.255 0.284 0.314 0.344 0.375 0.406 0.436 0.466 0.494 0.520 0.543 0.564 0.582 0.595 0.604 0.609 0.608 0.603 0.593 0.577 0.558 0.534 0.507 0.478 0.446 0.413 0.380 0.348 0.317 0.288 0.262 0.238 0.217 0.200 0.186 0.175 0.167 0.162 0.160 0.159 0.161 0.166 0.171
0.005 0.006 0.006 0.006 0.006 0.007 0.007 0.007 0.007 0.007 0.007 0.007 0.007 0.008 0.008 0.008 0.008 0.010 0.014 0.020 0.027 0.036 0.045 0.055 0.066 0.077 0.089 0.101 0.113 0.126 0.138 0.152 0.166 0.182 0.199 0.219 0.242 0.268 0.299 0.334 0.373 0.417 0.466 0.520 0.578 0.642 0.709 0.781 0.857 0.938 1.023 1.111 1.204 1.301 1.401 1.505 1.613 1.723 1.835 1.949 2.064 2.179 2.293 2.406 2.516 2.623 2.726 2.824 2.918 3.005 3.087 3.162 3.231 3.292 3.346 3.393 3.432
0.005 0.006 0.006 0.006 0.007 0.007 0.007 0.007 0.007 0.007 0.008 0.008 0.008 0.008 0.009 0.010 0.013 0.017 0.021 0.025 0.029 0.032 0.034 0.036 0.037 0.037 0.036 0.035 0.033 0.030 0.028 0.025 0.022 0.020 0.019 0.019 0.021 0.024 0.029 0.034 0.041 0.047 0.053 0.059 0.065 0.069 0.072 0.074 0.075 0.075 0.074 0.072 0.069 0.067 0.064 0.061 0.060 0.058 0.057 0.057 0.057 0.058 0.058 0.059 0.059 0.058 0.057 0.055 0.053 0.050 0.047 0.043 0.040 0.037 0.034 0.031 0.028
0.005 0.007 0.007 0.008 0.008 0.008 0.008 0.009 0.009 0.013 0.018 0.025 0.033 0.043 0.056 0.070 0.088 0.109 0.134 0.164 0.200 0.243 0.292 0.349 0.412 0.482 0.559 0.644 0.736 0.836 0.943 1.055 1.172 1.293 1.416 1.539 1.661 1.782 1.903 2.022 2.140 2.258 2.376 2.495 2.615 2.738 2.863 2.991 3.123 3.257 3.394 3.532 3.673 3.813 3.953 4.092 4.229 4.363 4.494 4.621 4.744 4.863 4.977 5.087 5.192 5.291 5.385 5.473 5.554 5.628 5.693 5.751 5.800 5.840 5.872 5.895 5.909
0.003 0.004 0.004 0.004 0.004 0.004 0.004 0.004 0.004 0.004 0.004 0.004 0.004 0.004 0.004 0.004 0.004 0.004 0.005 0.005 0.005 0.005 0.006 0.007 0.007 0.008 0.009 0.009 0.011 0.014 0.017 0.019 0.019 0.019 0.018 0.016 0.015 0.013 0.012 0.011 0.010 0.010 0.009 0.009 0.008 0.008 0.007 0.007 0.007 0.006 0.006 0.006 0.006 0.006 0.006 0.006 0.006 0.005 0.005 0.005 0.005 0.005 0.005 0.005 0.005 0.005 0.005 0.006 0.007 0.009 0.010 0.012 0.015 0.019 0.025 0.031 0.039
0.007 0.015 0.025 0.037 0.049 0.063 0.078 0.095 0.113 0.134 0.156 0.182 0.210 0.241 0.276 0.315 0.359 0.408 0.462 0.521 0.587 0.660 0.739 0.825 0.917 1.010 1.110 1.215 1.326 1.441 1.561 1.685 1.812 1.943 2.078 2.214 2.353 2.494 2.635 2.778 2.921 3.064 3.207 3.350 3.491 3.632 3.771 3.909 4.045 4.179 4.310 4.440 4.567 4.692 4.815 4.934 5.051 5.166 5.277 5.386 5.491 5.594 5.693 5.790 5.883 5.973 6.060 6.143 6.223 6.299 6.372 6.441 6.506 6.568 6.625 6.679 6.729
0.003 0.004 0.004 0.004 0.004 0.004 0.004 0.004 0.004 0.004 0.004 0.004 0.004 0.004 0.004 0.004 0.004 0.004 0.005 0.005 0.005 0.005 0.006 0.007 0.007 0.008 0.009 0.009 0.012 0.014 0.017 0.019 0.019 0.019 0.018 0.016 0.015 0.013 0.012 0.011 0.010 0.010 0.009 0.009 0.008 0.008 0.007 0.007 0.007 0.006 0.006 0.006 0.006 0.006 0.006 0.006 0.006 0.006 0.005 0.005 0.005 0.005 0.005 0.005 0.005 0.005 0.005 0.006 0.007 0.008 0.010 0.012 0.015 0.019 0.025 0.031 0.039
0.005 0.007 0.007 0.008 0.008 0.008 0.008 0.009 0.009 0.013 0.018 0.025 0.033 0.043 0.056 0.070 0.088 0.109 0.134 0.164 0.200 0.243 0.292 0.349 0.412 0.482 0.559 0.644 0.736 0.836 0.943 1.055 1.172 1.293 1.416 1.539 1.661 1.783 1.903 2.022 2.140 2.258 2.376 2.495 2.616 2.738 2.863 2.992 3.123 3.257 3.394 3.533 3.673 3.814 3.954 4.093 4.230 4.364 4.495 4.623 4.746 4.865 4.979 5.088 5.193 5.293 5.387 5.475 5.556 5.629 5.695 5.752 5.801 5.842 5.874 5.897 5.911
0.005 0.006 0.006 0.006 0.007 0.007 0.007 0.007 0.007 0.007 0.008 0.008 0.008 0.008 0.009 0.010 0.013 0.017 0.021 0.025 0.029 0.032 0.034 0.036 0.037 0.037 0.036 0.035 0.033 0.030 0.028 0.025 0.022 0.020 0.019 0.019 0.021 0.024 0.029 0.034 0.041 0.047 0.053 0.059 0.065 0.069 0.072 0.074 0.075 0.075 0.074 0.072 0.069 0.067 0.064 0.061 0.060 0.058 0.057 0.057 0.057 0.058 0.059 0.059 0.059 0.058 0.057 0.055 0.053 0.050 0.047 0.044 0.040 0.037 0.034 0.031 0.028
0.005 0.006 0.006 0.006 0.006 0.007 0.007 0.007 0.007 0.007 0.007 0.007 0.007 0.008 0.008 0.008 0.008 0.010 0.014 0.020 0.027 0.036 0.045 0.055 0.066 0.077 0.089 0.101 0.113 0.126 0.138 0.152 0.166 0.182 0.199 0.219 0.242 0.268 0.299 0.334 0.373 0.417 0.466 0.520 0.579 0.642 0.709 0.781 0.858 0.938 1.023 1.112 1.205 1.301 1.402 1.506 1.614 1.724 1.836 1.950 2.065 2.180 2.295 2.407 2.517 2.624 2.727 2.826 2.919 3.007 3.088 3.164 3.232 3.293 3.348 3.394 3.434
0.005 0.006 0.006 0.006 0.006 0.006 0.007 0.007 0.007 0.007 0.007 0.007 0.007 0.007 0.007 0.007 0.008 0.008 0.008 0.010 0.013 0.020 0.027 0.037 0.048 0.061 0.075 0.092 0.110 0.130 0.152 0.175 0.200 0.227 0.255 0.284 0.314 0.344 0.375 0.406 0.436 0.466 0.494 0.520 0.543 0.564 0.582 0.595 0.604 0.609 0.608 0.603 0.592 0.577 0.558 0.534 0.507 0.477 0.446 0.413 0.380 0.348 0.317 0.288 0.261 0.238 0.217 0.200 0.186 0.175 0.167 0.162 0.160 0.160 0.162 0.166 0.172
0.005 0.006 0.006 0.006 0.006 0.006 0.006 0.006 0.007 0.007 0.007 0.007 0.007 0.007 0.007 0.007 0.007 0.007 0.008 0.008 0.008 0.009 0.012 0.017 0.025 0.034 0.045 0.058 0.073 0.090 0.110 0.132 0.156 0.182 0.210 0.240 0.271 0.303 0.337 0.371 0.405 0.439 0.473 0.507 0.540 0.573 0.604 0.634 0.662 0.689 0.714 0.737 0.758 0.777 0.794 0.808 0.821 0.831 0.840 0.846 0.851 0.854 0.855 0.856 0.855 0.854 0.852 0.851 0.850 0.850 0.850 0.852 0.855 0.860 0.866 0.874 0.884
0.004 0.005 0.006 0.006 0.006 0.006 0.006 0.006 0.006 0.006 0.007 0.007 0.007 0.007 0.007 0.007 0.007 0.007 0.007 0.007 0.008 0.008 0.008 0.009 0.010 0.015 0.021 0.029 0.040 0.052 0.066 0.083 0.103 0.125 0.149 0.176 0.205 0.236 0.269 0.304 0.340 0.376 0.414 0.452 0.490 0.528 0.565 0.602 0.637 0.672 0.705 0.737 0.767 0.796 0.823 0.848 0.871 0.893 0.913 0.931 0.947 0.962 0.976 0.988 0.998 1.008 1.015 1.022 1.028 1.032 1.036 1.039 1.041 1.043 1.045 1.047 1.049
0.004 0.005 0.005 0.005 0.006 0.006 0.006 0.006 0.006 0.006 0.006 0.006 0.006 0.006 0.007 0.007 0.007 0.007 0.007 0.007 0.007 0.007 0.007 0.008 0.008 0.008 0.009 0.012 0.018 0.025 0.034 0.045 0.059 0.075 0.093 0.115 0.139 0.166 0.195 0.227 0.260 0.296 0.334 0.372 0.412 0.452 0.492 0.533 0.572 0.612 0.650 0.687 0.723 0.757 0.790 0.821 0.851 0.878 0.904 0.928 0.949 0.970 0.988 1.004 1.019 1.032 1.044 1.054 1.062 1.069 1.075 1.080 1.083 1.086 1.088 1.089 1.090
0.004 0.005 0.005 0.005 0.005 0.005 0.005 0.005 0.006 0.006 0.006 0.006 0.006 0.006 0.006 0.006 0.006 0.006 0.007 0.007 0.007 0.007 0.007 0.007 0.007 0.007 0.008 0.008 0.009 0.010 0.015 0.021 0.029 0.039 0.051 0.066 0.083 0.103 0.126 0.152 0.181 0.212 0.246 0.282 0.320 0.359 0.400 0.441 0.482 0.524 0.565 0.606 0.646 0.685 0.722 0.758 0.792 0.825 0.855 0.884 0.911 0.936 0.960 0.981 1.000 1.018 1.034 1.048 1.060 1.071 1.080 1.087 1.094 1.099 1.103 1.106 1.108
0.003 0.004 0.004 0.004 0.004 0.004 0.005 0.005 0.005 0.005 0.005 0.005 0.005 0.005 0.006 0.006 0.006 0.006 0.006 0.006 0.006 0.006 0.006 0.007 0.007 0.007 0.007 0.007 0.007 0.008 0.008 0.009 0.012 0.017 0.024 0.033 0.044 0.057 0.073 0.091 0.112 0.137 0.164 0.194 0.227 0.262 0.299 0.338 0.379 0.420 0.462 0.504 0.545 0.587 0.627 0.667 0.705 0.742 0.777 0.810 0.842 0.871 0.899 0.925 0.949 0.971 0.991 1.010 1.026 1.041 1.054 1.065 1.075 1.083 1.090 1.095 1.099
