Examples/2023_ISeeSnow/data/CoulombOnly/Results/curv77s/h/1HS_03_curv77s_MoT-Voellmy_h_0058.asc
ncols        124
nrows        59
xllcorner    3567.5
yllcorner    -4397.5
cellsize     5.00
NODATA_value -9999
[rows 0 to 33 of 59, columns 0 to 76 of 124]
0.000 0.000 0.000 0.000 0.000 0.000 0.000 0.000 0.000 0.000 0.000 0.000 0.000 0.000 0.000 0.000 0.000 0.000 0.000 0.000 0.000 0.000 0.000 0.000 0.000 0.000 0.000 0.000 0.000 0.000 0.000 0.000 0.000 0.000 0.000 0.000 0.000 0.000 0.000 0.000 0.000 0.000 0.000 0.000 0.001 0.001 0.001 0.001 0.002 0.002 0.002 0.003 0.003 0.003 0.004 0.004 0.004 0.005 0.005 0.005 0.005 0.006 0.006 0.006 0.006 0.005 0.005 0.005 0.004 0.004 0.003 0.003 0.002 0.002 0.001 0.001 0.000
0.000 0.000 0.000 0.000 0.000 0.000 0.000 0.000 0.000 0.000 0.000 0.000 0.000 0.000 0.000 0.000 0.000 0.000 0.000 0.000 0.000 0.000 0.000 0.000 0.000 0.000 0.000 0.000 0.000 0.000 0.000 0.000 0.000 0.000 0.001 0.001 0.001 0.001 0.002 0.002 0.002 0.002 0.003 0.003 0.004 0.004 0.004 0.005 0.005 0.006 0.006 0.007 0.008 0.009 0.010 0.010 0.011 0.013 0.014 0.014 0.015 0.016 0.017 0.017 0.018 0.018 0.017 0.017 0.017 0.016 0.015 0.014 0.013 0.012 0.011 0.010 0.007
0.000 0.000 0.000 0.000 0.000 0.000 0.000 0.000 0.000 0.000 0.000 0.000 0.000 0.000 0.000 0.000 0.000 0.000 0.000 0.000 0.000 0.000 0.000 0.000 0.000 0.000 0.001 0.001 0.001 0.001 0.002 0.002 0.002 0.002 0.002 0.003 0.003 0.003 0.003 0.004 0.004 0.005 0.005 0.006 0.006 0.007 0.008 0.010 0.011 0.012 0.014 0.016 0.018 0.021 0.023 0.025 0.028 0.030 0.033 0.035 0.037 0.038 0.040 0.041 0.042 0.042 0.042 0.041 0.040 0.039 0.037 0.035 0.032 0.030 0.027 0.025 0.022
0.000 0.000 0.000 0.000 0.000 0.000 0.000 0.000 0.000 0.000 0.000 0.000 0.000 0.000 0.000 0.000 0.000 0.000 0.001 0.001 0.001 0.001 0.002 0.002 0.002 0.002 0.002 0.002 0.002 0.002 0.003 0.003 0.003 0.003 0.004 0.004 0.004 0.005 0.006 0.006 0.007 0.009 0.010 0.011 0.012 0.015 0.017 0.020 0.023 0.027 0.031 0.035 0.040 0.045 0.050 0.054 0.059 0.064 0.069 0.073 0.077 0.080 0.082 0.084 0.086 0.086 0.086 0.085 0.083 0.080 0.077 0.073 0.069 0.064 0.059 0.054 0.049
0.000 0.000 0.000 0.000 0.000 0.000 0.000 0.000 0.000 0.000 0.001 0.001 0.001 0.001 0.002 0.002 0.002 0.002 0.002 0.002 0.002 0.002 0.002 0.002 0.002 0.002 0.003 0.003 0.003 0.003 0.004 0.004 0.005 0.005 0.006 0.007 0.008 0.008 0.009 0.010 0.012 0.014 0.017 0.021 0.025 0.030 0.035 0.041 0.047 0.054 0.062 0.069 0.078 0.086 0.094 0.103 0.111 0.119 0.127 0.134 0.140 0.145 0.150 0.153 0.155 0.156 0.155 0.153 0.150 0.146 0.141 0.135 0.128 0.120 0.111 0.103 0.094
0.000 0.000 0.001 0.001 0.001 0.001 0.001 0.001 0.001 0.001 0.001 0.001 0.002 0.002 0.002 0.002 0.002 0.002 0.002 0.002 0.002 0.003 0.003 0.003 0.003 0.004 0.004 0.005 0.005 0.006 0.006 0.007 0.007 0.008 0.008 0.009 0.010 0.012 0.015 0.018 0.023 0.028 0.034 0.040 0.048 0.056 0.065 0.075 0.086 0.097 0.109 0.122 0.134 0.147 0.161 0.173 0.186 0.198 0.209 0.219 0.228 0.235 0.241 0.246 0.249 0.250 0.249 0.247 0.242 0.236 0.229 0.220 0.210 0.198 0.186 0.173 0.159
0.001 0.001 0.001 0.001 0.001 0.001 0.001 0.001 0.001 0.001 0.002 0.002 0.002 0.002 0.002 0.002 0.003 0.003 0.003 0.004 0.004 0.004 0.005 0.005 0.005 0.006 0.006 0.006 0.007 0.007 0.007 0.008 0.008 0.009 0.010 0.013 0.017 0.022 0.027 0.034 0.041 0.050 0.059 0.070 0.082 0.095 0.109 0.124 0.140 0.157 0.174 0.192 0.210 0.228 0.246 0.263 0.279 0.295 0.309 0.322 0.334 0.343 0.351 0.356 0.360 0.361 0.360 0.357 0.351 0.344 0.334 0.323 0.309 0.294 0.278 0.260 0.242
0.001 0.001 0.001 0.001 0.001 0.001 0.002 0.002 0.002 0.002 0.002 0.003 0.003 0.003 0.004 0.004 0.004 0.005 0.005 0.005 0.005 0.006 0.006 0.006 0.006 0.006 0.007 0.007 0.007 0.008 0.008 0.009 0.011 0.014 0.019 0.024 0.031 0.039 0.047 0.057 0.069 0.082 0.096 0.112 0.129 0.147 0.167 0.188 0.209 0.231 0.254 0.277 0.300 0.322 0.344 0.365 0.384 0.403 0.420 0.435 0.448 0.459 0.468 0.474 0.478 0.479 0.478 0.474 0.467 0.458 0.447 0.433 0.417 0.399 0.380 0.359 0.336
0.001 0.002 0.002 0.002 0.002 0.003 0.003 0.003 0.004 0.004 0.004 0.004 0.005 0.005 0.005 0.005 0.005 0.005 0.006 0.006 0.006 0.006 0.006 0.006 0.007 0.007 0.007 0.008 0.008 0.009 0.011 0.015 0.020 0.026 0.033 0.041 0.051 0.062 0.075 0.090 0.106 0.124 0.143 0.165 0.187 0.211 0.236 0.262 0.289 0.315 0.343 0.369 0.396 0.421 0.446 0.470 0.492 0.512 0.530 0.547 0.561 0.573 0.582 0.588 0.592 0.593 0.592 0.587 0.580 0.570 0.557 0.542 0.524 0.504 0.482 0.459 0.433
0.003 0.003 0.003 0.004 0.004 0.004 0.004 0.004 0.005 0.005 0.005 0.005 0.005 0.005 0.005 0.005 0.006 0.006 0.006 0.006 0.006 0.006 0.006 0.007 0.007 0.007 0.008 0.009 0.010 0.014 0.019 0.025 0.033 0.042 0.052 0.064 0.078 0.094 0.111 0.130 0.152 0.175 0.199 0.226 0.253 0.282 0.312 0.342 0.372 0.403 0.433 0.462 0.491 0.519 0.545 0.570 0.593 0.615 0.634 0.651 0.665 0.677 0.687 0.693 0.697 0.698 0.696 0.692 0.684 0.673 0.660 0.643 0.624 0.603 0.579 0.554 0.526
0.004 0.004 0.004 0.004 0.004 0.005 0.005 0.005 0.005 0.005 0.005 0.005 0.005 0.005 0.006 0.006 0.006 0.006 0.006 0.006 0.006 0.007 0.007 0.007 0.008 0.008 0.009 0.013 0.018 0.024 0.031 0.041 0.051 0.063 0.077 0.093 0.111 0.131 0.154 0.178 0.204 0.231 0.261 0.291 0.323 0.355 0.388 0.421 0.454 0.487 0.519 0.550 0.580 0.609 0.636 0.662 0.685 0.707 0.726 0.743 0.758 0.770 0.779 0.786 0.790 0.791 0.789 0.784 0.776 0.765 0.751 0.734 0.715 0.693 0.668 0.641 0.612
0.004 0.004 0.005 0.005 0.005 0.005 0.005 0.005 0.005 0.005 0.005 0.005 0.006 0.006 0.006 0.006 0.006 0.006 0.006 0.006 0.007 0.007 0.007 0.008 0.009 0.011 0.015 0.021 0.029 0.037 0.048 0.060 0.074 0.090 0.108 0.128 0.150 0.174 0.201 0.229 0.259 0.290 0.323 0.357 0.391 0.426 0.461 0.496 0.530 0.564 0.597 0.629 0.659 0.688 0.715 0.741 0.764 0.786 0.805 0.822 0.837 0.849 0.859 0.865 0.869 0.871 0.869 0.864 0.856 0.845 0.831 0.814 0.794 0.772 0.747 0.719 0.690
0.004 0.005 0.005 0.005 0.005 0.005 0.005 0.005 0.005 0.005 0.006 0.006 0.006 0.006 0.006 0.006 0.006 0.006 0.007 0.007 0.007 0.007 0.008 0.009 0.013 0.018 0.025 0.033 0.043 0.055 0.068 0.083 0.100 0.120 0.142 0.165 0.191 0.220 0.249 0.281 0.314 0.348 0.383 0.419 0.455 0.491 0.527 0.563 0.598 0.632 0.665 0.696 0.726 0.755 0.782 0.807 0.830 0.852 0.871 0.888 0.902 0.915 0.924 0.932 0.936 0.937 0.936 0.932 0.924 0.914 0.900 0.884 0.864 0.842 0.816 0.789 0.758
0.004 0.005 0.005 0.005 0.005 0.005 0.005 0.005 0.005 0.006 0.006 0.006 0.006 0.006 0.006 0.006 0.006 0.007 0.007 0.007 0.008 0.008 0.010 0.015 0.021 0.028 0.037 0.048 0.060 0.075 0.091 0.110 0.130 0.153 0.178 0.205 0.234 0.265 0.298 0.332 0.367 0.402 0.439 0.476 0.512 0.549 0.585 0.620 0.655 0.688 0.721 0.752 0.781 0.809 0.835 0.860 0.883 0.904 0.923 0.940 0.954 0.967 0.977 0.985 0.990 0.992 0.992 0.989 0.982 0.972 0.960 0.944 0.925 0.903 0.877 0.850 0.819
0.004 0.005 0.005 0.005 0.005 0.005 0.005 0.006 0.006 0.006 0.006 0.006 0.006 0.006 0.006 0.006 0.007 0.007 0.007 0.008 0.009 0.011 0.016 0.023 0.031 0.041 0.052 0.065 0.080 0.098 0.117 0.138 0.162 0.187 0.215 0.245 0.276 0.309 0.343 0.378 0.414 0.451 0.488 0.525 0.561 0.597 0.633 0.667 0.701 0.734 0.765 0.795 0.823 0.850 0.876 0.900 0.922 0.943 0.961 0.979 0.994 1.007 1.018 1.026 1.032 1.036 1.037 1.035 1.029 1.021 1.010 0.995 0.977 0.956 0.931 0.904 0.874
0.004 0.005 0.005 0.005 0.005 0.006 0.006 0.006 0.006 0.006 0.006 0.006 0.006 0.006 0.007 0.007 0.007 0.007 0.008 0.009 0.012 0.018 0.025 0.034 0.044 0.056 0.069 0.085 0.102 0.122 0.144 0.168 0.194 0.221 0.251 0.282 0.315 0.349 0.384 0.420 0.456 0.492 0.529 0.565 0.601 0.636 0.670 0.703 0.736 0.767 0.797 0.825 0.853 0.879 0.903 0.927 0.948 0.969 0.988 1.005 1.020 1.034 1.046 1.056 1.063 1.068 1.071 1.071 1.067 1.061 1.051 1.038 1.021 1.001 0.978 0.951 0.922
0.004 0.005 0.005 0.006 0.006 0.006 0.006 0.006 0.006 0.006 0.006 0.006 0.006 0.007 0.007 0.007 0.007 0.008 0.009 0.013 0.019 0.027 0.036 0.046 0.058 0.072 0.088 0.106 0.125 0.147 0.171 0.197 0.224 0.254 0.285 0.317 0.350 0.385 0.419 0.455 0.490 0.526 0.561 0.596 0.630 0.664 0.696 0.728 0.759 0.788 0.817 0.844 0.870 0.895 0.918 0.941 0.962 0.982 1.001 1.018 1.035 1.049 1.062 1.074 1.083 1.090 1.094 1.096 1.095 1.091 1.083 1.072 1.058 1.039 1.018 0.993 0.964
0.005 0.005 0.006 0.006 0.006 0.006 0.006 0.006 0.006 0.006 0.006 0.006 0.007 0.007 0.007 0.007 0.008 0.010 0.014 0.021 0.028 0.037 0.048 0.060 0.074 0.090 0.108 0.127 0.149 0.172 0.197 0.224 0.253 0.283 0.314 0.347 0.380 0.414 0.448 0.482 0.516 0.550 0.584 0.617 0.649 0.681 0.712 0.741 0.770 0.798 0.824 0.850 0.874 0.898 0.920 0.942 0.963 0.982 1.001 1.019 1.036 1.052 1.067 1.079 1.090 1.100 1.106 1.110 1.112 1.110 1.105 1.097 1.085 1.069 1.049 1.026 0.999
0.005 0.005 0.006 0.006 0.006 0.006 0.006 0.006 0.006 0.006 0.007 0.007 0.007 0.007 0.007 0.008 0.010 0.015 0.021 0.029 0.038 0.049 0.061 0.075 0.091 0.108 0.127 0.148 0.171 0.196 0.222 0.249 0.278 0.308 0.339 0.371 0.403 0.436 0.468 0.501 0.533 0.565 0.597 0.628 0.658 0.687 0.715 0.743 0.769 0.795 0.819 0.843 0.866 0.888 0.909 0.930 0.950 0.969 0.988 1.007 1.024 1.041 1.057 1.071 1.084 1.095 1.104 1.111 1.115 1.116 1.113 1.108 1.099 1.086 1.069 1.049 1.025
0.005 0.006 0.006 0.006 0.006 0.006 0.006 0.006 0.006 0.007 0.007 0.007 0.007 0.007 0.008 0.010 0.015 0.021 0.029 0.039 0.049 0.061 0.075 0.090 0.107 0.125 0.146 0.168 0.191 0.216 0.242 0.270 0.298 0.328 0.358 0.388 0.419 0.450 0.480 0.511 0.541 0.570 0.599 0.627 0.655 0.681 0.707 0.731 0.755 0.778 0.800 0.822 0.843 0.863 0.883 0.903 0.922 0.941 0.960 0.978 0.996 1.014 1.030 1.046 1.060 1.073 1.084 1.092 1.099 1.102 1.103 1.100 1.094 1.085 1.072 1.055 1.035
0.005 0.006 0.006 0.006 0.006 0.006 0.006 0.006 0.007 0.007 0.007 0.007 0.007 0.008 0.010 0.014 0.021 0.029 0.038 0.048 0.060 0.073 0.088 0.104 0.122 0.141 0.162 0.184 0.207 0.232 0.258 0.285 0.312 0.340 0.369 0.397 0.426 0.455 0.483 0.511 0.538 0.564 0.590 0.615 0.639 0.662 0.685 0.706 0.727 0.748 0.767 0.786 0.805 0.824 0.842 0.861 0.879 0.898 0.916 0.934 0.952 0.970 0.987 1.003 1.017 1.031 1.043 1.052 1.060 1.065 1.068 1.068 1.065 1.059 1.049 1.037 1.021
0.005 0.006 0.006 0.006 0.006 0.006 0.007 0.007 0.007 0.007 0.007 0.007 0.008 0.009 0.013 0.019 0.027 0.036 0.046 0.057 0.069 0.083 0.098 0.115 0.133 0.152 0.173 0.195 0.218 0.242 0.267 0.292 0.318 0.344 0.371 0.397 0.423 0.449 0.474 0.499 0.522 0.545 0.567 0.587 0.607 0.625 0.642 0.658 0.673 0.687 0.702 0.716 0.731 0.746 0.763 0.780 0.798 0.817 0.837 0.857 0.877 0.898 0.918 0.937 0.956 0.972 0.988 1.001 1.012 1.021 1.027 1.031 1.031 1.029 1.024 1.016 1.004
0.005 0.006 0.006 0.006 0.006 0.007 0.007 0.007 0.007 0.007 0.007 0.008 0.008 0.010 0.016 0.023 0.031 0.040 0.050 0.061 0.074 0.088 0.103 0.119 0.137 0.156 0.176 0.197 0.219 0.242 0.265 0.289 0.313 0.337 0.361 0.385 0.409 0.432 0.455 0.477 0.499 0.520 0.540 0.560 0.579 0.597 0.614 0.630 0.645 0.657 0.667 0.675 0.683 0.692 0.701 0.710 0.720 0.730 0.739 0.749 0.758 0.766 0.774 0.781 0.787 0.793 0.797 0.801 0.803 0.805 0.806 0.806 0.806 0.804 0.801 0.798 0.792
0.005 0.006 0.006 0.006 0.007 0.007 0.007 0.007 0.007 0.007 0.007 0.008 0.008 0.010 0.015 0.022 0.030 0.038 0.048 0.058 0.070 0.083 0.097 0.113 0.129 0.147 0.166 0.186 0.207 0.228 0.250 0.271 0.293 0.314 0.334 0.352 0.369 0.383 0.394 0.404 0.410 0.415 0.418 0.421 0.424 0.428 0.434 0.443 0.457 0.477 0.502 0.532 0.563 0.592 0.621 0.649 0.678 0.707 0.738 0.771 0.806 0.844 0.883 0.925 0.967 1.010 1.052 1.093 1.131 1.165 1.195 1.219 1.236 1.245 1.247 1.240 1.226
0.005 0.006 0.006 0.007 0.007 0.007 0.007 0.007 0.007 0.007 0.007 0.008 0.008 0.008 0.010 0.015 0.021 0.027 0.035 0.043 0.053 0.063 0.075 0.088 0.102 0.117 0.133 0.148 0.162 0.173 0.181 0.184 0.182 0.177 0.169 0.158 0.145 0.130 0.115 0.099 0.084 0.069 0.056 0.045 0.035 0.027 0.021 0.017 0.015 0.016 0.019 0.023 0.031 0.042 0.056 0.071 0.088 0.104 0.120 0.136 0.150 0.164 0.177 0.189 0.201 0.212 0.223 0.233 0.244 0.254 0.264 0.274 0.283 0.291 0.298 0.303 0.304
0.005 0.006 0.006 0.006 0.006 0.007 0.007 0.007 0.007 0.007 0.007 0.007 0.007 0.007 0.007 0.007 0.008 0.009 0.013 0.018 0.024 0.031 0.039 0.050 0.064 0.082 0.106 0.136 0.175 0.224 0.283 0.354 0.436 0.529 0.631 0.743 0.865 0.996 1.138 1.288 1.448 1.614 1.787 1.964 2.143 2.323 2.501 2.673 2.839 2.996 3.145 3.285 3.415 3.535 3.643 3.740 3.825 3.898 3.958 4.006 4.041 4.064 4.074 4.073 4.061 4.038 4.005 3.962 3.910 3.850 3.783 3.709 3.629 3.543 3.451 3.355 3.254
0.002 0.003 0.003 0.003 0.003 0.003 0.003 0.003 0.003 0.003 0.003 0.003 0.003 0.003 0.003 0.003 0.003 0.003 0.003 0.003 0.004 0.004 0.004 0.005 0.005 0.006 0.006 0.007 0.007 0.007 0.007 0.007 0.007 0.008 0.011 0.017 0.023 0.031 0.037 0.042 0.046 0.047 0.046 0.043 0.039 0.033 0.027 0.022 0.018 0.016 0.014 0.013 0.012 0.011 0.011 0.010 0.009 0.009 0.008 0.008 0.008 0.008 0.008 0.008 0.008 0.009 0.010 0.011 0.013 0.013 0.014 0.015 0.015 0.016 0.016 0.016 0.016
0.005 0.008 0.011 0.018 0.027 0.037 0.049 0.063 0.080 0.100 0.124 0.152 0.185 0.224 0.270 0.323 0.385 0.454 0.533 0.621 0.719 0.827 0.945 1.073 1.211 1.359 1.518 1.688 1.869 2.060 2.262 2.475 2.696 2.926 3.164 3.407 3.653 3.903 4.152 4.399 4.642 4.879 5.107 5.325 5.531 5.724 5.903 6.066 6.213 6.344 6.458 6.558 6.642 6.713 6.772 6.818 6.854 6.881 6.901 6.914 6.922 6.925 6.926 6.925 6.922 6.918 6.914 6.910 6.905 6.898 6.889 6.875 6.855 6.827 6.789 6.737 6.671
0.001 0.001 0.001 0.001 0.002 0.002 0.002 0.002 0.002 0.002 0.003 0.003 0.004 0.004 0.005 0.005 0.005 0.005 0.005 0.005 0.005 0.005 0.005 0.005 0.005 0.005 0.005 0.005 0.005 0.005 0.005 0.006 0.006 0.007 0.007 0.008 0.009 0.012 0.017 0.022 0.026 0.030 0.032 0.033 0.033 0.031 0.028 0.024 0.020 0.017 0.013 0.010 0.009 0.009 0.009 0.009 0.009 0.010 0.012 0.015 0.019 0.024 0.029 0.035 0.041 0.048 0.055 0.062 0.070 0.077 0.084 0.091 0.098 0.103 0.108 0.112 0.114
0.007 0.014 0.026 0.040 0.056 0.075 0.098 0.125 0.157 0.194 0.238 0.289 0.348 0.416 0.494 0.583 0.683 0.794 0.918 1.053 1.201 1.361 1.532 1.714 1.906 2.107 2.316 2.532 2.753 2.980 3.209 3.442 3.675 3.910 4.144 4.377 4.609 4.838 5.065 5.289 5.509 5.726 5.938 6.146 6.350 6.548 6.742 6.930 7.112 7.289 7.460 7.624 7.782 7.934 8.079 8.217 8.348 8.471 8.588 8.696 8.797 8.891 8.976 9.052 9.120 9.179 9.228 9.268 9.297 9.314 9.321 9.315 9.296 9.263 9.217 9.156 9.080
0.001 0.001 0.001 0.001 0.002 0.002 0.002 0.002 0.002 0.002 0.003 0.003 0.004 0.004 0.005 0.005 0.005 0.005 0.005 0.005 0.005 0.005 0.005 0.005 0.005 0.005 0.005 0.005 0.005 0.005 0.005 0.006 0.006 0.007 0.007 0.008 0.009 0.013 0.017 0.022 0.026 0.030 0.032 0.033 0.033 0.031 0.028 0.024 0.020 0.016 0.013 0.010 0.009 0.009 0.009 0.009 0.009 0.010 0.012 0.015 0.019 0.023 0.029 0.034 0.041 0.047 0.055 0.062 0.070 0.077 0.085 0.092 0.098 0.104 0.109 0.112 0.115
0.005 0.008 0.011 0.018 0.027 0.037 0.049 0.063 0.080 0.100 0.124 0.152 0.185 0.224 0.270 0.324 0.385 0.455 0.533 0.622 0.720 0.827 0.945 1.073 1.211 1.360 1.519 1.689 1.869 2.061 2.263 2.475 2.697 2.927 3.165 3.408 3.655 3.904 4.153 4.400 4.643 4.880 5.108 5.326 5.532 5.725 5.904 6.067 6.214 6.345 6.459 6.558 6.643 6.714 6.773 6.819 6.855 6.883 6.902 6.915 6.923 6.927 6.928 6.927 6.924 6.920 6.916 6.911 6.906 6.899 6.889 6.876 6.856 6.828 6.789 6.738 6.671
0.002 0.003 0.003 0.003 0.003 0.003 0.003 0.003 0.003 0.003 0.003 0.003 0.003 0.003 0.003 0.003 0.003 0.003 0.003 0.003 0.004 0.004 0.004 0.005 0.005 0.006 0.006 0.007 0.007 0.007 0.007 0.007 0.007 0.008 0.011 0.017 0.024 0.031 0.037 0.042 0.046 0.047 0.046 0.043 0.039 0.033 0.027 0.022 0.018 0.016 0.014 0.013 0.012 0.012 0.011 0.010 0.010 0.009 0.008 0.008 0.008 0.008 0.008 0.008 0.008 0.009 0.010 0.011 0.012 0.013 0.014 0.015 0.015 0.016 0.016 0.016 0.016
0.005 0.006 0.006 0.006 0.006 0.007 0.007 0.007 0.007 0.007 0.007 0.007 0.007 0.007 0.007 0.007 0.008 0.009 0.013 0.018 0.024 0.031 0.039 0.050 0.064 0.082 0.106 0.136 0.175 0.224 0.283 0.354 0.437 0.529 0.631 0.743 0.865 0.997 1.138 1.289 1.448 1.615 1.788 1.965 2.144 2.324 2.502 2.674 2.840 2.998 3.147 3.287 3.417 3.536 3.644 3.741 3.826 3.899 3.959 4.007 4.042 4.065 4.076 4.075 4.062 4.039 4.006 3.963 3.911 3.851 3.784 3.710 3.629 3.543 3.452 3.356 3.254
