Examples/2023_ISeeSnow/data/CoulombOnly/Results/curv77s/h/1HS_03_curv77s_MoT-Voellmy_h_0035.asc
ncols        162
nrows        17
xllcorner    1917.5
yllcorner    -4292.5
cellsize     5.00
NODATA_value -9999
0.000 0.000 0.000 0.000 0.000 0.000 0.000 0.000 0.000 0.000 0.000 0.000 0.000 0.000 0.000 0.000 0.000 0.000 0.000 0.000 0.000 0.000 0.000 0.000 0.000 0.000 0.000 0.000 0.000 0.000 0.000 0.000 0.000 0.000 0.000 0.000 0.000 0.000 0.000 0.000 0.000 0.000 0.000 0.000 0.000 0.000 0.000 0.000 0.000 0.000 0.000 0.000 0.000 0.000 0.000 0.000 0.000 0.000 0.000 0.000 0.000 0.000 0.000 0.000 0.000 0.000 0.000 0.000 0.000 0.000 0.000 0.000 0.000 0.000 0.000 0.000 0.000 0.000 0.000 0.000 0.000 0.000 0.000 0.000 0.000 0.000 0.000 0.000 0.000 0.000 0.000 0.000 0.000 0.000 0.000 0.000 0.000 0.000 0.000 0.000 0.000 0.000 0.000 0.000 0.000 0.000 0.000 0.000 0.000 0.000 0.000 0.000 0.000 0.000 0.000 0.000 0.000 0.000 0.000 0.000 0.000 0.000 0.000 0.000 0.000 0.000 0.000 0.000 0.000 0.000 0.000 0.000 0.000 0.000 0.000 0.000 0.000 0.000 0.000 0.000 0.000 0.000 0.000 0.000 0.000 0.000 0.000 0.000 0.000 0.000 0.000 0.000 0.000 0.000 0.000 0.000 0.000 0.000 0.000 0.000 0.000 0.000
0.000 0.000 0.000 0.000 0.000 0.000 0.000 0.000 0.000 0.000 0.000 0.000 0.000 0.000 0.000 0.000 0.000 0.000 0.000 0.000 0.001 0.001 0.001 0.001 0.002 0.002 0.002 0.003 0.003 0.003 0.003 0.003 0.004 0.004 0.004 0.004 0.004 0.005 0.005 0.005 0.006 0.006 0.007 0.008 0.011 0.018 0.026 0.035 0.046 0.058 0.071 0.085 0.099 0.114 0.129 0.143 0.156 0.168 0.179 0.188 0.195 0.200 0.203 0.204 0.203 0.200 0.195 0.189 0.181 0.172 0.162 0.151 0.140 0.128 0.116 0.104 0.093 0.082 0.071 0.061 0.052 0.044 0.036 0.030 0.024 0.019 0.014 0.010 0.009 0.009 0.009 0.009 0.007 0.001 0.000 0.000 0.000 0.000 0.000 0.000 0.000 0.000 0.000 0.000 0.000 0.000 0.000 0.000 0.000 0.000 0.000 0.000 0.000 0.000 0.000 0.000 0.000 0.000 0.000 0.000 0.000 0.000 0.000 0.000 0.000 0.000 0.000 0.000 0.000 0.000 0.000 0.000 0.000 0.000 0.000 0.000 0.000 0.000 0.000 0.000 0.000 0.000 0.000 0.000 0.000 0.000 0.000 0.000 0.000 0.000 0.000 0.000 0.000 0.000 0.000 0.000 0.000 0.000 0.000 0.000 0.000 0.000
0.000 0.000 0.000 0.000 0.000 0.000 0.000 0.000 0.000 0.000 0.000 0.000 0.000 0.001 0.001 0.001 0.001 0.002 0.002 0.002 0.003 0.003 0.003 0.004 0.004 0.004 0.005 0.005 0.005 0.006 0.006 0.007 0.008 0.011 0.018 0.030 0.046 0.069 0.098 0.135 0.179 0.232 0.292 0.360 0.434 0.514 0.599 0.687 0.777 0.867 0.957 1.045 1.131 1.214 1.294 1.370 1.442 1.509 1.571 1.628 1.679 1.724 1.762 1.793 1.817 1.834 1.843 1.846 1.841 1.830 1.812 1.787 1.756 1.720 1.677 1.630 1.578 1.520 1.459 1.394 1.325 1.253 1.178 1.100 1.021 0.940 0.859 0.779 0.701 0.626 0.554 0.485 0.419 0.357 0.302 0.253 0.209 0.171 0.139 0.112 0.089 0.070 0.054 0.042 0.032 0.024 0.017 0.012 0.010 0.009 0.009 0.009 0.004 0.000 0.000 0.000 0.000 0.000 0.000 0.000 0.000 0.000 0.000 0.000 0.000 0.000 0.000 0.000 0.000 0.000 0.000 0.000 0.000 0.000 0.000 0.000 0.000 0.000 0.000 0.000 0.000 0.000 0.000 0.000 0.000 0.000 0.000 0.000 0.000 0.000 0.000 0.000 0.000 0.000 0.000 0.000 0.000 0.000 0.000 0.000 0.000 0.000
0.000 0.000 0.000 0.000 0.000 0.000 0.001 0.001 0.001 0.001 0.001 0.001 0.002 0.002 0.002 0.003 0.003 0.004 0.004 0.004 0.005 0.005 0.005 0.006 0.006 0.007 0.008 0.011 0.020 0.034 0.054 0.082 0.118 0.164 0.219 0.285 0.358 0.438 0.523 0.613 0.705 0.799 0.894 0.988 1.080 1.170 1.257 1.341 1.421 1.496 1.568 1.635 1.698 1.756 1.808 1.855 1.896 1.932 1.967 2.001 2.034 2.067 2.100 2.133 2.167 2.201 2.234 2.267 2.298 2.328 2.356 2.382 2.405 2.425 2.442 2.454 2.462 2.465 2.463 2.456 2.444 2.426 2.403 2.376 2.342 2.304 2.260 2.210 2.154 2.091 2.021 1.944 1.860 1.769 1.671 1.567 1.459 1.348 1.236 1.123 1.012 0.904 0.800 0.701 0.609 0.523 0.446 0.376 0.315 0.263 0.217 0.176 0.141 0.112 0.088 0.068 0.052 0.040 0.030 0.022 0.016 0.012 0.010 0.009 0.009 0.007 0.001 0.000 0.000 0.000 0.000 0.000 0.000 0.000 0.000 0.000 0.000 0.000 0.000 0.000 0.000 0.000 0.000 0.000 0.000 0.000 0.000 0.000 0.000 0.000 0.000 0.000 0.000 0.000 0.000 0.000 0.000 0.000 0.000 0.000 0.000 0.000
0.001 0.001 0.001 0.001 0.001 0.002 0.002 0.002 0.002 0.002 0.003 0.003 0.003 0.004 0.004 0.004 0.005 0.005 0.006 0.006 0.007 0.008 0.010 0.018 0.031 0.050 0.077 0.112 0.157 0.210 0.272 0.343 0.421 0.506 0.597 0.691 0.790 0.891 0.994 1.097 1.199 1.301 1.400 1.499 1.595 1.690 1.784 1.877 1.970 2.063 2.157 2.252 2.349 2.449 2.553 2.660 2.771 2.881 2.985 3.080 3.166 3.241 3.303 3.353 3.389 3.410 3.418 3.411 3.390 3.355 3.308 3.248 3.177 3.097 3.008 2.914 2.819 2.723 2.629 2.537 2.449 2.364 2.285 2.211 2.143 2.081 2.025 1.976 1.933 1.896 1.864 1.838 1.815 1.796 1.778 1.760 1.741 1.719 1.693 1.662 1.624 1.578 1.524 1.461 1.391 1.313 1.229 1.140 1.048 0.954 0.860 0.768 0.678 0.592 0.512 0.438 0.371 0.311 0.258 0.213 0.173 0.140 0.113 0.091 0.072 0.056 0.042 0.032 0.023 0.017 0.012 0.010 0.009 0.009 0.009 0.003 0.000 0.000 0.000 0.000 0.000 0.000 0.000 0.000 0.000 0.000 0.000 0.000 0.000 0.000 0.000 0.000 0.000 0.000 0.000 0.000 0.000 0.000 0.000 0.000 0.000 0.000
0.003 0.003 0.003 0.003 0.003 0.003 0.003 0.004 0.004 0.004 0.004 0.005 0.005 0.005 0.006 0.006 0.007 0.008 0.011 0.019 0.034 0.054 0.083 0.120 0.166 0.220 0.282 0.350 0.423 0.499 0.575 0.650 0.722 0.790 0.853 0.910 0.962 1.009 1.052 1.090 1.126 1.160 1.193 1.224 1.252 1.278 1.301 1.321 1.337 1.349 1.357 1.362 1.363 1.361 1.358 1.352 1.346 1.341 1.343 1.351 1.368 1.395 1.431 1.479 1.537 1.607 1.688 1.779 1.881 1.992 2.112 2.239 2.373 2.511 2.652 2.792 2.926 3.051 3.166 3.270 3.361 3.440 3.506 3.558 3.596 3.620 3.631 3.628 3.612 3.583 3.544 3.494 3.435 3.367 3.294 3.216 3.134 3.050 2.966 2.882 2.801 2.721 2.645 2.570 2.499 2.428 2.359 2.289 2.217 2.142 2.063 1.978 1.887 1.791 1.688 1.579 1.466 1.349 1.230 1.112 0.995 0.881 0.772 0.669 0.574 0.486 0.407 0.337 0.275 0.223 0.179 0.142 0.113 0.089 0.068 0.051 0.038 0.028 0.020 0.015 0.011 0.010 0.010 0.007 0.001 0.000 0.000 0.000 0.000 0.000 0.000 0.000 0.000 0.000 0.000 0.000 0.000 0.000 0.000 0.000 0.000 0.000
0.004 0.004 0.005 0.005 0.005 0.005 0.005 0.005 0.005 0.006 0.006 0.006 0.007 0.007 0.009 0.015 0.027 0.044 0.067 0.098 0.137 0.185 0.242 0.309 0.385 0.471 0.566 0.670 0.784 0.906 1.036 1.173 1.317 1.467 1.620 1.777 1.934 2.092 2.250 2.405 2.555 2.698 2.835 2.965 3.088 3.204 3.314 3.417 3.512 3.601 3.682 3.756 3.822 3.881 3.933 3.978 4.016 4.047 4.072 4.092 4.106 4.114 4.118 4.117 4.112 4.102 4.087 4.068 4.043 4.014 3.979 3.937 3.890 3.836 3.776 3.710 3.642 3.572 3.501 3.429 3.359 3.289 3.222 3.158 3.098 3.042 2.992 2.947 2.907 2.872 2.843 2.818 2.797 2.779 2.764 2.750 2.737 2.724 2.711 2.696 2.679 2.660 2.639 2.616 2.590 2.561 2.531 2.500 2.467 2.434 2.400 2.366 2.332 2.297 2.262 2.225 2.185 2.142 2.094 2.040 1.979 1.909 1.830 1.741 1.642 1.534 1.418 1.296 1.169 1.041 0.913 0.789 0.670 0.559 0.457 0.366 0.287 0.220 0.165 0.122 0.089 0.066 0.048 0.035 0.025 0.018 0.014 0.011 0.010 0.009 0.003 0.000 0.000 0.000 0.000 0.000 0.000 0.000 0.000 0.000 0.000 0.000
0.005 0.006 0.006 0.006 0.006 0.007 0.007 0.007 0.007 0.007 0.008 0.008 0.011 0.017 0.024 0.033 0.042 0.051 0.061 0.071 0.080 0.089 0.097 0.104 0.110 0.115 0.120 0.125 0.130 0.136 0.142 0.150 0.160 0.171 0.185 0.200 0.217 0.236 0.256 0.277 0.300 0.325 0.352 0.381 0.413 0.447 0.483 0.523 0.566 0.614 0.666 0.722 0.783 0.849 0.918 0.991 1.068 1.147 1.229 1.312 1.397 1.483 1.570 1.657 1.745 1.833 1.921 2.010 2.100 2.190 2.282 2.375 2.470 2.566 2.663 2.762 2.860 2.959 3.057 3.153 3.246 3.335 3.419 3.497 3.568 3.632 3.688 3.736 3.775 3.806 3.828 3.842 3.848 3.847 3.839 3.824 3.802 3.775 3.742 3.703 3.660 3.612 3.559 3.502 3.440 3.374 3.304 3.230 3.152 3.070 2.984 2.895 2.802 2.707 2.608 2.508 2.406 2.303 2.201 2.099 1.999 1.901 1.806 1.715 1.628 1.544 1.464 1.386 1.312 1.239 1.168 1.097 1.025 0.952 0.878 0.802 0.725 0.647 0.569 0.492 0.417 0.346 0.281 0.224 0.176 0.137 0.105 0.080 0.061 0.045 0.033 0.024 0.017 0.013 0.010 0.005 0.000 0.000 0.000 0.000 0.000 0.000
0.009 0.016 0.022 0.029 0.037 0.047 0.058 0.072 0.091 0.114 0.144 0.181 0.228 0.284 0.352 0.432 0.524 0.629 0.746 0.875 1.014 1.163 1.319 1.481 1.646 1.813 1.980 2.145 2.307 2.465 2.618 2.764 2.905 3.039 3.166 3.287 3.402 3.512 3.616 3.714 3.809 3.898 3.985 4.067 4.147 4.223 4.297 4.368 4.437 4.503 4.567 4.629 4.688 4.745 4.799 4.851 4.900 4.946 4.990 5.030 5.068 5.102 5.133 5.161 5.185 5.205 5.221 5.234 5.242 5.247 5.247 5.243 5.236 5.224 5.209 5.191 5.168 5.143 5.114 5.083 5.048 5.011 4.972 4.930 4.885 4.839 4.791 4.740 4.688 4.634 4.578 4.521 4.462 4.402 4.340 4.278 4.214 4.149 4.084 4.019 3.953 3.887 3.821 3.755 3.690 3.625 3.561 3.497 3.433 3.370 3.307 3.244 3.181 3.117 3.053 2.989 2.923 2.856 2.787 2.716 2.643 2.568 2.490 2.409 2.326 2.241 2.153 2.063 1.970 1.877 1.782 1.686 1.590 1.495 1.401 1.308 1.217 1.128 1.042 0.958 0.878 0.800 0.724 0.648 0.574 0.502 0.434 0.370 0.311 0.257 0.210 0.170 0.135 0.106 0.081 0.061 0.046 0.034 0.025 0.019 0.014 0.010
0.005 0.006 0.006 0.006 0.006 0.007 0.007 0.007 0.007 0.007 0.008 0.008 0.011 0.017 0.024 0.033 0.042 0.051 0.061 0.071 0.080 0.089 0.097 0.104 0.110 0.115 0.120 0.125 0.130 0.136 0.142 0.150 0.160 0.171 0.185 0.200 0.217 0.236 0.256 0.277 0.300 0.325 0.352 0.381 0.413 0.446 0.483 0.523 0.566 0.614 0.666 0.722 0.783 0.848 0.918 0.991 1.067 1.147 1.228 1.312 1.397 1.483 1.569 1.657 1.744 1.832 1.921 2.010 2.100 2.190 2.282 2.376 2.470 2.566 2.664 2.762 2.861 2.960 3.058 3.154 3.247 3.336 3.420 3.499 3.570 3.634 3.690 3.738 3.777 3.808 3.830 3.844 3.850 3.849 3.841 3.825 3.804 3.776 3.743 3.705 3.661 3.613 3.560 3.502 3.441 3.375 3.304 3.230 3.152 3.070 2.984 2.895 2.802 2.707 2.608 2.508 2.406 2.303 2.201 2.099 1.999 1.901 1.806 1.715 1.628 1.544 1.464 1.387 1.312 1.240 1.168 1.097 1.025 0.952 0.878 0.802 0.725 0.647 0.569 0.492 0.417 0.346 0.281 0.224 0.176 0.137 0.105 0.080 0.061 0.045 0.033 0.024 0.017 0.013 0.010 0.005 0.000 0.000 0.000 0.000 0.000 0.000
0.004 0.004 0.005 0.005 0.005 0.005 0.005 0.005 0.005 0.006 0.006 0.006 0.007 0.007 0.009 0.015 0.027 0.044 0.067 0.098 0.137 0.185 0.242 0.309 0.385 0.471 0.566 0.670 0.784 0.906 1.036 1.173 1.317 1.467 1.620 1.776 1.934 2.092 2.249 2.405 2.555 2.698 2.835 2.965 3.088 3.204 3.314 3.417 3.513 3.601 3.683 3.756 3.823 3.882 3.934 3.978 4.016 4.048 4.073 4.092 4.106 4.115 4.119 4.118 4.112 4.102 4.087 4.068 4.043 4.013 3.978 3.937 3.889 3.835 3.774 3.709 3.640 3.570 3.499 3.428 3.357 3.287 3.220 3.156 3.096 3.040 2.990 2.945 2.905 2.871 2.841 2.816 2.795 2.778 2.762 2.749 2.736 2.723 2.709 2.694 2.678 2.659 2.638 2.615 2.589 2.561 2.531 2.499 2.467 2.434 2.400 2.366 2.332 2.297 2.262 2.225 2.185 2.142 2.094 2.040 1.979 1.909 1.830 1.741 1.642 1.534 1.418 1.296 1.169 1.041 0.913 0.789 0.670 0.559 0.457 0.366 0.287 0.220 0.165 0.122 0.089 0.066 0.048 0.035 0.025 0.018 0.014 0.011 0.010 0.009 0.003 0.000 0.000 0.000 0.000 0.000 0.000 0.000 0.000 0.000 0.000 0.000
0.003 0.003 0.003 0.003 0.003 0.003 0.003 0.004 0.004 0.004 0.004 0.005 0.005 0.005 0.006 0.006 0.007 0.008 0.011 0.019 0.034 0.054 0.083 0.120 0.166 0.220 0.282 0.350 0.423 0.499 0.575 0.650 0.722 0.790 0.853 0.910 0.962 1.009 1.052 1.090 1.126 1.160 1.193 1.224 1.252 1.278 1.301 1.321 1.337 1.349 1.357 1.361 1.363 1.361 1.357 1.352 1.345 1.341 1.342 1.351 1.368 1.394 1.431 1.479 1.537 1.607 1.688 1.779 1.881 1.992 2.112 2.239 2.373 2.511 2.652 2.793 2.927 3.051 3.166 3.270 3.362 3.441 3.506 3.558 3.596 3.621 3.631 3.628 3.612 3.584 3.544 3.494 3.435 3.368 3.295 3.217 3.135 3.052 2.967 2.884 2.802 2.723 2.646 2.572 2.500 2.430 2.360 2.290 2.218 2.143 2.063 1.979 1.888 1.791 1.688 1.579 1.466 1.349 1.231 1.112 0.995 0.881 0.772 0.669 0.574 0.486 0.407 0.337 0.275 0.223 0.179 0.142 0.113 0.089 0.068 0.051 0.038 0.028 0.020 0.015 0.011 0.010 0.010 0.007 0.001 0.000 0.000 0.000 0.000 0.000 0.000 0.000 0.000 0.000 0.000 0.000 0.000 0.000 0.000 0.000 0.000 0.000
0.001 0.001 0.001 0.001 0.001 0.002 0.002 0.002 0.002 0.002 0.003 0.003 0.003 0.004 0.004 0.004 0.005 0.005 0.006 0.006 0.007 0.008 0.010 0.018 0.031 0.050 0.077 0.112 0.157 0.210 0.272 0.343 0.421 0.506 0.597 0.691 0.790 0.891 0.994 1.097 1.199 1.300 1.400 1.499 1.595 1.690 1.784 1.877 1.970 2.063 2.157 2.252 2.349 2.449 2.553 2.660 2.771 2.881 2.985 3.080 3.166 3.241 3.303 3.353 3.389 3.410 3.418 3.411 3.390 3.355 3.308 3.248 3.178 3.097 3.009 2.915 2.819 2.724 2.630 2.538 2.449 2.365 2.286 2.212 2.144 2.082 2.026 1.977 1.934 1.897 1.865 1.838 1.816 1.796 1.778 1.760 1.741 1.719 1.693 1.662 1.624 1.578 1.524 1.461 1.391 1.313 1.229 1.140 1.048 0.954 0.860 0.767 0.677 0.592 0.512 0.438 0.371 0.311 0.258 0.213 0.173 0.140 0.113 0.091 0.072 0.056 0.042 0.032 0.023 0.017 0.012 0.010 0.009 0.009 0.009 0.003 0.000 0.000 0.000 0.000 0.000 0.000 0.000 0.000 0.000 0.000 0.000 0.000 0.000 0.000 0.000 0.000 0.000 0.000 0.000 0.000 0.000 0.000 0.000 0.000 0.000 0.000
0.000 0.000 0.000 0.000 0.000 0.000 0.001 0.001 0.001 0.001 0.001 0.001 0.002 0.002 0.002 0.003 0.003 0.004 0.004 0.004 0.005 0.005 0.005 0.006 0.006 0.007 0.008 0.011 0.020 0.034 0.054 0.082 0.118 0.164 0.219 0.285 0.358 0.438 0.523 0.613 0.705 0.799 0.894 0.988 1.080 1.170 1.257 1.341 1.420 1.496 1.568 1.635 1.698 1.756 1.808 1.855 1.896 1.932 1.967 2.001 2.034 2.067 2.100 2.133 2.167 2.201 2.235 2.267 2.298 2.328 2.356 2.382 2.406 2.426 2.442 2.454 2.462 2.465 2.463 2.456 2.444 2.426 2.404 2.376 2.342 2.304 2.260 2.210 2.153 2.091 2.021 1.944 1.860 1.768 1.670 1.567 1.459 1.348 1.235 1.123 1.012 0.903 0.799 0.701 0.608 0.523 0.446 0.376 0.315 0.262 0.217 0.176 0.141 0.112 0.088 0.068 0.052 0.040 0.030 0.022 0.016 0.012 0.010 0.009 0.009 0.007 0.001 0.000 0.000 0.000 0.000 0.000 0.000 0.000 0.000 0.000 0.000 0.000 0.000 0.000 0.000 0.000 0.000 0.000 0.000 0.000 0.000 0.000 0.000 0.000 0.000 0.000 0.000 0.000 0.000 0.000 0.000 0.000 0.000 0.000 0.000 0.000
0.000 0.000 0.000 0.000 0.000 0.000 0.000 0.000 0.000 0.000 0.000 0.000 0.000 0.001 0.001 0.001 0.001 0.002 0.002 0.002 0.003 0.003 0.003 0.004 0.004 0.004 0.005 0.005 0.005 0.006 0.006 0.007 0.008 0.011 0.018 0.030 0.046 0.069 0.098 0.135 0.180 0.232 0.292 0.360 0.434 0.515 0.599 0.687 0.777 0.867 0.957 1.045 1.131 1.214 1.294 1.370 1.442 1.509 1.571 1.628 1.679 1.724 1.762 1.793 1.817 1.834 1.843 1.846 1.841 1.830 1.812 1.787 1.756 1.720 1.677 1.630 1.577 1.520 1.459 1.394 1.325 1.252 1.177 1.100 1.020 0.940 0.859 0.779 0.701 0.625 0.553 0.484 0.419 0.357 0.302 0.253 0.209 0.171 0.139 0.112 0.089 0.070 0.054 0.042 0.032 0.024 0.017 0.012 0.010 0.009 0.009 0.009 0.004 0.000 0.000 0.000 0.000 0.000 0.000 0.000 0.000 0.000 0.000 0.000 0.000 0.000 0.000 0.000 0.000 0.000 0.000 0.000 0.000 0.000 0.000 0.000 0.000 0.000 0.000 0.000 0.000 0.000 0.000 0.000 0.000 0.000 0.000 0.000 0.000 0.000 0.000 0.000 0.000 0.000 0.000 0.000 0.000 0.000 0.000 0.000 0.000 0.000
0.000 0.000 0.000 0.000 0.000 0.000 0.000 0.000 0.000 0.000 0.000 0.000 0.000 0.000 0.000 0.000 0.000 0.000 0.000 0.000 0.001 0.001 0.001 0.001 0.002 0.002 0.002 0.003 0.003 0.003 0.003 0.003 0.004 0.004 0.004 0.004 0.004 0.005 0.005 0.005 0.006 0.006 0.007 0.008 0.011 0.018 0.026 0.035 0.046 0.058 0.071 0.085 0.099 0.114 0.129 0.143 0.156 0.168 0.179 0.188 0.195 0.200 0.203 0.204 0.203 0.200 0.195 0.189 0.181 0.172 0.162 0.152 0.140 0.128 0.116 0.105 0.093 0.082 0.071 0.061 0.052 0.044 0.036 0.030 0.024 0.019 0.014 0.010 0.009 0.009 0.009 0.009 0.007 0.001 0.000 0.000 0.000 0.000 0.000 0.000 0.000 0.000 0.000 0.000 0.000 0.000 0.000 0.000 0.000 0.000 0.000 0.000 0.000 0.000 0.000 0.000 0.000 0.000 0.000 0.000 0.000 0.000 0.000 0.000 0.000 0.000 0.000 0.000 0.000 0.000 0.000 0.000 0.000 0.000 0.000 0.000 0.000 0.000 0.000 0.000 0.000 0.000 0.000 0.000 0.000 0.000 0.000 0.000 0.000 0.000 0.000 0.000 0.000 0.000 0.000 0.000 0.000 0.000 0.000 0.000 0.000 0.000
0.000 0.000 0.000 0.000 0.000 0.000 0.000 0.000 0.000 0.000 0.000 0.000 0.000 0.000 0.000 0.000 0.000 0.000 0.000 0.000 0.000 0.000 0.000 0.000 0.000 0.000 0.000 0.000 0.000 0.000 0.000 0.000 0.000 0.000 0.000 0.000 0.000 0.000 0.000 0.000 0.000 0.000 0.000 0.000 0.000 0.000 0.000 0.000 0.000 0.000 0.000 0.000 0.000 0.000 0.000 0.000 0.000 0.000 0.000 0.000 0.000 0.000 0.000 0.000 0.000 0.000 0.000 0.000 0.000 0.000 0.000 0.000 0.000 0.000 0.000 0.000 0.000 0.000 0.000 0.000 0.000 0.000 0.000 0.000 0.000 0.000 0.000 0.000 0.000 0.000 0.000 0.000 0.000 0.000 0.000 0.000 0.000 0.000 0.000 0.000 0.000 0.000 0.000 0.000 0.000 0.000 0.000 0.000 0.000 0.000 0.000 0.000 0.000 0.000 0.000 0.000 0.000 0.000 0.000 0.000 0.000 0.000 0.000 0.000 0.000 0.000 0.000 0.000 0.000 0.000 0.000 0.000 0.000 0.000 0.000 0.000 0.000 0.000 0.000 0.000 0.000 0.000 0.000 0.000 0.000 0.000 0.000 0.000 0.000 0.000 0.000 0.000 0.000 0.000 0.000 0.000 0.000 0.000 0.000 0.000 0.000 0.000
