Examples/2023_ISeeSnow/data/CoulombOnly/Results/curv77s/h/1HS_03_curv77s_MoT-Voellmy_h_0037.asc
ncols        169
nrows        17
xllcorner    2032.5
yllcorner    -4292.5
cellsize     5.00
NODATA_value -9999
0.000 0.000 0.000 0.000 0.000 0.000 0.000 0.000 0.000 0.000 0.000 0.000 0.000 0.000 0.000 0.000 0.000 0.000 0.000 0.000 0.000 0.000 0.000 0.000 0.000 0.000 0.000 0.000 0.000 0.000 0.000 0.000 0.000 0.000 0.000 0.000 0.000 0.000 0.000 0.000 0.000 0.000 0.000 0.000 0.000 0.000 0.000 0.000 0.000 0.000 0.000 0.000 0.000 0.000 0.000 0.000 0.000 0.000 0.000 0.000 0.000 0.000 0.000 0.000 0.000 0.000 0.000 0.000 0.000 0.000 0.000 0.000 0.000 0.000 0.000 0.000 0.000 0.000 0.000 0.000 0.000 0.000 0.000 0.000 0.000 0.000 0.000 0.000 0.000 0.000 0.000 0.000 0.000 0.000 0.000 0.000 0.000 0.000 0.000 0.000 0.000 0.000 0.000 0.000 0.000 0.000 0.000 0.000 0.000 0.000 0.000 0.000 0.000 0.000 0.000 0.000 0.000 0.000 0.000 0.000 0.000 0.000 0.000 0.000 0.000 0.000 0.000 0.000 0.000 0.000 0.000 0.000 0.000 0.000 0.000 0.000 0.000 0.000 0.000 0.000 0.000 0.000 0.000 0.000 0.000 0.000 0.000 0.000 0.000 0.000 0.000 0.000 0.000 0.000 0.000 0.000 0.000 0.000 0.000 0.000 0.000 0.000 0.000 0.000 0.000 0.000 0.000 0.000 0.000
0.000 0.000 0.000 0.000 0.000 0.001 0.001 0.001 0.001 0.001 0.001 0.001 0.001 0.001 0.001 0.001 0.001 0.001 0.001 0.002 0.002 0.002 0.002 0.002 0.002 0.002 0.002 0.002 0.002 0.002 0.002 0.002 0.002 0.003 0.003 0.003 0.003 0.003 0.003 0.003 0.003 0.004 0.004 0.004 0.004 0.005 0.005 0.005 0.006 0.006 0.007 0.008 0.010 0.014 0.017 0.021 0.024 0.027 0.030 0.032 0.035 0.037 0.039 0.040 0.041 0.042 0.042 0.041 0.040 0.039 0.037 0.035 0.033 0.030 0.028 0.025 0.022 0.020 0.017 0.014 0.011 0.009 0.008 0.008 0.008 0.009 0.009 0.008 0.003 0.000 0.000 0.000 0.000 0.000 0.000 0.000 0.000 0.000 0.000 0.000 0.000 0.000 0.000 0.000 0.000 0.000 0.000 0.000 0.000 0.000 0.000 0.000 0.000 0.000 0.000 0.000 0.000 0.000 0.000 0.000 0.000 0.000 0.000 0.000 0.000 0.000 0.000 0.000 0.000 0.000 0.000 0.000 0.000 0.000 0.000 0.000 0.000 0.000 0.000 0.000 0.000 0.000 0.000 0.000 0.000 0.000 0.000 0.000 0.000 0.000 0.000 0.000 0.000 0.000 0.000 0.000 0.000 0.000 0.000 0.000 0.000 0.000 0.000 0.000 0.000 0.000 0.000 0.000 0.000
0.001 0.001 0.001 0.001 0.002 0.002 0.002 0.002 0.002 0.002 0.002 0.003 0.003 0.003 0.003 0.003 0.003 0.003 0.004 0.004 0.004 0.004 0.004 0.004 0.004 0.005 0.005 0.005 0.005 0.005 0.006 0.006 0.006 0.007 0.008 0.012 0.018 0.027 0.038 0.052 0.069 0.089 0.114 0.144 0.178 0.217 0.261 0.309 0.361 0.416 0.475 0.535 0.597 0.659 0.720 0.779 0.835 0.888 0.938 0.983 1.025 1.061 1.093 1.119 1.141 1.157 1.168 1.173 1.174 1.170 1.160 1.147 1.129 1.106 1.080 1.050 1.017 0.980 0.940 0.898 0.853 0.806 0.759 0.710 0.661 0.612 0.563 0.512 0.462 0.412 0.365 0.320 0.278 0.239 0.203 0.171 0.142 0.117 0.095 0.076 0.060 0.047 0.036 0.027 0.020 0.014 0.010 0.009 0.009 0.009 0.008 0.002 0.000 0.000 0.000 0.000 0.000 0.000 0.000 0.000 0.000 0.000 0.000 0.000 0.000 0.000 0.000 0.000 0.000 0.000 0.000 0.000 0.000 0.000 0.000 0.000 0.000 0.000 0.000 0.000 0.000 0.000 0.000 0.000 0.000 0.000 0.000 0.000 0.000 0.000 0.000 0.000 0.000 0.000 0.000 0.000 0.000 0.000 0.000 0.000 0.000 0.000 0.000 0.000 0.000 0.000 0.000 0.000 0.000
0.002 0.002 0.002 0.003 0.003 0.003 0.003 0.003 0.004 0.004 0.004 0.004 0.004 0.004 0.005 0.005 0.005 0.005 0.005 0.005 0.006 0.006 0.006 0.006 0.007 0.007 0.008 0.011 0.018 0.028 0.040 0.057 0.080 0.109 0.145 0.191 0.246 0.310 0.383 0.465 0.554 0.649 0.749 0.852 0.956 1.060 1.163 1.263 1.359 1.451 1.538 1.620 1.696 1.766 1.830 1.888 1.940 1.987 2.029 2.065 2.097 2.124 2.146 2.164 2.178 2.187 2.192 2.192 2.189 2.181 2.169 2.153 2.133 2.110 2.083 2.053 2.020 1.984 1.945 1.905 1.862 1.818 1.772 1.726 1.679 1.631 1.583 1.533 1.482 1.429 1.374 1.318 1.259 1.198 1.135 1.070 1.002 0.932 0.862 0.790 0.718 0.647 0.577 0.510 0.446 0.386 0.331 0.282 0.238 0.198 0.163 0.131 0.105 0.083 0.065 0.050 0.039 0.029 0.022 0.016 0.011 0.010 0.009 0.009 0.009 0.003 0.000 0.000 0.000 0.000 0.000 0.000 0.000 0.000 0.000 0.000 0.000 0.000 0.000 0.000 0.000 0.000 0.000 0.000 0.000 0.000 0.000 0.000 0.000 0.000 0.000 0.000 0.000 0.000 0.000 0.000 0.000 0.000 0.000 0.000 0.000 0.000 0.000 0.000 0.000 0.000 0.000 0.000 0.000
0.003 0.003 0.004 0.004 0.004 0.004 0.004 0.005 0.005 0.005 0.005 0.005 0.006 0.006 0.006 0.006 0.006 0.007 0.007 0.007 0.008 0.010 0.015 0.024 0.036 0.053 0.076 0.107 0.147 0.197 0.258 0.330 0.414 0.509 0.613 0.723 0.837 0.952 1.066 1.178 1.285 1.386 1.480 1.567 1.645 1.716 1.778 1.832 1.878 1.916 1.947 1.972 1.992 2.007 2.018 2.025 2.028 2.029 2.028 2.025 2.021 2.016 2.011 2.006 2.002 1.998 1.996 1.994 1.993 1.992 1.993 1.994 1.996 1.998 2.000 2.002 2.003 2.003 2.002 2.000 1.995 1.989 1.981 1.970 1.957 1.942 1.925 1.907 1.886 1.865 1.842 1.819 1.795 1.770 1.745 1.720 1.694 1.667 1.639 1.608 1.574 1.537 1.495 1.447 1.394 1.335 1.271 1.203 1.132 1.057 0.979 0.901 0.822 0.743 0.667 0.592 0.521 0.454 0.390 0.331 0.277 0.228 0.185 0.147 0.112 0.083 0.060 0.042 0.029 0.020 0.014 0.011 0.010 0.010 0.009 0.005 0.000 0.000 0.000 0.000 0.000 0.000 0.000 0.000 0.000 0.000 0.000 0.000 0.000 0.000 0.000 0.000 0.000 0.000 0.000 0.000 0.000 0.000 0.000 0.000 0.000 0.000 0.000 0.000 0.000 0.000 0.000 0.000 0.000
0.003 0.004 0.005 0.005 0.005 0.005 0.005 0.006 0.006 0.006 0.006 0.006 0.007 0.007 0.007 0.008 0.009 0.013 0.021 0.032 0.047 0.067 0.092 0.123 0.160 0.202 0.250 0.301 0.354 0.407 0.459 0.506 0.548 0.583 0.612 0.638 0.661 0.683 0.705 0.728 0.753 0.783 0.817 0.857 0.903 0.956 1.017 1.085 1.161 1.246 1.336 1.430 1.528 1.629 1.732 1.837 1.942 2.047 2.151 2.255 2.356 2.456 2.552 2.646 2.737 2.824 2.908 2.987 3.063 3.135 3.203 3.266 3.325 3.380 3.430 3.475 3.515 3.551 3.582 3.607 3.628 3.643 3.654 3.658 3.658 3.651 3.639 3.621 3.597 3.567 3.531 3.489 3.441 3.387 3.328 3.265 3.198 3.128 3.055 2.982 2.909 2.837 2.768 2.702 2.640 2.582 2.526 2.470 2.414 2.356 2.295 2.230 2.161 2.086 2.005 1.919 1.827 1.730 1.628 1.523 1.414 1.304 1.194 1.084 0.977 0.872 0.770 0.670 0.574 0.484 0.401 0.327 0.264 0.209 0.162 0.122 0.090 0.066 0.047 0.034 0.025 0.018 0.013 0.011 0.010 0.009 0.004 0.000 0.000 0.000 0.000 0.000 0.000 0.000 0.000 0.000 0.000 0.000 0.000 0.000 0.000 0.000 0.000 0.000 0.000 0.000 0.000 0.000 0.000
0.004 0.005 0.005 0.006 0.006 0.006 0.006 0.007 0.007 0.007 0.007 0.008 0.009 0.013 0.021 0.032 0.046 0.065 0.088 0.117 0.151 0.192 0.238 0.291 0.350 0.415 0.485 0.561 0.640 0.723 0.810 0.899 0.990 1.083 1.177 1.270 1.361 1.450 1.537 1.621 1.701 1.778 1.851 1.921 1.986 2.048 2.105 2.160 2.210 2.258 2.304 2.350 2.395 2.442 2.489 2.537 2.587 2.638 2.690 2.743 2.796 2.849 2.902 2.954 3.004 3.052 3.098 3.141 3.181 3.219 3.253 3.285 3.315 3.342 3.368 3.392 3.416 3.438 3.460 3.482 3.504 3.526 3.549 3.571 3.594 3.616 3.639 3.661 3.684 3.705 3.726 3.746 3.766 3.783 3.799 3.812 3.823 3.830 3.834 3.832 3.825 3.811 3.791 3.764 3.729 3.686 3.637 3.582 3.523 3.461 3.396 3.330 3.263 3.198 3.133 3.070 3.010 2.952 2.896 2.841 2.787 2.732 2.674 2.610 2.536 2.454 2.365 2.268 2.165 2.056 1.940 1.816 1.687 1.551 1.412 1.270 1.127 0.987 0.850 0.719 0.598 0.488 0.391 0.307 0.236 0.176 0.127 0.089 0.061 0.040 0.026 0.018 0.013 0.010 0.005 0.000 0.000 0.000 0.000 0.000 0.000 0.000 0.000 0.000 0.000 0.000 0.000 0.000 0.000
0.004 0.006 0.006 0.006 0.007 0.007 0.007 0.007 0.007 0.007 0.007 0.007 0.008 0.008 0.009 0.011 0.015 0.018 0.021 0.024 0.025 0.027 0.028 0.030 0.033 0.037 0.043 0.052 0.066 0.084 0.109 0.140 0.177 0.222 0.273 0.331 0.394 0.463 0.536 0.614 0.694 0.776 0.861 0.947 1.035 1.123 1.212 1.301 1.391 1.480 1.569 1.658 1.746 1.833 1.920 2.006 2.092 2.178 2.263 2.349 2.435 2.522 2.610 2.699 2.788 2.879 2.971 3.063 3.156 3.248 3.339 3.429 3.516 3.600 3.680 3.756 3.826 3.891 3.948 3.999 4.042 4.077 4.104 4.123 4.135 4.138 4.134 4.123 4.105 4.080 4.049 4.012 3.969 3.921 3.869 3.812 3.751 3.687 3.620 3.550 3.478 3.405 3.330 3.255 3.179 3.103 3.028 2.952 2.877 2.802 2.727 2.651 2.574 2.496 2.417 2.336 2.252 2.167 2.079 1.989 1.898 1.806 1.714 1.625 1.539 1.456 1.377 1.300 1.228 1.158 1.092 1.030 0.972 0.918 0.867 0.820 0.775 0.732 0.691 0.650 0.609 0.567 0.524 0.479 0.433 0.387 0.340 0.295 0.251 0.210 0.172 0.137 0.107 0.082 0.061 0.045 0.033 0.024 0.018 0.013 0.010 0.006 0.000 0.000 0.000 0.000 0.000 0.000 0.000
0.007 0.013 0.021 0.029 0.037 0.047 0.058 0.071 0.088 0.108 0.133 0.163 0.200 0.244 0.296 0.356 0.426 0.506 0.596 0.695 0.804 0.921 1.046 1.179 1.317 1.460 1.606 1.753 1.902 2.050 2.197 2.341 2.482 2.620 2.753 2.882 3.006 3.125 3.239 3.349 3.454 3.554 3.650 3.742 3.829 3.913 3.993 4.069 4.143 4.213 4.280 4.344 4.405 4.463 4.519 4.572 4.622 4.670 4.715 4.758 4.798 4.836 4.870 4.903 4.932 4.958 4.982 5.003 5.020 5.035 5.046 5.055 5.059 5.061 5.059 5.055 5.046 5.035 5.021 5.004 4.983 4.960 4.934 4.906 4.875 4.841 4.805 4.767 4.727 4.685 4.640 4.594 4.546 4.496 4.444 4.391 4.336 4.280 4.222 4.163 4.104 4.043 3.982 3.920 3.858 3.795 3.732 3.669 3.607 3.544 3.482 3.420 3.358 3.297 3.236 3.174 3.113 3.052 2.991 2.929 2.866 2.803 2.738 2.673 2.606 2.537 2.467 2.394 2.320 2.244 2.166 2.087 2.005 1.922 1.837 1.751 1.665 1.577 1.490 1.402 1.315 1.228 1.143 1.059 0.977 0.897 0.819 0.744 0.671 0.602 0.537 0.475 0.416 0.360 0.308 0.260 0.217 0.178 0.144 0.115 0.091 0.070 0.054 0.041 0.031 0.023 0.017 0.013 0.009
0.004 0.006 0.006 0.006 0.007 0.007 0.007 0.007 0.007 0.007 0.007 0.007 0.008 0.008 0.009 0.011 0.015 0.018 0.021 0.024 0.025 0.027 0.028 0.030 0.033 0.036 0.043 0.052 0.066 0.084 0.109 0.140 0.177 0.222 0.273 0.331 0.394 0.463 0.536 0.613 0.694 0.776 0.861 0.947 1.035 1.123 1.212 1.301 1.391 1.480 1.569 1.658 1.746 1.833 1.920 2.006 2.092 2.178 2.263 2.349 2.435 2.522 2.610 2.698 2.788 2.879 2.971 3.063 3.155 3.247 3.339 3.428 3.515 3.600 3.680 3.756 3.826 3.890 3.947 3.998 4.041 4.076 4.103 4.122 4.133 4.137 4.133 4.122 4.103 4.078 4.047 4.010 3.968 3.920 3.868 3.811 3.750 3.686 3.619 3.549 3.477 3.404 3.330 3.254 3.179 3.103 3.028 2.952 2.877 2.802 2.727 2.651 2.575 2.497 2.417 2.336 2.253 2.167 2.080 1.990 1.899 1.807 1.715 1.625 1.539 1.456 1.377 1.300 1.228 1.158 1.092 1.030 0.972 0.918 0.867 0.820 0.775 0.732 0.691 0.650 0.609 0.567 0.524 0.479 0.433 0.387 0.340 0.295 0.251 0.210 0.172 0.137 0.107 0.082 0.061 0.045 0.033 0.024 0.018 0.013 0.010 0.006 0.000 0.000 0.000 0.000 0.000 0.000 0.000
0.004 0.005 0.005 0.006 0.006 0.006 0.006 0.007 0.007 0.007 0.007 0.008 0.009 0.013 0.021 0.032 0.046 0.065 0.088 0.117 0.151 0.192 0.238 0.291 0.350 0.415 0.485 0.561 0.640 0.723 0.810 0.899 0.990 1.083 1.177 1.270 1.361 1.451 1.537 1.621 1.701 1.778 1.851 1.921 1.986 2.048 2.106 2.160 2.210 2.258 2.304 2.350 2.396 2.442 2.489 2.537 2.587 2.638 2.690 2.743 2.797 2.850 2.903 2.954 3.004 3.052 3.098 3.141 3.182 3.219 3.254 3.286 3.316 3.343 3.369 3.393 3.417 3.440 3.462 3.484 3.506 3.528 3.551 3.573 3.596 3.619 3.641 3.664 3.686 3.708 3.729 3.749 3.768 3.785 3.801 3.814 3.825 3.832 3.835 3.833 3.825 3.812 3.792 3.764 3.729 3.686 3.636 3.582 3.523 3.460 3.395 3.329 3.263 3.197 3.132 3.070 3.009 2.951 2.895 2.841 2.787 2.732 2.674 2.610 2.537 2.455 2.365 2.268 2.165 2.056 1.940 1.816 1.687 1.551 1.412 1.270 1.127 0.987 0.850 0.719 0.598 0.488 0.391 0.307 0.236 0.176 0.127 0.089 0.061 0.040 0.026 0.018 0.013 0.010 0.005 0.000 0.000 0.000 0.000 0.000 0.000 0.000 0.000 0.000 0.000 0.000 0.000 0.000 0.000
0.003 0.004 0.005 0.005 0.005 0.005 0.005 0.006 0.006 0.006 0.006 0.006 0.007 0.007 0.007 0.008 0.009 0.013 0.021 0.032 0.047 0.067 0.092 0.123 0.160 0.202 0.250 0.301 0.354 0.408 0.459 0.506 0.548 0.583 0.612 0.638 0.661 0.683 0.705 0.728 0.753 0.783 0.817 0.857 0.903 0.956 1.016 1.085 1.161 1.246 1.336 1.430 1.528 1.629 1.732 1.836 1.942 2.047 2.151 2.254 2.356 2.455 2.552 2.646 2.737 2.824 2.908 2.987 3.063 3.135 3.203 3.266 3.325 3.379 3.429 3.474 3.515 3.550 3.581 3.606 3.627 3.642 3.652 3.657 3.656 3.650 3.638 3.620 3.596 3.566 3.530 3.488 3.440 3.386 3.328 3.264 3.197 3.127 3.055 2.982 2.909 2.838 2.768 2.702 2.640 2.582 2.527 2.471 2.415 2.357 2.296 2.231 2.162 2.087 2.006 1.920 1.828 1.730 1.629 1.523 1.415 1.305 1.194 1.084 0.977 0.872 0.770 0.670 0.574 0.483 0.401 0.327 0.263 0.209 0.162 0.122 0.090 0.066 0.047 0.034 0.025 0.018 0.013 0.011 0.010 0.009 0.004 0.000 0.000 0.000 0.000 0.000 0.000 0.000 0.000 0.000 0.000 0.000 0.000 0.000 0.000 0.000 0.000 0.000 0.000 0.000 0.000 0.000 0.000
0.003 0.003 0.004 0.004 0.004 0.004 0.004 0.005 0.005 0.005 0.005 0.005 0.006 0.006 0.006 0.006 0.006 0.007 0.007 0.007 0.008 0.010 0.015 0.024 0.036 0.053 0.076 0.107 0.147 0.197 0.258 0.330 0.414 0.509 0.613 0.723 0.837 0.952 1.066 1.178 1.285 1.386 1.480 1.567 1.645 1.716 1.778 1.832 1.878 1.916 1.947 1.973 1.992 2.007 2.018 2.025 2.028 2.029 2.028 2.025 2.021 2.016 2.011 2.006 2.002 1.998 1.996 1.994 1.993 1.993 1.993 1.995 1.996 1.998 2.000 2.002 2.003 2.004 2.003 2.000 1.996 1.989 1.981 1.970 1.958 1.943 1.926 1.907 1.887 1.865 1.843 1.819 1.795 1.771 1.746 1.721 1.695 1.668 1.639 1.608 1.575 1.537 1.495 1.448 1.395 1.336 1.271 1.203 1.131 1.057 0.979 0.900 0.821 0.743 0.666 0.592 0.521 0.453 0.390 0.331 0.277 0.228 0.185 0.146 0.112 0.083 0.060 0.042 0.029 0.020 0.014 0.011 0.010 0.010 0.009 0.005 0.000 0.000 0.000 0.000 0.000 0.000 0.000 0.000 0.000 0.000 0.000 0.000 0.000 0.000 0.000 0.000 0.000 0.000 0.000 0.000 0.000 0.000 0.000 0.000 0.000 0.000 0.000 0.000 0.000 0.000 0.000 0.000 0.000
0.002 0.002 0.002 0.003 0.003 0.003 0.003 0.003 0.004 0.004 0.004 0.004 0.004 0.004 0.005 0.005 0.005 0.005 0.005 0.005 0.006 0.006 0.006 0.006 0.007 0.007 0.008 0.011 0.018 0.028 0.040 0.057 0.080 0.109 0.145 0.191 0.246 0.310 0.383 0.465 0.554 0.649 0.749 0.852 0.956 1.060 1.163 1.263 1.359 1.451 1.538 1.620 1.696 1.766 1.829 1.888 1.940 1.987 2.029 2.065 2.097 2.124 2.147 2.164 2.178 2.187 2.192 2.192 2.189 2.181 2.169 2.153 2.134 2.110 2.084 2.054 2.020 1.984 1.946 1.905 1.863 1.818 1.773 1.727 1.680 1.632 1.583 1.533 1.482 1.429 1.374 1.318 1.259 1.198 1.135 1.069 1.002 0.932 0.861 0.790 0.718 0.647 0.577 0.510 0.446 0.386 0.331 0.282 0.238 0.198 0.162 0.131 0.105 0.083 0.065 0.050 0.039 0.029 0.022 0.016 0.011 0.010 0.009 0.009 0.009 0.003 0.000 0.000 0.000 0.000 0.000 0.000 0.000 0.000 0.000 0.000 0.000 0.000 0.000 0.000 0.000 0.000 0.000 0.000 0.000 0.000 0.000 0.000 0.000 0.000 0.000 0.000 0.000 0.000 0.000 0.000 0.000 0.000 0.000 0.000 0.000 0.000 0.000 0.000 0.000 0.000 0.000 0.000 0.000
0.001 0.001 0.001 0.001 0.002 0.002 0.002 0.002 0.002 0.002 0.002 0.003 0.003 0.003 0.003 0.003 0.003 0.003 0.004 0.004 0.004 0.004 0.004 0.004 0.004 0.005 0.005 0.005 0.005 0.005 0.006 0.006 0.006 0.007 0.008 0.012 0.018 0.027 0.038 0.052 0.069 0.089 0.114 0.144 0.178 0.217 0.261 0.309 0.361 0.416 0.475 0.535 0.597 0.659 0.720 0.779 0.835 0.888 0.938 0.983 1.025 1.061 1.093 1.119 1.140 1.156 1.167 1.173 1.174 1.169 1.160 1.146 1.128 1.106 1.080 1.050 1.016 0.979 0.940 0.897 0.852 0.806 0.758 0.710 0.661 0.612 0.562 0.512 0.461 0.412 0.365 0.320 0.278 0.239 0.203 0.171 0.142 0.117 0.095 0.076 0.060 0.047 0.036 0.027 0.020 0.014 0.010 0.009 0.009 0.009 0.008 0.002 0.000 0.000 0.000 0.000 0.000 0.000 0.000 0.000 0.000 0.000 0.000 0.000 0.000 0.000 0.000 0.000 0.000 0.000 0.000 0.000 0.000 0.000 0.000 0.000 0.000 0.000 0.000 0.000 0.000 0.000 0.000 0.000 0.000 0.000 0.000 0.000 0.000 0.000 0.000 0.000 0.000 0.000 0.000 0.000 0.000 0.000 0.000 0.000 0.000 0.000 0.000 0.000 0.000 0.000 0.000 0.000 0.000
0.000 0.000 0.000 0.000 0.000 0.001 0.001 0.001 0.001 0.001 0.001 0.001 0.001 0.001 0.001 0.001 0.001 0.001 0.001 0.002 0.002 0.002 0.002 0.002 0.002 0.002 0.002 0.002 0.002 0.002 0.002 0.002 0.002 0.003 0.003 0.003 0.003 0.003 0.003 0.003 0.003 0.004 0.004 0.004 0.004 0.005 0.005 0.005 0.006 0.006 0.007 0.008 0.010 0.014 0.017 0.021 0.024 0.027 0.030 0.032 0.035 0.037 0.039 0.040 0.041 0.042 0.042 0.041 0.040 0.039 0.037 0.035 0.033 0.030 0.028 0.025 0.022 0.020 0.017 0.014 0.011 0.009 0.008 0.008 0.008 0.009 0.009 0.008 0.003 0.000 0.000 0.000 0.000 0.000 0.000 0.000 0.000 0.000 0.000 0.000 0.000 0.000 0.000 0.000 0.000 0.000 0.000 0.000 0.000 0.000 0.000 0.000 0.000 0.000 0.000 0.000 0.000 0.000 0.000 0.000 0.000 0.000 0.000 0.000 0.000 0.000 0.000 0.000 0.000 0.000 0.000 0.000 0.000 0.000 0.000 0.000 0.000 0.000 0.000 0.000 0.000 0.000 0.000 0.000 0.000 0.000 0.000 0.000 0.000 0.000 0.000 0.000 0.000 0.000 0.000 0.000 0.000 0.000 0.000 0.000 0.000 0.000 0.000 0.000 0.000 0.000 0.000 0.000 0.000
0.000 0.000 0.000 0.000 0.000 0.000 0.000 0.000 0.000 0.000 0.000 0.000 0.000 0.000 0.000 0.000 0.000 0.000 0.000 0.000 0.000 0.000 0.000 0.000 0.000 0.000 0.000 0.000 0.000 0.000 0.000 0.000 0.000 0.000 0.000 0.000 0.000 0.000 0.000 0.000 0.000 0.000 0.000 0.000 0.000 0.000 0.000 0.000 0.000 0.000 0.000 0.000 0.000 0.000 0.000 0.000 0.000 0.000 0.000 0.000 0.000 0.000 0.000 0.000 0.000 0.000 0.000 0.000 0.000 0.000 0.000 0.000 0.000 0.000 0.000 0.000 0.000 0.000 0.000 0.000 0.000 0.000 0.000 0.000 0.000 0.000 0.000 0.000 0.000 0.000 0.000 0.000 0.000 0.000 0.000 0.000 0.000 0.000 0.000 0.000 0.000 0.000 0.000 0.000 0.000 0.000 0.000 0.000 0.000 0.000 0.000 0.000 0.000 0.000 0.000 0.000 0.000 0.000 0.000 0.000 0.000 0.000 0.000 0.000 0.000 0.000 0.000 0.000 0.000 0.000 0.000 0.000 0.000 0.000 0.000 0.000 0.000 0.000 0.000 0.000 0.000 0.000 0.000 0.000 0.000 0.000 0.000 0.000 0.000 0.000 0.000 0.000 0.000 0.000 0.000 0.000 0.000 0.000 0.000 0.000 0.000 0.000 0.000 0.000 0.000 0.000 0.000 0.000 0.000
