Examples/2023_ISeeSnow/data/CoulombOnly/Results/curv77s/h/1HS_03_curv77s_MoT-Voellmy_h_0023.asc
ncols        118
nrows        33
xllcorner    1407.5
yllcorner    -4332.5
cellsize     5.00
NODATA_value -9999
[rows 0 to 32 of 33, columns 0 to 76 of 118]
0.002 0.003 0.003 0.003 0.003 0.003 0.003 0.003 0.003 0.003 0.003 0.003 0.003 0.003 0.003 0.003 0.003 0.003 0.003 0.003 0.003 0.003 0.003 0.003 0.003 0.003 0.002 0.002 0.002 0.002 0.002 0.003 0.004 0.005 0.003 0.000 0.000 0.000 0.000 0.000 0.000 0.000 0.000 0.000 0.000 0.000 0.000 0.000 0.000 0.000 0.000 0.000 0.000 0.000 0.000 0.000 0.000 0.000 0.000 0.000 0.000 0.000 0.000 0.000 0.000 0.000 0.000 0.000 0.000 0.000 0.000 0.000 0.000 0.000 0.000 0.000 0.000
0.003 0.004 0.005 0.005 0.005 0.005 0.005 0.005 0.005 0.005 0.005 0.006 0.006 0.006 0.006 0.007 0.007 0.007 0.008 0.009 0.010 0.011 0.011 0.012 0.012 0.012 0.012 0.011 0.010 0.010 0.009 0.009 0.008 0.007 0.005 0.004 0.003 0.003 0.004 0.006 0.006 0.002 0.000 0.000 0.000 0.000 0.000 0.000 0.000 0.000 0.000 0.000 0.000 0.000 0.000 0.000 0.000 0.000 0.000 0.000 0.000 0.000 0.000 0.000 0.000 0.000 0.000 0.000 0.000 0.000 0.000 0.000 0.000 0.000 0.000 0.000 0.000
0.004 0.005 0.005 0.006 0.006 0.006 0.006 0.006 0.007 0.007 0.007 0.008 0.009 0.012 0.015 0.018 0.021 0.024 0.028 0.031 0.034 0.037 0.039 0.040 0.041 0.042 0.041 0.041 0.039 0.037 0.034 0.032 0.029 0.026 0.023 0.020 0.017 0.014 0.012 0.011 0.008 0.005 0.004 0.004 0.005 0.006 0.005 0.001 0.000 0.000 0.000 0.000 0.000 0.000 0.000 0.000 0.000 0.000 0.000 0.000 0.000 0.000 0.000 0.000 0.000 0.000 0.000 0.000 0.000 0.000 0.000 0.000 0.000 0.000 0.000 0.000 0.000
0.004 0.005 0.006 0.006 0.007 0.007 0.007 0.008 0.008 0.011 0.015 0.020 0.025 0.032 0.039 0.047 0.054 0.062 0.070 0.078 0.085 0.092 0.097 0.101 0.104 0.106 0.107 0.106 0.103 0.100 0.095 0.089 0.083 0.076 0.069 0.061 0.054 0.047 0.040 0.034 0.029 0.023 0.019 0.015 0.013 0.010 0.007 0.005 0.004 0.005 0.006 0.005 0.001 0.000 0.000 0.000 0.000 0.000 0.000 0.000 0.000 0.000 0.000 0.000 0.000 0.000 0.000 0.000 0.000 0.000 0.000 0.000 0.000 0.000 0.000 0.000 0.000
0.004 0.006 0.006 0.007 0.007 0.008 0.009 0.013 0.018 0.025 0.034 0.043 0.054 0.066 0.079 0.093 0.107 0.122 0.136 0.151 0.164 0.177 0.188 0.197 0.205 0.210 0.213 0.214 0.213 0.209 0.203 0.195 0.185 0.174 0.161 0.148 0.134 0.120 0.106 0.093 0.081 0.069 0.058 0.048 0.040 0.033 0.026 0.021 0.016 0.014 0.010 0.007 0.005 0.005 0.005 0.007 0.004 0.000 0.000 0.000 0.000 0.000 0.000 0.000 0.000 0.000 0.000 0.000 0.000 0.000 0.000 0.000 0.000 0.000 0.000 0.000 0.000
0.004 0.006 0.007 0.007 0.008 0.011 0.017 0.025 0.035 0.047 0.060 0.075 0.092 0.111 0.131 0.152 0.174 0.197 0.220 0.242 0.264 0.284 0.303 0.320 0.334 0.346 0.355 0.361 0.364 0.363 0.359 0.351 0.341 0.327 0.311 0.293 0.273 0.252 0.230 0.208 0.186 0.165 0.144 0.124 0.107 0.090 0.075 0.062 0.051 0.042 0.033 0.026 0.020 0.016 0.013 0.010 0.006 0.005 0.005 0.006 0.007 0.003 0.000 0.000 0.000 0.000 0.000 0.000 0.000 0.000 0.000 0.000 0.000 0.000 0.000 0.000 0.000
0.004 0.006 0.007 0.008 0.013 0.020 0.030 0.042 0.056 0.072 0.091 0.113 0.136 0.162 0.189 0.218 0.248 0.279 0.310 0.342 0.372 0.402 0.430 0.455 0.479 0.500 0.517 0.531 0.541 0.548 0.550 0.548 0.541 0.531 0.516 0.498 0.476 0.452 0.424 0.395 0.364 0.333 0.301 0.270 0.239 0.210 0.183 0.157 0.134 0.113 0.094 0.078 0.063 0.051 0.041 0.033 0.025 0.020 0.016 0.013 0.009 0.006 0.005 0.005 0.006 0.006 0.001 0.000 0.000 0.000 0.000 0.000 0.000 0.000 0.000 0.000 0.000
0.005 0.006 0.008 0.012 0.020 0.030 0.043 0.059 0.077 0.099 0.123 0.150 0.180 0.212 0.246 0.283 0.321 0.360 0.400 0.440 0.479 0.518 0.556 0.592 0.625 0.656 0.684 0.709 0.730 0.746 0.759 0.767 0.770 0.768 0.761 0.749 0.732 0.710 0.684 0.654 0.621 0.584 0.545 0.505 0.463 0.421 0.380 0.339 0.300 0.263 0.228 0.196 0.167 0.141 0.118 0.098 0.080 0.065 0.052 0.042 0.033 0.025 0.020 0.016 0.012 0.008 0.006 0.005 0.006 0.007 0.005 0.001 0.000 0.000 0.000 0.000 0.000
0.005 0.007 0.010 0.017 0.027 0.041 0.057 0.076 0.098 0.124 0.153 0.186 0.221 0.260 0.301 0.345 0.390 0.437 0.485 0.534 0.583 0.631 0.678 0.724 0.768 0.810 0.850 0.886 0.919 0.949 0.974 0.995 1.010 1.021 1.027 1.027 1.022 1.011 0.994 0.972 0.944 0.911 0.874 0.833 0.788 0.740 0.689 0.638 0.585 0.533 0.481 0.430 0.382 0.336 0.292 0.253 0.216 0.183 0.154 0.128 0.105 0.086 0.069 0.056 0.044 0.034 0.027 0.021 0.017 0.013 0.008 0.006 0.005 0.006 0.007 0.004 0.000
0.005 0.008 0.013 0.022 0.034 0.050 0.068 0.091 0.116 0.146 0.179 0.217 0.257 0.301 0.348 0.398 0.450 0.503 0.558 0.614 0.671 0.727 0.784 0.839 0.893 0.946 0.997 1.046 1.092 1.135 1.175 1.210 1.242 1.269 1.291 1.308 1.319 1.325 1.325 1.319 1.306 1.288 1.263 1.233 1.197 1.155 1.109 1.058 1.003 0.945 0.885 0.823 0.759 0.695 0.632 0.570 0.509 0.452 0.397 0.346 0.298 0.255 0.216 0.181 0.150 0.123 0.100 0.080 0.064 0.051 0.039 0.030 0.023 0.019 0.014 0.009 0.006
0.005 0.008 0.015 0.026 0.040 0.057 0.078 0.103 0.132 0.165 0.203 0.244 0.290 0.339 0.392 0.447 0.506 0.567 0.629 0.693 0.758 0.824 0.890 0.956 1.021 1.085 1.148 1.209 1.268 1.325 1.379 1.430 1.478 1.522 1.561 1.596 1.627 1.652 1.672 1.687 1.695 1.698 1.695 1.685 1.669 1.647 1.619 1.585 1.545 1.499 1.448 1.392 1.331 1.266 1.197 1.125 1.051 0.975 0.897 0.820 0.743 0.667 0.594 0.523 0.457 0.395 0.337 0.285 0.239 0.197 0.161 0.130 0.104 0.083 0.064 0.049 0.037
0.005 0.009 0.017 0.029 0.044 0.063 0.086 0.113 0.145 0.181 0.222 0.268 0.318 0.371 0.429 0.490 0.553 0.620 0.688 0.758 0.829 0.901 0.974 1.047 1.121 1.194 1.266 1.338 1.409 1.479 1.548 1.614 1.678 1.740 1.799 1.855 1.908 1.956 2.001 2.042 2.077 2.108 2.134 2.155 2.171 2.181 2.185 2.184 2.177 2.165 2.146 2.122 2.091 2.055 2.013 1.964 1.909 1.847 1.779 1.705 1.624 1.537 1.445 1.349 1.248 1.145 1.039 0.934 0.830 0.729 0.632 0.541 0.457 0.381 0.313 0.253 0.202
0.006 0.010 0.019 0.031 0.047 0.067 0.092 0.121 0.155 0.194 0.239 0.288 0.342 0.401 0.464 0.531 0.601 0.674 0.750 0.828 0.908 0.990 1.073 1.157 1.241 1.326 1.411 1.497 1.581 1.665 1.749 1.831 1.912 1.991 2.069 2.144 2.217 2.288 2.356 2.421 2.483 2.542 2.598 2.650 2.699 2.745 2.787 2.825 2.860 2.892 2.920 2.945 2.965 2.982 2.994 3.002 3.005 3.003 2.995 2.981 2.960 2.930 2.892 2.845 2.787 2.717 2.635 2.539 2.429 2.306 2.168 2.018 1.856 1.686 1.509 1.335 1.170
0.006 0.010 0.020 0.033 0.050 0.071 0.097 0.128 0.165 0.207 0.255 0.308 0.367 0.431 0.499 0.572 0.648 0.728 0.811 0.896 0.982 1.071 1.160 1.251 1.342 1.435 1.527 1.620 1.714 1.807 1.901 1.994 2.087 2.180 2.272 2.364 2.454 2.544 2.632 2.718 2.803 2.886 2.967 3.045 3.122 3.196 3.268 3.337 3.404 3.468 3.529 3.587 3.643 3.695 3.744 3.789 3.831 3.868 3.902 3.931 3.956 3.977 3.994 4.008 4.018 4.025 4.030 4.032 4.033 4.031 4.025 4.015 3.996 3.967 3.922 3.848 3.732
0.006 0.011 0.020 0.034 0.051 0.073 0.101 0.133 0.172 0.217 0.268 0.325 0.388 0.458 0.532 0.612 0.696 0.784 0.875 0.970 1.066 1.165 1.265 1.366 1.468 1.570 1.673 1.776 1.878 1.980 2.081 2.182 2.281 2.379 2.476 2.572 2.666 2.759 2.851 2.941 3.030 3.117 3.203 3.287 3.370 3.451 3.530 3.608 3.684 3.758 3.829 3.898 3.964 4.027 4.085 4.140 4.189 4.233 4.271 4.303 4.327 4.344 4.353 4.352 4.343 4.323 4.295 4.256 4.209 4.155 4.096 4.033 3.969 3.905 3.847 3.802 3.779
0.006 0.011 0.022 0.036 0.055 0.079 0.109 0.144 0.187 0.237 0.293 0.357 0.428 0.505 0.588 0.677 0.769 0.865 0.963 1.064 1.165 1.267 1.369 1.470 1.571 1.671 1.771 1.870 1.968 2.067 2.165 2.263 2.361 2.460 2.560 2.660 2.760 2.861 2.963 3.066 3.168 3.271 3.375 3.478 3.581 3.684 3.786 3.887 3.987 4.086 4.183 4.278 4.370 4.459 4.544 4.625 4.701 4.772 4.837 4.895 4.946 4.989 5.025 5.052 5.070 5.080 5.080 5.070 5.048 5.012 4.959 4.889 4.803 4.700 4.580 4.441 4.282
0.007 0.015 0.028 0.046 0.069 0.098 0.133 0.175 0.224 0.280 0.343 0.412 0.488 0.569 0.655 0.745 0.838 0.934 1.032 1.132 1.233 1.335 1.438 1.542 1.646 1.751 1.856 1.961 2.067 2.173 2.280 2.386 2.492 2.597 2.702 2.807 2.911 3.015 3.118 3.220 3.321 3.422 3.521 3.620 3.717 3.812 3.906 3.998 4.087 4.173 4.256 4.335 4.410 4.479 4.543 4.601 4.653 4.697 4.735 4.765 4.787 4.801 4.808 4.807 4.798 4.783 4.762 4.735 4.704 4.673 4.645 4.619 4.595 4.573 4.553 4.535 4.521
0.006 0.011 0.022 0.036 0.055 0.079 0.109 0.144 0.187 0.236 0.293 0.357 0.428 0.505 0.588 0.676 0.769 0.865 0.963 1.063 1.165 1.267 1.368 1.470 1.571 1.671 1.771 1.870 1.968 2.066 2.164 2.263 2.361 2.460 2.559 2.659 2.760 2.861 2.963 3.065 3.168 3.271 3.374 3.477 3.580 3.683 3.785 3.886 3.987 4.085 4.182 4.277 4.369 4.458 4.544 4.625 4.701 4.771 4.836 4.894 4.945 4.988 5.024 5.051 5.070 5.079 5.079 5.069 5.048 5.011 4.958 4.888 4.802 4.699 4.579 4.440 4.281
0.006 0.011 0.020 0.034 0.051 0.073 0.101 0.133 0.172 0.217 0.268 0.325 0.388 0.458 0.532 0.612 0.696 0.784 0.875 0.969 1.066 1.164 1.264 1.366 1.468 1.570 1.673 1.775 1.878 1.980 2.081 2.181 2.281 2.379 2.476 2.572 2.666 2.759 2.850 2.940 3.029 3.116 3.202 3.286 3.369 3.450 3.530 3.607 3.683 3.757 3.829 3.898 3.963 4.026 4.085 4.139 4.189 4.233 4.271 4.302 4.327 4.344 4.352 4.352 4.342 4.323 4.294 4.256 4.209 4.155 4.096 4.033 3.969 3.905 3.847 3.802 3.779
0.006 0.010 0.020 0.033 0.050 0.071 0.097 0.128 0.165 0.207 0.255 0.308 0.367 0.431 0.499 0.572 0.648 0.728 0.811 0.895 0.982 1.071 1.160 1.251 1.342 1.434 1.527 1.620 1.713 1.806 1.900 1.993 2.086 2.179 2.272 2.363 2.453 2.543 2.631 2.717 2.802 2.885 2.965 3.044 3.120 3.195 3.266 3.335 3.402 3.466 3.528 3.586 3.641 3.694 3.743 3.788 3.830 3.867 3.901 3.930 3.955 3.976 3.993 4.007 4.017 4.024 4.029 4.032 4.032 4.030 4.025 4.014 3.996 3.967 3.922 3.848 3.731
0.006 0.010 0.019 0.031 0.047 0.067 0.092 0.121 0.155 0.194 0.239 0.288 0.342 0.401 0.464 0.530 0.601 0.674 0.750 0.828 0.908 0.990 1.073 1.156 1.241 1.326 1.411 1.496 1.581 1.665 1.748 1.830 1.911 1.991 2.068 2.143 2.216 2.287 2.355 2.420 2.482 2.541 2.596 2.649 2.698 2.743 2.785 2.824 2.859 2.891 2.919 2.943 2.964 2.980 2.993 3.001 3.004 3.002 2.994 2.980 2.958 2.929 2.891 2.844 2.786 2.716 2.634 2.538 2.428 2.305 2.168 2.017 1.856 1.685 1.509 1.334 1.170
0.005 0.009 0.017 0.029 0.044 0.063 0.086 0.113 0.145 0.181 0.222 0.268 0.318 0.371 0.429 0.490 0.553 0.620 0.688 0.758 0.829 0.901 0.974 1.047 1.120 1.193 1.266 1.338 1.409 1.479 1.547 1.613 1.678 1.739 1.798 1.854 1.907 1.956 2.000 2.041 2.076 2.107 2.133 2.154 2.170 2.180 2.184 2.183 2.176 2.164 2.145 2.121 2.091 2.055 2.012 1.963 1.908 1.847 1.779 1.704 1.624 1.537 1.446 1.349 1.248 1.145 1.040 0.934 0.830 0.729 0.632 0.541 0.457 0.381 0.313 0.254 0.203
0.005 0.008 0.015 0.026 0.040 0.057 0.078 0.103 0.132 0.165 0.203 0.244 0.290 0.339 0.392 0.447 0.506 0.567 0.629 0.693 0.758 0.824 0.890 0.955 1.021 1.085 1.148 1.209 1.268 1.325 1.379 1.430 1.477 1.521 1.561 1.596 1.626 1.652 1.672 1.686 1.695 1.698 1.694 1.685 1.669 1.647 1.619 1.585 1.545 1.499 1.448 1.392 1.332 1.267 1.198 1.126 1.051 0.975 0.898 0.820 0.743 0.668 0.594 0.524 0.457 0.395 0.338 0.286 0.239 0.198 0.161 0.130 0.104 0.083 0.065 0.049 0.038
0.005 0.008 0.013 0.022 0.034 0.050 0.068 0.091 0.116 0.146 0.179 0.217 0.257 0.301 0.348 0.398 0.449 0.503 0.558 0.614 0.671 0.727 0.783 0.839 0.893 0.946 0.997 1.046 1.092 1.135 1.174 1.210 1.242 1.269 1.291 1.308 1.319 1.325 1.325 1.318 1.306 1.288 1.263 1.233 1.197 1.156 1.109 1.059 1.004 0.946 0.885 0.823 0.760 0.696 0.633 0.570 0.510 0.452 0.397 0.346 0.299 0.255 0.216 0.181 0.150 0.123 0.100 0.081 0.064 0.051 0.039 0.030 0.023 0.019 0.014 0.009 0.006
0.005 0.007 0.010 0.017 0.027 0.041 0.057 0.076 0.098 0.124 0.153 0.186 0.221 0.260 0.301 0.345 0.390 0.437 0.485 0.534 0.582 0.631 0.678 0.724 0.768 0.810 0.850 0.886 0.919 0.949 0.974 0.994 1.010 1.021 1.027 1.027 1.022 1.011 0.994 0.972 0.944 0.912 0.875 0.833 0.788 0.740 0.690 0.638 0.586 0.533 0.481 0.431 0.382 0.336 0.293 0.253 0.216 0.183 0.154 0.128 0.106 0.086 0.070 0.056 0.044 0.035 0.027 0.021 0.017 0.013 0.008 0.006 0.005 0.006 0.007 0.004 0.000
0.005 0.006 0.008 0.012 0.020 0.030 0.043 0.059 0.077 0.099 0.123 0.150 0.180 0.212 0.246 0.283 0.321 0.360 0.400 0.440 0.479 0.518 0.556 0.591 0.625 0.656 0.684 0.709 0.730 0.746 0.759 0.767 0.770 0.768 0.761 0.749 0.732 0.711 0.685 0.655 0.621 0.585 0.546 0.505 0.464 0.422 0.380 0.339 0.300 0.263 0.229 0.197 0.167 0.141 0.118 0.098 0.080 0.065 0.052 0.042 0.033 0.025 0.020 0.016 0.012 0.008 0.006 0.005 0.006 0.007 0.005 0.001 0.000 0.000 0.000 0.000 0.000
0.004 0.006 0.007 0.008 0.013 0.020 0.030 0.042 0.056 0.072 0.091 0.113 0.136 0.162 0.189 0.218 0.248 0.279 0.311 0.342 0.372 0.402 0.430 0.456 0.479 0.500 0.517 0.531 0.541 0.548 0.550 0.548 0.541 0.531 0.517 0.498 0.477 0.452 0.425 0.396 0.365 0.333 0.302 0.270 0.240 0.210 0.183 0.157 0.134 0.113 0.094 0.078 0.064 0.052 0.042 0.033 0.026 0.020 0.016 0.013 0.009 0.006 0.005 0.005 0.006 0.006 0.001 0.000 0.000 0.000 0.000 0.000 0.000 0.000 0.000 0.000 0.000
0.004 0.006 0.007 0.007 0.008 0.011 0.017 0.025 0.035 0.047 0.060 0.075 0.092 0.111 0.131 0.152 0.174 0.197 0.220 0.242 0.264 0.284 0.303 0.320 0.335 0.347 0.356 0.361 0.364 0.363 0.359 0.352 0.341 0.328 0.312 0.294 0.274 0.253 0.231 0.209 0.186 0.165 0.144 0.125 0.107 0.090 0.076 0.063 0.051 0.042 0.034 0.026 0.021 0.016 0.013 0.010 0.006 0.005 0.005 0.006 0.007 0.003 0.000 0.000 0.000 0.000 0.000 0.000 0.000 0.000 0.000 0.000 0.000 0.000 0.000 0.000 0.000
0.004 0.006 0.006 0.007 0.007 0.008 0.009 0.013 0.018 0.025 0.034 0.043 0.054 0.066 0.079 0.093 0.107 0.122 0.136 0.151 0.164 0.177 0.188 0.197 0.205 0.210 0.213 0.214 0.213 0.209 0.203 0.195 0.185 0.174 0.161 0.148 0.134 0.120 0.107 0.093 0.081 0.069 0.058 0.049 0.040 0.033 0.026 0.021 0.017 0.014 0.010 0.007 0.005 0.005 0.005 0.007 0.004 0.000 0.000 0.000 0.000 0.000 0.000 0.000 0.000 0.000 0.000 0.000 0.000 0.000 0.000 0.000 0.000 0.000 0.000 0.000 0.000
0.004 0.005 0.006 0.006 0.007 0.007 0.007 0.008 0.008 0.011 0.015 0.020 0.026 0.032 0.039 0.047 0.055 0.063 0.070 0.078 0.085 0.092 0.097 0.101 0.105 0.106 0.107 0.106 0.103 0.100 0.095 0.089 0.083 0.076 0.069 0.061 0.054 0.047 0.040 0.034 0.029 0.023 0.019 0.015 0.013 0.010 0.007 0.005 0.004 0.005 0.006 0.005 0.001 0.000 0.000 0.000 0.000 0.000 0.000 0.000 0.000 0.000 0.000 0.000 0.000 0.000 0.000 0.000 0.000 0.000 0.000 0.000 0.000 0.000 0.000 0.000 0.000
0.004 0.005 0.005 0.006 0.006 0.006 0.006 0.006 0.007 0.007 0.007 0.008 0.009 0.012 0.015 0.018 0.021 0.024 0.028 0.031 0.034 0.037 0.039 0.041 0.042 0.042 0.042 0.041 0.039 0.037 0.035 0.032 0.029 0.026 0.023 0.020 0.017 0.014 0.012 0.011 0.008 0.005 0.004 0.004 0.005 0.006 0.005 0.001 0.000 0.000 0.000 0.000 0.000 0.000 0.000 0.000 0.000 0.000 0.000 0.000 0.000 0.000 0.000 0.000 0.000 0.000 0.000 0.000 0.000 0.000 0.000 0.000 0.000 0.000 0.000 0.000 0.000
0.003 0.004 0.005 0.005 0.005 0.005 0.005 0.005 0.005 0.005 0.005 0.006 0.006 0.006 0.006 0.007 0.007 0.007 0.008 0.009 0.010 0.011 0.011 0.012 0.012 0.012 0.012 0.011 0.010 0.010 0.009 0.009 0.008 0.007 0.005 0.004 0.003 0.003 0.004 0.006 0.006 0.002 0.000 0.000 0.000 0.000 0.000 0.000 0.000 0.000 0.000 0.000 0.000 0.000 0.000 0.000 0.000 0.000 0.000 0.000 0.000 0.000 0.000 0.000 0.000 0.000 0.000 0.000 0.000 0.000 0.000 0.000 0.000 0.000 0.000 0.000 0.000
0.002 0.003 0.003 0.003 0.003 0.003 0.003 0.003 0.003 0.003 0.003 0.003 0.003 0.003 0.003 0.003 0.003 0.003 0.003 0.003 0.003 0.003 0.003 0.003 0.003 0.003 0.002 0.002 0.002 0.002 0.002 0.003 0.004 0.005 0.003 0.000 0.000 0.000 0.000 0.000 0.000 0.000 0.000 0.000 0.000 0.000 0.000 0.000 0.000 0.000 0.000 0.000 0.000 0.000 0.000 0.000 0.000 0.000 0.000 0.000 0.000 0.000 0.000 0.000 0.000 0.000 0.000 0.000 0.000 0.000 0.000 0.000 0.000 0.000 0.000 0.000 0.000
