Examples/2023_ISeeSnow/data/CoulombOnly/Results/curv77s/h/1HS_03_curv77s_MoT-Voellmy_h_0044.asc
ncols        191
nrows        21
xllcorner    2497.5
yllcorner    -4302.5
cellsize     5.00
NODATA_value -9999
[rows 0 to 20 of 21, columns 77 to 153 of 191]
0.000 0.000 0.000 0.000 0.000 0.000 0.000 0.000 0.000 0.000 0.001 0.001 0.001 0.001 0.001 0.001 0.001 0.002 0.002 0.002 0.002 0.002 0.002 0.003 0.003 0.003 0.003 0.003 0.003 0.003 0.003 0.003 0.003 0.003 0.003 0.003 0.003 0.003 0.002 0.002 0.002 0.002 0.002 0.002 0.001 0.001 0.001 0.001 0.001 0.001 0.001 0.000 0.000 0.000 0.000 0.000 0.000 0.000 0.000 0.000 0.000 0.000 0.000 0.000 0.000 0.000 0.000 0.000 0.000 0.000 0.000 0.000 0.000 0.000 0.000 0.000 0.000
0.001 0.001 0.002 0.002 0.002 0.003 0.003 0.004 0.005 0.006 0.006 0.007 0.008 0.009 0.011 0.012 0.014 0.015 0.017 0.019 0.021 0.022 0.024 0.025 0.027 0.028 0.030 0.031 0.032 0.032 0.033 0.033 0.034 0.034 0.033 0.033 0.033 0.032 0.031 0.030 0.029 0.028 0.027 0.026 0.024 0.023 0.021 0.020 0.019 0.017 0.016 0.015 0.013 0.012 0.011 0.010 0.008 0.006 0.005 0.004 0.003 0.003 0.002 0.002 0.001 0.001 0.001 0.001 0.000 0.000 0.000 0.000 0.000 0.000 0.000 0.000 0.000
0.008 0.010 0.012 0.014 0.018 0.022 0.027 0.033 0.039 0.046 0.054 0.062 0.070 0.079 0.088 0.097 0.106 0.114 0.123 0.131 0.139 0.146 0.153 0.159 0.165 0.169 0.173 0.177 0.179 0.181 0.182 0.182 0.182 0.181 0.179 0.177 0.174 0.171 0.167 0.162 0.158 0.152 0.147 0.141 0.135 0.129 0.122 0.116 0.110 0.104 0.098 0.092 0.087 0.081 0.076 0.070 0.065 0.060 0.055 0.050 0.045 0.041 0.036 0.032 0.028 0.025 0.021 0.018 0.015 0.013 0.011 0.008 0.004 0.002 0.001 0.001 0.001
0.073 0.090 0.110 0.131 0.154 0.178 0.204 0.230 0.257 0.284 0.310 0.337 0.362 0.386 0.410 0.432 0.452 0.471 0.488 0.503 0.516 0.528 0.538 0.546 0.552 0.557 0.560 0.561 0.562 0.560 0.558 0.554 0.549 0.543 0.536 0.528 0.519 0.509 0.499 0.487 0.475 0.462 0.449 0.435 0.421 0.405 0.390 0.374 0.360 0.346 0.332 0.318 0.303 0.289 0.274 0.259 0.244 0.229 0.214 0.199 0.184 0.170 0.155 0.141 0.128 0.115 0.102 0.090 0.079 0.069 0.060 0.051 0.044 0.037 0.031 0.025 0.021
0.507 0.562 0.617 0.670 0.722 0.770 0.816 0.859 0.898 0.934 0.966 0.995 1.020 1.042 1.061 1.077 1.089 1.099 1.107 1.111 1.114 1.115 1.113 1.110 1.105 1.099 1.092 1.083 1.073 1.063 1.051 1.039 1.025 1.011 0.996 0.981 0.964 0.947 0.930 0.912 0.893 0.873 0.853 0.832 0.811 0.788 0.766 0.743 0.723 0.703 0.682 0.661 0.639 0.615 0.591 0.567 0.541 0.515 0.488 0.461 0.434 0.406 0.379 0.352 0.325 0.299 0.274 0.250 0.226 0.204 0.182 0.162 0.143 0.126 0.109 0.094 0.080
1.457 1.495 1.527 1.554 1.575 1.591 1.602 1.609 1.613 1.614 1.611 1.606 1.599 1.590 1.580 1.568 1.556 1.543 1.530 1.516 1.502 1.489 1.475 1.462 1.448 1.435 1.422 1.409 1.396 1.383 1.369 1.356 1.342 1.328 1.313 1.298 1.282 1.266 1.249 1.231 1.213 1.194 1.174 1.154 1.132 1.110 1.087 1.064 1.045 1.023 1.000 0.975 0.949 0.921 0.891 0.860 0.828 0.795 0.761 0.727 0.692 0.657 0.622 0.587 0.553 0.518 0.485 0.451 0.419 0.387 0.356 0.326 0.297 0.269 0.243 0.217 0.193
2.581 2.601 2.619 2.636 2.653 2.669 2.684 2.698 2.711 2.723 2.733 2.742 2.749 2.753 2.756 2.756 2.753 2.747 2.739 2.728 2.714 2.697 2.677 2.654 2.628 2.600 2.569 2.536 2.501 2.465 2.427 2.387 2.347 2.305 2.263 2.220 2.178 2.134 2.091 2.046 2.002 1.957 1.911 1.865 1.817 1.768 1.718 1.669 1.624 1.577 1.528 1.477 1.426 1.374 1.321 1.268 1.215 1.163 1.110 1.058 1.006 0.954 0.902 0.851 0.801 0.751 0.702 0.654 0.608 0.563 0.519 0.478 0.439 0.402 0.367 0.334 0.303
1.693 1.703 1.712 1.720 1.727 1.733 1.739 1.745 1.751 1.758 1.764 1.771 1.778 1.786 1.794 1.803 1.811 1.820 1.829 1.839 1.848 1.857 1.867 1.876 1.884 1.893 1.900 1.907 1.913 1.918 1.921 1.923 1.922 1.920 1.914 1.906 1.894 1.878 1.860 1.837 1.810 1.780 1.746 1.708 1.668 1.624 1.577 1.530 1.487 1.440 1.390 1.339 1.287 1.234 1.180 1.126 1.071 1.016 0.960 0.905 0.850 0.795 0.740 0.687 0.634 0.583 0.534 0.486 0.442 0.399 0.360 0.325 0.293 0.264 0.239 0.218 0.200
4.447 4.449 4.446 4.438 4.424 4.404 4.380 4.349 4.314 4.274 4.229 4.181 4.128 4.073 4.014 3.953 3.891 3.826 3.761 3.695 3.628 3.560 3.493 3.426 3.358 3.291 3.223 3.155 3.088 3.019 2.951 2.882 2.813 2.743 2.673 2.603 2.532 2.463 2.393 2.325 2.257 2.191 2.127 2.065 2.005 1.948 1.894 1.846 1.811 1.783 1.759 1.739 1.724 1.712 1.704 1.698 1.694 1.693 1.692 1.693 1.694 1.696 1.697 1.696 1.694 1.690 1.682 1.670 1.653 1.630 1.602 1.566 1.523 1.474 1.417 1.353 1.283
2.528 2.512 2.496 2.480 2.463 2.446 2.428 2.410 2.391 2.371 2.351 2.329 2.306 2.282 2.256 2.228 2.198 2.166 2.133 2.097 2.059 2.019 1.976 1.932 1.886 1.839 1.790 1.740 1.689 1.639 1.588 1.537 1.487 1.438 1.390 1.344 1.300 1.258 1.218 1.180 1.144 1.111 1.081 1.052 1.026 1.002 0.979 0.960 0.944 0.927 0.910 0.891 0.871 0.850 0.827 0.803 0.777 0.751 0.722 0.693 0.662 0.629 0.595 0.560 0.525 0.488 0.451 0.413 0.376 0.340 0.305 0.271 0.239 0.209 0.182 0.157 0.135
4.421 4.432 4.442 4.449 4.455 4.459 4.461 4.461 4.460 4.456 4.452 4.445 4.437 4.426 4.415 4.401 4.386 4.368 4.350 4.329 4.307 4.283 4.257 4.230 4.201 4.170 4.138 4.105 4.069 4.033 3.995 3.956 3.915 3.873 3.831 3.787 3.742 3.696 3.649 3.601 3.553 3.504 3.455 3.405 3.354 3.303 3.253 3.209 3.179 3.145 3.111 3.076 3.040 3.004 2.968 2.931 2.894 2.856 2.817 2.777 2.737 2.695 2.653 2.608 2.563 2.516 2.467 2.417 2.365 2.310 2.254 2.195 2.134 2.070 2.004 1.936 1.865
2.528 2.513 2.497 2.481 2.464 2.447 2.429 2.411 2.392 2.372 2.351 2.330 2.306 2.282 2.256 2.228 2.198 2.166 2.133 2.097 2.058 2.018 1.976 1.931 1.885 1.838 1.789 1.739 1.688 1.637 1.586 1.535 1.486 1.437 1.389 1.343 1.299 1.257 1.217 1.179 1.144 1.111 1.081 1.052 1.026 1.002 0.980 0.960 0.944 0.928 0.910 0.892 0.872 0.850 0.828 0.804 0.778 0.751 0.723 0.693 0.662 0.630 0.596 0.561 0.525 0.488 0.451 0.414 0.377 0.340 0.305 0.271 0.239 0.209 0.182 0.157 0.135
4.447 4.449 4.446 4.438 4.423 4.404 4.379 4.349 4.314 4.273 4.229 4.180 4.128 4.072 4.014 3.953 3.890 3.826 3.760 3.694 3.627 3.560 3.493 3.425 3.358 3.291 3.223 3.155 3.088 3.019 2.951 2.882 2.812 2.743 2.673 2.602 2.532 2.462 2.393 2.324 2.257 2.191 2.127 2.065 2.005 1.948 1.894 1.846 1.812 1.783 1.759 1.740 1.724 1.713 1.704 1.698 1.695 1.693 1.693 1.693 1.695 1.696 1.697 1.697 1.695 1.690 1.682 1.670 1.653 1.631 1.602 1.566 1.524 1.474 1.417 1.353 1.283
1.694 1.704 1.713 1.721 1.728 1.734 1.740 1.746 1.753 1.759 1.765 1.772 1.780 1.787 1.796 1.804 1.813 1.822 1.831 1.840 1.850 1.859 1.868 1.877 1.886 1.894 1.902 1.909 1.915 1.920 1.923 1.924 1.924 1.921 1.915 1.907 1.895 1.879 1.860 1.837 1.811 1.780 1.746 1.709 1.668 1.624 1.577 1.531 1.487 1.440 1.390 1.339 1.287 1.234 1.180 1.126 1.071 1.016 0.961 0.905 0.850 0.795 0.740 0.687 0.634 0.583 0.534 0.486 0.442 0.400 0.360 0.325 0.293 0.264 0.239 0.218 0.200
2.583 2.602 2.620 2.638 2.654 2.670 2.685 2.700 2.713 2.724 2.735 2.743 2.750 2.755 2.757 2.757 2.754 2.749 2.740 2.729 2.715 2.697 2.677 2.654 2.629 2.600 2.570 2.537 2.502 2.465 2.427 2.387 2.347 2.306 2.264 2.221 2.178 2.135 2.091 2.047 2.003 1.958 1.912 1.865 1.817 1.769 1.718 1.669 1.624 1.577 1.528 1.478 1.426 1.374 1.321 1.268 1.215 1.163 1.110 1.058 1.006 0.954 0.902 0.851 0.801 0.751 0.702 0.654 0.608 0.563 0.519 0.478 0.439 0.402 0.367 0.334 0.303
1.457 1.495 1.527 1.553 1.574 1.591 1.602 1.609 1.613 1.614 1.611 1.606 1.599 1.590 1.580 1.569 1.556 1.544 1.530 1.517 1.503 1.489 1.476 1.462 1.449 1.436 1.422 1.409 1.396 1.383 1.370 1.356 1.343 1.328 1.314 1.299 1.283 1.266 1.249 1.232 1.213 1.194 1.174 1.154 1.133 1.110 1.087 1.065 1.045 1.024 1.001 0.976 0.949 0.921 0.891 0.860 0.828 0.795 0.761 0.727 0.692 0.657 0.622 0.587 0.553 0.518 0.485 0.451 0.419 0.387 0.356 0.326 0.297 0.269 0.243 0.217 0.193
0.506 0.562 0.616 0.670 0.721 0.769 0.815 0.858 0.897 0.933 0.965 0.994 1.020 1.042 1.061 1.076 1.089 1.099 1.106 1.111 1.114 1.114 1.113 1.110 1.105 1.099 1.092 1.083 1.073 1.063 1.051 1.039 1.025 1.011 0.996 0.981 0.964 0.947 0.930 0.912 0.893 0.873 0.853 0.832 0.811 0.788 0.766 0.743 0.723 0.703 0.682 0.661 0.638 0.615 0.591 0.567 0.541 0.515 0.488 0.461 0.434 0.406 0.379 0.352 0.325 0.299 0.274 0.250 0.226 0.204 0.182 0.162 0.143 0.125 0.109 0.094 0.080
0.073 0.090 0.109 0.131 0.154 0.178 0.203 0.230 0.256 0.283 0.310 0.336 0.361 0.386 0.409 0.431 0.451 0.470 0.487 0.502 0.516 0.527 0.537 0.545 0.551 0.556 0.559 0.561 0.561 0.560 0.557 0.554 0.549 0.543 0.536 0.528 0.519 0.509 0.498 0.487 0.475 0.462 0.449 0.435 0.420 0.405 0.390 0.374 0.360 0.346 0.332 0.317 0.303 0.288 0.274 0.259 0.244 0.229 0.214 0.199 0.184 0.170 0.155 0.141 0.128 0.114 0.102 0.090 0.079 0.069 0.060 0.051 0.044 0.037 0.031 0.025 0.021
0.008 0.010 0.012 0.014 0.018 0.022 0.027 0.033 0.039 0.046 0.053 0.061 0.070 0.079 0.087 0.096 0.105 0.114 0.123 0.131 0.139 0.146 0.153 0.159 0.164 0.169 0.173 0.176 0.179 0.181 0.182 0.182 0.182 0.181 0.179 0.177 0.174 0.170 0.166 0.162 0.157 0.152 0.147 0.141 0.135 0.128 0.122 0.115 0.109 0.104 0.098 0.092 0.087 0.081 0.076 0.070 0.065 0.060 0.055 0.050 0.045 0.041 0.036 0.032 0.028 0.025 0.021 0.018 0.015 0.013 0.011 0.008 0.004 0.002 0.001 0.001 0.001
0.001 0.001 0.002 0.002 0.002 0.003 0.003 0.004 0.005 0.006 0.006 0.007 0.008 0.009 0.011 0.012 0.014 0.015 0.017 0.019 0.020 0.022 0.024 0.025 0.027 0.028 0.030 0.031 0.032 0.032 0.033 0.033 0.033 0.033 0.033 0.033 0.033 0.032 0.031 0.030 0.029 0.028 0.027 0.025 0.024 0.023 0.021 0.020 0.018 0.017 0.016 0.015 0.013 0.012 0.011 0.010 0.008 0.006 0.005 0.004 0.003 0.003 0.002 0.002 0.001 0.001 0.001 0.001 0.000 0.000 0.000 0.000 0.000 0.000 0.000 0.000 0.000
0.000 0.000 0.000 0.000 0.000 0.000 0.000 0.000 0.000 0.000 0.001 0.001 0.001 0.001 0.001 0.001 0.001 0.002 0.002 0.002 0.002 0.002 0.002 0.003 0.003 0.003 0.003 0.003 0.003 0.003 0.003 0.003 0.003 0.003 0.003 0.003 0.003 0.003 0.002 0.002 0.002 0.002 0.002 0.002 0.001 0.001 0.001 0.001 0.001 0.001 0.001 0.000 0.000 0.000 0.000 0.000 0.000 0.000 0.000 0.000 0.000 0.000 0.000 0.000 0.000 0.000 0.000 0.000 0.000 0.000 0.000 0.000 0.000 0.000 0.000 0.000 0.000
