Examples/2023_ISeeSnow/data/CoulombOnly/Results/curv77s/h/1HS_03_curv77s_MoT-Voellmy_h_0050.asc
ncols        180
nrows        39
xllcorner    2957.5
yllcorner    -4347.5
cellsize     5.00
NODATA_value -9999
[rows 0 to 33 of 39, columns 77 to 153 of 180]
0.000 0.000 0.000 0.000 0.000 0.000 0.000 0.000 0.000 0.000 0.000 0.000 0.000 0.000 0.000 0.000 0.000 0.000 0.001 0.001 0.001 0.001 0.001 0.001 0.001 0.001 0.002 0.002 0.002 0.002 0.002 0.002 0.002 0.002 0.002 0.002 0.001 0.001 0.001 0.001 0.001 0.001 0.000 0.000 0.000 0.000 0.000 0.000 0.000 0.000 0.000 0.000 0.000 0.000 0.000 0.000 0.000 0.000 0.000 0.000 0.000 0.000 0.000 0.000 0.000 0.000 0.000 0.000 0.000 0.000 0.000 0.000 0.000 0.000 0.000 0.000 0.000
0.000 0.000 0.000 0.000 0.000 0.000 0.001 0.001 0.001 0.001 0.002 0.002 0.002 0.003 0.003 0.003 0.004 0.004 0.005 0.005 0.006 0.006 0.007 0.007 0.008 0.008 0.009 0.009 0.010 0.010 0.011 0.011 0.011 0.011 0.011 0.012 0.011 0.011 0.011 0.011 0.010 0.009 0.008 0.007 0.006 0.005 0.004 0.003 0.002 0.002 0.001 0.001 0.000 0.000 0.000 0.000 0.000 0.000 0.000 0.000 0.000 0.000 0.000 0.000 0.000 0.000 0.000 0.000 0.000 0.000 0.000 0.000 0.000 0.000 0.000 0.000 0.000
0.001 0.002 0.002 0.002 0.003 0.003 0.003 0.004 0.004 0.005 0.006 0.006 0.007 0.008 0.009 0.010 0.012 0.013 0.015 0.017 0.018 0.020 0.022 0.024 0.026 0.028 0.030 0.031 0.033 0.034 0.035 0.036 0.037 0.037 0.037 0.037 0.037 0.036 0.036 0.034 0.033 0.031 0.030 0.028 0.026 0.023 0.021 0.019 0.017 0.015 0.013 0.011 0.010 0.006 0.004 0.002 0.001 0.001 0.000 0.000 0.000 0.000 0.000 0.000 0.000 0.000 0.000 0.000 0.000 0.000 0.000 0.000 0.000 0.000 0.000 0.000 0.000
0.004 0.004 0.005 0.006 0.007 0.008 0.009 0.011 0.013 0.015 0.018 0.021 0.024 0.028 0.031 0.036 0.040 0.044 0.049 0.054 0.059 0.063 0.068 0.073 0.077 0.081 0.085 0.089 0.092 0.095 0.097 0.099 0.100 0.100 0.100 0.100 0.099 0.097 0.095 0.092 0.088 0.084 0.080 0.075 0.070 0.065 0.060 0.054 0.049 0.044 0.039 0.034 0.030 0.026 0.022 0.018 0.015 0.013 0.010 0.007 0.003 0.001 0.001 0.000 0.000 0.000 0.000 0.000 0.000 0.000 0.000 0.000 0.000 0.000 0.000 0.000 0.000
0.011 0.013 0.016 0.019 0.023 0.027 0.032 0.038 0.044 0.051 0.059 0.067 0.075 0.084 0.094 0.103 0.113 0.122 0.132 0.142 0.151 0.160 0.169 0.177 0.185 0.192 0.199 0.204 0.209 0.214 0.217 0.219 0.220 0.221 0.220 0.218 0.215 0.211 0.206 0.200 0.193 0.186 0.177 0.168 0.158 0.148 0.137 0.127 0.116 0.105 0.095 0.084 0.075 0.065 0.057 0.049 0.041 0.035 0.029 0.024 0.020 0.016 0.013 0.010 0.006 0.002 0.001 0.000 0.000 0.000 0.000 0.000 0.000 0.000 0.000 0.000 0.000
0.037 0.044 0.053 0.063 0.073 0.085 0.098 0.112 0.126 0.141 0.157 0.173 0.189 0.205 0.222 0.238 0.254 0.270 0.285 0.299 0.313 0.326 0.338 0.349 0.359 0.369 0.377 0.383 0.389 0.393 0.396 0.398 0.398 0.397 0.394 0.390 0.385 0.378 0.370 0.360 0.349 0.337 0.324 0.310 0.294 0.278 0.261 0.244 0.226 0.208 0.190 0.173 0.155 0.139 0.123 0.108 0.094 0.081 0.069 0.058 0.049 0.040 0.033 0.027 0.022 0.017 0.014 0.011 0.007 0.002 0.001 0.000 0.000 0.000 0.000 0.000 0.000
0.110 0.128 0.147 0.167 0.189 0.211 0.234 0.257 0.281 0.305 0.329 0.352 0.375 0.398 0.419 0.440 0.460 0.479 0.497 0.513 0.528 0.542 0.555 0.566 0.576 0.585 0.592 0.597 0.602 0.604 0.606 0.605 0.604 0.600 0.595 0.589 0.581 0.571 0.560 0.547 0.533 0.517 0.499 0.481 0.461 0.440 0.417 0.394 0.370 0.346 0.321 0.296 0.271 0.247 0.223 0.199 0.177 0.156 0.136 0.118 0.101 0.086 0.072 0.060 0.049 0.040 0.033 0.026 0.021 0.016 0.013 0.010 0.005 0.001 0.000 0.000 0.000
0.258 0.287 0.318 0.349 0.380 0.411 0.441 0.471 0.501 0.529 0.556 0.583 0.607 0.631 0.653 0.674 0.693 0.710 0.726 0.741 0.754 0.765 0.775 0.784 0.791 0.797 0.801 0.804 0.805 0.805 0.804 0.801 0.796 0.791 0.783 0.775 0.764 0.752 0.739 0.724 0.708 0.690 0.670 0.649 0.627 0.603 0.578 0.552 0.524 0.496 0.467 0.437 0.407 0.376 0.346 0.316 0.286 0.257 0.230 0.203 0.178 0.155 0.134 0.114 0.097 0.081 0.067 0.055 0.045 0.036 0.029 0.023 0.018 0.014 0.011 0.007 0.002
0.475 0.512 0.548 0.584 0.618 0.651 0.683 0.713 0.742 0.769 0.794 0.817 0.839 0.859 0.877 0.894 0.908 0.921 0.933 0.943 0.952 0.959 0.964 0.969 0.972 0.974 0.975 0.974 0.972 0.969 0.965 0.959 0.953 0.945 0.935 0.925 0.913 0.900 0.885 0.869 0.852 0.833 0.813 0.791 0.768 0.744 0.718 0.691 0.663 0.633 0.603 0.571 0.538 0.505 0.472 0.438 0.404 0.370 0.337 0.304 0.273 0.243 0.215 0.188 0.163 0.140 0.119 0.101 0.084 0.070 0.057 0.047 0.037 0.030 0.024 0.019 0.015
0.722 0.759 0.794 0.827 0.858 0.888 0.915 0.941 0.964 0.986 1.006 1.023 1.039 1.053 1.066 1.077 1.086 1.094 1.100 1.105 1.109 1.111 1.112 1.113 1.112 1.110 1.107 1.103 1.098 1.092 1.086 1.078 1.069 1.059 1.048 1.036 1.022 1.008 0.993 0.976 0.958 0.939 0.919 0.898 0.875 0.852 0.827 0.800 0.773 0.744 0.714 0.683 0.651 0.617 0.583 0.548 0.513 0.478 0.442 0.406 0.371 0.337 0.303 0.271 0.241 0.212 0.185 0.160 0.137 0.116 0.098 0.082 0.067 0.055 0.045 0.036 0.029
0.956 0.987 1.017 1.044 1.069 1.093 1.114 1.133 1.150 1.165 1.178 1.190 1.200 1.208 1.214 1.220 1.223 1.226 1.227 1.227 1.226 1.225 1.222 1.218 1.213 1.208 1.202 1.195 1.187 1.179 1.170 1.159 1.148 1.137 1.124 1.111 1.096 1.081 1.065 1.048 1.030 1.011 0.992 0.971 0.949 0.926 0.902 0.878 0.851 0.824 0.796 0.766 0.736 0.704 0.671 0.637 0.603 0.568 0.532 0.496 0.459 0.423 0.388 0.353 0.319 0.286 0.254 0.224 0.197 0.171 0.147 0.125 0.106 0.089 0.074 0.060 0.049
1.155 1.179 1.202 1.222 1.240 1.257 1.271 1.284 1.295 1.304 1.311 1.317 1.321 1.323 1.325 1.324 1.323 1.321 1.317 1.313 1.307 1.301 1.294 1.287 1.278 1.270 1.260 1.250 1.240 1.229 1.217 1.205 1.193 1.180 1.166 1.151 1.136 1.121 1.104 1.087 1.070 1.051 1.032 1.012 0.991 0.969 0.947 0.923 0.899 0.874 0.847 0.820 0.791 0.762 0.731 0.700 0.667 0.633 0.599 0.564 0.529 0.493 0.457 0.421 0.386 0.351 0.317 0.285 0.253 0.224 0.196 0.170 0.147 0.125 0.106 0.089 0.074
1.310 1.326 1.342 1.357 1.370 1.381 1.390 1.397 1.403 1.406 1.408 1.408 1.407 1.404 1.399 1.393 1.386 1.377 1.368 1.358 1.347 1.335 1.324 1.311 1.299 1.286 1.274 1.261 1.248 1.235 1.222 1.209 1.196 1.182 1.168 1.154 1.140 1.124 1.109 1.092 1.075 1.058 1.039 1.020 1.000 0.980 0.959 0.937 0.914 0.890 0.866 0.841 0.815 0.788 0.761 0.732 0.702 0.671 0.639 0.607 0.573 0.539 0.504 0.469 0.434 0.399 0.365 0.331 0.298 0.266 0.236 0.208 0.182 0.157 0.135 0.115 0.097
1.489 1.503 1.514 1.521 1.526 1.527 1.525 1.521 1.514 1.504 1.493 1.479 1.464 1.447 1.429 1.410 1.389 1.368 1.347 1.325 1.304 1.282 1.262 1.242 1.222 1.204 1.188 1.172 1.158 1.144 1.132 1.121 1.110 1.100 1.090 1.080 1.070 1.059 1.048 1.036 1.024 1.010 0.995 0.979 0.963 0.945 0.927 0.907 0.887 0.866 0.845 0.823 0.800 0.777 0.752 0.727 0.701 0.674 0.646 0.617 0.587 0.556 0.523 0.490 0.457 0.423 0.389 0.356 0.323 0.291 0.260 0.231 0.203 0.178 0.154 0.133 0.113
0.913 0.880 0.848 0.818 0.788 0.759 0.731 0.703 0.675 0.649 0.622 0.597 0.573 0.550 0.529 0.510 0.493 0.479 0.468 0.460 0.455 0.453 0.455 0.460 0.468 0.478 0.491 0.506 0.523 0.541 0.559 0.577 0.594 0.610 0.625 0.639 0.650 0.659 0.666 0.671 0.674 0.676 0.676 0.676 0.675 0.674 0.673 0.672 0.672 0.671 0.670 0.669 0.666 0.662 0.656 0.648 0.636 0.622 0.605 0.584 0.561 0.535 0.507 0.477 0.446 0.414 0.382 0.350 0.318 0.288 0.258 0.230 0.204 0.180 0.157 0.137 0.118
2.678 2.730 2.782 2.831 2.877 2.921 2.963 3.004 3.044 3.083 3.122 3.159 3.196 3.230 3.263 3.293 3.320 3.344 3.363 3.377 3.386 3.389 3.386 3.377 3.361 3.339 3.310 3.275 3.233 3.185 3.132 3.073 3.009 2.939 2.865 2.787 2.704 2.616 2.525 2.430 2.331 2.228 2.122 2.013 1.901 1.788 1.674 1.560 1.446 1.335 1.227 1.124 1.025 0.933 0.848 0.769 0.698 0.634 0.576 0.525 0.480 0.439 0.403 0.370 0.341 0.313 0.288 0.264 0.242 0.221 0.201 0.182 0.165 0.148 0.133 0.119 0.106
0.154 0.137 0.123 0.112 0.104 0.099 0.098 0.099 0.103 0.110 0.119 0.130 0.143 0.158 0.175 0.193 0.212 0.232 0.254 0.276 0.299 0.322 0.346 0.370 0.394 0.418 0.442 0.465 0.487 0.509 0.529 0.547 0.564 0.578 0.590 0.600 0.606 0.610 0.610 0.607 0.600 0.590 0.577 0.559 0.538 0.513 0.484 0.452 0.417 0.379 0.339 0.298 0.257 0.217 0.180 0.145 0.115 0.090 0.070 0.055 0.046 0.041 0.040 0.041 0.044 0.048 0.051 0.054 0.057 0.059 0.061 0.063 0.064 0.064 0.065 0.064 0.064
4.701 4.786 4.879 4.967 5.050 5.126 5.195 5.257 5.310 5.356 5.392 5.420 5.439 5.449 5.450 5.443 5.428 5.404 5.374 5.336 5.291 5.241 5.185 5.124 5.058 4.989 4.916 4.840 4.762 4.682 4.601 4.520 4.439 4.358 4.279 4.202 4.127 4.054 3.983 3.915 3.850 3.787 3.727 3.668 3.612 3.556 3.501 3.446 3.390 3.331 3.269 3.203 3.131 3.053 2.967 2.875 2.775 2.668 2.555 2.437 2.316 2.194 2.071 1.948 1.827 1.706 1.585 1.466 1.348 1.234 1.125 1.020 0.921 0.826 0.736 0.651 0.571
0.152 0.146 0.139 0.131 0.123 0.115 0.108 0.101 0.094 0.089 0.084 0.079 0.076 0.073 0.070 0.068 0.066 0.065 0.063 0.062 0.061 0.059 0.058 0.057 0.055 0.053 0.052 0.050 0.048 0.046 0.044 0.043 0.041 0.040 0.039 0.038 0.038 0.039 0.040 0.041 0.043 0.046 0.049 0.052 0.056 0.059 0.063 0.066 0.068 0.069 0.069 0.068 0.066 0.063 0.058 0.053 0.046 0.040 0.034 0.028 0.022 0.018 0.015 0.014 0.013 0.012 0.010 0.009 0.006 0.001 0.000 0.000 0.000 0.000 0.000 0.000 0.000
5.327 5.371 5.424 5.476 5.525 5.572 5.616 5.658 5.698 5.735 5.770 5.803 5.832 5.860 5.885 5.907 5.927 5.944 5.958 5.970 5.979 5.985 5.988 5.989 5.987 5.982 5.974 5.964 5.951 5.935 5.916 5.894 5.869 5.841 5.811 5.778 5.741 5.702 5.659 5.614 5.565 5.513 5.458 5.399 5.336 5.270 5.200 5.127 5.049 4.967 4.881 4.791 4.696 4.598 4.495 4.387 4.276 4.160 4.041 3.917 3.789 3.658 3.523 3.384 3.243 3.098 2.950 2.800 2.648 2.495 2.341 2.186 2.031 1.878 1.726 1.577 1.432
0.151 0.146 0.138 0.130 0.123 0.115 0.107 0.101 0.094 0.088 0.083 0.079 0.075 0.072 0.070 0.068 0.066 0.064 0.063 0.062 0.061 0.059 0.058 0.057 0.055 0.054 0.052 0.050 0.048 0.047 0.045 0.043 0.042 0.040 0.040 0.039 0.039 0.039 0.040 0.041 0.043 0.046 0.049 0.052 0.056 0.059 0.062 0.065 0.067 0.069 0.069 0.068 0.065 0.062 0.057 0.052 0.046 0.039 0.033 0.027 0.022 0.018 0.015 0.014 0.013 0.012 0.010 0.009 0.006 0.001 0.000 0.000 0.000 0.000 0.000 0.000 0.000
4.704 4.789 4.881 4.969 5.052 5.128 5.197 5.258 5.312 5.357 5.393 5.421 5.440 5.450 5.451 5.444 5.428 5.405 5.374 5.336 5.292 5.242 5.186 5.125 5.059 4.990 4.917 4.841 4.763 4.683 4.602 4.521 4.440 4.360 4.281 4.203 4.128 4.055 3.984 3.916 3.850 3.787 3.727 3.668 3.611 3.556 3.500 3.445 3.389 3.330 3.268 3.201 3.129 3.051 2.966 2.873 2.773 2.667 2.554 2.436 2.315 2.193 2.070 1.948 1.827 1.706 1.585 1.466 1.348 1.234 1.125 1.020 0.921 0.826 0.736 0.651 0.572
0.154 0.137 0.123 0.112 0.104 0.100 0.098 0.100 0.104 0.111 0.120 0.131 0.144 0.159 0.175 0.193 0.212 0.233 0.254 0.276 0.299 0.322 0.346 0.370 0.394 0.418 0.441 0.464 0.487 0.508 0.528 0.546 0.563 0.577 0.589 0.598 0.605 0.608 0.609 0.606 0.599 0.589 0.576 0.558 0.537 0.512 0.483 0.451 0.416 0.378 0.338 0.298 0.257 0.217 0.180 0.145 0.115 0.090 0.070 0.055 0.046 0.041 0.039 0.041 0.044 0.047 0.051 0.054 0.057 0.059 0.061 0.063 0.064 0.064 0.064 0.064 0.063
2.678 2.731 2.783 2.832 2.878 2.922 2.964 3.006 3.046 3.085 3.124 3.161 3.197 3.232 3.265 3.295 3.322 3.345 3.364 3.378 3.387 3.391 3.388 3.378 3.363 3.340 3.311 3.276 3.234 3.186 3.133 3.074 3.009 2.940 2.866 2.787 2.704 2.617 2.526 2.430 2.331 2.228 2.122 2.013 1.902 1.788 1.674 1.560 1.446 1.335 1.227 1.124 1.026 0.933 0.848 0.769 0.698 0.634 0.576 0.525 0.479 0.439 0.403 0.370 0.340 0.313 0.288 0.264 0.241 0.220 0.201 0.182 0.165 0.148 0.133 0.119 0.106
0.912 0.879 0.847 0.817 0.787 0.758 0.730 0.702 0.675 0.648 0.622 0.596 0.572 0.550 0.528 0.509 0.493 0.479 0.467 0.459 0.454 0.453 0.454 0.459 0.467 0.478 0.491 0.506 0.522 0.540 0.558 0.576 0.593 0.610 0.625 0.638 0.649 0.658 0.666 0.671 0.674 0.675 0.676 0.676 0.675 0.674 0.673 0.672 0.672 0.671 0.670 0.669 0.666 0.662 0.656 0.648 0.636 0.622 0.605 0.584 0.561 0.535 0.507 0.477 0.446 0.414 0.382 0.350 0.318 0.288 0.258 0.230 0.204 0.180 0.157 0.137 0.118
1.489 1.503 1.514 1.521 1.525 1.527 1.525 1.520 1.513 1.504 1.493 1.479 1.464 1.447 1.429 1.409 1.389 1.368 1.346 1.325 1.303 1.282 1.261 1.241 1.222 1.204 1.187 1.172 1.157 1.144 1.132 1.120 1.110 1.100 1.090 1.080 1.070 1.059 1.048 1.036 1.023 1.010 0.995 0.979 0.963 0.945 0.927 0.907 0.887 0.866 0.845 0.823 0.800 0.777 0.752 0.727 0.701 0.674 0.646 0.617 0.587 0.556 0.523 0.490 0.457 0.423 0.389 0.356 0.323 0.291 0.260 0.231 0.203 0.178 0.154 0.133 0.113
1.310 1.326 1.342 1.357 1.370 1.381 1.390 1.397 1.403 1.406 1.408 1.408 1.407 1.403 1.399 1.393 1.385 1.377 1.368 1.358 1.347 1.335 1.324 1.311 1.299 1.286 1.274 1.261 1.248 1.235 1.222 1.209 1.196 1.182 1.168 1.154 1.140 1.124 1.109 1.092 1.075 1.058 1.039 1.020 1.000 0.980 0.959 0.937 0.914 0.890 0.866 0.841 0.815 0.788 0.761 0.732 0.702 0.671 0.639 0.607 0.573 0.539 0.504 0.469 0.434 0.399 0.365 0.331 0.298 0.266 0.236 0.208 0.182 0.157 0.135 0.115 0.097
1.155 1.179 1.202 1.222 1.240 1.257 1.271 1.284 1.295 1.304 1.311 1.317 1.321 1.323 1.325 1.324 1.323 1.321 1.317 1.312 1.307 1.301 1.294 1.286 1.278 1.270 1.260 1.250 1.240 1.229 1.217 1.205 1.193 1.180 1.166 1.151 1.136 1.121 1.104 1.087 1.070 1.051 1.032 1.012 0.991 0.969 0.947 0.923 0.899 0.874 0.847 0.820 0.791 0.762 0.731 0.700 0.667 0.633 0.599 0.564 0.529 0.493 0.457 0.421 0.386 0.351 0.317 0.285 0.253 0.224 0.196 0.170 0.147 0.125 0.106 0.089 0.074
0.956 0.987 1.017 1.044 1.069 1.093 1.114 1.133 1.150 1.165 1.178 1.190 1.200 1.208 1.214 1.220 1.223 1.226 1.227 1.227 1.226 1.224 1.222 1.218 1.213 1.208 1.202 1.195 1.187 1.179 1.170 1.159 1.148 1.137 1.124 1.111 1.096 1.081 1.065 1.048 1.030 1.011 0.992 0.971 0.949 0.926 0.903 0.878 0.851 0.824 0.796 0.766 0.736 0.704 0.671 0.637 0.603 0.568 0.532 0.496 0.460 0.423 0.388 0.353 0.319 0.286 0.254 0.225 0.197 0.171 0.147 0.125 0.106 0.089 0.074 0.060 0.049
0.722 0.759 0.794 0.827 0.858 0.888 0.915 0.941 0.964 0.986 1.006 1.023 1.039 1.053 1.066 1.077 1.086 1.094 1.100 1.105 1.109 1.111 1.112 1.113 1.112 1.110 1.107 1.103 1.098 1.092 1.086 1.078 1.069 1.059 1.048 1.036 1.022 1.008 0.993 0.976 0.958 0.939 0.919 0.898 0.876 0.852 0.827 0.800 0.773 0.744 0.714 0.683 0.651 0.617 0.583 0.549 0.513 0.478 0.442 0.406 0.371 0.337 0.304 0.271 0.241 0.212 0.185 0.160 0.137 0.116 0.098 0.082 0.067 0.055 0.045 0.036 0.029
0.475 0.512 0.548 0.584 0.618 0.651 0.683 0.713 0.742 0.769 0.794 0.817 0.839 0.859 0.877 0.894 0.908 0.921 0.933 0.943 0.952 0.959 0.965 0.969 0.972 0.974 0.975 0.974 0.972 0.969 0.965 0.959 0.953 0.945 0.935 0.925 0.913 0.900 0.885 0.869 0.852 0.833 0.813 0.791 0.768 0.744 0.718 0.691 0.663 0.633 0.603 0.571 0.539 0.505 0.472 0.438 0.404 0.370 0.337 0.305 0.273 0.243 0.215 0.188 0.163 0.140 0.119 0.101 0.084 0.070 0.057 0.047 0.037 0.030 0.024 0.019 0.015
0.258 0.287 0.318 0.349 0.380 0.411 0.441 0.471 0.501 0.529 0.556 0.583 0.607 0.631 0.653 0.674 0.693 0.710 0.726 0.741 0.754 0.765 0.775 0.784 0.791 0.797 0.801 0.804 0.805 0.805 0.804 0.801 0.796 0.791 0.783 0.775 0.764 0.752 0.739 0.724 0.708 0.690 0.670 0.649 0.627 0.603 0.578 0.552 0.524 0.496 0.467 0.437 0.407 0.376 0.346 0.316 0.286 0.257 0.230 0.203 0.178 0.155 0.134 0.114 0.097 0.081 0.067 0.055 0.045 0.036 0.029 0.023 0.018 0.014 0.011 0.007 0.002
0.110 0.128 0.147 0.167 0.189 0.211 0.234 0.257 0.281 0.305 0.329 0.352 0.375 0.398 0.419 0.440 0.460 0.479 0.497 0.513 0.528 0.542 0.555 0.566 0.576 0.585 0.592 0.597 0.602 0.604 0.606 0.605 0.604 0.600 0.595 0.589 0.581 0.571 0.560 0.547 0.533 0.517 0.499 0.481 0.461 0.440 0.417 0.394 0.370 0.346 0.321 0.296 0.271 0.247 0.223 0.199 0.177 0.156 0.136 0.118 0.101 0.086 0.072 0.060 0.049 0.040 0.033 0.026 0.021 0.016 0.013 0.010 0.005 0.001 0.000 0.000 0.000
0.037 0.044 0.053 0.063 0.073 0.085 0.098 0.112 0.126 0.141 0.157 0.173 0.189 0.205 0.222 0.238 0.254 0.269 0.285 0.299 0.313 0.326 0.338 0.349 0.359 0.369 0.377 0.383 0.389 0.393 0.396 0.398 0.398 0.397 0.394 0.390 0.385 0.378 0.370 0.360 0.350 0.337 0.324 0.310 0.294 0.278 0.261 0.244 0.226 0.208 0.190 0.173 0.155 0.139 0.123 0.108 0.094 0.081 0.069 0.058 0.049 0.040 0.033 0.027 0.022 0.017 0.014 0.011 0.007 0.002 0.001 0.000 0.000 0.000 0.000 0.000 0.000
