Examples/2023_ISeeSnow/data/CoulombOnly/Results/curv77s/h/1HS_03_curv77s_MoT-Voellmy_h_0061.asc
ncols        108
nrows        65
xllcorner    3712.5
yllcorner    -4412.5
cellsize     5.00
NODATA_value -9999
[rows 0 to 33 of 65, columns 0 to 76 of 108]
0.000 0.000 0.000 0.000 0.000 0.000 0.000 0.000 0.000 0.000 0.000 0.000 0.000 0.000 0.000 0.000 0.000 0.000 0.000 0.000 0.000 0.000 0.000 0.000 0.000 0.000 0.000 0.000 0.000 0.000 0.000 0.000 0.000 0.000 0.000 0.000 0.000 0.001 0.001 0.001 0.001 0.002 0.002 0.002 0.003 0.003 0.003 0.003 0.004 0.004 0.004 0.004 0.004 0.004 0.003 0.003 0.003 0.002 0.002 0.001 0.001 0.001 0.000 0.000 0.000 0.000 0.000 0.000 0.000 0.000 0.000 0.000 0.000 0.000 0.000 0.000 0.000
0.000 0.000 0.000 0.000 0.000 0.000 0.000 0.000 0.000 0.000 0.000 0.000 0.000 0.000 0.000 0.000 0.000 0.000 0.000 0.000 0.000 0.000 0.000 0.000 0.000 0.000 0.000 0.001 0.001 0.001 0.001 0.002 0.002 0.002 0.003 0.003 0.004 0.004 0.004 0.005 0.005 0.006 0.007 0.007 0.008 0.009 0.010 0.010 0.011 0.012 0.013 0.013 0.014 0.014 0.014 0.014 0.013 0.013 0.012 0.011 0.010 0.009 0.007 0.005 0.004 0.002 0.002 0.001 0.000 0.000 0.000 0.000 0.000 0.000 0.000 0.000 0.000
0.000 0.000 0.000 0.000 0.000 0.000 0.000 0.000 0.000 0.000 0.000 0.000 0.000 0.000 0.000 0.000 0.000 0.000 0.000 0.001 0.001 0.001 0.001 0.002 0.002 0.002 0.002 0.003 0.003 0.003 0.003 0.004 0.004 0.005 0.005 0.006 0.007 0.008 0.009 0.010 0.011 0.013 0.015 0.017 0.019 0.021 0.024 0.026 0.028 0.030 0.031 0.033 0.034 0.034 0.034 0.034 0.033 0.032 0.030 0.029 0.027 0.024 0.022 0.020 0.017 0.015 0.013 0.011 0.009 0.005 0.002 0.001 0.001 0.000 0.000 0.000 0.000
0.000 0.000 0.000 0.000 0.000 0.000 0.000 0.000 0.000 0.000 0.000 0.001 0.001 0.001 0.001 0.002 0.002 0.002 0.002 0.002 0.002 0.003 0.003 0.003 0.003 0.003 0.004 0.004 0.004 0.005 0.006 0.006 0.007 0.009 0.010 0.011 0.013 0.015 0.018 0.021 0.025 0.028 0.033 0.037 0.041 0.046 0.050 0.055 0.059 0.063 0.066 0.069 0.071 0.072 0.072 0.072 0.070 0.068 0.065 0.062 0.058 0.053 0.049 0.044 0.039 0.034 0.030 0.026 0.022 0.018 0.015 0.012 0.010 0.006 0.002 0.001 0.000
0.000 0.000 0.000 0.001 0.001 0.001 0.001 0.002 0.002 0.002 0.002 0.002 0.002 0.002 0.002 0.002 0.002 0.002 0.003 0.003 0.003 0.003 0.004 0.004 0.005 0.005 0.006 0.007 0.007 0.008 0.009 0.010 0.012 0.014 0.017 0.021 0.025 0.030 0.035 0.041 0.048 0.055 0.062 0.070 0.078 0.086 0.094 0.102 0.109 0.116 0.122 0.126 0.130 0.132 0.133 0.132 0.130 0.127 0.122 0.116 0.110 0.102 0.094 0.086 0.077 0.069 0.060 0.052 0.045 0.038 0.032 0.027 0.022 0.018 0.014 0.011 0.008
0.002 0.002 0.002 0.002 0.002 0.002 0.002 0.002 0.002 0.002 0.002 0.002 0.002 0.003 0.003 0.003 0.003 0.004 0.004 0.005 0.005 0.006 0.006 0.007 0.007 0.007 0.008 0.009 0.009 0.011 0.014 0.017 0.021 0.026 0.032 0.038 0.046 0.054 0.063 0.073 0.084 0.095 0.107 0.119 0.132 0.145 0.157 0.169 0.180 0.190 0.199 0.206 0.211 0.215 0.216 0.215 0.213 0.208 0.202 0.193 0.184 0.172 0.160 0.147 0.134 0.121 0.107 0.095 0.082 0.071 0.060 0.051 0.042 0.035 0.028 0.023 0.018
0.001 0.002 0.002 0.002 0.002 0.002 0.002 0.002 0.003 0.003 0.003 0.003 0.004 0.004 0.005 0.005 0.005 0.006 0.006 0.006 0.006 0.007 0.007 0.007 0.008 0.008 0.009 0.011 0.015 0.019 0.024 0.030 0.037 0.044 0.053 0.063 0.075 0.087 0.101 0.116 0.131 0.148 0.165 0.183 0.201 0.218 0.235 0.252 0.267 0.280 0.292 0.302 0.309 0.314 0.317 0.316 0.313 0.307 0.299 0.288 0.275 0.261 0.244 0.227 0.209 0.190 0.171 0.152 0.134 0.117 0.101 0.086 0.073 0.061 0.050 0.041 0.033
0.002 0.002 0.002 0.003 0.003 0.003 0.004 0.004 0.004 0.005 0.005 0.005 0.005 0.006 0.006 0.006 0.006 0.006 0.006 0.007 0.007 0.007 0.008 0.008 0.009 0.011 0.014 0.019 0.024 0.031 0.039 0.047 0.057 0.069 0.082 0.096 0.112 0.130 0.148 0.168 0.190 0.212 0.234 0.257 0.280 0.302 0.324 0.344 0.363 0.380 0.394 0.407 0.416 0.422 0.425 0.425 0.422 0.415 0.406 0.393 0.378 0.360 0.340 0.318 0.295 0.271 0.247 0.223 0.199 0.176 0.154 0.133 0.114 0.097 0.081 0.067 0.055
0.003 0.004 0.004 0.005 0.005 0.005 0.005 0.005 0.005 0.005 0.006 0.006 0.006 0.006 0.006 0.006 0.006 0.006 0.007 0.007 0.007 0.008 0.008 0.010 0.013 0.017 0.023 0.030 0.038 0.047 0.058 0.070 0.084 0.099 0.117 0.136 0.156 0.179 0.203 0.228 0.254 0.281 0.308 0.335 0.363 0.389 0.414 0.438 0.460 0.480 0.497 0.512 0.523 0.530 0.534 0.535 0.532 0.525 0.514 0.500 0.482 0.462 0.439 0.414 0.387 0.359 0.330 0.301 0.272 0.243 0.215 0.189 0.164 0.141 0.120 0.101 0.084
0.004 0.005 0.005 0.005 0.005 0.005 0.005 0.005 0.005 0.006 0.006 0.006 0.006 0.006 0.006 0.006 0.007 0.007 0.007 0.007 0.008 0.009 0.011 0.015 0.021 0.027 0.035 0.044 0.055 0.067 0.081 0.097 0.114 0.134 0.156 0.179 0.204 0.231 0.260 0.289 0.320 0.351 0.382 0.413 0.444 0.474 0.502 0.529 0.554 0.576 0.595 0.611 0.624 0.633 0.638 0.639 0.636 0.629 0.618 0.603 0.584 0.562 0.537 0.510 0.480 0.448 0.415 0.382 0.348 0.314 0.281 0.250 0.219 0.191 0.165 0.141 0.119
0.004 0.005 0.005 0.005 0.005 0.005 0.005 0.006 0.006 0.006 0.006 0.006 0.006 0.006 0.006 0.007 0.007 0.007 0.007 0.008 0.009 0.012 0.017 0.023 0.030 0.039 0.049 0.061 0.074 0.090 0.107 0.126 0.148 0.171 0.197 0.224 0.254 0.284 0.317 0.350 0.384 0.418 0.452 0.487 0.520 0.552 0.583 0.612 0.639 0.663 0.685 0.703 0.717 0.728 0.734 0.736 0.734 0.727 0.716 0.700 0.681 0.657 0.631 0.601 0.569 0.534 0.498 0.461 0.423 0.386 0.349 0.312 0.277 0.244 0.213 0.184 0.157
0.005 0.005 0.005 0.005 0.005 0.006 0.006 0.006 0.006 0.006 0.006 0.006 0.006 0.006 0.007 0.007 0.007 0.007 0.008 0.009 0.013 0.018 0.025 0.033 0.042 0.053 0.065 0.080 0.096 0.114 0.135 0.157 0.182 0.209 0.238 0.269 0.301 0.335 0.370 0.406 0.443 0.480 0.516 0.553 0.588 0.623 0.656 0.687 0.716 0.742 0.765 0.785 0.801 0.813 0.821 0.824 0.822 0.816 0.805 0.790 0.770 0.746 0.718 0.687 0.653 0.616 0.577 0.537 0.496 0.455 0.414 0.374 0.335 0.297 0.262 0.228 0.198
0.005 0.005 0.005 0.005 0.006 0.006 0.006 0.006 0.006 0.006 0.006 0.006 0.006 0.007 0.007 0.007 0.007 0.008 0.009 0.013 0.019 0.026 0.034 0.044 0.055 0.068 0.083 0.100 0.119 0.140 0.163 0.189 0.216 0.246 0.278 0.311 0.346 0.382 0.419 0.457 0.496 0.534 0.573 0.611 0.648 0.684 0.719 0.751 0.782 0.810 0.835 0.856 0.874 0.888 0.898 0.902 0.902 0.897 0.887 0.872 0.852 0.828 0.800 0.767 0.732 0.693 0.652 0.610 0.566 0.522 0.478 0.434 0.391 0.350 0.310 0.273 0.238
0.005 0.005 0.005 0.006 0.006 0.006 0.006 0.006 0.006 0.006 0.006 0.006 0.007 0.007 0.007 0.007 0.008 0.009 0.013 0.019 0.026 0.034 0.044 0.056 0.069 0.084 0.101 0.120 0.141 0.165 0.191 0.219 0.248 0.280 0.314 0.349 0.386 0.424 0.463 0.502 0.542 0.582 0.621 0.660 0.699 0.736 0.772 0.806 0.838 0.868 0.895 0.918 0.938 0.954 0.965 0.972 0.973 0.970 0.961 0.947 0.928 0.904 0.875 0.842 0.805 0.765 0.723 0.678 0.632 0.585 0.538 0.491 0.445 0.400 0.357 0.317 0.278
0.005 0.005 0.006 0.006 0.006 0.006 0.006 0.006 0.006 0.006 0.006 0.007 0.007 0.007 0.007 0.008 0.009 0.013 0.018 0.026 0.034 0.044 0.055 0.068 0.083 0.100 0.119 0.140 0.163 0.189 0.217 0.246 0.278 0.311 0.347 0.383 0.421 0.460 0.499 0.540 0.580 0.621 0.661 0.701 0.740 0.778 0.815 0.851 0.884 0.915 0.944 0.969 0.991 1.009 1.023 1.032 1.035 1.034 1.027 1.014 0.996 0.972 0.944 0.911 0.874 0.833 0.789 0.742 0.694 0.645 0.595 0.545 0.496 0.448 0.402 0.358 0.317
0.005 0.005 0.006 0.006 0.006 0.006 0.006 0.006 0.006 0.006 0.006 0.007 0.007 0.007 0.008 0.009 0.012 0.017 0.024 0.033 0.042 0.054 0.066 0.081 0.097 0.116 0.137 0.159 0.184 0.211 0.240 0.271 0.304 0.339 0.375 0.412 0.450 0.490 0.530 0.570 0.611 0.652 0.692 0.733 0.772 0.811 0.849 0.886 0.920 0.953 0.983 1.011 1.035 1.055 1.071 1.082 1.088 1.089 1.084 1.073 1.056 1.034 1.007 0.974 0.936 0.895 0.850 0.802 0.752 0.701 0.649 0.596 0.545 0.494 0.445 0.398 0.353
0.005 0.005 0.006 0.006 0.006 0.006 0.006 0.006 0.006 0.006 0.007 0.007 0.007 0.008 0.008 0.011 0.016 0.023 0.031 0.040 0.051 0.063 0.078 0.093 0.111 0.131 0.153 0.177 0.203 0.231 0.261 0.293 0.327 0.362 0.398 0.436 0.474 0.514 0.554 0.594 0.634 0.675 0.716 0.756 0.796 0.835 0.874 0.911 0.947 0.981 1.012 1.042 1.068 1.090 1.109 1.122 1.131 1.134 1.132 1.123 1.109 1.088 1.062 1.030 0.993 0.952 0.907 0.858 0.807 0.754 0.700 0.645 0.591 0.537 0.486 0.436 0.388
0.005 0.005 0.006 0.006 0.006 0.006 0.006 0.006 0.006 0.007 0.007 0.007 0.007 0.008 0.010 0.014 0.021 0.028 0.037 0.048 0.060 0.073 0.088 0.105 0.124 0.145 0.168 0.193 0.220 0.249 0.279 0.312 0.345 0.381 0.417 0.454 0.492 0.531 0.571 0.611 0.651 0.691 0.731 0.771 0.811 0.850 0.889 0.926 0.963 0.998 1.031 1.062 1.090 1.115 1.135 1.152 1.163 1.169 1.169 1.163 1.151 1.133 1.108 1.078 1.043 1.002 0.957 0.909 0.857 0.803 0.747 0.691 0.634 0.579 0.524 0.471 0.421
0.005 0.005 0.006 0.006 0.006 0.006 0.006 0.006 0.006 0.007 0.007 0.007 0.008 0.009 0.012 0.018 0.026 0.034 0.044 0.055 0.068 0.083 0.099 0.117 0.136 0.158 0.182 0.207 0.235 0.264 0.294 0.326 0.360 0.395 0.431 0.467 0.505 0.543 0.581 0.620 0.659 0.699 0.738 0.777 0.817 0.856 0.894 0.932 0.969 1.005 1.039 1.071 1.101 1.128 1.151 1.169 1.183 1.192 1.194 1.191 1.182 1.166 1.144 1.116 1.083 1.044 1.000 0.953 0.901 0.847 0.791 0.733 0.675 0.617 0.560 0.505 0.452
0.005 0.006 0.006 0.006 0.006 0.006 0.006 0.006 0.007 0.007 0.007 0.007 0.008 0.011 0.016 0.023 0.031 0.040 0.051 0.063 0.076 0.091 0.108 0.127 0.147 0.169 0.193 0.219 0.246 0.275 0.306 0.337 0.370 0.404 0.439 0.475 0.511 0.548 0.585 0.623 0.661 0.699 0.737 0.775 0.814 0.852 0.890 0.928 0.965 1.001 1.036 1.069 1.100 1.128 1.153 1.174 1.190 1.201 1.206 1.206 1.199 1.186 1.167 1.142 1.111 1.075 1.034 0.988 0.938 0.885 0.829 0.771 0.712 0.653 0.594 0.537 0.481
0.005 0.006 0.006 0.006 0.006 0.006 0.006 0.007 0.007 0.007 0.007 0.008 0.009 0.013 0.019 0.027 0.036 0.045 0.057 0.069 0.083 0.099 0.116 0.135 0.156 0.178 0.202 0.228 0.255 0.284 0.313 0.344 0.376 0.409 0.443 0.477 0.512 0.547 0.583 0.619 0.655 0.691 0.728 0.765 0.801 0.839 0.876 0.913 0.949 0.986 1.021 1.055 1.087 1.116 1.143 1.165 1.183 1.196 1.204 1.206 1.202 1.191 1.175 1.153 1.126 1.093 1.054 1.012 0.964 0.913 0.859 0.802 0.743 0.684 0.624 0.565 0.508
0.005 0.006 0.006 0.006 0.006 0.006 0.006 0.007 0.007 0.007 0.007 0.008 0.010 0.016 0.023 0.031 0.040 0.050 0.062 0.075 0.089 0.105 0.123 0.142 0.163 0.185 0.209 0.234 0.260 0.288 0.317 0.347 0.377 0.409 0.441 0.473 0.506 0.539 0.573 0.607 0.641 0.675 0.710 0.744 0.780 0.815 0.851 0.887 0.923 0.959 0.994 1.027 1.059 1.089 1.115 1.138 1.156 1.170 1.179 1.182 1.180 1.173 1.160 1.142 1.119 1.090 1.056 1.018 0.975 0.928 0.877 0.823 0.766 0.708 0.649 0.590 0.532
0.005 0.006 0.006 0.006 0.006 0.006 0.007 0.007 0.007 0.007 0.008 0.009 0.012 0.018 0.025 0.034 0.043 0.054 0.066 0.079 0.094 0.110 0.127 0.146 0.167 0.188 0.212 0.236 0.262 0.288 0.316 0.344 0.373 0.402 0.432 0.463 0.493 0.524 0.555 0.586 0.617 0.649 0.681 0.713 0.746 0.780 0.814 0.850 0.886 0.922 0.959 0.996 1.032 1.066 1.098 1.128 1.153 1.173 1.187 1.196 1.198 1.193 1.183 1.165 1.142 1.114 1.080 1.041 0.998 0.950 0.899 0.845 0.789 0.730 0.671 0.611 0.552
0.005 0.006 0.006 0.006 0.006 0.006 0.007 0.007 0.007 0.007 0.008 0.009 0.013 0.019 0.027 0.036 0.045 0.056 0.068 0.081 0.095 0.111 0.128 0.147 0.167 0.188 0.210 0.234 0.258 0.283 0.309 0.335 0.362 0.390 0.417 0.445 0.473 0.501 0.530 0.559 0.588 0.618 0.648 0.678 0.709 0.741 0.772 0.802 0.832 0.860 0.886 0.909 0.929 0.946 0.959 0.968 0.974 0.977 0.978 0.976 0.973 0.968 0.962 0.954 0.944 0.932 0.916 0.898 0.876 0.849 0.818 0.783 0.744 0.700 0.652 0.602 0.550
0.005 0.006 0.006 0.006 0.006 0.006 0.007 0.007 0.007 0.007 0.008 0.009 0.013 0.019 0.027 0.035 0.045 0.055 0.067 0.080 0.094 0.109 0.126 0.143 0.162 0.182 0.204 0.226 0.248 0.272 0.295 0.319 0.343 0.367 0.391 0.414 0.437 0.461 0.484 0.507 0.532 0.558 0.586 0.616 0.648 0.684 0.724 0.767 0.815 0.867 0.922 0.981 1.042 1.104 1.165 1.223 1.277 1.325 1.364 1.394 1.414 1.423 1.421 1.408 1.385 1.352 1.310 1.260 1.204 1.141 1.073 1.001 0.926 0.849 0.772 0.696 0.622
0.005 0.006 0.006 0.006 0.006 0.006 0.007 0.007 0.007 0.007 0.008 0.008 0.011 0.017 0.024 0.032 0.041 0.051 0.062 0.074 0.087 0.102 0.117 0.134 0.152 0.171 0.191 0.211 0.232 0.254 0.276 0.299 0.322 0.345 0.368 0.391 0.412 0.432 0.450 0.468 0.486 0.505 0.526 0.548 0.571 0.594 0.617 0.639 0.659 0.676 0.690 0.699 0.702 0.700 0.692 0.678 0.660 0.638 0.613 0.587 0.560 0.535 0.511 0.490 0.471 0.456 0.443 0.433 0.425 0.418 0.413 0.409 0.404 0.399 0.392 0.383 0.372
0.005 0.006 0.006 0.006 0.006 0.007 0.007 0.007 0.007 0.007 0.007 0.008 0.009 0.012 0.018 0.025 0.033 0.042 0.052 0.063 0.075 0.088 0.103 0.118 0.135 0.152 0.171 0.189 0.208 0.227 0.245 0.263 0.280 0.297 0.314 0.333 0.355 0.380 0.410 0.442 0.473 0.504 0.534 0.566 0.601 0.640 0.684 0.733 0.786 0.845 0.906 0.970 1.034 1.099 1.164 1.227 1.290 1.350 1.408 1.464 1.515 1.563 1.604 1.639 1.664 1.679 1.683 1.673 1.649 1.610 1.557 1.489 1.407 1.311 1.204 1.087 0.962
0.005 0.006 0.006 0.006 0.007 0.007 0.007 0.007 0.007 0.007 0.007 0.007 0.008 0.008 0.011 0.016 0.022 0.029 0.037 0.044 0.051 0.058 0.063 0.067 0.070 0.072 0.072 0.071 0.068 0.064 0.059 0.053 0.046 0.040 0.036 0.032 0.030 0.028 0.028 0.029 0.032 0.040 0.052 0.068 0.087 0.106 0.126 0.143 0.159 0.171 0.181 0.188 0.192 0.195 0.195 0.194 0.191 0.187 0.182 0.176 0.169 0.162 0.157 0.154 0.151 0.148 0.145 0.141 0.136 0.131 0.125 0.119 0.111 0.104 0.097 0.091 0.087
0.004 0.006 0.006 0.006 0.006 0.007 0.007 0.007 0.007 0.007 0.007 0.008 0.008 0.008 0.009 0.014 0.020 0.030 0.042 0.059 0.081 0.110 0.146 0.192 0.247 0.314 0.394 0.491 0.603 0.733 0.880 1.042 1.217 1.402 1.592 1.787 1.984 2.183 2.382 2.579 2.773 2.957 3.128 3.283 3.423 3.548 3.660 3.760 3.850 3.929 4.000 4.062 4.117 4.163 4.202 4.233 4.256 4.271 4.277 4.273 4.259 4.231 4.186 4.124 4.047 3.957 3.854 3.738 3.610 3.471 3.321 3.160 2.991 2.813 2.627 2.436 2.239
0.001 0.002 0.002 0.002 0.003 0.003 0.003 0.003 0.003 0.004 0.004 0.004 0.004 0.004 0.005 0.005 0.005 0.005 0.005 0.006 0.006 0.006 0.006 0.007 0.008 0.009 0.011 0.015 0.018 0.020 0.021 0.019 0.017 0.014 0.013 0.012 0.013 0.014 0.014 0.015 0.015 0.016 0.021 0.031 0.045 0.061 0.080 0.099 0.117 0.134 0.148 0.158 0.164 0.166 0.165 0.159 0.151 0.139 0.126 0.111 0.096 0.083 0.073 0.067 0.063 0.061 0.061 0.062 0.064 0.066 0.068 0.070 0.072 0.074 0.073 0.071 0.067
0.008 0.016 0.026 0.037 0.050 0.066 0.084 0.106 0.132 0.163 0.200 0.244 0.295 0.356 0.426 0.508 0.603 0.712 0.836 0.976 1.134 1.311 1.507 1.723 1.958 2.211 2.482 2.767 3.066 3.376 3.693 4.013 4.333 4.646 4.948 5.236 5.507 5.760 5.995 6.212 6.411 6.592 6.755 6.898 7.021 7.124 7.211 7.284 7.345 7.397 7.444 7.488 7.531 7.575 7.621 7.669 7.720 7.773 7.825 7.873 7.915 7.947 7.965 7.965 7.946 7.903 7.836 7.742 7.620 7.470 7.292 7.085 6.850 6.588 6.301 5.992 5.663
0.002 0.003 0.003 0.003 0.003 0.003 0.003 0.003 0.003 0.003 0.003 0.003 0.003 0.003 0.003 0.003 0.003 0.004 0.004 0.004 0.004 0.005 0.005 0.006 0.007 0.008 0.009 0.012 0.017 0.022 0.026 0.029 0.030 0.030 0.029 0.027 0.024 0.021 0.018 0.014 0.010 0.009 0.009 0.012 0.019 0.030 0.044 0.060 0.078 0.096 0.114 0.130 0.144 0.153 0.159 0.161 0.159 0.153 0.143 0.131 0.118 0.104 0.089 0.075 0.063 0.051 0.041 0.032 0.025 0.018 0.013 0.010 0.009 0.008 0.008 0.008 0.009
0.005 0.009 0.016 0.028 0.043 0.061 0.084 0.113 0.148 0.191 0.244 0.308 0.386 0.478 0.587 0.715 0.862 1.029 1.217 1.425 1.653 1.900 2.163 2.441 2.730 3.030 3.338 3.651 3.968 4.287 4.605 4.923 5.239 5.552 5.861 6.165 6.464 6.757 7.044 7.323 7.596 7.861 8.118 8.367 8.607 8.837 9.059 9.270 9.471 9.661 9.840 10.006 10.160 10.299 10.424 10.534 10.627 10.702 10.759 10.796 10.814 10.811 10.787 10.742 10.675 10.587 10.478 10.347 10.195 10.023 9.831 9.620 9.390 9.141 8.874 8.590 8.289
0.002 0.003 0.003 0.003 0.003 0.003 0.003 0.003 0.003 0.003 0.003 0.003 0.003 0.003 0.003 0.003 0.003 0.004 0.004 0.004 0.004 0.005 0.005 0.006 0.007 0.008 0.009 0.012 0.017 0.022 0.026 0.029 0.030 0.030 0.029 0.027 0.024 0.021 0.018 0.014 0.010 0.009 0.009 0.012 0.019 0.030 0.043 0.060 0.078 0.096 0.114 0.130 0.143 0.153 0.159 0.161 0.158 0.152 0.143 0.131 0.118 0.103 0.089 0.075 0.063 0.051 0.041 0.033 0.025 0.019 0.014 0.010 0.009 0.008 0.008 0.008 0.009
