Examples/2023_ISeeSnow/data/CoulombOnly/Results/curv77s/h/1HS_03_curv77s_MoT-Voellmy_h_0067.asc
ncols        83
nrows        71
xllcorner    3872.5
yllcorner    -4427.5
cellsize     5.00
NODATA_value -9999
[rows 0 to 33 of 71, columns 0 to 76 of 83]
0.000 0.000 0.000 0.000 0.000 0.000 0.000 0.000 0.000 0.000 0.000 0.000 0.000 0.000 0.000 0.000 0.000 0.000 0.000 0.000 0.000 0.000 0.000 0.000 0.000 0.001 0.001 0.001 0.001 0.002 0.002 0.002 0.003 0.003 0.003 0.003 0.003 0.003 0.002 0.002 0.002 0.001 0.001 0.000 0.000 0.000 0.000 0.000 0.000 0.000 0.000 0.000 0.000 0.000 0.000 0.000 0.000 0.000 0.000 0.000 0.000 0.000 0.000 0.000 0.000 0.000 0.000 0.000 0.000 0.000 0.000 0.000 0.000 0.000 0.000 0.000 0.000
0.000 0.000 0.000 0.000 0.000 0.000 0.000 0.000 0.000 0.000 0.000 0.000 0.000 0.000 0.000 0.000 0.001 0.001 0.001 0.002 0.002 0.003 0.003 0.004 0.004 0.005 0.005 0.006 0.007 0.008 0.008 0.009 0.010 0.011 0.012 0.013 0.014 0.014 0.014 0.013 0.013 0.012 0.011 0.009 0.007 0.005 0.003 0.002 0.001 0.000 0.000 0.000 0.000 0.000 0.000 0.000 0.000 0.000 0.000 0.000 0.000 0.000 0.000 0.000 0.000 0.000 0.000 0.000 0.000 0.000 0.000 0.000 0.000 0.000 0.000 0.000 0.000
0.000 0.000 0.000 0.000 0.000 0.000 0.000 0.000 0.000 0.001 0.001 0.002 0.002 0.003 0.003 0.003 0.003 0.003 0.004 0.004 0.005 0.005 0.006 0.007 0.009 0.010 0.012 0.014 0.016 0.019 0.021 0.024 0.027 0.030 0.032 0.034 0.036 0.037 0.037 0.037 0.036 0.034 0.032 0.029 0.025 0.022 0.019 0.016 0.013 0.010 0.006 0.003 0.001 0.000 0.000 0.000 0.000 0.000 0.000 0.000 0.000 0.000 0.000 0.000 0.000 0.000 0.000 0.000 0.000 0.000 0.000 0.000 0.000 0.000 0.000 0.000 0.000
0.000 0.001 0.001 0.001 0.002 0.002 0.003 0.003 0.003 0.003 0.003 0.003 0.003 0.003 0.004 0.004 0.004 0.005 0.007 0.008 0.010 0.011 0.013 0.015 0.018 0.021 0.025 0.029 0.034 0.040 0.046 0.052 0.058 0.064 0.070 0.074 0.078 0.081 0.082 0.082 0.080 0.077 0.073 0.067 0.061 0.054 0.047 0.040 0.033 0.027 0.022 0.017 0.013 0.010 0.005 0.002 0.000 0.000 0.000 0.000 0.000 0.000 0.000 0.000 0.000 0.000 0.000 0.000 0.000 0.000 0.000 0.000 0.000 0.000 0.000 0.000 0.000
0.003 0.002 0.002 0.002 0.002 0.002 0.002 0.003 0.003 0.003 0.003 0.004 0.005 0.006 0.007 0.009 0.009 0.010 0.010 0.012 0.015 0.018 0.022 0.027 0.033 0.039 0.046 0.055 0.064 0.074 0.085 0.096 0.107 0.117 0.127 0.136 0.143 0.148 0.152 0.152 0.150 0.146 0.139 0.130 0.120 0.108 0.096 0.083 0.071 0.059 0.049 0.039 0.031 0.024 0.019 0.014 0.010 0.005 0.001 0.000 0.000 0.000 0.000 0.000 0.000 0.000 0.000 0.000 0.000 0.000 0.000 0.000 0.000 0.000 0.000 0.000 0.000
0.002 0.002 0.002 0.003 0.003 0.003 0.004 0.005 0.006 0.007 0.008 0.008 0.008 0.008 0.008 0.009 0.010 0.012 0.016 0.020 0.025 0.030 0.037 0.045 0.054 0.065 0.076 0.090 0.104 0.120 0.136 0.153 0.170 0.187 0.202 0.216 0.227 0.236 0.242 0.244 0.243 0.238 0.229 0.217 0.203 0.186 0.167 0.148 0.129 0.110 0.092 0.075 0.061 0.048 0.038 0.029 0.022 0.017 0.012 0.008 0.002 0.000 0.000 0.000 0.000 0.000 0.000 0.000 0.000 0.000 0.000 0.000 0.000 0.000 0.000 0.000 0.000
0.003 0.004 0.005 0.006 0.007 0.007 0.007 0.007 0.007 0.007 0.007 0.007 0.008 0.008 0.009 0.011 0.015 0.019 0.024 0.030 0.037 0.046 0.056 0.067 0.081 0.096 0.113 0.132 0.152 0.174 0.197 0.220 0.243 0.266 0.287 0.307 0.323 0.336 0.345 0.350 0.350 0.345 0.336 0.322 0.304 0.282 0.258 0.232 0.205 0.178 0.152 0.127 0.105 0.085 0.068 0.053 0.041 0.031 0.024 0.018 0.013 0.009 0.003 0.000 0.000 0.000 0.000 0.000 0.000 0.000 0.000 0.000 0.000 0.000 0.000 0.000 0.000
0.006 0.006 0.006 0.006 0.006 0.006 0.006 0.006 0.007 0.007 0.007 0.007 0.008 0.009 0.012 0.016 0.021 0.027 0.034 0.042 0.052 0.064 0.077 0.093 0.110 0.130 0.153 0.177 0.203 0.231 0.260 0.289 0.319 0.348 0.375 0.401 0.422 0.440 0.454 0.462 0.464 0.460 0.451 0.436 0.415 0.389 0.360 0.328 0.294 0.259 0.225 0.192 0.161 0.133 0.108 0.086 0.068 0.053 0.040 0.030 0.023 0.017 0.012 0.008 0.002 0.000 0.000 0.000 0.000 0.000 0.000 0.000 0.000 0.000 0.000 0.000 0.000
0.006 0.006 0.006 0.006 0.006 0.006 0.006 0.006 0.007 0.007 0.007 0.008 0.009 0.012 0.017 0.022 0.028 0.036 0.045 0.056 0.068 0.083 0.100 0.119 0.141 0.165 0.192 0.221 0.253 0.286 0.321 0.357 0.393 0.428 0.461 0.492 0.520 0.543 0.561 0.573 0.579 0.577 0.569 0.553 0.531 0.503 0.469 0.432 0.392 0.350 0.307 0.266 0.226 0.190 0.156 0.127 0.102 0.080 0.062 0.048 0.036 0.027 0.020 0.015 0.011 0.006 0.001 0.000 0.000 0.000 0.000 0.000 0.000 0.000 0.000 0.000 0.000
0.006 0.006 0.006 0.006 0.006 0.006 0.006 0.007 0.007 0.007 0.008 0.009 0.011 0.016 0.021 0.028 0.036 0.045 0.056 0.069 0.084 0.102 0.121 0.144 0.170 0.198 0.229 0.263 0.299 0.338 0.378 0.419 0.461 0.502 0.541 0.579 0.612 0.641 0.665 0.681 0.691 0.692 0.686 0.671 0.648 0.618 0.581 0.540 0.494 0.445 0.395 0.346 0.298 0.253 0.211 0.174 0.141 0.113 0.089 0.069 0.053 0.041 0.031 0.023 0.017 0.013 0.009 0.002 0.000 0.000 0.000 0.000 0.000 0.000 0.000 0.000 0.000
0.006 0.006 0.006 0.006 0.006 0.006 0.006 0.007 0.007 0.007 0.008 0.010 0.015 0.020 0.026 0.034 0.043 0.054 0.067 0.082 0.099 0.119 0.141 0.167 0.195 0.227 0.261 0.299 0.340 0.382 0.427 0.474 0.521 0.568 0.614 0.657 0.697 0.732 0.762 0.784 0.799 0.804 0.801 0.787 0.765 0.734 0.695 0.649 0.598 0.543 0.486 0.429 0.373 0.320 0.270 0.225 0.185 0.149 0.119 0.094 0.073 0.057 0.043 0.033 0.025 0.019 0.014 0.010 0.004 0.000 0.000 0.000 0.000 0.000 0.000 0.000 0.000
0.006 0.006 0.006 0.006 0.006 0.006 0.007 0.007 0.007 0.008 0.009 0.012 0.018 0.024 0.031 0.040 0.050 0.062 0.077 0.093 0.112 0.134 0.158 0.186 0.217 0.251 0.288 0.329 0.373 0.420 0.469 0.520 0.572 0.625 0.677 0.727 0.773 0.816 0.852 0.881 0.901 0.911 0.912 0.901 0.880 0.849 0.808 0.759 0.704 0.643 0.579 0.515 0.451 0.389 0.331 0.278 0.230 0.187 0.151 0.120 0.095 0.074 0.057 0.044 0.034 0.025 0.019 0.014 0.010 0.005 0.000 0.000 0.000 0.000 0.000 0.000 0.000
0.006 0.006 0.006 0.006 0.006 0.006 0.007 0.007 0.007 0.008 0.010 0.015 0.020 0.027 0.035 0.045 0.056 0.069 0.085 0.102 0.123 0.146 0.172 0.201 0.234 0.270 0.310 0.353 0.400 0.450 0.502 0.558 0.615 0.672 0.730 0.787 0.841 0.890 0.934 0.969 0.996 1.013 1.018 1.011 0.993 0.962 0.921 0.869 0.810 0.744 0.674 0.601 0.529 0.459 0.393 0.332 0.276 0.226 0.184 0.148 0.117 0.092 0.072 0.056 0.043 0.033 0.025 0.018 0.014 0.011 0.005 0.000 0.000 0.000 0.000 0.000 0.000
0.006 0.006 0.006 0.006 0.006 0.006 0.007 0.007 0.008 0.009 0.011 0.017 0.023 0.030 0.039 0.049 0.061 0.075 0.091 0.110 0.131 0.155 0.182 0.213 0.247 0.284 0.326 0.371 0.419 0.472 0.527 0.586 0.647 0.710 0.774 0.837 0.898 0.955 1.006 1.050 1.084 1.108 1.119 1.117 1.101 1.073 1.031 0.978 0.915 0.844 0.768 0.689 0.609 0.530 0.456 0.386 0.322 0.265 0.216 0.175 0.140 0.111 0.087 0.068 0.053 0.041 0.030 0.024 0.018 0.013 0.010 0.004 0.000 0.000 0.000 0.000 0.000
0.006 0.006 0.006 0.006 0.006 0.006 0.007 0.007 0.008 0.009 0.013 0.018 0.025 0.033 0.042 0.052 0.065 0.079 0.096 0.115 0.137 0.161 0.189 0.221 0.255 0.294 0.336 0.382 0.432 0.487 0.545 0.606 0.671 0.739 0.808 0.877 0.945 1.009 1.069 1.121 1.164 1.195 1.213 1.216 1.205 1.179 1.138 1.085 1.019 0.944 0.863 0.776 0.689 0.602 0.518 0.439 0.367 0.303 0.248 0.201 0.162 0.129 0.102 0.080 0.063 0.047 0.037 0.028 0.021 0.017 0.012 0.009 0.002 0.000 0.000 0.000 0.000
0.006 0.006 0.006 0.006 0.006 0.007 0.007 0.007 0.008 0.009 0.014 0.019 0.026 0.034 0.044 0.055 0.067 0.082 0.099 0.118 0.140 0.165 0.194 0.225 0.260 0.299 0.341 0.388 0.439 0.495 0.554 0.618 0.686 0.758 0.831 0.906 0.981 1.053 1.121 1.182 1.233 1.273 1.298 1.308 1.302 1.280 1.241 1.188 1.121 1.043 0.956 0.863 0.768 0.673 0.581 0.492 0.411 0.340 0.279 0.227 0.183 0.146 0.116 0.092 0.070 0.057 0.043 0.033 0.025 0.019 0.015 0.011 0.007 0.001 0.000 0.000 0.000
0.006 0.006 0.006 0.006 0.006 0.007 0.007 0.007 0.008 0.010 0.014 0.020 0.027 0.035 0.045 0.056 0.069 0.084 0.101 0.120 0.142 0.167 0.195 0.226 0.261 0.300 0.343 0.390 0.441 0.497 0.558 0.623 0.693 0.767 0.845 0.926 1.007 1.087 1.163 1.233 1.293 1.341 1.375 1.392 1.392 1.374 1.338 1.285 1.218 1.137 1.046 0.948 0.846 0.744 0.643 0.544 0.455 0.376 0.309 0.251 0.203 0.162 0.129 0.102 0.081 0.064 0.048 0.038 0.029 0.022 0.017 0.013 0.010 0.003 0.000 0.000 0.000
0.006 0.006 0.006 0.006 0.006 0.007 0.007 0.007 0.008 0.010 0.014 0.020 0.027 0.036 0.045 0.057 0.069 0.084 0.101 0.120 0.142 0.167 0.194 0.225 0.260 0.298 0.340 0.387 0.438 0.494 0.555 0.621 0.692 0.769 0.850 0.935 1.022 1.109 1.194 1.272 1.342 1.400 1.442 1.468 1.474 1.461 1.428 1.377 1.310 1.227 1.133 1.031 0.923 0.813 0.703 0.595 0.497 0.411 0.337 0.274 0.221 0.178 0.138 0.114 0.089 0.067 0.054 0.042 0.033 0.025 0.019 0.015 0.011 0.007 0.001 0.000 0.000
0.006 0.006 0.006 0.006 0.006 0.007 0.007 0.007 0.008 0.010 0.014 0.020 0.027 0.036 0.045 0.056 0.069 0.084 0.100 0.119 0.140 0.165 0.192 0.222 0.256 0.293 0.334 0.380 0.430 0.486 0.546 0.613 0.685 0.763 0.847 0.935 1.027 1.121 1.213 1.300 1.378 1.444 1.495 1.528 1.540 1.532 1.504 1.456 1.390 1.308 1.213 1.107 0.995 0.879 0.761 0.644 0.538 0.445 0.364 0.295 0.240 0.186 0.154 0.121 0.092 0.075 0.058 0.046 0.035 0.027 0.021 0.016 0.012 0.009 0.002 0.000 0.000
0.006 0.006 0.006 0.006 0.006 0.007 0.007 0.007 0.008 0.009 0.014 0.020 0.027 0.035 0.044 0.055 0.068 0.082 0.098 0.117 0.137 0.161 0.187 0.216 0.249 0.286 0.326 0.370 0.419 0.474 0.533 0.599 0.671 0.750 0.835 0.926 1.023 1.123 1.223 1.320 1.411 1.491 1.555 1.601 1.624 1.623 1.599 1.551 1.483 1.396 1.295 1.184 1.065 0.943 0.815 0.691 0.578 0.476 0.389 0.318 0.247 0.206 0.164 0.126 0.098 0.080 0.062 0.049 0.036 0.029 0.022 0.017 0.013 0.010 0.004 0.000 0.000
0.006 0.006 0.006 0.006 0.006 0.007 0.007 0.007 0.008 0.009 0.013 0.019 0.026 0.034 0.043 0.054 0.066 0.080 0.095 0.113 0.133 0.156 0.181 0.209 0.241 0.276 0.315 0.358 0.405 0.458 0.516 0.580 0.651 0.730 0.815 0.908 1.006 1.108 1.211 1.308 1.397 1.471 1.529 1.567 1.587 1.587 1.568 1.532 1.478 1.408 1.322 1.223 1.112 0.994 0.862 0.734 0.615 0.509 0.413 0.334 0.268 0.214 0.165 0.133 0.108 0.082 0.065 0.049 0.039 0.030 0.023 0.018 0.014 0.011 0.006 0.000 0.000
0.005 0.006 0.006 0.006 0.006 0.006 0.007 0.007 0.008 0.009 0.012 0.018 0.024 0.032 0.041 0.051 0.063 0.076 0.091 0.109 0.128 0.150 0.174 0.201 0.231 0.265 0.302 0.343 0.389 0.439 0.495 0.558 0.627 0.704 0.791 0.886 0.991 1.105 1.228 1.358 1.488 1.613 1.724 1.812 1.870 1.892 1.876 1.824 1.740 1.630 1.502 1.362 1.218 1.072 0.921 0.780 0.655 0.526 0.443 0.352 0.281 0.221 0.173 0.142 0.111 0.083 0.065 0.051 0.040 0.031 0.024 0.019 0.014 0.011 0.006 0.000 0.000
0.005 0.006 0.006 0.006 0.006 0.006 0.007 0.007 0.007 0.008 0.011 0.016 0.023 0.030 0.039 0.049 0.060 0.072 0.087 0.103 0.122 0.142 0.165 0.191 0.220 0.252 0.287 0.326 0.369 0.417 0.471 0.531 0.598 0.672 0.754 0.842 0.935 1.028 1.114 1.189 1.250 1.297 1.330 1.349 1.358 1.356 1.347 1.330 1.306 1.272 1.229 1.173 1.108 1.012 0.907 0.791 0.672 0.560 0.457 0.372 0.284 0.235 0.181 0.143 0.107 0.087 0.067 0.053 0.041 0.030 0.024 0.019 0.014 0.011 0.006 0.001 0.000
0.005 0.006 0.006 0.006 0.006 0.006 0.007 0.007 0.007 0.008 0.010 0.014 0.020 0.028 0.036 0.045 0.056 0.068 0.081 0.097 0.114 0.134 0.156 0.180 0.207 0.237 0.270 0.307 0.348 0.393 0.444 0.501 0.566 0.641 0.729 0.833 0.957 1.106 1.281 1.477 1.678 1.866 2.028 2.154 2.238 2.277 2.272 2.223 2.136 2.012 1.858 1.681 1.488 1.295 1.080 0.903 0.741 0.605 0.476 0.380 0.310 0.238 0.188 0.141 0.111 0.088 0.064 0.055 0.039 0.030 0.024 0.018 0.014 0.011 0.006 0.000 0.000
0.005 0.006 0.006 0.006 0.006 0.006 0.006 0.007 0.007 0.008 0.009 0.012 0.018 0.024 0.032 0.041 0.051 0.062 0.075 0.090 0.106 0.124 0.145 0.167 0.193 0.220 0.251 0.286 0.324 0.366 0.413 0.466 0.524 0.587 0.654 0.721 0.785 0.845 0.900 0.947 0.989 1.028 1.062 1.088 1.105 1.109 1.099 1.076 1.044 1.006 0.966 0.930 0.885 0.834 0.783 0.722 0.633 0.554 0.481 0.388 0.312 0.235 0.194 0.145 0.111 0.087 0.066 0.049 0.039 0.030 0.023 0.018 0.013 0.010 0.005 0.000 0.000
0.005 0.006 0.006 0.006 0.006 0.006 0.006 0.007 0.007 0.007 0.008 0.010 0.014 0.021 0.028 0.036 0.045 0.056 0.068 0.081 0.096 0.113 0.132 0.153 0.177 0.202 0.231 0.263 0.298 0.338 0.383 0.437 0.500 0.579 0.677 0.803 0.959 1.138 1.333 1.536 1.735 1.917 2.074 2.197 2.283 2.329 2.336 2.308 2.247 2.157 2.041 1.901 1.742 1.565 1.369 1.133 0.938 0.734 0.572 0.439 0.332 0.251 0.190 0.148 0.110 0.081 0.066 0.048 0.037 0.028 0.020 0.016 0.013 0.009 0.002 0.000 0.000
0.005 0.006 0.006 0.006 0.006 0.006 0.006 0.006 0.007 0.007 0.007 0.008 0.011 0.017 0.023 0.031 0.039 0.049 0.060 0.072 0.086 0.102 0.119 0.138 0.159 0.183 0.209 0.237 0.268 0.302 0.338 0.377 0.419 0.464 0.511 0.561 0.614 0.675 0.745 0.824 0.910 1.001 1.091 1.170 1.225 1.248 1.237 1.192 1.119 1.030 0.934 0.838 0.741 0.643 0.564 0.513 0.475 0.436 0.383 0.334 0.282 0.230 0.181 0.137 0.108 0.079 0.059 0.045 0.031 0.027 0.018 0.014 0.011 0.006 0.000 0.000 0.000
0.005 0.006 0.006 0.006 0.006 0.006 0.006 0.006 0.007 0.007 0.007 0.008 0.009 0.012 0.018 0.025 0.033 0.041 0.051 0.062 0.075 0.089 0.105 0.122 0.141 0.163 0.188 0.216 0.248 0.286 0.332 0.387 0.455 0.538 0.638 0.762 0.913 1.093 1.296 1.514 1.730 1.920 2.073 2.188 2.268 2.318 2.342 2.343 2.323 2.279 2.201 2.093 1.959 1.798 1.616 1.413 1.182 0.968 0.766 0.574 0.427 0.295 0.206 0.145 0.103 0.076 0.052 0.039 0.030 0.022 0.016 0.012 0.008 0.001 0.000 0.000 0.000
0.005 0.005 0.006 0.006 0.006 0.006 0.006 0.006 0.006 0.007 0.007 0.007 0.008 0.009 0.013 0.019 0.026 0.034 0.043 0.053 0.064 0.076 0.090 0.105 0.121 0.138 0.156 0.174 0.192 0.212 0.236 0.263 0.296 0.337 0.388 0.450 0.522 0.605 0.695 0.791 0.890 0.989 1.081 1.158 1.214 1.246 1.251 1.223 1.159 1.058 0.941 0.819 0.702 0.599 0.483 0.389 0.316 0.258 0.236 0.205 0.181 0.158 0.132 0.106 0.081 0.062 0.044 0.032 0.024 0.018 0.012 0.008 0.002 0.000 0.000 0.000 0.000
0.005 0.006 0.006 0.006 0.006 0.006 0.006 0.006 0.007 0.007 0.007 0.007 0.008 0.008 0.010 0.015 0.021 0.028 0.035 0.044 0.055 0.067 0.081 0.097 0.116 0.139 0.166 0.198 0.232 0.268 0.307 0.352 0.409 0.485 0.587 0.722 0.891 1.088 1.297 1.501 1.681 1.829 1.943 2.025 2.080 2.112 2.127 2.134 2.140 2.152 2.166 2.178 2.182 2.175 2.150 2.099 2.010 1.874 1.674 1.369 1.018 0.625 0.361 0.196 0.112 0.066 0.042 0.028 0.018 0.013 0.007 0.001 0.000 0.000 0.000 0.000 0.000
0.006 0.006 0.006 0.006 0.006 0.006 0.007 0.007 0.007 0.007 0.007 0.007 0.007 0.007 0.007 0.007 0.007 0.007 0.007 0.007 0.007 0.008 0.008 0.008 0.008 0.008 0.008 0.008 0.008 0.010 0.016 0.024 0.035 0.048 0.066 0.089 0.120 0.161 0.214 0.276 0.344 0.411 0.471 0.519 0.548 0.559 0.550 0.525 0.486 0.439 0.386 0.331 0.277 0.228 0.186 0.153 0.129 0.113 0.103 0.098 0.085 0.061 0.044 0.034 0.028 0.023 0.018 0.013 0.010 0.002 0.000 0.000 0.000 0.000 0.000 0.000 0.000
0.007 0.007 0.008 0.008 0.008 0.008 0.009 0.013 0.018 0.025 0.035 0.049 0.068 0.094 0.130 0.179 0.244 0.330 0.440 0.577 0.740 0.927 1.134 1.355 1.585 1.818 2.048 2.269 2.480 2.679 2.870 3.053 3.228 3.394 3.550 3.696 3.828 3.946 4.049 4.138 4.213 4.277 4.332 4.380 4.422 4.458 4.489 4.515 4.536 4.551 4.556 4.549 4.526 4.485 4.424 4.342 4.238 4.113 3.970 3.812 3.640 3.452 3.247 3.027 2.789 2.534 2.257 1.958 1.635 1.290 0.936 0.603 0.327 0.139 0.040 0.008 0.000
0.002 0.002 0.003 0.003 0.003 0.003 0.003 0.003 0.003 0.003 0.003 0.003 0.003 0.003 0.003 0.003 0.003 0.003 0.003 0.003 0.002 0.002 0.002 0.002 0.002 0.003 0.003 0.005 0.007 0.010 0.014 0.019 0.025 0.032 0.041 0.052 0.066 0.085 0.108 0.135 0.164 0.193 0.220 0.241 0.255 0.261 0.257 0.247 0.236 0.224 0.213 0.201 0.184 0.164 0.142 0.118 0.096 0.077 0.060 0.045 0.033 0.025 0.019 0.016 0.014 0.012 0.010 0.009 0.008 0.008 0.006 0.002 0.001 0.000 0.000 0.000 0.000
0.010 0.018 0.028 0.041 0.056 0.075 0.100 0.132 0.173 0.228 0.302 0.402 0.535 0.712 0.942 1.233 1.582 1.981 2.414 2.859 3.298 3.719 4.113 4.477 4.813 5.123 5.410 5.677 5.928 6.168 6.398 6.622 6.842 7.061 7.280 7.499 7.718 7.936 8.149 8.356 8.553 8.736 8.903 9.052 9.179 9.284 9.361 9.405 9.413 9.384 9.317 9.221 9.103 8.969 8.821 8.661 8.489 8.302 8.101 7.882 7.645 7.387 7.108 6.807 6.484 6.136 5.757 5.337 4.868 4.344 3.753 3.082 2.319 1.485 0.530 0.085 0.033
