Examples/2023_ISeeSnow/data/CoulombOnly/Results/curv77s/h/1HS_03_curv77s_MoT-Voellmy_h_0055.asc
ncols        143
nrows        53
xllcorner    3377.5
yllcorner    -4382.5
cellsize     5.00
NODATA_value -9999
[rows 0 to 33 of 53, columns 0 to 76 of 143]
0.000 0.000 0.000 0.000 0.000 0.000 0.000 0.000 0.000 0.000 0.000 0.000 0.000 0.000 0.000 0.000 0.000 0.000 0.000 0.000 0.000 0.000 0.000 0.000 0.000 0.000 0.000 0.000 0.000 0.000 0.000 0.000 0.000 0.000 0.000 0.000 0.000 0.000 0.000 0.000 0.000 0.000 0.000 0.000 0.000 0.000 0.000 0.000 0.000 0.000 0.000 0.000 0.000 0.000 0.000 0.000 0.000 0.000 0.000 0.000 0.000 0.000 0.001 0.001 0.001 0.001 0.001 0.001 0.002 0.002 0.002 0.002 0.002 0.002 0.002 0.002 0.002
0.000 0.000 0.000 0.000 0.000 0.000 0.000 0.000 0.000 0.000 0.000 0.000 0.000 0.000 0.000 0.000 0.000 0.000 0.000 0.000 0.000 0.000 0.000 0.000 0.000 0.000 0.000 0.000 0.000 0.000 0.000 0.000 0.000 0.000 0.000 0.000 0.000 0.000 0.000 0.000 0.000 0.000 0.000 0.000 0.000 0.000 0.000 0.000 0.000 0.000 0.000 0.001 0.001 0.001 0.001 0.002 0.002 0.002 0.003 0.003 0.003 0.004 0.004 0.005 0.005 0.006 0.006 0.007 0.007 0.008 0.008 0.009 0.009 0.010 0.010 0.010 0.011
0.000 0.000 0.000 0.000 0.000 0.000 0.000 0.000 0.000 0.000 0.000 0.000 0.000 0.000 0.000 0.000 0.000 0.000 0.000 0.000 0.000 0.000 0.000 0.000 0.000 0.000 0.000 0.000 0.000 0.000 0.000 0.000 0.000 0.000 0.000 0.000 0.000 0.000 0.000 0.000 0.000 0.000 0.001 0.001 0.001 0.001 0.002 0.002 0.002 0.002 0.003 0.003 0.003 0.004 0.004 0.004 0.005 0.005 0.006 0.007 0.007 0.008 0.009 0.010 0.012 0.013 0.015 0.016 0.018 0.019 0.021 0.023 0.024 0.025 0.027 0.028 0.029
0.000 0.000 0.000 0.000 0.000 0.000 0.000 0.000 0.000 0.000 0.000 0.000 0.000 0.000 0.000 0.000 0.000 0.000 0.000 0.000 0.000 0.000 0.000 0.000 0.000 0.000 0.000 0.000 0.000 0.000 0.000 0.000 0.000 0.001 0.001 0.001 0.001 0.001 0.002 0.002 0.002 0.002 0.002 0.002 0.003 0.003 0.003 0.003 0.004 0.004 0.004 0.005 0.006 0.007 0.008 0.009 0.010 0.011 0.013 0.015 0.017 0.020 0.022 0.025 0.029 0.032 0.036 0.039 0.043 0.046 0.050 0.053 0.056 0.059 0.062 0.064 0.066
0.000 0.000 0.000 0.000 0.000 0.000 0.000 0.000 0.000 0.000 0.000 0.000 0.000 0.000 0.000 0.000 0.000 0.000 0.000 0.000 0.000 0.000 0.000 0.000 0.000 0.001 0.001 0.001 0.001 0.001 0.001 0.002 0.002 0.002 0.002 0.002 0.002 0.002 0.002 0.002 0.003 0.003 0.003 0.004 0.004 0.004 0.005 0.006 0.007 0.008 0.009 0.010 0.011 0.013 0.015 0.018 0.022 0.025 0.030 0.034 0.039 0.045 0.051 0.057 0.063 0.070 0.076 0.083 0.090 0.096 0.103 0.109 0.114 0.119 0.124 0.128 0.131
0.000 0.000 0.000 0.000 0.000 0.000 0.000 0.000 0.000 0.000 0.000 0.000 0.000 0.000 0.000 0.000 0.000 0.001 0.001 0.001 0.001 0.001 0.001 0.001 0.001 0.001 0.001 0.001 0.001 0.002 0.002 0.002 0.002 0.002 0.002 0.002 0.003 0.003 0.003 0.004 0.004 0.005 0.006 0.006 0.007 0.008 0.009 0.010 0.011 0.013 0.016 0.020 0.024 0.028 0.034 0.040 0.047 0.054 0.062 0.071 0.081 0.090 0.101 0.112 0.122 0.134 0.145 0.156 0.166 0.176 0.186 0.195 0.204 0.211 0.217 0.223 0.227
0.000 0.000 0.000 0.000 0.000 0.000 0.000 0.000 0.000 0.000 0.001 0.001 0.001 0.001 0.001 0.001 0.001 0.001 0.001 0.001 0.001 0.001 0.001 0.001 0.001 0.001 0.002 0.002 0.002 0.002 0.002 0.003 0.003 0.003 0.004 0.004 0.005 0.005 0.006 0.006 0.007 0.008 0.008 0.009 0.010 0.012 0.014 0.018 0.023 0.028 0.034 0.041 0.049 0.058 0.068 0.079 0.091 0.104 0.117 0.132 0.147 0.162 0.178 0.194 0.210 0.226 0.242 0.257 0.272 0.285 0.298 0.310 0.321 0.330 0.338 0.345 0.350
0.000 0.000 0.001 0.001 0.001 0.001 0.001 0.001 0.001 0.001 0.001 0.001 0.001 0.001 0.001 0.001 0.001 0.001 0.001 0.001 0.001 0.002 0.002 0.002 0.002 0.002 0.003 0.003 0.004 0.004 0.004 0.005 0.005 0.006 0.006 0.006 0.007 0.007 0.007 0.008 0.009 0.009 0.011 0.015 0.019 0.024 0.030 0.037 0.046 0.055 0.066 0.078 0.091 0.106 0.122 0.140 0.158 0.177 0.197 0.218 0.239 0.260 0.281 0.302 0.323 0.343 0.362 0.381 0.398 0.414 0.429 0.442 0.454 0.465 0.473 0.480 0.485
0.001 0.001 0.001 0.001 0.001 0.001 0.001 0.001 0.001 0.001 0.001 0.001 0.001 0.001 0.001 0.001 0.001 0.002 0.002 0.002 0.003 0.003 0.003 0.004 0.004 0.004 0.005 0.005 0.005 0.005 0.006 0.006 0.006 0.006 0.007 0.007 0.008 0.008 0.009 0.010 0.013 0.018 0.023 0.030 0.038 0.047 0.057 0.070 0.083 0.099 0.116 0.134 0.154 0.176 0.199 0.223 0.247 0.273 0.299 0.325 0.351 0.376 0.401 0.426 0.449 0.472 0.493 0.513 0.531 0.548 0.564 0.577 0.589 0.599 0.607 0.613 0.618
0.000 0.000 0.000 0.000 0.001 0.001 0.001 0.001 0.001 0.001 0.001 0.002 0.002 0.002 0.002 0.003 0.003 0.003 0.004 0.004 0.004 0.004 0.005 0.005 0.005 0.005 0.005 0.006 0.006 0.006 0.006 0.006 0.007 0.007 0.008 0.008 0.009 0.012 0.016 0.021 0.028 0.035 0.045 0.056 0.069 0.083 0.100 0.118 0.138 0.161 0.184 0.210 0.237 0.265 0.294 0.323 0.353 0.383 0.413 0.443 0.471 0.499 0.526 0.552 0.577 0.600 0.621 0.641 0.659 0.675 0.689 0.702 0.713 0.722 0.729 0.734 0.737
0.001 0.001 0.001 0.001 0.001 0.001 0.002 0.002 0.002 0.003 0.003 0.003 0.003 0.004 0.004 0.004 0.004 0.004 0.005 0.005 0.005 0.005 0.005 0.005 0.005 0.006 0.006 0.006 0.006 0.007 0.007 0.007 0.008 0.009 0.010 0.013 0.017 0.024 0.031 0.040 0.051 0.064 0.078 0.095 0.114 0.135 0.158 0.183 0.210 0.239 0.269 0.300 0.332 0.365 0.399 0.432 0.465 0.498 0.529 0.560 0.590 0.618 0.645 0.670 0.694 0.716 0.736 0.754 0.771 0.785 0.798 0.810 0.819 0.826 0.832 0.836 0.838
0.002 0.002 0.002 0.003 0.003 0.003 0.003 0.003 0.004 0.004 0.004 0.004 0.004 0.004 0.004 0.005 0.005 0.005 0.005 0.005 0.005 0.005 0.006 0.006 0.006 0.006 0.006 0.007 0.007 0.007 0.008 0.009 0.010 0.013 0.019 0.025 0.034 0.044 0.056 0.069 0.085 0.104 0.124 0.147 0.173 0.200 0.229 0.260 0.293 0.327 0.362 0.397 0.433 0.469 0.504 0.539 0.573 0.606 0.637 0.668 0.696 0.723 0.749 0.772 0.794 0.814 0.832 0.849 0.863 0.876 0.887 0.897 0.904 0.910 0.915 0.917 0.918
0.003 0.003 0.003 0.004 0.004 0.004 0.004 0.004 0.004 0.004 0.004 0.005 0.005 0.005 0.005 0.005 0.005 0.005 0.005 0.006 0.006 0.006 0.006 0.006 0.006 0.007 0.007 0.007 0.008 0.009 0.010 0.014 0.019 0.027 0.035 0.046 0.059 0.073 0.090 0.110 0.131 0.156 0.182 0.211 0.242 0.275 0.309 0.345 0.382 0.419 0.456 0.493 0.530 0.567 0.602 0.636 0.669 0.701 0.731 0.759 0.786 0.811 0.834 0.855 0.875 0.892 0.908 0.923 0.935 0.946 0.956 0.963 0.970 0.975 0.978 0.980 0.980
0.004 0.004 0.004 0.004 0.004 0.004 0.005 0.005 0.005 0.005 0.005 0.005 0.005 0.005 0.005 0.005 0.006 0.006 0.006 0.006 0.006 0.006 0.006 0.007 0.007 0.007 0.008 0.008 0.010 0.014 0.020 0.027 0.036 0.047 0.060 0.075 0.093 0.113 0.135 0.160 0.187 0.217 0.249 0.282 0.318 0.354 0.391 0.429 0.468 0.506 0.544 0.581 0.617 0.652 0.686 0.719 0.750 0.779 0.806 0.832 0.856 0.878 0.899 0.918 0.935 0.950 0.964 0.976 0.987 0.996 1.004 1.011 1.016 1.020 1.023 1.024 1.024
0.004 0.005 0.005 0.005 0.005 0.005 0.005 0.005 0.005 0.005 0.005 0.005 0.006 0.006 0.006 0.006 0.006 0.006 0.006 0.006 0.006 0.007 0.007 0.007 0.008 0.008 0.010 0.014 0.020 0.027 0.036 0.047 0.060 0.075 0.093 0.113 0.136 0.161 0.188 0.218 0.250 0.283 0.319 0.355 0.393 0.431 0.469 0.507 0.545 0.583 0.619 0.655 0.689 0.722 0.753 0.783 0.811 0.838 0.862 0.885 0.906 0.926 0.944 0.960 0.975 0.988 1.000 1.010 1.019 1.027 1.034 1.040 1.045 1.049 1.051 1.053 1.053
0.005 0.005 0.005 0.005 0.005 0.005 0.006 0.006 0.006 0.006 0.006 0.006 0.006 0.006 0.006 0.006 0.006 0.006 0.007 0.007 0.007 0.007 0.008 0.008 0.009 0.013 0.019 0.026 0.035 0.046 0.059 0.074 0.092 0.111 0.134 0.158 0.185 0.214 0.246 0.279 0.313 0.349 0.386 0.424 0.462 0.499 0.537 0.574 0.610 0.646 0.680 0.712 0.744 0.774 0.802 0.828 0.853 0.877 0.898 0.918 0.936 0.953 0.968 0.982 0.995 1.006 1.016 1.025 1.033 1.041 1.047 1.053 1.058 1.062 1.065 1.067 1.069
0.005 0.006 0.006 0.006 0.006 0.006 0.006 0.006 0.006 0.006 0.006 0.006 0.006 0.006 0.006 0.006 0.007 0.007 0.007 0.007 0.008 0.008 0.009 0.013 0.018 0.026 0.034 0.045 0.058 0.072 0.089 0.108 0.129 0.153 0.179 0.208 0.238 0.270 0.303 0.338 0.374 0.410 0.447 0.483 0.520 0.556 0.591 0.626 0.659 0.691 0.722 0.751 0.779 0.806 0.830 0.854 0.875 0.895 0.914 0.931 0.946 0.960 0.973 0.985 0.995 1.005 1.014 1.022 1.030 1.037 1.044 1.050 1.056 1.061 1.066 1.070 1.074
0.005 0.006 0.006 0.006 0.006 0.006 0.006 0.006 0.006 0.006 0.006 0.006 0.007 0.007 0.007 0.007 0.007 0.007 0.008 0.008 0.009 0.012 0.017 0.024 0.033 0.043 0.055 0.069 0.085 0.103 0.124 0.146 0.171 0.198 0.227 0.257 0.289 0.322 0.356 0.390 0.425 0.460 0.495 0.529 0.563 0.596 0.628 0.659 0.689 0.718 0.745 0.770 0.795 0.817 0.838 0.858 0.876 0.893 0.908 0.922 0.935 0.947 0.957 0.967 0.976 0.985 0.993 1.001 1.009 1.017 1.025 1.033 1.040 1.048 1.056 1.063 1.070
0.005 0.006 0.006 0.006 0.006 0.006 0.007 0.007 0.007 0.007 0.007 0.007 0.007 0.007 0.007 0.007 0.007 0.008 0.009 0.011 0.016 0.023 0.031 0.041 0.052 0.065 0.081 0.098 0.117 0.138 0.161 0.186 0.213 0.241 0.271 0.301 0.333 0.365 0.398 0.430 0.463 0.495 0.527 0.558 0.588 0.618 0.646 0.673 0.699 0.723 0.746 0.768 0.788 0.807 0.825 0.841 0.855 0.868 0.880 0.891 0.901 0.910 0.919 0.927 0.935 0.942 0.950 0.959 0.967 0.976 0.986 0.996 1.007 1.017 1.028 1.039 1.050
0.005 0.006 0.006 0.006 0.007 0.007 0.007 0.007 0.007 0.007 0.007 0.007 0.007 0.007 0.007 0.008 0.008 0.010 0.014 0.021 0.028 0.037 0.048 0.060 0.074 0.090 0.108 0.127 0.149 0.171 0.196 0.222 0.249 0.277 0.305 0.335 0.364 0.394 0.424 0.454 0.483 0.511 0.539 0.566 0.592 0.617 0.640 0.663 0.684 0.705 0.724 0.742 0.758 0.774 0.788 0.801 0.814 0.825 0.836 0.846 0.856 0.865 0.873 0.882 0.891 0.900 0.909 0.919 0.930 0.942 0.954 0.967 0.981 0.995 1.009 1.023 1.036
0.005 0.006 0.006 0.007 0.007 0.007 0.007 0.007 0.007 0.007 0.007 0.007 0.007 0.007 0.008 0.009 0.011 0.017 0.024 0.032 0.041 0.052 0.065 0.078 0.094 0.111 0.130 0.150 0.172 0.194 0.219 0.244 0.269 0.296 0.322 0.349 0.375 0.401 0.427 0.452 0.477 0.500 0.522 0.542 0.560 0.576 0.590 0.601 0.609 0.615 0.618 0.618 0.617 0.614 0.610 0.606 0.602 0.600 0.599 0.600 0.604 0.611 0.619 0.631 0.644 0.658 0.674 0.691 0.709 0.726 0.744 0.761 0.778 0.795 0.810 0.826 0.840
0.005 0.006 0.006 0.007 0.007 0.007 0.007 0.007 0.007 0.007 0.007 0.007 0.008 0.008 0.009 0.011 0.016 0.023 0.030 0.039 0.048 0.058 0.070 0.082 0.096 0.111 0.128 0.146 0.165 0.186 0.208 0.231 0.255 0.279 0.303 0.326 0.347 0.365 0.380 0.391 0.397 0.398 0.393 0.381 0.364 0.342 0.316 0.286 0.255 0.224 0.194 0.167 0.142 0.119 0.099 0.082 0.068 0.056 0.047 0.039 0.034 0.030 0.028 0.026 0.024 0.023 0.022 0.021 0.021 0.021 0.021 0.022 0.023 0.025 0.028 0.031 0.035
0.005 0.006 0.006 0.006 0.007 0.007 0.007 0.007 0.007 0.007 0.007 0.008 0.008 0.008 0.009 0.010 0.014 0.019 0.024 0.029 0.034 0.039 0.045 0.051 0.057 0.064 0.072 0.082 0.093 0.106 0.123 0.143 0.168 0.198 0.233 0.274 0.321 0.376 0.437 0.506 0.584 0.670 0.764 0.868 0.980 1.100 1.228 1.361 1.499 1.639 1.779 1.919 2.059 2.199 2.337 2.474 2.607 2.737 2.862 2.981 3.094 3.198 3.294 3.381 3.459 3.529 3.592 3.646 3.691 3.729 3.758 3.779 3.791 3.795 3.790 3.777 3.756
0.005 0.005 0.006 0.006 0.006 0.006 0.006 0.006 0.007 0.007 0.007 0.007 0.007 0.007 0.007 0.007 0.007 0.007 0.007 0.007 0.007 0.006 0.006 0.007 0.007 0.007 0.008 0.008 0.008 0.009 0.010 0.013 0.016 0.019 0.022 0.024 0.026 0.026 0.026 0.025 0.024 0.022 0.021 0.019 0.017 0.016 0.014 0.013 0.012 0.012 0.014 0.016 0.018 0.019 0.020 0.019 0.017 0.014 0.011 0.009 0.008 0.009 0.009 0.010 0.012 0.015 0.019 0.026 0.034 0.044 0.055 0.068 0.082 0.097 0.113 0.130 0.147
0.006 0.007 0.007 0.008 0.009 0.012 0.017 0.024 0.033 0.043 0.055 0.070 0.088 0.109 0.135 0.166 0.201 0.243 0.290 0.345 0.408 0.478 0.557 0.645 0.740 0.844 0.955 1.072 1.194 1.321 1.451 1.584 1.719 1.858 2.000 2.146 2.295 2.448 2.607 2.770 2.937 3.109 3.284 3.462 3.641 3.821 4.001 4.180 4.355 4.526 4.693 4.854 5.008 5.155 5.294 5.425 5.547 5.662 5.767 5.863 5.950 6.028 6.095 6.152 6.198 6.234 6.261 6.278 6.285 6.284 6.275 6.259 6.236 6.208 6.174 6.136 6.095
0.003 0.003 0.003 0.003 0.004 0.004 0.004 0.004 0.004 0.004 0.005 0.005 0.005 0.005 0.006 0.006 0.007 0.007 0.007 0.007 0.007 0.007 0.007 0.007 0.006 0.006 0.006 0.005 0.005 0.005 0.005 0.005 0.005 0.005 0.005 0.004 0.004 0.003 0.003 0.003 0.003 0.004 0.005 0.007 0.009 0.010 0.011 0.012 0.014 0.016 0.018 0.020 0.023 0.025 0.027 0.029 0.030 0.031 0.032 0.032 0.032 0.031 0.031 0.030 0.030 0.029 0.029 0.029 0.030 0.031 0.032 0.033 0.034 0.036 0.038 0.039 0.041
0.010 0.019 0.030 0.043 0.058 0.076 0.096 0.119 0.145 0.174 0.208 0.246 0.289 0.337 0.391 0.451 0.517 0.590 0.671 0.759 0.854 0.957 1.068 1.186 1.311 1.444 1.583 1.728 1.878 2.034 2.194 2.357 2.524 2.694 2.865 3.038 3.211 3.385 3.558 3.731 3.902 4.072 4.240 4.406 4.570 4.731 4.890 5.046 5.198 5.348 5.494 5.637 5.776 5.912 6.044 6.172 6.297 6.417 6.533 6.645 6.752 6.855 6.953 7.046 7.135 7.219 7.297 7.371 7.439 7.503 7.561 7.614 7.662 7.704 7.741 7.773 7.800
0.003 0.003 0.003 0.003 0.004 0.004 0.004 0.004 0.004 0.004 0.005 0.005 0.005 0.005 0.006 0.006 0.007 0.007 0.007 0.007 0.007 0.007 0.007 0.007 0.006 0.006 0.006 0.005 0.005 0.005 0.005 0.005 0.005 0.005 0.005 0.004 0.004 0.003 0.003 0.003 0.003 0.004 0.005 0.007 0.009 0.010 0.011 0.012 0.014 0.016 0.018 0.020 0.023 0.025 0.027 0.029 0.030 0.031 0.032 0.032 0.032 0.031 0.031 0.030 0.030 0.029 0.029 0.029 0.030 0.031 0.032 0.033 0.034 0.036 0.038 0.039 0.041
0.006 0.007 0.007 0.008 0.009 0.012 0.017 0.024 0.033 0.043 0.055 0.070 0.088 0.109 0.135 0.166 0.201 0.243 0.290 0.345 0.408 0.479 0.557 0.645 0.740 0.844 0.955 1.072 1.194 1.321 1.451 1.584 1.720 1.859 2.001 2.146 2.295 2.449 2.607 2.770 2.938 3.110 3.285 3.462 3.642 3.822 4.002 4.181 4.356 4.528 4.694 4.855 5.009 5.156 5.295 5.426 5.549 5.663 5.768 5.865 5.952 6.029 6.096 6.153 6.200 6.236 6.263 6.280 6.287 6.286 6.277 6.261 6.238 6.209 6.176 6.138 6.096
0.005 0.005 0.006 0.006 0.006 0.006 0.006 0.006 0.007 0.007 0.007 0.007 0.007 0.007 0.007 0.007 0.007 0.007 0.007 0.007 0.007 0.006 0.006 0.007 0.007 0.007 0.008 0.008 0.008 0.009 0.010 0.013 0.016 0.019 0.022 0.024 0.026 0.026 0.026 0.025 0.024 0.022 0.020 0.019 0.017 0.016 0.014 0.013 0.012 0.012 0.014 0.016 0.018 0.019 0.019 0.019 0.017 0.014 0.010 0.009 0.008 0.009 0.009 0.010 0.012 0.015 0.019 0.026 0.034 0.044 0.055 0.068 0.082 0.097 0.113 0.130 0.147
0.005 0.006 0.006 0.006 0.007 0.007 0.007 0.007 0.007 0.007 0.007 0.008 0.008 0.008 0.009 0.010 0.014 0.019 0.024 0.029 0.034 0.039 0.045 0.051 0.057 0.064 0.072 0.082 0.093 0.106 0.123 0.144 0.169 0.198 0.233 0.274 0.322 0.376 0.437 0.506 0.584 0.670 0.765 0.868 0.980 1.101 1.228 1.362 1.500 1.639 1.780 1.920 2.060 2.200 2.339 2.475 2.609 2.739 2.863 2.983 3.095 3.200 3.295 3.382 3.461 3.531 3.593 3.647 3.693 3.730 3.760 3.780 3.792 3.796 3.791 3.778 3.757
0.005 0.006 0.006 0.007 0.007 0.007 0.007 0.007 0.007 0.007 0.007 0.007 0.008 0.008 0.009 0.011 0.016 0.023 0.030 0.039 0.048 0.058 0.070 0.082 0.096 0.111 0.128 0.146 0.165 0.186 0.208 0.231 0.255 0.279 0.303 0.326 0.347 0.365 0.381 0.391 0.397 0.398 0.393 0.381 0.364 0.342 0.316 0.286 0.255 0.224 0.194 0.167 0.142 0.119 0.099 0.082 0.068 0.056 0.047 0.040 0.034 0.030 0.028 0.026 0.024 0.023 0.022 0.021 0.021 0.021 0.021 0.022 0.023 0.025 0.028 0.031 0.035
0.005 0.006 0.006 0.007 0.007 0.007 0.007 0.007 0.007 0.007 0.007 0.007 0.007 0.007 0.008 0.009 0.011 0.017 0.024 0.032 0.041 0.052 0.065 0.078 0.094 0.111 0.130 0.150 0.172 0.194 0.219 0.244 0.269 0.296 0.322 0.349 0.375 0.401 0.427 0.452 0.477 0.500 0.522 0.542 0.560 0.576 0.590 0.601 0.609 0.615 0.617 0.618 0.616 0.613 0.610 0.606 0.602 0.600 0.599 0.600 0.604 0.611 0.619 0.630 0.644 0.658 0.674 0.691 0.708 0.726 0.743 0.761 0.778 0.794 0.810 0.825 0.840
0.005 0.006 0.006 0.006 0.007 0.007 0.007 0.007 0.007 0.007 0.007 0.007 0.007 0.007 0.007 0.008 0.008 0.010 0.014 0.021 0.028 0.037 0.048 0.060 0.074 0.090 0.108 0.127 0.149 0.171 0.196 0.222 0.249 0.277 0.305 0.335 0.364 0.394 0.424 0.454 0.483 0.511 0.539 0.566 0.592 0.617 0.640 0.663 0.684 0.705 0.724 0.741 0.758 0.774 0.788 0.801 0.814 0.825 0.836 0.846 0.855 0.864 0.873 0.882 0.891 0.900 0.909 0.920 0.930 0.942 0.954 0.967 0.981 0.995 1.009 1.023 1.036
