Examples/2023_ISeeSnow/data/CoulombOnly/Results/curv77s/h/1HS_03_curv77s_MoT-Voellmy_h_0022.asc
ncols        115
nrows        35
xllcorner    1372.5
yllcorner    -4337.5
cellsize     5.00
NODATA_value -9999
[rows 0 to 33 of 35, columns 0 to 76 of 115]
0.002 0.002 0.002 0.002 0.002 0.002 0.002 0.003 0.003 0.003 0.003 0.003 0.003 0.003 0.003 0.003 0.003 0.003 0.003 0.003 0.002 0.002 0.002 0.002 0.002 0.002 0.002 0.003 0.004 0.005 0.005 0.001 0.000 0.000 0.000 0.000 0.000 0.000 0.000 0.000 0.000 0.000 0.000 0.000 0.000 0.000 0.000 0.000 0.000 0.000 0.000 0.000 0.000 0.000 0.000 0.000 0.000 0.000 0.000 0.000 0.000 0.000 0.000 0.000 0.000 0.000 0.000 0.000 0.000 0.000 0.000 0.000 0.000 0.000 0.000 0.000 0.000
0.003 0.004 0.004 0.004 0.005 0.005 0.005 0.005 0.005 0.005 0.005 0.005 0.006 0.006 0.006 0.006 0.007 0.007 0.008 0.008 0.009 0.010 0.011 0.011 0.011 0.011 0.011 0.010 0.010 0.010 0.009 0.007 0.006 0.004 0.004 0.004 0.004 0.005 0.006 0.004 0.000 0.000 0.000 0.000 0.000 0.000 0.000 0.000 0.000 0.000 0.000 0.000 0.000 0.000 0.000 0.000 0.000 0.000 0.000 0.000 0.000 0.000 0.000 0.000 0.000 0.000 0.000 0.000 0.000 0.000 0.000 0.000 0.000 0.000 0.000 0.000 0.000
0.004 0.005 0.005 0.006 0.006 0.006 0.006 0.006 0.007 0.007 0.007 0.008 0.009 0.012 0.015 0.018 0.022 0.025 0.029 0.033 0.036 0.039 0.041 0.043 0.044 0.044 0.043 0.042 0.040 0.038 0.036 0.032 0.029 0.025 0.022 0.019 0.016 0.014 0.012 0.008 0.006 0.004 0.004 0.005 0.007 0.005 0.001 0.000 0.000 0.000 0.000 0.000 0.000 0.000 0.000 0.000 0.000 0.000 0.000 0.000 0.000 0.000 0.000 0.000 0.000 0.000 0.000 0.000 0.000 0.000 0.000 0.000 0.000 0.000 0.000 0.000 0.000
0.004 0.005 0.006 0.006 0.006 0.007 0.007 0.008 0.008 0.011 0.015 0.020 0.026 0.033 0.041 0.049 0.058 0.067 0.075 0.084 0.092 0.099 0.105 0.109 0.113 0.114 0.115 0.113 0.110 0.106 0.101 0.094 0.087 0.079 0.071 0.062 0.055 0.047 0.040 0.034 0.027 0.022 0.018 0.015 0.012 0.008 0.006 0.005 0.005 0.006 0.007 0.003 0.000 0.000 0.000 0.000 0.000 0.000 0.000 0.000 0.000 0.000 0.000 0.000 0.000 0.000 0.000 0.000 0.000 0.000 0.000 0.000 0.000 0.000 0.000 0.000 0.000
0.004 0.006 0.006 0.007 0.007 0.008 0.009 0.013 0.019 0.026 0.035 0.045 0.057 0.070 0.084 0.099 0.115 0.131 0.147 0.162 0.177 0.190 0.202 0.212 0.220 0.225 0.228 0.229 0.226 0.222 0.215 0.206 0.195 0.182 0.168 0.153 0.138 0.123 0.109 0.095 0.081 0.069 0.058 0.048 0.040 0.032 0.025 0.020 0.016 0.013 0.009 0.006 0.005 0.005 0.006 0.007 0.003 0.000 0.000 0.000 0.000 0.000 0.000 0.000 0.000 0.000 0.000 0.000 0.000 0.000 0.000 0.000 0.000 0.000 0.000 0.000 0.000
0.004 0.006 0.007 0.007 0.008 0.012 0.018 0.027 0.037 0.049 0.063 0.079 0.097 0.117 0.138 0.160 0.183 0.207 0.231 0.254 0.276 0.297 0.317 0.334 0.348 0.360 0.369 0.374 0.376 0.374 0.369 0.361 0.349 0.335 0.318 0.298 0.277 0.255 0.233 0.209 0.187 0.164 0.143 0.124 0.105 0.089 0.074 0.061 0.050 0.041 0.032 0.025 0.020 0.016 0.013 0.009 0.006 0.005 0.005 0.006 0.006 0.002 0.000 0.000 0.000 0.000 0.000 0.000 0.000 0.000 0.000 0.000 0.000 0.000 0.000 0.000 0.000
0.004 0.006 0.007 0.009 0.013 0.021 0.031 0.043 0.058 0.075 0.094 0.116 0.140 0.167 0.195 0.225 0.255 0.287 0.319 0.350 0.381 0.410 0.438 0.463 0.486 0.506 0.523 0.536 0.545 0.550 0.551 0.548 0.541 0.529 0.513 0.494 0.472 0.446 0.418 0.389 0.358 0.326 0.295 0.263 0.233 0.204 0.177 0.152 0.130 0.109 0.091 0.075 0.061 0.050 0.040 0.032 0.025 0.019 0.015 0.012 0.008 0.005 0.005 0.005 0.007 0.005 0.001 0.000 0.000 0.000 0.000 0.000 0.000 0.000 0.000 0.000 0.000
0.005 0.007 0.008 0.013 0.021 0.032 0.045 0.061 0.080 0.102 0.127 0.155 0.185 0.217 0.252 0.289 0.326 0.365 0.404 0.443 0.481 0.518 0.554 0.587 0.619 0.648 0.673 0.696 0.714 0.729 0.739 0.745 0.746 0.742 0.734 0.721 0.703 0.681 0.655 0.625 0.592 0.557 0.519 0.479 0.439 0.399 0.359 0.321 0.283 0.248 0.215 0.185 0.158 0.133 0.111 0.092 0.075 0.061 0.049 0.039 0.031 0.024 0.019 0.015 0.011 0.007 0.005 0.005 0.006 0.007 0.003 0.000 0.000 0.000 0.000 0.000 0.000
0.005 0.007 0.010 0.018 0.029 0.042 0.059 0.078 0.101 0.127 0.156 0.188 0.224 0.262 0.302 0.344 0.388 0.433 0.479 0.525 0.570 0.615 0.659 0.701 0.742 0.780 0.815 0.848 0.877 0.902 0.923 0.940 0.952 0.960 0.962 0.960 0.952 0.939 0.921 0.899 0.871 0.839 0.803 0.763 0.721 0.676 0.629 0.581 0.532 0.484 0.436 0.390 0.346 0.304 0.265 0.228 0.195 0.165 0.139 0.115 0.095 0.077 0.062 0.050 0.039 0.030 0.023 0.018 0.015 0.010 0.007 0.005 0.006 0.007 0.006 0.001 0.000
0.005 0.008 0.014 0.023 0.036 0.052 0.071 0.094 0.120 0.150 0.184 0.221 0.261 0.305 0.351 0.400 0.450 0.502 0.554 0.607 0.660 0.713 0.765 0.816 0.865 0.912 0.957 1.000 1.039 1.075 1.108 1.136 1.161 1.180 1.195 1.206 1.211 1.210 1.205 1.194 1.177 1.156 1.129 1.097 1.061 1.020 0.976 0.928 0.877 0.823 0.768 0.711 0.654 0.597 0.541 0.486 0.433 0.383 0.335 0.290 0.249 0.212 0.179 0.149 0.123 0.100 0.081 0.065 0.051 0.040 0.031 0.024 0.019 0.015 0.009 0.006 0.006
0.005 0.009 0.017 0.028 0.042 0.060 0.081 0.107 0.136 0.169 0.206 0.247 0.291 0.338 0.388 0.441 0.495 0.551 0.608 0.666 0.724 0.782 0.839 0.896 0.953 1.008 1.061 1.113 1.162 1.209 1.254 1.295 1.333 1.367 1.397 1.423 1.444 1.460 1.471 1.478 1.478 1.474 1.464 1.448 1.427 1.401 1.370 1.333 1.292 1.246 1.196 1.142 1.085 1.025 0.962 0.896 0.830 0.763 0.696 0.629 0.564 0.502 0.441 0.385 0.332 0.284 0.239 0.200 0.165 0.135 0.109 0.087 0.069 0.054 0.042 0.032 0.024
0.006 0.010 0.019 0.031 0.047 0.066 0.090 0.117 0.149 0.186 0.227 0.271 0.320 0.372 0.428 0.486 0.547 0.609 0.674 0.739 0.805 0.871 0.938 1.004 1.070 1.134 1.198 1.259 1.319 1.377 1.432 1.485 1.534 1.580 1.623 1.662 1.697 1.727 1.754 1.775 1.793 1.805 1.813 1.816 1.814 1.807 1.795 1.778 1.757 1.730 1.697 1.660 1.618 1.571 1.518 1.461 1.398 1.331 1.260 1.185 1.107 1.026 0.944 0.860 0.777 0.695 0.615 0.539 0.467 0.400 0.338 0.283 0.234 0.191 0.154 0.123 0.097
0.006 0.011 0.020 0.034 0.050 0.071 0.097 0.126 0.161 0.200 0.244 0.292 0.345 0.401 0.460 0.522 0.587 0.653 0.720 0.789 0.858 0.927 0.997 1.067 1.136 1.205 1.274 1.342 1.409 1.475 1.540 1.604 1.666 1.726 1.784 1.839 1.892 1.942 1.989 2.032 2.072 2.107 2.139 2.167 2.191 2.211 2.226 2.237 2.244 2.246 2.244 2.237 2.225 2.207 2.185 2.156 2.122 2.080 2.032 1.977 1.914 1.844 1.766 1.680 1.587 1.487 1.382 1.272 1.159 1.045 0.932 0.820 0.713 0.612 0.519 0.433 0.357
0.006 0.011 0.021 0.035 0.053 0.074 0.101 0.132 0.169 0.210 0.257 0.309 0.365 0.426 0.490 0.558 0.628 0.701 0.776 0.852 0.930 1.009 1.088 1.168 1.248 1.327 1.407 1.486 1.564 1.641 1.717 1.792 1.865 1.936 2.006 2.073 2.139 2.202 2.263 2.322 2.378 2.432 2.484 2.533 2.580 2.625 2.667 2.707 2.745 2.780 2.813 2.842 2.869 2.892 2.912 2.928 2.939 2.945 2.946 2.940 2.926 2.905 2.876 2.836 2.786 2.724 2.649 2.562 2.461 2.345 2.217 2.075 1.921 1.758 1.588 1.415 1.242
0.006 0.012 0.022 0.036 0.054 0.077 0.105 0.138 0.177 0.221 0.272 0.327 0.388 0.453 0.523 0.596 0.673 0.751 0.832 0.914 0.997 1.081 1.165 1.249 1.334 1.418 1.503 1.587 1.671 1.754 1.838 1.921 2.004 2.086 2.168 2.249 2.330 2.409 2.487 2.564 2.639 2.713 2.785 2.856 2.925 2.993 3.059 3.123 3.186 3.247 3.306 3.364 3.419 3.472 3.523 3.570 3.615 3.656 3.693 3.725 3.753 3.777 3.795 3.808 3.816 3.818 3.815 3.805 3.789 3.765 3.733 3.689 3.632 3.559 3.466 3.351 3.210
0.006 0.012 0.022 0.037 0.055 0.079 0.107 0.141 0.182 0.228 0.280 0.339 0.403 0.472 0.546 0.624 0.706 0.791 0.878 0.968 1.058 1.150 1.243 1.336 1.429 1.522 1.615 1.707 1.798 1.889 1.978 2.066 2.153 2.238 2.322 2.405 2.486 2.565 2.643 2.720 2.796 2.871 2.945 3.019 3.091 3.163 3.234 3.304 3.373 3.441 3.508 3.573 3.636 3.697 3.755 3.811 3.862 3.910 3.953 3.990 4.023 4.050 4.070 4.085 4.093 4.094 4.090 4.080 4.066 4.047 4.026 4.004 3.984 3.966 3.954 3.949 3.951
0.006 0.012 0.023 0.038 0.058 0.083 0.114 0.151 0.194 0.245 0.303 0.367 0.438 0.515 0.597 0.684 0.774 0.868 0.963 1.059 1.156 1.254 1.351 1.447 1.542 1.636 1.729 1.820 1.911 2.000 2.089 2.176 2.263 2.350 2.435 2.520 2.605 2.689 2.773 2.856 2.938 3.021 3.102 3.184 3.265 3.346 3.427 3.508 3.588 3.669 3.749 3.828 3.906 3.984 4.059 4.132 4.203 4.270 4.332 4.390 4.442 4.488 4.527 4.559 4.582 4.595 4.599 4.593 4.575 4.545 4.502 4.446 4.375 4.289 4.187 4.071 3.942
0.007 0.015 0.029 0.047 0.070 0.098 0.133 0.174 0.222 0.277 0.338 0.405 0.478 0.556 0.638 0.723 0.811 0.901 0.993 1.085 1.178 1.272 1.365 1.459 1.553 1.647 1.740 1.833 1.926 2.019 2.111 2.202 2.293 2.383 2.473 2.562 2.651 2.739 2.827 2.914 3.001 3.088 3.175 3.262 3.349 3.436 3.522 3.608 3.694 3.778 3.862 3.944 4.023 4.100 4.174 4.244 4.309 4.370 4.425 4.475 4.519 4.556 4.587 4.612 4.630 4.642 4.649 4.650 4.647 4.639 4.627 4.613 4.595 4.574 4.550 4.520 4.484
0.006 0.012 0.023 0.038 0.058 0.083 0.114 0.151 0.194 0.245 0.303 0.367 0.438 0.515 0.597 0.684 0.774 0.867 0.963 1.059 1.156 1.254 1.350 1.446 1.542 1.636 1.728 1.820 1.910 2.000 2.088 2.176 2.263 2.349 2.435 2.520 2.605 2.689 2.772 2.855 2.938 3.020 3.102 3.184 3.265 3.346 3.427 3.507 3.588 3.668 3.748 3.827 3.906 3.983 4.059 4.132 4.202 4.269 4.332 4.389 4.442 4.488 4.527 4.558 4.581 4.595 4.599 4.592 4.574 4.544 4.502 4.445 4.374 4.288 4.187 4.071 3.941
0.006 0.012 0.022 0.037 0.055 0.079 0.107 0.141 0.182 0.228 0.280 0.339 0.403 0.472 0.546 0.624 0.706 0.791 0.878 0.967 1.058 1.150 1.243 1.336 1.429 1.522 1.615 1.707 1.798 1.889 1.978 2.066 2.153 2.238 2.322 2.404 2.485 2.565 2.643 2.720 2.796 2.871 2.945 3.018 3.090 3.162 3.233 3.303 3.372 3.440 3.507 3.572 3.635 3.696 3.755 3.810 3.862 3.909 3.952 3.990 4.022 4.049 4.070 4.084 4.092 4.094 4.090 4.080 4.065 4.047 4.026 4.004 3.984 3.966 3.954 3.949 3.951
0.006 0.012 0.022 0.036 0.054 0.077 0.105 0.138 0.177 0.221 0.272 0.327 0.388 0.453 0.523 0.596 0.673 0.751 0.832 0.914 0.997 1.081 1.165 1.249 1.334 1.418 1.502 1.586 1.670 1.754 1.837 1.920 2.003 2.086 2.167 2.248 2.329 2.408 2.486 2.562 2.638 2.712 2.784 2.855 2.924 2.991 3.057 3.122 3.185 3.246 3.305 3.362 3.418 3.471 3.521 3.569 3.613 3.654 3.691 3.724 3.752 3.775 3.794 3.807 3.815 3.817 3.814 3.804 3.788 3.764 3.732 3.688 3.631 3.558 3.465 3.350 3.209
0.006 0.011 0.021 0.035 0.053 0.074 0.101 0.132 0.169 0.210 0.257 0.309 0.365 0.426 0.490 0.558 0.628 0.701 0.776 0.852 0.930 1.009 1.088 1.167 1.247 1.327 1.406 1.485 1.563 1.641 1.717 1.791 1.864 1.936 2.005 2.073 2.138 2.201 2.262 2.321 2.377 2.431 2.483 2.532 2.579 2.624 2.666 2.706 2.744 2.779 2.811 2.841 2.867 2.891 2.911 2.926 2.937 2.944 2.944 2.938 2.925 2.904 2.874 2.835 2.784 2.722 2.648 2.561 2.460 2.344 2.216 2.074 1.920 1.758 1.588 1.414 1.241
0.006 0.011 0.020 0.034 0.050 0.071 0.097 0.126 0.161 0.200 0.244 0.292 0.345 0.401 0.460 0.522 0.586 0.653 0.720 0.789 0.858 0.927 0.997 1.067 1.136 1.205 1.274 1.341 1.409 1.475 1.540 1.603 1.665 1.725 1.783 1.839 1.891 1.941 1.988 2.031 2.071 2.106 2.138 2.166 2.190 2.210 2.225 2.236 2.243 2.245 2.243 2.236 2.224 2.207 2.184 2.155 2.121 2.080 2.032 1.977 1.914 1.844 1.765 1.680 1.587 1.487 1.382 1.272 1.160 1.046 0.932 0.821 0.714 0.613 0.519 0.433 0.357
0.006 0.010 0.019 0.031 0.047 0.066 0.090 0.117 0.149 0.186 0.226 0.271 0.320 0.372 0.428 0.486 0.547 0.609 0.673 0.739 0.805 0.871 0.938 1.004 1.069 1.134 1.197 1.259 1.319 1.377 1.432 1.484 1.534 1.580 1.622 1.661 1.696 1.727 1.753 1.775 1.792 1.805 1.812 1.815 1.813 1.807 1.795 1.778 1.756 1.729 1.697 1.660 1.618 1.570 1.518 1.461 1.398 1.332 1.260 1.185 1.107 1.027 0.944 0.861 0.777 0.695 0.616 0.539 0.467 0.400 0.339 0.283 0.234 0.191 0.154 0.123 0.097
0.005 0.009 0.017 0.028 0.042 0.060 0.081 0.107 0.136 0.169 0.206 0.247 0.291 0.338 0.388 0.441 0.495 0.551 0.608 0.665 0.723 0.781 0.839 0.896 0.952 1.007 1.061 1.113 1.162 1.209 1.253 1.295 1.332 1.367 1.397 1.422 1.443 1.460 1.471 1.477 1.478 1.473 1.463 1.448 1.427 1.401 1.370 1.333 1.292 1.246 1.197 1.143 1.085 1.025 0.962 0.897 0.831 0.763 0.696 0.630 0.565 0.502 0.442 0.385 0.333 0.284 0.240 0.200 0.166 0.135 0.109 0.087 0.069 0.054 0.042 0.032 0.024
0.005 0.008 0.014 0.023 0.036 0.052 0.071 0.094 0.120 0.150 0.184 0.221 0.261 0.305 0.351 0.399 0.450 0.501 0.554 0.607 0.660 0.713 0.765 0.816 0.865 0.912 0.957 0.999 1.039 1.075 1.107 1.136 1.160 1.180 1.195 1.205 1.210 1.210 1.205 1.194 1.177 1.156 1.129 1.097 1.061 1.020 0.976 0.928 0.877 0.824 0.768 0.712 0.655 0.598 0.542 0.487 0.434 0.383 0.335 0.291 0.250 0.212 0.179 0.149 0.123 0.100 0.081 0.065 0.052 0.040 0.031 0.024 0.019 0.015 0.009 0.006 0.006
0.005 0.007 0.010 0.018 0.029 0.042 0.059 0.078 0.101 0.127 0.156 0.188 0.224 0.262 0.302 0.344 0.388 0.433 0.479 0.524 0.570 0.615 0.659 0.701 0.742 0.780 0.815 0.848 0.877 0.902 0.923 0.940 0.952 0.960 0.962 0.960 0.952 0.939 0.922 0.899 0.871 0.839 0.803 0.764 0.721 0.676 0.629 0.581 0.533 0.484 0.437 0.391 0.346 0.304 0.265 0.229 0.196 0.166 0.139 0.115 0.095 0.077 0.062 0.050 0.039 0.030 0.023 0.018 0.015 0.010 0.007 0.005 0.006 0.007 0.006 0.001 0.000
0.005 0.007 0.008 0.013 0.021 0.032 0.045 0.061 0.080 0.102 0.127 0.154 0.185 0.217 0.252 0.289 0.326 0.365 0.404 0.443 0.481 0.518 0.554 0.587 0.619 0.648 0.673 0.696 0.714 0.729 0.739 0.745 0.746 0.743 0.734 0.721 0.704 0.682 0.656 0.626 0.593 0.557 0.519 0.480 0.440 0.400 0.360 0.321 0.284 0.249 0.216 0.186 0.158 0.133 0.112 0.092 0.076 0.061 0.049 0.039 0.031 0.024 0.019 0.015 0.011 0.007 0.005 0.005 0.006 0.007 0.003 0.000 0.000 0.000 0.000 0.000 0.000
0.004 0.006 0.007 0.009 0.013 0.021 0.031 0.043 0.058 0.075 0.094 0.116 0.140 0.167 0.195 0.225 0.255 0.287 0.319 0.350 0.381 0.410 0.438 0.463 0.486 0.506 0.523 0.536 0.545 0.551 0.552 0.548 0.541 0.529 0.514 0.495 0.472 0.447 0.419 0.389 0.358 0.327 0.295 0.264 0.234 0.205 0.178 0.153 0.130 0.109 0.091 0.075 0.061 0.050 0.040 0.032 0.025 0.019 0.015 0.012 0.008 0.005 0.005 0.005 0.007 0.005 0.001 0.000 0.000 0.000 0.000 0.000 0.000 0.000 0.000 0.000 0.000
0.004 0.006 0.007 0.007 0.008 0.012 0.018 0.027 0.037 0.049 0.063 0.079 0.097 0.117 0.138 0.160 0.183 0.207 0.231 0.254 0.276 0.298 0.317 0.334 0.349 0.360 0.369 0.374 0.376 0.375 0.369 0.361 0.350 0.335 0.318 0.299 0.278 0.256 0.233 0.210 0.187 0.165 0.144 0.124 0.106 0.089 0.074 0.061 0.050 0.041 0.033 0.025 0.020 0.016 0.013 0.009 0.006 0.005 0.005 0.006 0.006 0.002 0.000 0.000 0.000 0.000 0.000 0.000 0.000 0.000 0.000 0.000 0.000 0.000 0.000 0.000 0.000
0.004 0.006 0.006 0.007 0.007 0.008 0.009 0.013 0.019 0.026 0.035 0.045 0.057 0.070 0.084 0.099 0.115 0.131 0.147 0.162 0.177 0.190 0.202 0.212 0.220 0.225 0.228 0.229 0.227 0.222 0.215 0.206 0.195 0.182 0.168 0.154 0.139 0.124 0.109 0.095 0.081 0.069 0.058 0.048 0.040 0.032 0.025 0.020 0.016 0.013 0.009 0.006 0.005 0.005 0.006 0.007 0.003 0.000 0.000 0.000 0.000 0.000 0.000 0.000 0.000 0.000 0.000 0.000 0.000 0.000 0.000 0.000 0.000 0.000 0.000 0.000 0.000
0.004 0.005 0.006 0.006 0.006 0.007 0.007 0.008 0.008 0.011 0.015 0.020 0.026 0.033 0.041 0.049 0.058 0.067 0.075 0.084 0.092 0.099 0.105 0.110 0.113 0.115 0.115 0.113 0.110 0.106 0.101 0.094 0.087 0.079 0.071 0.063 0.055 0.047 0.041 0.034 0.027 0.022 0.018 0.015 0.012 0.008 0.006 0.005 0.005 0.006 0.007 0.003 0.000 0.000 0.000 0.000 0.000 0.000 0.000 0.000 0.000 0.000 0.000 0.000 0.000 0.000 0.000 0.000 0.000 0.000 0.000 0.000 0.000 0.000 0.000 0.000 0.000
0.004 0.005 0.005 0.006 0.006 0.006 0.006 0.006 0.007 0.007 0.007 0.008 0.009 0.012 0.015 0.018 0.022 0.025 0.029 0.033 0.036 0.039 0.041 0.043 0.044 0.044 0.043 0.042 0.040 0.038 0.036 0.032 0.029 0.025 0.022 0.019 0.016 0.014 0.012 0.008 0.006 0.004 0.004 0.005 0.007 0.006 0.001 0.000 0.000 0.000 0.000 0.000 0.000 0.000 0.000 0.000 0.000 0.000 0.000 0.000 0.000 0.000 0.000 0.000 0.000 0.000 0.000 0.000 0.000 0.000 0.000 0.000 0.000 0.000 0.000 0.000 0.000
0.003 0.004 0.004 0.004 0.005 0.005 0.005 0.005 0.005 0.005 0.005 0.005 0.006 0.006 0.006 0.006 0.007 0.007 0.008 0.008 0.009 0.010 0.011 0.011 0.011 0.011 0.011 0.010 0.010 0.010 0.009 0.008 0.006 0.004 0.004 0.004 0.004 0.005 0.006 0.004 0.000 0.000 0.000 0.000 0.000 0.000 0.000 0.000 0.000 0.000 0.000 0.000 0.000 0.000 0.000 0.000 0.000 0.000 0.000 0.000 0.000 0.000 0.000 0.000 0.000 0.000 0.000 0.000 0.000 0.000 0.000 0.000 0.000 0.000 0.000 0.000 0.000
