Examples/2023_ISeeSnow/data/CoulombOnly/Results/curv77s/h/1HS_03_curv77s_MoT-Voellmy_h_0052.asc
ncols        166
nrows        45
xllcorner    3132.5
yllcorner    -4362.5
cellsize     5.00
NODATA_value -9999
[rows 0 to 33 of 45, columns 77 to 153 of 166]
0.000 0.000 0.000 0.000 0.000 0.001 0.001 0.001 0.001 0.001 0.001 0.001 0.002 0.002 0.002 0.002 0.002 0.002 0.002 0.002 0.002 0.002 0.002 0.002 0.001 0.001 0.001 0.001 0.001 0.000 0.000 0.000 0.000 0.000 0.000 0.000 0.000 0.000 0.000 0.000 0.000 0.000 0.000 0.000 0.000 0.000 0.000 0.000 0.000 0.000 0.000 0.000 0.000 0.000 0.000 0.000 0.000 0.000 0.000 0.000 0.000 0.000 0.000 0.000 0.000 0.000 0.000 0.000 0.000 0.000 0.000 0.000 0.000 0.000 0.000 0.000 0.000
0.003 0.003 0.003 0.004 0.004 0.004 0.005 0.005 0.006 0.006 0.007 0.007 0.008 0.008 0.009 0.009 0.010 0.010 0.010 0.011 0.011 0.011 0.011 0.011 0.011 0.011 0.010 0.010 0.009 0.008 0.007 0.005 0.004 0.004 0.003 0.002 0.001 0.001 0.000 0.000 0.000 0.000 0.000 0.000 0.000 0.000 0.000 0.000 0.000 0.000 0.000 0.000 0.000 0.000 0.000 0.000 0.000 0.000 0.000 0.000 0.000 0.000 0.000 0.000 0.000 0.000 0.000 0.000 0.000 0.000 0.000 0.000 0.000 0.000 0.000 0.000 0.000
0.007 0.007 0.008 0.009 0.010 0.012 0.013 0.015 0.016 0.018 0.019 0.021 0.023 0.024 0.026 0.027 0.028 0.030 0.031 0.031 0.032 0.032 0.032 0.032 0.032 0.031 0.030 0.029 0.027 0.026 0.024 0.022 0.021 0.019 0.017 0.015 0.013 0.012 0.010 0.007 0.004 0.003 0.002 0.001 0.000 0.000 0.000 0.000 0.000 0.000 0.000 0.000 0.000 0.000 0.000 0.000 0.000 0.000 0.000 0.000 0.000 0.000 0.000 0.000 0.000 0.000 0.000 0.000 0.000 0.000 0.000 0.000 0.000 0.000 0.000 0.000 0.000
0.018 0.020 0.023 0.026 0.030 0.033 0.037 0.041 0.045 0.048 0.052 0.056 0.060 0.063 0.066 0.069 0.072 0.074 0.076 0.078 0.079 0.079 0.079 0.079 0.077 0.076 0.074 0.071 0.068 0.065 0.061 0.057 0.053 0.048 0.044 0.040 0.036 0.032 0.028 0.024 0.021 0.018 0.015 0.012 0.010 0.007 0.003 0.001 0.001 0.000 0.000 0.000 0.000 0.000 0.000 0.000 0.000 0.000 0.000 0.000 0.000 0.000 0.000 0.000 0.000 0.000 0.000 0.000 0.000 0.000 0.000 0.000 0.000 0.000 0.000 0.000 0.000
0.048 0.054 0.061 0.068 0.075 0.082 0.090 0.097 0.105 0.112 0.120 0.127 0.133 0.140 0.145 0.150 0.155 0.159 0.162 0.164 0.165 0.166 0.165 0.164 0.161 0.158 0.154 0.149 0.143 0.137 0.130 0.122 0.114 0.106 0.098 0.089 0.081 0.072 0.064 0.057 0.050 0.043 0.037 0.031 0.026 0.022 0.018 0.015 0.012 0.009 0.005 0.002 0.001 0.000 0.000 0.000 0.000 0.000 0.000 0.000 0.000 0.000 0.000 0.000 0.000 0.000 0.000 0.000 0.000 0.000 0.000 0.000 0.000 0.000 0.000 0.000 0.000
0.111 0.123 0.135 0.148 0.161 0.173 0.186 0.198 0.210 0.222 0.233 0.244 0.253 0.262 0.270 0.277 0.283 0.288 0.292 0.294 0.295 0.295 0.294 0.291 0.287 0.281 0.275 0.267 0.258 0.248 0.236 0.224 0.212 0.198 0.185 0.170 0.156 0.142 0.128 0.115 0.102 0.090 0.078 0.067 0.058 0.049 0.041 0.034 0.028 0.023 0.018 0.015 0.012 0.009 0.004 0.001 0.000 0.000 0.000 0.000 0.000 0.000 0.000 0.000 0.000 0.000 0.000 0.000 0.000 0.000 0.000 0.000 0.000 0.000 0.000 0.000 0.000
0.219 0.238 0.257 0.275 0.293 0.311 0.328 0.345 0.360 0.375 0.389 0.402 0.413 0.423 0.432 0.440 0.446 0.451 0.454 0.456 0.456 0.455 0.452 0.447 0.441 0.434 0.424 0.414 0.401 0.387 0.372 0.356 0.339 0.320 0.301 0.282 0.261 0.241 0.221 0.200 0.181 0.162 0.143 0.126 0.110 0.095 0.081 0.069 0.058 0.048 0.039 0.032 0.026 0.021 0.017 0.013 0.010 0.006 0.001 0.000 0.000 0.000 0.000 0.000 0.000 0.000 0.000 0.000 0.000 0.000 0.000 0.000 0.000 0.000 0.000 0.000 0.000
0.372 0.396 0.419 0.441 0.462 0.483 0.502 0.520 0.537 0.552 0.566 0.579 0.590 0.599 0.607 0.614 0.619 0.623 0.624 0.625 0.623 0.620 0.616 0.609 0.601 0.592 0.580 0.567 0.552 0.536 0.518 0.499 0.478 0.456 0.433 0.409 0.384 0.359 0.333 0.307 0.281 0.255 0.230 0.206 0.183 0.161 0.140 0.121 0.104 0.088 0.074 0.062 0.051 0.042 0.034 0.027 0.021 0.017 0.013 0.010 0.006 0.001 0.000 0.000 0.000 0.000 0.000 0.000 0.000 0.000 0.000 0.000 0.000 0.000 0.000 0.000 0.000
0.549 0.574 0.598 0.621 0.642 0.662 0.680 0.697 0.712 0.726 0.738 0.748 0.757 0.764 0.770 0.775 0.777 0.779 0.779 0.777 0.774 0.769 0.763 0.755 0.745 0.734 0.721 0.707 0.691 0.673 0.654 0.633 0.611 0.587 0.562 0.535 0.508 0.479 0.450 0.420 0.390 0.360 0.329 0.300 0.271 0.243 0.216 0.190 0.166 0.144 0.124 0.105 0.089 0.074 0.061 0.050 0.041 0.033 0.026 0.020 0.016 0.013 0.010 0.005 0.001 0.000 0.000 0.000 0.000 0.000 0.000 0.000 0.000 0.000 0.000 0.000 0.000
0.724 0.748 0.770 0.790 0.808 0.825 0.840 0.853 0.865 0.875 0.884 0.892 0.897 0.902 0.905 0.907 0.907 0.906 0.904 0.900 0.895 0.889 0.881 0.872 0.862 0.850 0.836 0.821 0.805 0.786 0.767 0.746 0.723 0.699 0.673 0.646 0.618 0.589 0.558 0.527 0.494 0.462 0.429 0.396 0.363 0.331 0.299 0.268 0.239 0.211 0.185 0.160 0.138 0.118 0.099 0.083 0.069 0.056 0.046 0.037 0.030 0.023 0.018 0.014 0.011 0.008 0.002 0.000 0.000 0.000 0.000 0.000 0.000 0.000 0.000 0.000 0.000
0.877 0.897 0.915 0.931 0.945 0.958 0.969 0.979 0.987 0.994 0.999 1.003 1.006 1.007 1.008 1.007 1.005 1.002 0.998 0.993 0.986 0.979 0.970 0.960 0.949 0.936 0.923 0.907 0.891 0.873 0.854 0.833 0.811 0.787 0.762 0.736 0.708 0.679 0.649 0.617 0.585 0.552 0.518 0.484 0.450 0.415 0.381 0.347 0.314 0.282 0.252 0.222 0.195 0.170 0.146 0.125 0.106 0.089 0.073 0.060 0.049 0.040 0.032 0.025 0.020 0.016 0.012 0.009 0.004 0.000 0.000 0.000 0.000 0.000 0.000 0.000 0.000
1.000 1.015 1.029 1.040 1.051 1.059 1.066 1.072 1.077 1.080 1.082 1.083 1.083 1.082 1.080 1.077 1.073 1.068 1.063 1.056 1.049 1.040 1.031 1.021 1.009 0.997 0.983 0.968 0.952 0.934 0.916 0.896 0.874 0.852 0.828 0.803 0.776 0.748 0.719 0.689 0.657 0.625 0.592 0.558 0.524 0.489 0.454 0.419 0.384 0.350 0.317 0.285 0.254 0.225 0.197 0.171 0.148 0.126 0.107 0.090 0.075 0.062 0.050 0.041 0.033 0.026 0.021 0.016 0.013 0.010 0.005 0.000 0.000 0.000 0.000 0.000 0.000
1.091 1.102 1.111 1.119 1.125 1.129 1.133 1.135 1.136 1.137 1.136 1.134 1.132 1.128 1.124 1.120 1.114 1.108 1.102 1.095 1.087 1.078 1.068 1.058 1.046 1.034 1.021 1.006 0.991 0.974 0.956 0.937 0.917 0.895 0.872 0.848 0.823 0.796 0.769 0.740 0.710 0.679 0.647 0.615 0.581 0.547 0.513 0.478 0.444 0.409 0.375 0.341 0.308 0.277 0.247 0.218 0.191 0.166 0.143 0.122 0.103 0.087 0.072 0.060 0.049 0.039 0.032 0.025 0.020 0.016 0.013 0.010 0.005 0.000 0.000 0.000 0.000
1.150 1.157 1.162 1.166 1.168 1.169 1.169 1.168 1.166 1.164 1.161 1.157 1.153 1.148 1.143 1.137 1.131 1.125 1.118 1.111 1.103 1.095 1.086 1.077 1.066 1.054 1.042 1.028 1.013 0.997 0.980 0.962 0.942 0.921 0.899 0.876 0.851 0.826 0.799 0.772 0.743 0.714 0.684 0.653 0.621 0.588 0.555 0.522 0.488 0.454 0.420 0.387 0.353 0.321 0.289 0.259 0.230 0.203 0.177 0.154 0.132 0.112 0.095 0.080 0.066 0.054 0.044 0.036 0.029 0.023 0.018 0.015 0.012 0.009 0.003 0.000 0.000
1.175 1.178 1.179 1.179 1.178 1.175 1.173 1.169 1.165 1.161 1.156 1.152 1.147 1.142 1.137 1.132 1.128 1.123 1.118 1.112 1.107 1.100 1.093 1.086 1.077 1.067 1.055 1.043 1.029 1.013 0.996 0.977 0.957 0.936 0.914 0.890 0.865 0.840 0.813 0.786 0.758 0.730 0.701 0.671 0.641 0.610 0.579 0.547 0.515 0.483 0.450 0.418 0.385 0.353 0.322 0.291 0.261 0.232 0.205 0.180 0.157 0.135 0.115 0.098 0.082 0.068 0.057 0.046 0.038 0.031 0.025 0.020 0.016 0.013 0.010 0.005 0.000
1.157 1.156 1.154 1.151 1.148 1.145 1.141 1.137 1.133 1.129 1.126 1.123 1.121 1.119 1.118 1.117 1.117 1.116 1.116 1.115 1.113 1.111 1.107 1.102 1.096 1.088 1.078 1.066 1.052 1.036 1.018 0.998 0.976 0.953 0.928 0.902 0.874 0.846 0.818 0.789 0.760 0.731 0.701 0.672 0.643 0.613 0.583 0.554 0.524 0.493 0.463 0.432 0.401 0.370 0.340 0.310 0.280 0.251 0.224 0.198 0.174 0.151 0.130 0.111 0.094 0.079 0.066 0.055 0.045 0.037 0.030 0.024 0.020 0.016 0.013 0.010 0.006
1.011 1.009 1.007 1.006 1.006 1.006 1.008 1.011 1.014 1.019 1.024 1.030 1.037 1.044 1.051 1.058 1.065 1.071 1.077 1.082 1.086 1.089 1.090 1.089 1.087 1.082 1.076 1.067 1.056 1.043 1.027 1.008 0.987 0.964 0.939 0.912 0.884 0.854 0.823 0.791 0.759 0.726 0.694 0.663 0.631 0.601 0.571 0.541 0.512 0.484 0.455 0.427 0.398 0.370 0.341 0.313 0.285 0.257 0.230 0.205 0.181 0.158 0.137 0.118 0.101 0.085 0.072 0.060 0.050 0.041 0.034 0.027 0.022 0.018 0.015 0.012 0.010
0.289 0.281 0.276 0.275 0.276 0.281 0.289 0.300 0.313 0.329 0.347 0.367 0.389 0.411 0.435 0.460 0.485 0.509 0.534 0.558 0.581 0.603 0.624 0.642 0.658 0.672 0.684 0.693 0.699 0.701 0.701 0.698 0.692 0.684 0.673 0.660 0.645 0.629 0.612 0.595 0.579 0.562 0.547 0.531 0.517 0.502 0.487 0.472 0.455 0.436 0.416 0.393 0.370 0.345 0.319 0.293 0.267 0.241 0.216 0.193 0.171 0.150 0.131 0.114 0.098 0.084 0.071 0.060 0.051 0.042 0.035 0.029 0.024 0.020 0.017 0.014 0.011
3.100 3.162 3.220 3.271 3.316 3.354 3.385 3.409 3.426 3.436 3.438 3.433 3.421 3.401 3.376 3.344 3.305 3.262 3.212 3.158 3.100 3.037 2.971 2.902 2.830 2.755 2.678 2.599 2.517 2.434 2.348 2.260 2.170 2.077 1.981 1.882 1.780 1.676 1.568 1.458 1.346 1.233 1.120 1.009 0.901 0.797 0.700 0.610 0.528 0.456 0.393 0.338 0.292 0.254 0.222 0.196 0.175 0.157 0.141 0.128 0.116 0.105 0.095 0.085 0.077 0.068 0.060 0.053 0.046 0.040 0.035 0.030 0.025 0.022 0.018 0.015 0.013
0.097 0.095 0.092 0.088 0.084 0.080 0.077 0.074 0.073 0.072 0.071 0.072 0.073 0.075 0.077 0.080 0.083 0.087 0.091 0.096 0.100 0.105 0.109 0.113 0.118 0.122 0.125 0.129 0.132 0.135 0.138 0.141 0.143 0.145 0.147 0.148 0.148 0.148 0.146 0.143 0.139 0.133 0.125 0.116 0.106 0.096 0.084 0.072 0.060 0.048 0.038 0.030 0.023 0.019 0.017 0.016 0.017 0.018 0.020 0.021 0.023 0.025 0.027 0.028 0.029 0.030 0.030 0.030 0.029 0.029 0.027 0.026 0.024 0.021 0.019 0.017 0.015
5.588 5.635 5.675 5.709 5.733 5.747 5.752 5.747 5.732 5.709 5.676 5.635 5.586 5.531 5.469 5.402 5.330 5.255 5.177 5.098 5.018 4.938 4.859 4.782 4.706 4.633 4.562 4.494 4.428 4.364 4.301 4.238 4.175 4.110 4.042 3.971 3.895 3.813 3.725 3.630 3.529 3.421 3.307 3.188 3.063 2.933 2.801 2.667 2.530 2.391 2.249 2.106 1.960 1.813 1.667 1.523 1.383 1.249 1.122 1.002 0.889 0.785 0.689 0.600 0.519 0.446 0.380 0.320 0.268 0.221 0.181 0.147 0.118 0.094 0.074 0.058 0.045
0.013 0.012 0.011 0.011 0.013 0.015 0.020 0.027 0.035 0.046 0.058 0.072 0.087 0.104 0.122 0.140 0.159 0.178 0.197 0.215 0.231 0.245 0.257 0.266 0.272 0.274 0.272 0.266 0.256 0.242 0.225 0.205 0.183 0.159 0.136 0.113 0.091 0.071 0.053 0.038 0.025 0.016 0.010 0.009 0.008 0.007 0.007 0.006 0.007 0.007 0.007 0.007 0.007 0.008 0.009 0.009 0.011 0.012 0.013 0.013 0.012 0.010 0.007 0.003 0.001 0.001 0.000 0.000 0.000 0.000 0.000 0.000 0.000 0.000 0.000 0.000 0.000
6.202 6.255 6.305 6.352 6.395 6.435 6.471 6.504 6.533 6.559 6.582 6.601 6.616 6.628 6.637 6.642 6.644 6.642 6.636 6.627 6.615 6.599 6.579 6.555 6.528 6.497 6.461 6.421 6.377 6.327 6.273 6.214 6.149 6.079 6.003 5.921 5.832 5.738 5.636 5.528 5.413 5.292 5.164 5.030 4.889 4.742 4.590 4.432 4.268 4.100 3.928 3.751 3.571 3.389 3.204 3.017 2.829 2.641 2.453 2.267 2.084 1.903 1.728 1.557 1.394 1.238 1.091 0.953 0.825 0.709 0.603 0.508 0.424 0.351 0.288 0.233 0.188
0.013 0.012 0.012 0.012 0.013 0.016 0.021 0.027 0.036 0.046 0.058 0.072 0.087 0.104 0.122 0.140 0.159 0.178 0.196 0.214 0.230 0.244 0.256 0.265 0.271 0.273 0.271 0.265 0.255 0.241 0.224 0.204 0.182 0.159 0.136 0.113 0.091 0.071 0.053 0.038 0.026 0.016 0.011 0.009 0.008 0.008 0.007 0.007 0.007 0.007 0.007 0.007 0.008 0.008 0.009 0.009 0.011 0.012 0.013 0.013 0.012 0.010 0.007 0.002 0.001 0.001 0.000 0.000 0.000 0.000 0.000 0.000 0.000 0.000 0.000 0.000 0.000
5.590 5.636 5.677 5.710 5.734 5.749 5.753 5.748 5.733 5.709 5.677 5.636 5.587 5.531 5.470 5.403 5.331 5.256 5.179 5.100 5.020 4.940 4.861 4.784 4.708 4.635 4.564 4.496 4.430 4.366 4.302 4.240 4.176 4.111 4.043 3.972 3.895 3.813 3.725 3.630 3.528 3.420 3.306 3.187 3.062 2.933 2.801 2.666 2.529 2.390 2.249 2.105 1.959 1.812 1.666 1.522 1.383 1.249 1.122 1.002 0.889 0.785 0.689 0.600 0.520 0.446 0.380 0.320 0.268 0.221 0.181 0.147 0.118 0.094 0.074 0.058 0.045
0.097 0.095 0.092 0.087 0.083 0.080 0.077 0.074 0.073 0.072 0.071 0.072 0.073 0.075 0.077 0.080 0.083 0.087 0.091 0.095 0.100 0.104 0.109 0.113 0.117 0.121 0.125 0.129 0.132 0.135 0.138 0.140 0.143 0.145 0.146 0.147 0.148 0.147 0.146 0.143 0.138 0.132 0.125 0.116 0.106 0.095 0.084 0.071 0.060 0.048 0.038 0.030 0.023 0.019 0.017 0.016 0.017 0.018 0.020 0.021 0.023 0.025 0.027 0.028 0.029 0.030 0.030 0.030 0.029 0.029 0.027 0.026 0.024 0.021 0.019 0.017 0.015
3.101 3.164 3.221 3.272 3.317 3.355 3.387 3.411 3.427 3.437 3.439 3.434 3.422 3.403 3.377 3.345 3.307 3.263 3.214 3.160 3.101 3.039 2.973 2.903 2.831 2.756 2.679 2.600 2.518 2.434 2.349 2.261 2.170 2.077 1.981 1.883 1.781 1.676 1.568 1.458 1.346 1.233 1.120 1.009 0.901 0.797 0.700 0.610 0.528 0.456 0.392 0.338 0.292 0.254 0.222 0.196 0.175 0.157 0.141 0.128 0.116 0.105 0.095 0.085 0.076 0.068 0.060 0.053 0.046 0.040 0.035 0.030 0.025 0.022 0.018 0.015 0.013
0.288 0.281 0.276 0.275 0.276 0.281 0.289 0.300 0.314 0.329 0.347 0.367 0.389 0.411 0.435 0.459 0.484 0.509 0.534 0.558 0.581 0.602 0.623 0.641 0.658 0.672 0.683 0.692 0.698 0.700 0.700 0.697 0.691 0.683 0.672 0.659 0.644 0.628 0.612 0.595 0.578 0.562 0.546 0.531 0.516 0.502 0.487 0.471 0.454 0.436 0.415 0.393 0.370 0.345 0.319 0.293 0.267 0.241 0.216 0.193 0.171 0.150 0.131 0.114 0.098 0.084 0.071 0.060 0.051 0.042 0.035 0.029 0.024 0.020 0.017 0.014 0.011
1.011 1.009 1.007 1.006 1.005 1.006 1.008 1.010 1.014 1.018 1.024 1.030 1.036 1.043 1.050 1.058 1.064 1.071 1.077 1.082 1.085 1.088 1.089 1.089 1.086 1.082 1.075 1.067 1.056 1.042 1.026 1.008 0.987 0.964 0.939 0.912 0.883 0.853 0.822 0.791 0.759 0.726 0.694 0.663 0.631 0.601 0.571 0.541 0.512 0.484 0.455 0.427 0.398 0.370 0.341 0.313 0.284 0.257 0.230 0.205 0.181 0.158 0.137 0.118 0.101 0.085 0.072 0.060 0.050 0.041 0.034 0.027 0.022 0.018 0.015 0.012 0.010
1.157 1.156 1.154 1.151 1.148 1.144 1.140 1.137 1.133 1.129 1.126 1.123 1.121 1.119 1.118 1.117 1.116 1.116 1.115 1.114 1.113 1.111 1.107 1.102 1.096 1.088 1.078 1.066 1.052 1.036 1.018 0.998 0.976 0.952 0.928 0.901 0.874 0.846 0.818 0.789 0.760 0.731 0.701 0.672 0.643 0.613 0.583 0.554 0.524 0.493 0.463 0.432 0.401 0.370 0.340 0.309 0.280 0.251 0.224 0.198 0.174 0.151 0.130 0.111 0.094 0.079 0.066 0.055 0.045 0.037 0.030 0.024 0.020 0.016 0.013 0.010 0.006
1.175 1.178 1.179 1.178 1.177 1.175 1.173 1.169 1.165 1.161 1.156 1.152 1.147 1.142 1.137 1.132 1.127 1.123 1.117 1.112 1.106 1.100 1.093 1.085 1.077 1.067 1.055 1.043 1.028 1.013 0.996 0.977 0.957 0.936 0.914 0.890 0.865 0.840 0.813 0.786 0.758 0.730 0.701 0.671 0.641 0.610 0.579 0.547 0.515 0.483 0.450 0.418 0.385 0.353 0.322 0.291 0.261 0.232 0.205 0.180 0.157 0.135 0.115 0.098 0.082 0.068 0.057 0.046 0.038 0.031 0.025 0.020 0.016 0.013 0.010 0.005 0.000
1.150 1.157 1.162 1.165 1.168 1.169 1.169 1.168 1.166 1.164 1.161 1.157 1.152 1.148 1.143 1.137 1.131 1.125 1.118 1.111 1.103 1.095 1.086 1.076 1.066 1.054 1.042 1.028 1.013 0.997 0.980 0.962 0.942 0.921 0.899 0.876 0.851 0.826 0.799 0.772 0.743 0.714 0.684 0.653 0.621 0.588 0.555 0.522 0.488 0.454 0.420 0.387 0.353 0.321 0.289 0.259 0.230 0.203 0.177 0.154 0.132 0.113 0.095 0.080 0.066 0.054 0.044 0.036 0.029 0.023 0.018 0.015 0.012 0.009 0.003 0.000 0.000
1.091 1.102 1.111 1.118 1.125 1.129 1.133 1.135 1.136 1.136 1.136 1.134 1.131 1.128 1.124 1.120 1.114 1.108 1.102 1.094 1.086 1.078 1.068 1.058 1.046 1.034 1.021 1.006 0.991 0.974 0.956 0.937 0.917 0.895 0.872 0.848 0.823 0.796 0.769 0.740 0.710 0.679 0.647 0.615 0.581 0.547 0.513 0.478 0.444 0.409 0.375 0.341 0.308 0.277 0.247 0.218 0.191 0.166 0.143 0.122 0.103 0.087 0.072 0.060 0.049 0.039 0.032 0.025 0.020 0.016 0.013 0.010 0.005 0.000 0.000 0.000 0.000
1.000 1.015 1.029 1.040 1.051 1.059 1.066 1.072 1.077 1.080 1.082 1.083 1.083 1.082 1.080 1.077 1.073 1.068 1.063 1.056 1.049 1.040 1.031 1.021 1.009 0.996 0.983 0.968 0.952 0.934 0.916 0.896 0.874 0.852 0.828 0.803 0.776 0.748 0.719 0.689 0.658 0.625 0.592 0.558 0.524 0.489 0.454 0.419 0.384 0.350 0.317 0.285 0.254 0.225 0.197 0.171 0.148 0.126 0.107 0.090 0.075 0.062 0.050 0.041 0.033 0.026 0.021 0.016 0.013 0.010 0.005 0.000 0.000 0.000 0.000 0.000 0.000
