Examples/2023_ISeeSnow/data/CoulombOnly/Results/curv77s/h/1HS_03_curv77s_MoT-Voellmy_h_0046.asc
ncols        193
nrows        25
xllcorner    2637.5
yllcorner    -4312.5
cellsize     5.00
NODATA_value -9999
[rows 0 to 24 of 25, columns 0 to 76 of 193]
0.000 0.000 0.000 0.000 0.000 0.000 0.000 0.000 0.000 0.000 0.000 0.000 0.000 0.000 0.000 0.000 0.000 0.000 0.000 0.000 0.000 0.000 0.000 0.000 0.000 0.000 0.000 0.000 0.000 0.000 0.000 0.000 0.000 0.000 0.000 0.000 0.000 0.000 0.000 0.000 0.000 0.000 0.000 0.000 0.000 0.000 0.000 0.000 0.000 0.000 0.000 0.000 0.000 0.000 0.000 0.000 0.000 0.000 0.000 0.000 0.000 0.000 0.000 0.000 0.000 0.000 0.000 0.000 0.000 0.000 0.000 0.000 0.000 0.000 0.000 0.000 0.000
0.000 0.000 0.000 0.000 0.000 0.000 0.000 0.000 0.000 0.000 0.000 0.000 0.000 0.000 0.000 0.000 0.000 0.000 0.000 0.000 0.000 0.000 0.000 0.000 0.000 0.000 0.000 0.000 0.000 0.000 0.000 0.000 0.000 0.000 0.000 0.000 0.000 0.000 0.000 0.000 0.000 0.000 0.000 0.000 0.000 0.000 0.000 0.000 0.000 0.000 0.000 0.000 0.000 0.000 0.000 0.000 0.000 0.000 0.000 0.000 0.000 0.000 0.000 0.000 0.000 0.000 0.000 0.000 0.000 0.000 0.000 0.001 0.001 0.001 0.001 0.001 0.001
0.000 0.000 0.000 0.000 0.000 0.000 0.000 0.000 0.000 0.000 0.000 0.000 0.000 0.000 0.000 0.000 0.000 0.000 0.000 0.000 0.000 0.000 0.000 0.000 0.000 0.000 0.000 0.000 0.000 0.000 0.000 0.000 0.000 0.000 0.000 0.000 0.000 0.000 0.000 0.000 0.000 0.000 0.000 0.000 0.000 0.000 0.000 0.000 0.000 0.000 0.000 0.000 0.000 0.000 0.000 0.000 0.000 0.000 0.001 0.001 0.001 0.001 0.001 0.001 0.001 0.001 0.001 0.001 0.002 0.002 0.002 0.002 0.003 0.003 0.004 0.005 0.005
0.000 0.000 0.000 0.000 0.000 0.000 0.000 0.000 0.000 0.000 0.000 0.000 0.000 0.000 0.000 0.000 0.000 0.000 0.000 0.000 0.000 0.000 0.000 0.000 0.000 0.000 0.000 0.000 0.000 0.000 0.000 0.000 0.000 0.000 0.000 0.000 0.000 0.000 0.000 0.000 0.000 0.000 0.000 0.000 0.000 0.000 0.000 0.000 0.000 0.000 0.000 0.000 0.000 0.000 0.000 0.000 0.001 0.001 0.001 0.001 0.001 0.002 0.002 0.003 0.004 0.005 0.006 0.007 0.008 0.009 0.010 0.012 0.014 0.017 0.020 0.024 0.029
0.000 0.000 0.000 0.000 0.000 0.000 0.000 0.000 0.000 0.000 0.000 0.000 0.000 0.000 0.000 0.000 0.000 0.000 0.000 0.000 0.000 0.000 0.000 0.000 0.000 0.000 0.000 0.000 0.000 0.000 0.000 0.000 0.000 0.000 0.000 0.000 0.000 0.000 0.000 0.000 0.000 0.000 0.000 0.000 0.000 0.000 0.000 0.000 0.000 0.000 0.000 0.001 0.001 0.002 0.002 0.003 0.004 0.005 0.006 0.007 0.008 0.009 0.011 0.013 0.016 0.020 0.025 0.031 0.039 0.047 0.057 0.068 0.081 0.095 0.111 0.128 0.147
0.000 0.000 0.000 0.000 0.000 0.000 0.000 0.000 0.000 0.000 0.000 0.000 0.000 0.000 0.000 0.000 0.000 0.000 0.000 0.000 0.000 0.000 0.000 0.000 0.000 0.000 0.000 0.000 0.000 0.000 0.000 0.000 0.000 0.000 0.000 0.000 0.000 0.000 0.000 0.000 0.000 0.000 0.000 0.000 0.000 0.001 0.001 0.002 0.003 0.004 0.005 0.007 0.008 0.009 0.010 0.012 0.016 0.020 0.026 0.034 0.043 0.054 0.067 0.083 0.100 0.120 0.142 0.166 0.193 0.222 0.253 0.286 0.320 0.356 0.392 0.430 0.468
0.000 0.000 0.000 0.000 0.000 0.000 0.000 0.000 0.000 0.000 0.000 0.000 0.000 0.000 0.000 0.000 0.000 0.000 0.001 0.001 0.001 0.001 0.001 0.001 0.001 0.001 0.001 0.001 0.001 0.001 0.001 0.001 0.001 0.001 0.001 0.001 0.001 0.001 0.001 0.002 0.002 0.003 0.004 0.005 0.006 0.007 0.008 0.009 0.012 0.017 0.023 0.032 0.043 0.056 0.073 0.092 0.114 0.140 0.169 0.201 0.236 0.274 0.315 0.358 0.403 0.450 0.498 0.547 0.596 0.646 0.695 0.744 0.792 0.839 0.884 0.927 0.969
0.001 0.001 0.001 0.001 0.001 0.001 0.001 0.001 0.001 0.001 0.001 0.001 0.002 0.002 0.002 0.002 0.002 0.002 0.002 0.002 0.002 0.002 0.002 0.002 0.002 0.002 0.002 0.002 0.002 0.002 0.003 0.003 0.003 0.003 0.003 0.004 0.004 0.005 0.005 0.006 0.007 0.009 0.011 0.016 0.025 0.037 0.053 0.074 0.100 0.131 0.167 0.209 0.255 0.306 0.361 0.419 0.480 0.543 0.606 0.670 0.734 0.796 0.856 0.915 0.971 1.024 1.075 1.122 1.166 1.207 1.245 1.279 1.311 1.340 1.366 1.389 1.410
0.002 0.002 0.002 0.003 0.003 0.003 0.003 0.003 0.003 0.003 0.003 0.003 0.003 0.003 0.003 0.003 0.003 0.003 0.003 0.003 0.003 0.004 0.004 0.004 0.004 0.004 0.004 0.004 0.005 0.005 0.005 0.005 0.005 0.006 0.006 0.007 0.009 0.013 0.022 0.036 0.055 0.080 0.112 0.151 0.197 0.249 0.308 0.372 0.441 0.514 0.590 0.669 0.749 0.831 0.913 0.996 1.079 1.161 1.243 1.324 1.404 1.482 1.558 1.632 1.703 1.773 1.839 1.903 1.964 2.021 2.076 2.128 2.177 2.222 2.265 2.305 2.342
0.003 0.004 0.004 0.004 0.004 0.004 0.004 0.004 0.004 0.004 0.005 0.005 0.005 0.005 0.005 0.005 0.005 0.005 0.005 0.005 0.006 0.006 0.006 0.006 0.006 0.006 0.007 0.007 0.008 0.009 0.015 0.025 0.039 0.057 0.080 0.109 0.141 0.178 0.217 0.259 0.302 0.345 0.387 0.427 0.465 0.500 0.532 0.561 0.588 0.614 0.638 0.663 0.688 0.714 0.743 0.773 0.806 0.840 0.877 0.916 0.956 0.997 1.039 1.080 1.122 1.163 1.202 1.240 1.276 1.310 1.342 1.371 1.398 1.423 1.445 1.464 1.482
0.004 0.005 0.005 0.006 0.006 0.006 0.006 0.006 0.006 0.006 0.006 0.007 0.007 0.007 0.007 0.007 0.007 0.008 0.008 0.011 0.017 0.028 0.042 0.061 0.087 0.120 0.161 0.212 0.272 0.342 0.421 0.509 0.606 0.710 0.821 0.937 1.058 1.182 1.309 1.438 1.567 1.697 1.825 1.952 2.075 2.195 2.310 2.419 2.521 2.615 2.702 2.780 2.850 2.912 2.966 3.012 3.052 3.087 3.116 3.141 3.164 3.183 3.202 3.219 3.235 3.252 3.268 3.284 3.301 3.317 3.334 3.350 3.366 3.381 3.395 3.408 3.420
0.005 0.006 0.007 0.007 0.007 0.007 0.008 0.008 0.008 0.008 0.008 0.009 0.010 0.014 0.020 0.027 0.036 0.047 0.060 0.075 0.092 0.112 0.133 0.156 0.180 0.204 0.228 0.251 0.274 0.296 0.318 0.339 0.360 0.380 0.401 0.422 0.444 0.467 0.492 0.520 0.550 0.582 0.619 0.658 0.702 0.749 0.800 0.854 0.912 0.972 1.035 1.099 1.164 1.228 1.292 1.354 1.414 1.470 1.522 1.570 1.613 1.650 1.683 1.711 1.734 1.752 1.766 1.776 1.782 1.786 1.786 1.785 1.781 1.775 1.768 1.759 1.750
0.008 0.016 0.024 0.032 0.040 0.049 0.059 0.070 0.083 0.098 0.115 0.135 0.159 0.186 0.217 0.251 0.289 0.331 0.376 0.425 0.478 0.534 0.594 0.657 0.723 0.792 0.864 0.938 1.014 1.093 1.173 1.256 1.339 1.425 1.511 1.599 1.687 1.776 1.866 1.956 2.046 2.136 2.225 2.314 2.402 2.489 2.575 2.659 2.742 2.823 2.903 2.980 3.056 3.129 3.200 3.269 3.335 3.399 3.461 3.520 3.577 3.632 3.684 3.734 3.781 3.826 3.869 3.909 3.947 3.983 4.017 4.049 4.078 4.106 4.131 4.155 4.177
0.005 0.006 0.007 0.007 0.007 0.007 0.008 0.008 0.008 0.008 0.008 0.009 0.010 0.014 0.020 0.027 0.036 0.047 0.060 0.075 0.092 0.112 0.133 0.156 0.180 0.204 0.228 0.251 0.274 0.296 0.318 0.339 0.360 0.380 0.401 0.422 0.444 0.467 0.492 0.520 0.550 0.582 0.619 0.658 0.702 0.749 0.800 0.854 0.912 0.972 1.035 1.099 1.164 1.229 1.292 1.355 1.414 1.470 1.522 1.570 1.613 1.651 1.683 1.711 1.734 1.752 1.766 1.776 1.782 1.786 1.786 1.785 1.781 1.775 1.768 1.759 1.749
0.004 0.005 0.005 0.006 0.006 0.006 0.006 0.006 0.006 0.006 0.006 0.007 0.007 0.007 0.007 0.007 0.007 0.008 0.008 0.011 0.017 0.028 0.042 0.061 0.087 0.120 0.161 0.212 0.272 0.342 0.421 0.509 0.606 0.710 0.821 0.937 1.058 1.182 1.309 1.438 1.567 1.697 1.826 1.952 2.076 2.195 2.310 2.419 2.521 2.616 2.702 2.781 2.851 2.912 2.966 3.013 3.053 3.087 3.116 3.142 3.164 3.184 3.202 3.219 3.236 3.252 3.268 3.284 3.301 3.317 3.334 3.350 3.366 3.381 3.395 3.408 3.420
0.003 0.004 0.004 0.004 0.004 0.004 0.004 0.004 0.004 0.004 0.005 0.005 0.005 0.005 0.005 0.005 0.005 0.005 0.005 0.005 0.006 0.006 0.006 0.006 0.006 0.006 0.007 0.007 0.008 0.009 0.015 0.025 0.039 0.057 0.080 0.109 0.141 0.177 0.217 0.259 0.302 0.345 0.387 0.427 0.465 0.500 0.532 0.561 0.588 0.614 0.639 0.663 0.688 0.715 0.743 0.773 0.806 0.841 0.878 0.916 0.956 0.997 1.039 1.081 1.122 1.163 1.202 1.240 1.277 1.311 1.342 1.372 1.399 1.423 1.445 1.465 1.483
0.002 0.002 0.002 0.003 0.003 0.003 0.003 0.003 0.003 0.003 0.003 0.003 0.003 0.003 0.003 0.003 0.003 0.003 0.003 0.003 0.003 0.004 0.004 0.004 0.004 0.004 0.004 0.004 0.005 0.005 0.005 0.005 0.005 0.006 0.006 0.007 0.009 0.013 0.022 0.036 0.055 0.080 0.112 0.151 0.196 0.249 0.307 0.372 0.441 0.514 0.590 0.668 0.749 0.831 0.913 0.996 1.079 1.162 1.243 1.324 1.404 1.482 1.558 1.632 1.704 1.773 1.839 1.903 1.964 2.022 2.077 2.128 2.177 2.223 2.266 2.305 2.342
0.001 0.001 0.001 0.001 0.001 0.001 0.001 0.001 0.001 0.001 0.001 0.001 0.002 0.002 0.002 0.002 0.002 0.002 0.002 0.002 0.002 0.002 0.002 0.002 0.002 0.002 0.002 0.002 0.002 0.002 0.003 0.003 0.003 0.003 0.003 0.004 0.004 0.005 0.005 0.006 0.007 0.009 0.011 0.016 0.025 0.037 0.053 0.074 0.100 0.131 0.167 0.208 0.255 0.306 0.361 0.419 0.480 0.543 0.606 0.670 0.733 0.796 0.856 0.915 0.971 1.024 1.075 1.122 1.166 1.207 1.245 1.279 1.311 1.340 1.366 1.390 1.411
0.000 0.000 0.000 0.000 0.000 0.000 0.000 0.000 0.000 0.000 0.000 0.000 0.000 0.000 0.000 0.000 0.000 0.000 0.001 0.001 0.001 0.001 0.001 0.001 0.001 0.001 0.001 0.001 0.001 0.001 0.001 0.001 0.001 0.001 0.001 0.001 0.001 0.001 0.001 0.002 0.002 0.003 0.004 0.005 0.006 0.007 0.008 0.009 0.012 0.017 0.023 0.032 0.043 0.056 0.073 0.092 0.114 0.140 0.169 0.201 0.236 0.274 0.315 0.358 0.403 0.450 0.498 0.547 0.596 0.646 0.695 0.744 0.792 0.839 0.884 0.927 0.969
0.000 0.000 0.000 0.000 0.000 0.000 0.000 0.000 0.000 0.000 0.000 0.000 0.000 0.000 0.000 0.000 0.000 0.000 0.000 0.000 0.000 0.000 0.000 0.000 0.000 0.000 0.000 0.000 0.000 0.000 0.000 0.000 0.000 0.000 0.000 0.000 0.000 0.000 0.000 0.000 0.000 0.000 0.000 0.000 0.000 0.001 0.001 0.002 0.003 0.004 0.005 0.007 0.008 0.009 0.010 0.012 0.016 0.020 0.026 0.034 0.043 0.054 0.067 0.083 0.100 0.120 0.142 0.166 0.193 0.222 0.253 0.285 0.320 0.355 0.392 0.430 0.467
0.000 0.000 0.000 0.000 0.000 0.000 0.000 0.000 0.000 0.000 0.000 0.000 0.000 0.000 0.000 0.000 0.000 0.000 0.000 0.000 0.000 0.000 0.000 0.000 0.000 0.000 0.000 0.000 0.000 0.000 0.000 0.000 0.000 0.000 0.000 0.000 0.000 0.000 0.000 0.000 0.000 0.000 0.000 0.000 0.000 0.000 0.000 0.000 0.000 0.000 0.000 0.001 0.001 0.002 0.002 0.003 0.004 0.005 0.006 0.007 0.008 0.009 0.011 0.013 0.016 0.020 0.025 0.031 0.038 0.047 0.057 0.068 0.081 0.095 0.111 0.128 0.146
0.000 0.000 0.000 0.000 0.000 0.000 0.000 0.000 0.000 0.000 0.000 0.000 0.000 0.000 0.000 0.000 0.000 0.000 0.000 0.000 0.000 0.000 0.000 0.000 0.000 0.000 0.000 0.000 0.000 0.000 0.000 0.000 0.000 0.000 0.000 0.000 0.000 0.000 0.000 0.000 0.000 0.000 0.000 0.000 0.000 0.000 0.000 0.000 0.000 0.000 0.000 0.000 0.000 0.000 0.000 0.000 0.001 0.001 0.001 0.001 0.001 0.002 0.002 0.003 0.004 0.005 0.006 0.007 0.008 0.009 0.010 0.012 0.014 0.017 0.020 0.024 0.029
0.000 0.000 0.000 0.000 0.000 0.000 0.000 0.000 0.000 0.000 0.000 0.000 0.000 0.000 0.000 0.000 0.000 0.000 0.000 0.000 0.000 0.000 0.000 0.000 0.000 0.000 0.000 0.000 0.000 0.000 0.000 0.000 0.000 0.000 0.000 0.000 0.000 0.000 0.000 0.000 0.000 0.000 0.000 0.000 0.000 0.000 0.000 0.000 0.000 0.000 0.000 0.000 0.000 0.000 0.000 0.000 0.000 0.000 0.000 0.001 0.001 0.001 0.001 0.001 0.001 0.001 0.001 0.001 0.002 0.002 0.002 0.002 0.003 0.003 0.004 0.005 0.005
0.000 0.000 0.000 0.000 0.000 0.000 0.000 0.000 0.000 0.000 0.000 0.000 0.000 0.000 0.000 0.000 0.000 0.000 0.000 0.000 0.000 0.000 0.000 0.000 0.000 0.000 0.000 0.000 0.000 0.000 0.000 0.000 0.000 0.000 0.000 0.000 0.000 0.000 0.000 0.000 0.000 0.000 0.000 0.000 0.000 0.000 0.000 0.000 0.000 0.000 0.000 0.000 0.000 0.000 0.000 0.000 0.000 0.000 0.000 0.000 0.000 0.000 0.000 0.000 0.000 0.000 0.000 0.000 0.000 0.000 0.000 0.001 0.001 0.001 0.001 0.001 0.001
0.000 0.000 0.000 0.000 0.000 0.000 0.000 0.000 0.000 0.000 0.000 0.000 0.000 0.000 0.000 0.000 0.000 0.000 0.000 0.000 0.000 0.000 0.000 0.000 0.000 0.000 0.000 0.000 0.000 0.000 0.000 0.000 0.000 0.000 0.000 0.000 0.000 0.000 0.000 0.000 0.000 0.000 0.000 0.000 0.000 0.000 0.000 0.000 0.000 0.000 0.000 0.000 0.000 0.000 0.000 0.000 0.000 0.000 0.000 0.000 0.000 0.000 0.000 0.000 0.000 0.000 0.000 0.000 0.000 0.000 0.000 0.000 0.000 0.000 0.000 0.000 0.000
