Examples/2023_ISeeSnow/data/CoulombOnly/Results/curv77s/h/1HS_03_curv77s_MoT-Voellmy_h_0025.asc
ncols        124
nrows        27
xllcorner    1482.5
yllcorner    -4317.5
cellsize     5.00
NODATA_value -9999
0.003 0.004 0.004 0.004 0.004 0.004 0.004 0.004 0.004 0.004 0.004 0.004 0.005 0.005 0.005 0.005 0.005 0.005 0.005 0.006 0.006 0.006 0.006 0.006 0.006 0.006 0.006 0.006 0.006 0.006 0.005 0.005 0.005 0.004 0.004 0.003 0.002 0.002 0.003 0.004 0.005 0.002 0.000 0.000 0.000 0.000 0.000 0.000 0.000 0.000 0.000 0.000 0.000 0.000 0.000 0.000 0.000 0.000 0.000 0.000 0.000 0.000 0.000 0.000 0.000 0.000 0.000 0.000 0.000 0.000 0.000 0.000 0.000 0.000 0.000 0.000 0.000 0.000 0.000 0.000 0.000 0.000 0.000 0.000 0.000 0.000 0.000 0.000 0.000 0.000 0.000 0.000 0.000 0.000 0.000 0.000 0.000 0.000 0.000 0.000 0.000 0.000 0.000 0.000 0.000 0.000 0.000 0.000 0.000 0.000 0.000 0.000 0.000 0.000 0.000 0.000 0.000 0.000 0.000 0.000 0.000 0.000 0.000 0.000
0.004 0.005 0.005 0.005 0.006 0.006 0.006 0.006 0.006 0.006 0.007 0.007 0.007 0.008 0.008 0.010 0.012 0.013 0.015 0.016 0.018 0.019 0.020 0.021 0.022 0.022 0.022 0.022 0.021 0.020 0.019 0.018 0.016 0.015 0.013 0.012 0.010 0.009 0.008 0.007 0.005 0.004 0.003 0.003 0.005 0.006 0.003 0.000 0.000 0.000 0.000 0.000 0.000 0.000 0.000 0.000 0.000 0.000 0.000 0.000 0.000 0.000 0.000 0.000 0.000 0.000 0.000 0.000 0.000 0.000 0.000 0.000 0.000 0.000 0.000 0.000 0.000 0.000 0.000 0.000 0.000 0.000 0.000 0.000 0.000 0.000 0.000 0.000 0.000 0.000 0.000 0.000 0.000 0.000 0.000 0.000 0.000 0.000 0.000 0.000 0.000 0.000 0.000 0.000 0.000 0.000 0.000 0.000 0.000 0.000 0.000 0.000 0.000 0.000 0.000 0.000 0.000 0.000 0.000 0.000 0.000 0.000 0.000 0.000
0.004 0.005 0.006 0.006 0.006 0.007 0.007 0.007 0.007 0.008 0.009 0.012 0.015 0.019 0.023 0.027 0.032 0.037 0.041 0.046 0.050 0.054 0.057 0.059 0.061 0.062 0.062 0.062 0.061 0.059 0.056 0.053 0.050 0.046 0.042 0.037 0.033 0.029 0.025 0.022 0.018 0.015 0.013 0.011 0.009 0.007 0.005 0.004 0.004 0.005 0.006 0.003 0.000 0.000 0.000 0.000 0.000 0.000 0.000 0.000 0.000 0.000 0.000 0.000 0.000 0.000 0.000 0.000 0.000 0.000 0.000 0.000 0.000 0.000 0.000 0.000 0.000 0.000 0.000 0.000 0.000 0.000 0.000 0.000 0.000 0.000 0.000 0.000 0.000 0.000 0.000 0.000 0.000 0.000 0.000 0.000 0.000 0.000 0.000 0.000 0.000 0.000 0.000 0.000 0.000 0.000 0.000 0.000 0.000 0.000 0.000 0.000 0.000 0.000 0.000 0.000 0.000 0.000 0.000 0.000 0.000 0.000 0.000 0.000
0.004 0.005 0.006 0.007 0.007 0.007 0.008 0.009 0.012 0.016 0.022 0.028 0.036 0.044 0.052 0.061 0.071 0.081 0.091 0.100 0.109 0.117 0.125 0.131 0.136 0.140 0.142 0.143 0.142 0.140 0.136 0.131 0.124 0.117 0.109 0.100 0.091 0.082 0.073 0.064 0.056 0.048 0.041 0.034 0.029 0.024 0.019 0.015 0.012 0.010 0.008 0.005 0.004 0.004 0.006 0.006 0.002 0.000 0.000 0.000 0.000 0.000 0.000 0.000 0.000 0.000 0.000 0.000 0.000 0.000 0.000 0.000 0.000 0.000 0.000 0.000 0.000 0.000 0.000 0.000 0.000 0.000 0.000 0.000 0.000 0.000 0.000 0.000 0.000 0.000 0.000 0.000 0.000 0.000 0.000 0.000 0.000 0.000 0.000 0.000 0.000 0.000 0.000 0.000 0.000 0.000 0.000 0.000 0.000 0.000 0.000 0.000 0.000 0.000 0.000 0.000 0.000 0.000 0.000 0.000 0.000 0.000 0.000 0.000
0.004 0.006 0.006 0.007 0.008 0.008 0.012 0.017 0.024 0.033 0.043 0.055 0.068 0.082 0.097 0.113 0.130 0.147 0.165 0.182 0.199 0.215 0.230 0.243 0.255 0.265 0.272 0.276 0.279 0.278 0.275 0.270 0.262 0.252 0.240 0.226 0.211 0.195 0.179 0.162 0.145 0.129 0.113 0.098 0.084 0.072 0.060 0.050 0.041 0.034 0.027 0.022 0.017 0.014 0.011 0.008 0.005 0.004 0.005 0.006 0.006 0.002 0.000 0.000 0.000 0.000 0.000 0.000 0.000 0.000 0.000 0.000 0.000 0.000 0.000 0.000 0.000 0.000 0.000 0.000 0.000 0.000 0.000 0.000 0.000 0.000 0.000 0.000 0.000 0.000 0.000 0.000 0.000 0.000 0.000 0.000 0.000 0.000 0.000 0.000 0.000 0.000 0.000 0.000 0.000 0.000 0.000 0.000 0.000 0.000 0.000 0.000 0.000 0.000 0.000 0.000 0.000 0.000 0.000 0.000 0.000 0.000 0.000 0.000
0.004 0.006 0.007 0.008 0.009 0.014 0.022 0.031 0.043 0.056 0.072 0.090 0.109 0.131 0.154 0.179 0.206 0.233 0.260 0.288 0.316 0.343 0.368 0.392 0.414 0.433 0.450 0.463 0.473 0.480 0.482 0.481 0.476 0.468 0.456 0.440 0.421 0.400 0.377 0.351 0.325 0.298 0.270 0.242 0.216 0.190 0.166 0.143 0.122 0.104 0.087 0.072 0.059 0.048 0.039 0.031 0.024 0.019 0.015 0.012 0.008 0.006 0.005 0.005 0.006 0.007 0.003 0.000 0.000 0.000 0.000 0.000 0.000 0.000 0.000 0.000 0.000 0.000 0.000 0.000 0.000 0.000 0.000 0.000 0.000 0.000 0.000 0.000 0.000 0.000 0.000 0.000 0.000 0.000 0.000 0.000 0.000 0.000 0.000 0.000 0.000 0.000 0.000 0.000 0.000 0.000 0.000 0.000 0.000 0.000 0.000 0.000 0.000 0.000 0.000 0.000 0.000 0.000 0.000 0.000 0.000 0.000 0.000 0.000
0.004 0.006 0.007 0.009 0.015 0.023 0.034 0.048 0.064 0.083 0.104 0.129 0.156 0.186 0.218 0.253 0.290 0.328 0.367 0.407 0.447 0.487 0.526 0.564 0.600 0.633 0.663 0.691 0.714 0.734 0.749 0.759 0.765 0.766 0.762 0.753 0.738 0.719 0.696 0.668 0.637 0.602 0.565 0.526 0.485 0.444 0.402 0.361 0.322 0.284 0.248 0.215 0.184 0.157 0.132 0.110 0.091 0.074 0.061 0.049 0.039 0.030 0.024 0.019 0.015 0.011 0.007 0.005 0.005 0.006 0.007 0.006 0.001 0.000 0.000 0.000 0.000 0.000 0.000 0.000 0.000 0.000 0.000 0.000 0.000 0.000 0.000 0.000 0.000 0.000 0.000 0.000 0.000 0.000 0.000 0.000 0.000 0.000 0.000 0.000 0.000 0.000 0.000 0.000 0.000 0.000 0.000 0.000 0.000 0.000 0.000 0.000 0.000 0.000 0.000 0.000 0.000 0.000 0.000 0.000 0.000 0.000 0.000 0.000
0.005 0.006 0.008 0.013 0.022 0.033 0.047 0.065 0.085 0.109 0.137 0.168 0.203 0.241 0.283 0.327 0.375 0.425 0.476 0.529 0.583 0.637 0.692 0.745 0.797 0.848 0.896 0.941 0.984 1.022 1.057 1.087 1.112 1.132 1.146 1.155 1.158 1.154 1.144 1.129 1.107 1.079 1.045 1.007 0.963 0.916 0.864 0.810 0.754 0.696 0.638 0.581 0.524 0.469 0.416 0.367 0.320 0.277 0.238 0.202 0.171 0.142 0.118 0.097 0.079 0.064 0.050 0.040 0.031 0.025 0.020 0.015 0.009 0.007 0.006 0.006 0.007 0.007 0.002 0.000 0.000 0.000 0.000 0.000 0.000 0.000 0.000 0.000 0.000 0.000 0.000 0.000 0.000 0.000 0.000 0.000 0.000 0.000 0.000 0.000 0.000 0.000 0.000 0.000 0.000 0.000 0.000 0.000 0.000 0.000 0.000 0.000 0.000 0.000 0.000 0.000 0.000 0.000 0.000 0.000 0.000 0.000 0.000 0.000
0.005 0.007 0.010 0.017 0.028 0.042 0.059 0.080 0.105 0.134 0.167 0.204 0.246 0.292 0.343 0.397 0.455 0.516 0.579 0.646 0.713 0.783 0.853 0.923 0.994 1.063 1.132 1.198 1.263 1.326 1.385 1.441 1.493 1.541 1.585 1.623 1.656 1.684 1.705 1.721 1.730 1.732 1.728 1.717 1.700 1.676 1.645 1.609 1.566 1.518 1.466 1.408 1.347 1.282 1.215 1.146 1.074 1.002 0.930 0.857 0.786 0.715 0.646 0.579 0.515 0.453 0.395 0.341 0.290 0.245 0.207 0.178 0.156 0.141 0.131 0.125 0.123 0.121 0.120 0.119 0.119 0.118 0.116 0.112 0.106 0.097 0.087 0.075 0.062 0.049 0.038 0.028 0.020 0.013 0.007 0.002 0.000 0.000 0.000 0.000 0.000 0.000 0.000 0.000 0.000 0.000 0.000 0.000 0.000 0.000 0.000 0.000 0.000 0.000 0.000 0.000 0.000 0.000 0.000 0.000 0.000 0.000 0.000 0.000
0.005 0.007 0.012 0.021 0.034 0.049 0.069 0.093 0.122 0.155 0.193 0.236 0.285 0.339 0.397 0.461 0.529 0.601 0.677 0.757 0.839 0.924 1.011 1.100 1.189 1.280 1.371 1.462 1.552 1.641 1.729 1.816 1.900 1.982 2.061 2.137 2.209 2.278 2.343 2.404 2.461 2.513 2.561 2.604 2.642 2.676 2.706 2.732 2.753 2.771 2.786 2.797 2.805 2.811 2.814 2.816 2.815 2.812 2.807 2.800 2.791 2.778 2.761 2.739 2.712 2.677 2.635 2.590 2.550 2.513 2.477 2.435 2.390 2.345 2.300 2.256 2.212 2.164 2.109 2.044 1.966 1.875 1.769 1.652 1.525 1.390 1.250 1.109 0.971 0.838 0.713 0.598 0.492 0.396 0.311 0.237 0.173 0.121 0.080 0.049 0.028 0.014 0.005 0.000 0.000 0.000 0.000 0.000 0.000 0.000 0.000 0.000 0.000 0.000 0.000 0.000 0.000 0.000 0.000 0.000 0.000 0.000 0.000 0.000
0.005 0.008 0.014 0.024 0.038 0.056 0.078 0.104 0.136 0.173 0.216 0.266 0.321 0.382 0.449 0.522 0.600 0.684 0.772 0.865 0.962 1.062 1.166 1.273 1.382 1.492 1.605 1.718 1.832 1.947 2.061 2.175 2.288 2.400 2.511 2.619 2.726 2.830 2.932 3.031 3.126 3.219 3.309 3.396 3.479 3.559 3.636 3.710 3.781 3.848 3.913 3.974 4.032 4.087 4.138 4.185 4.228 4.267 4.302 4.332 4.357 4.379 4.396 4.411 4.425 4.438 4.452 4.454 4.432 4.384 4.309 4.211 4.088 3.940 3.768 3.574 3.363 3.140 2.913 2.688 2.480 2.298 2.149 2.035 1.955 1.902 1.868 1.842 1.813 1.773 1.714 1.633 1.531 1.408 1.269 1.120 0.965 0.811 0.663 0.525 0.402 0.295 0.207 0.137 0.085 0.049 0.026 0.013 0.005 0.000 0.000 0.000 0.000 0.000 0.000 0.000 0.000 0.000 0.000 0.000 0.000 0.000 0.000 0.000
0.005 0.008 0.015 0.027 0.042 0.061 0.085 0.115 0.150 0.191 0.240 0.295 0.357 0.427 0.504 0.588 0.679 0.775 0.878 0.986 1.099 1.216 1.336 1.460 1.586 1.714 1.843 1.973 2.104 2.235 2.365 2.495 2.625 2.753 2.880 3.007 3.131 3.254 3.375 3.495 3.612 3.728 3.841 3.951 4.059 4.164 4.265 4.363 4.456 4.545 4.629 4.707 4.778 4.843 4.900 4.947 4.986 5.014 5.032 5.037 5.029 5.008 4.972 4.920 4.851 4.762 4.655 4.537 4.420 4.312 4.215 4.128 4.053 3.989 3.936 3.895 3.863 3.840 3.821 3.804 3.773 3.720 3.642 3.536 3.402 3.244 3.067 2.878 2.685 2.498 2.322 2.164 2.025 1.905 1.800 1.705 1.612 1.517 1.412 1.297 1.168 1.030 0.884 0.738 0.595 0.463 0.345 0.245 0.165 0.105 0.063 0.036 0.020 0.011 0.003 0.000 0.000 0.000 0.000 0.000 0.000 0.000 0.000 0.000
0.005 0.009 0.018 0.030 0.047 0.069 0.097 0.130 0.171 0.219 0.276 0.340 0.414 0.495 0.584 0.681 0.785 0.895 1.009 1.128 1.251 1.376 1.503 1.632 1.762 1.893 2.025 2.157 2.291 2.426 2.561 2.698 2.836 2.975 3.115 3.256 3.398 3.540 3.682 3.824 3.965 4.104 4.241 4.375 4.506 4.632 4.753 4.867 4.975 5.074 5.165 5.247 5.320 5.382 5.433 5.474 5.505 5.526 5.538 5.541 5.537 5.527 5.512 5.496 5.479 5.463 5.449 5.432 5.400 5.346 5.270 5.175 5.065 4.941 4.804 4.656 4.499 4.333 4.159 3.978 3.798 3.619 3.446 3.278 3.118 2.965 2.821 2.684 2.553 2.424 2.296 2.165 2.027 1.881 1.729 1.570 1.410 1.251 1.099 0.957 0.828 0.713 0.612 0.523 0.446 0.379 0.319 0.265 0.217 0.173 0.134 0.100 0.072 0.049 0.032 0.021 0.013 0.008 0.001 0.000 0.000 0.000 0.000 0.000
0.007 0.015 0.028 0.047 0.072 0.102 0.141 0.187 0.241 0.304 0.376 0.456 0.543 0.639 0.741 0.848 0.961 1.078 1.199 1.323 1.450 1.579 1.710 1.844 1.979 2.117 2.256 2.397 2.540 2.684 2.828 2.974 3.120 3.266 3.411 3.555 3.698 3.838 3.975 4.108 4.237 4.362 4.481 4.594 4.701 4.801 4.893 4.978 5.056 5.126 5.188 5.242 5.289 5.328 5.359 5.383 5.399 5.407 5.407 5.398 5.379 5.351 5.312 5.260 5.195 5.117 5.025 4.926 4.832 4.753 4.687 4.631 4.584 4.543 4.506 4.472 4.440 4.409 4.377 4.343 4.305 4.261 4.209 4.147 4.073 3.986 3.885 3.772 3.646 3.511 3.368 3.221 3.073 2.925 2.780 2.639 2.501 2.366 2.233 2.100 1.966 1.830 1.692 1.550 1.405 1.259 1.114 0.971 0.832 0.702 0.581 0.472 0.375 0.292 0.223 0.165 0.119 0.084 0.057 0.038 0.025 0.016 0.010 0.000
0.005 0.009 0.018 0.030 0.047 0.069 0.096 0.130 0.171 0.219 0.276 0.340 0.414 0.495 0.584 0.681 0.785 0.894 1.009 1.128 1.251 1.376 1.503 1.632 1.762 1.893 2.024 2.157 2.291 2.425 2.561 2.697 2.835 2.974 3.114 3.255 3.397 3.539 3.681 3.823 3.964 4.103 4.241 4.375 4.505 4.631 4.752 4.867 4.974 5.074 5.165 5.247 5.319 5.381 5.433 5.474 5.505 5.526 5.537 5.540 5.536 5.526 5.512 5.496 5.479 5.463 5.449 5.432 5.401 5.346 5.270 5.176 5.065 4.941 4.804 4.657 4.500 4.334 4.159 3.979 3.798 3.620 3.446 3.278 3.118 2.965 2.821 2.684 2.552 2.424 2.296 2.164 2.026 1.881 1.728 1.570 1.410 1.251 1.099 0.957 0.828 0.713 0.612 0.524 0.447 0.379 0.319 0.266 0.217 0.173 0.134 0.100 0.072 0.049 0.032 0.021 0.013 0.008 0.001 0.000 0.000 0.000 0.000 0.000
0.005 0.008 0.015 0.027 0.042 0.061 0.085 0.114 0.150 0.191 0.240 0.295 0.357 0.427 0.504 0.588 0.678 0.775 0.878 0.986 1.099 1.216 1.336 1.460 1.585 1.713 1.842 1.973 2.103 2.234 2.364 2.495 2.624 2.752 2.880 3.006 3.130 3.253 3.374 3.494 3.611 3.727 3.840 3.950 4.058 4.163 4.264 4.362 4.455 4.544 4.628 4.706 4.778 4.842 4.899 4.947 4.985 5.013 5.031 5.036 5.029 5.007 4.971 4.919 4.850 4.761 4.654 4.535 4.419 4.311 4.214 4.127 4.052 3.988 3.935 3.894 3.862 3.839 3.821 3.803 3.772 3.719 3.641 3.535 3.401 3.243 3.066 2.877 2.685 2.498 2.322 2.164 2.025 1.905 1.800 1.705 1.612 1.516 1.412 1.297 1.168 1.030 0.884 0.738 0.595 0.463 0.345 0.245 0.165 0.105 0.063 0.036 0.020 0.011 0.003 0.000 0.000 0.000 0.000 0.000 0.000 0.000 0.000 0.000
0.005 0.008 0.014 0.024 0.038 0.056 0.078 0.104 0.136 0.173 0.216 0.265 0.320 0.382 0.449 0.521 0.600 0.683 0.772 0.865 0.962 1.062 1.166 1.272 1.381 1.492 1.604 1.718 1.832 1.946 2.060 2.174 2.287 2.399 2.510 2.618 2.725 2.829 2.930 3.029 3.125 3.218 3.308 3.394 3.478 3.558 3.635 3.709 3.779 3.847 3.912 3.973 4.031 4.086 4.137 4.184 4.227 4.266 4.301 4.331 4.357 4.378 4.396 4.411 4.425 4.438 4.452 4.454 4.432 4.384 4.309 4.211 4.088 3.939 3.767 3.573 3.362 3.140 2.912 2.687 2.479 2.298 2.149 2.035 1.954 1.901 1.867 1.841 1.813 1.772 1.714 1.633 1.531 1.408 1.269 1.120 0.965 0.811 0.663 0.525 0.402 0.295 0.207 0.137 0.085 0.049 0.026 0.013 0.005 0.000 0.000 0.000 0.000 0.000 0.000 0.000 0.000 0.000 0.000 0.000 0.000 0.000 0.000 0.000
0.005 0.007 0.012 0.021 0.034 0.049 0.069 0.093 0.122 0.155 0.193 0.236 0.285 0.338 0.397 0.461 0.529 0.601 0.677 0.756 0.839 0.924 1.011 1.099 1.189 1.280 1.370 1.461 1.551 1.641 1.729 1.815 1.899 1.981 2.060 2.136 2.208 2.277 2.342 2.403 2.460 2.512 2.559 2.602 2.641 2.675 2.705 2.730 2.752 2.770 2.784 2.796 2.804 2.810 2.813 2.815 2.814 2.811 2.807 2.800 2.790 2.777 2.760 2.738 2.711 2.676 2.634 2.590 2.549 2.513 2.476 2.435 2.390 2.345 2.300 2.256 2.212 2.164 2.109 2.044 1.967 1.875 1.770 1.652 1.525 1.390 1.251 1.110 0.971 0.838 0.713 0.598 0.492 0.397 0.311 0.237 0.173 0.121 0.080 0.049 0.028 0.014 0.005 0.000 0.000 0.000 0.000 0.000 0.000 0.000 0.000 0.000 0.000 0.000 0.000 0.000 0.000 0.000 0.000 0.000 0.000 0.000 0.000 0.000
0.005 0.007 0.010 0.017 0.028 0.042 0.059 0.080 0.105 0.134 0.167 0.204 0.246 0.292 0.343 0.397 0.455 0.516 0.579 0.645 0.713 0.783 0.853 0.923 0.993 1.063 1.131 1.198 1.263 1.325 1.385 1.441 1.493 1.541 1.584 1.623 1.656 1.683 1.705 1.720 1.729 1.732 1.728 1.717 1.700 1.676 1.645 1.609 1.566 1.519 1.466 1.409 1.347 1.283 1.215 1.146 1.075 1.003 0.930 0.858 0.786 0.715 0.646 0.579 0.515 0.453 0.395 0.341 0.291 0.245 0.207 0.178 0.156 0.141 0.131 0.125 0.123 0.121 0.120 0.119 0.119 0.118 0.116 0.112 0.106 0.097 0.087 0.075 0.062 0.049 0.038 0.028 0.020 0.013 0.007 0.002 0.000 0.000 0.000 0.000 0.000 0.000 0.000 0.000 0.000 0.000 0.000 0.000 0.000 0.000 0.000 0.000 0.000 0.000 0.000 0.000 0.000 0.000 0.000 0.000 0.000 0.000 0.000 0.000
0.005 0.006 0.008 0.013 0.022 0.033 0.047 0.065 0.085 0.109 0.137 0.168 0.203 0.241 0.283 0.327 0.375 0.424 0.476 0.529 0.583 0.637 0.692 0.745 0.797 0.848 0.896 0.941 0.984 1.022 1.057 1.087 1.112 1.132 1.146 1.155 1.158 1.154 1.145 1.129 1.107 1.079 1.046 1.007 0.964 0.916 0.865 0.811 0.754 0.697 0.639 0.581 0.525 0.470 0.417 0.367 0.321 0.277 0.238 0.203 0.171 0.143 0.118 0.097 0.079 0.064 0.051 0.040 0.031 0.025 0.020 0.015 0.009 0.007 0.006 0.006 0.007 0.007 0.002 0.000 0.000 0.000 0.000 0.000 0.000 0.000 0.000 0.000 0.000 0.000 0.000 0.000 0.000 0.000 0.000 0.000 0.000 0.000 0.000 0.000 0.000 0.000 0.000 0.000 0.000 0.000 0.000 0.000 0.000 0.000 0.000 0.000 0.000 0.000 0.000 0.000 0.000 0.000 0.000 0.000 0.000 0.000 0.000 0.000
0.004 0.006 0.007 0.009 0.015 0.023 0.034 0.048 0.064 0.083 0.104 0.129 0.156 0.186 0.218 0.253 0.290 0.328 0.367 0.407 0.447 0.487 0.526 0.564 0.600 0.633 0.663 0.691 0.714 0.734 0.749 0.760 0.765 0.766 0.762 0.753 0.739 0.720 0.696 0.669 0.637 0.603 0.565 0.526 0.485 0.444 0.403 0.362 0.322 0.284 0.248 0.215 0.185 0.157 0.132 0.110 0.091 0.075 0.061 0.049 0.039 0.030 0.024 0.019 0.015 0.011 0.007 0.005 0.005 0.006 0.007 0.006 0.001 0.000 0.000 0.000 0.000 0.000 0.000 0.000 0.000 0.000 0.000 0.000 0.000 0.000 0.000 0.000 0.000 0.000 0.000 0.000 0.000 0.000 0.000 0.000 0.000 0.000 0.000 0.000 0.000 0.000 0.000 0.000 0.000 0.000 0.000 0.000 0.000 0.000 0.000 0.000 0.000 0.000 0.000 0.000 0.000 0.000 0.000 0.000 0.000 0.000 0.000 0.000
0.004 0.006 0.007 0.008 0.009 0.014 0.022 0.031 0.043 0.056 0.072 0.090 0.109 0.131 0.154 0.179 0.206 0.233 0.260 0.288 0.316 0.343 0.368 0.392 0.414 0.433 0.450 0.463 0.473 0.480 0.483 0.482 0.477 0.468 0.456 0.440 0.422 0.401 0.377 0.352 0.325 0.298 0.270 0.243 0.216 0.190 0.166 0.143 0.123 0.104 0.087 0.072 0.059 0.048 0.039 0.031 0.024 0.019 0.015 0.012 0.008 0.006 0.005 0.005 0.006 0.007 0.003 0.000 0.000 0.000 0.000 0.000 0.000 0.000 0.000 0.000 0.000 0.000 0.000 0.000 0.000 0.000 0.000 0.000 0.000 0.000 0.000 0.000 0.000 0.000 0.000 0.000 0.000 0.000 0.000 0.000 0.000 0.000 0.000 0.000 0.000 0.000 0.000 0.000 0.000 0.000 0.000 0.000 0.000 0.000 0.000 0.000 0.000 0.000 0.000 0.000 0.000 0.000 0.000 0.000 0.000 0.000 0.000 0.000
0.004 0.006 0.006 0.007 0.008 0.009 0.012 0.017 0.024 0.033 0.043 0.055 0.068 0.082 0.097 0.113 0.130 0.147 0.165 0.182 0.199 0.215 0.230 0.244 0.255 0.265 0.272 0.277 0.279 0.279 0.276 0.270 0.262 0.252 0.240 0.226 0.211 0.195 0.179 0.162 0.145 0.129 0.113 0.098 0.085 0.072 0.060 0.050 0.042 0.034 0.027 0.022 0.017 0.014 0.011 0.008 0.005 0.004 0.005 0.006 0.006 0.002 0.000 0.000 0.000 0.000 0.000 0.000 0.000 0.000 0.000 0.000 0.000 0.000 0.000 0.000 0.000 0.000 0.000 0.000 0.000 0.000 0.000 0.000 0.000 0.000 0.000 0.000 0.000 0.000 0.000 0.000 0.000 0.000 0.000 0.000 0.000 0.000 0.000 0.000 0.000 0.000 0.000 0.000 0.000 0.000 0.000 0.000 0.000 0.000 0.000 0.000 0.000 0.000 0.000 0.000 0.000 0.000 0.000 0.000 0.000 0.000 0.000 0.000
0.004 0.005 0.006 0.007 0.007 0.007 0.008 0.009 0.012 0.016 0.022 0.028 0.036 0.044 0.052 0.062 0.071 0.081 0.091 0.100 0.109 0.118 0.125 0.131 0.137 0.140 0.142 0.143 0.142 0.140 0.136 0.131 0.124 0.117 0.109 0.100 0.091 0.082 0.073 0.064 0.056 0.048 0.041 0.035 0.029 0.024 0.019 0.015 0.013 0.010 0.008 0.005 0.004 0.004 0.006 0.006 0.002 0.000 0.000 0.000 0.000 0.000 0.000 0.000 0.000 0.000 0.000 0.000 0.000 0.000 0.000 0.000 0.000 0.000 0.000 0.000 0.000 0.000 0.000 0.000 0.000 0.000 0.000 0.000 0.000 0.000 0.000 0.000 0.000 0.000 0.000 0.000 0.000 0.000 0.000 0.000 0.000 0.000 0.000 0.000 0.000 0.000 0.000 0.000 0.000 0.000 0.000 0.000 0.000 0.000 0.000 0.000 0.000 0.000 0.000 0.000 0.000 0.000 0.000 0.000 0.000 0.000 0.000 0.000
0.004 0.005 0.006 0.006 0.006 0.007 0.007 0.007 0.007 0.008 0.009 0.012 0.015 0.019 0.023 0.027 0.032 0.037 0.041 0.046 0.050 0.054 0.057 0.059 0.061 0.062 0.063 0.062 0.061 0.059 0.056 0.053 0.050 0.046 0.042 0.037 0.033 0.029 0.025 0.022 0.018 0.015 0.013 0.011 0.009 0.007 0.005 0.004 0.004 0.005 0.006 0.003 0.000 0.000 0.000 0.000 0.000 0.000 0.000 0.000 0.000 0.000 0.000 0.000 0.000 0.000 0.000 0.000 0.000 0.000 0.000 0.000 0.000 0.000 0.000 0.000 0.000 0.000 0.000 0.000 0.000 0.000 0.000 0.000 0.000 0.000 0.000 0.000 0.000 0.000 0.000 0.000 0.000 0.000 0.000 0.000 0.000 0.000 0.000 0.000 0.000 0.000 0.000 0.000 0.000 0.000 0.000 0.000 0.000 0.000 0.000 0.000 0.000 0.000 0.000 0.000 0.000 0.000 0.000 0.000 0.000 0.000 0.000 0.000
0.004 0.005 0.005 0.005 0.006 0.006 0.006 0.006 0.006 0.006 0.007 0.007 0.007 0.008 0.008 0.010 0.012 0.013 0.015 0.016 0.018 0.019 0.020 0.021 0.022 0.022 0.022 0.022 0.021 0.020 0.019 0.018 0.016 0.015 0.013 0.012 0.010 0.009 0.008 0.007 0.005 0.004 0.003 0.003 0.005 0.006 0.003 0.000 0.000 0.000 0.000 0.000 0.000 0.000 0.000 0.000 0.000 0.000 0.000 0.000 0.000 0.000 0.000 0.000 0.000 0.000 0.000 0.000 0.000 0.000 0.000 0.000 0.000 0.000 0.000 0.000 0.000 0.000 0.000 0.000 0.000 0.000 0.000 0.000 0.000 0.000 0.000 0.000 0.000 0.000 0.000 0.000 0.000 0.000 0.000 0.000 0.000 0.000 0.000 0.000 0.000 0.000 0.000 0.000 0.000 0.000 0.000 0.000 0.000 0.000 0.000 0.000 0.000 0.000 0.000 0.000 0.000 0.000 0.000 0.000 0.000 0.000 0.000 0.000
0.003 0.004 0.004 0.004 0.004 0.004 0.004 0.004 0.004 0.004 0.004 0.004 0.005 0.005 0.005 0.005 0.005 0.005 0.005 0.006 0.006 0.006 0.006 0.006 0.006 0.006 0.006 0.006 0.006 0.006 0.005 0.005 0.005 0.004 0.004 0.003 0.002 0.002 0.003 0.004 0.005 0.002 0.000 0.000 0.000 0.000 0.000 0.000 0.000 0.000 0.000 0.000 0.000 0.000 0.000 0.000 0.000 0.000 0.000 0.000 0.000 0.000 0.000 0.000 0.000 0.000 0.000 0.000 0.000 0.000 0.000 0.000 0.000 0.000 0.000 0.000 0.000 0.000 0.000 0.000 0.000 0.000 0.000 0.000 0.000 0.000 0.000 0.000 0.000 0.000 0.000 0.000 0.000 0.000 0.000 0.000 0.000 0.000 0.000 0.000 0.000 0.000 0.000 0.000 0.000 0.000 0.000 0.000 0.000 0.000 0.000 0.000 0.000 0.000 0.000 0.000 0.000 0.000 0.000 0.000 0.000 0.000 0.000 0.000
