Examples/2023_ISeeSnow/data/CoulombOnly/Results/curv77s/h/1HS_03_curv77s_MoT-Voellmy_h_0052.asc
ncols        166
nrows        45
xllcorner    3132.5
yllcorner    -4362.5
cellsize     5.00
NODATA_value -9999
[rows 0 to 33 of 45, columns 0 to 76 of 166]
0.000 0.000 0.000 0.000 0.000 0.000 0.000 0.000 0.000 0.000 0.000 0.000 0.000 0.000 0.000 0.000 0.000 0.000 0.000 0.000 0.000 0.000 0.000 0.000 0.000 0.000 0.000 0.000 0.000 0.000 0.000 0.000 0.000 0.000 0.000 0.000 0.000 0.000 0.000 0.000 0.000 0.000 0.000 0.000 0.000 0.000 0.000 0.000 0.000 0.000 0.000 0.000 0.000 0.000 0.000 0.000 0.000 0.000 0.000 0.000 0.000 0.000 0.000 0.000 0.000 0.000 0.000 0.000 0.000 0.000 0.000 0.000 0.000 0.000 0.000 0.000 0.000
0.000 0.000 0.000 0.000 0.000 0.000 0.000 0.000 0.000 0.000 0.000 0.000 0.000 0.000 0.000 0.000 0.000 0.000 0.000 0.000 0.000 0.000 0.000 0.000 0.000 0.000 0.000 0.000 0.000 0.000 0.000 0.000 0.000 0.000 0.000 0.000 0.000 0.000 0.000 0.000 0.000 0.000 0.000 0.000 0.000 0.000 0.000 0.000 0.000 0.000 0.000 0.000 0.000 0.000 0.000 0.000 0.000 0.000 0.000 0.000 0.000 0.000 0.000 0.000 0.000 0.000 0.000 0.000 0.000 0.000 0.001 0.001 0.001 0.001 0.002 0.002 0.002
0.000 0.000 0.000 0.000 0.000 0.000 0.000 0.000 0.000 0.000 0.000 0.000 0.000 0.000 0.000 0.000 0.000 0.000 0.000 0.000 0.000 0.000 0.000 0.000 0.000 0.000 0.000 0.000 0.000 0.000 0.000 0.000 0.000 0.000 0.000 0.000 0.000 0.000 0.000 0.000 0.000 0.000 0.000 0.000 0.000 0.000 0.000 0.000 0.000 0.000 0.000 0.000 0.000 0.000 0.000 0.000 0.000 0.000 0.000 0.000 0.000 0.001 0.001 0.001 0.001 0.002 0.002 0.002 0.002 0.003 0.003 0.003 0.004 0.004 0.005 0.005 0.006
0.000 0.000 0.000 0.000 0.000 0.000 0.000 0.000 0.000 0.000 0.000 0.000 0.000 0.000 0.000 0.000 0.000 0.000 0.000 0.000 0.000 0.000 0.000 0.000 0.000 0.000 0.000 0.000 0.000 0.000 0.000 0.000 0.000 0.000 0.000 0.000 0.000 0.000 0.000 0.000 0.000 0.000 0.000 0.000 0.000 0.000 0.000 0.000 0.000 0.000 0.000 0.000 0.000 0.001 0.001 0.001 0.001 0.002 0.002 0.002 0.002 0.002 0.002 0.003 0.003 0.003 0.004 0.004 0.005 0.006 0.006 0.008 0.009 0.010 0.011 0.013 0.015
0.000 0.000 0.000 0.000 0.000 0.000 0.000 0.000 0.000 0.000 0.000 0.000 0.000 0.000 0.000 0.000 0.000 0.000 0.000 0.000 0.000 0.000 0.000 0.000 0.000 0.000 0.000 0.000 0.000 0.000 0.000 0.000 0.000 0.000 0.000 0.000 0.000 0.000 0.000 0.000 0.000 0.000 0.000 0.000 0.000 0.001 0.001 0.001 0.001 0.001 0.001 0.001 0.001 0.002 0.002 0.002 0.002 0.002 0.003 0.003 0.003 0.004 0.004 0.005 0.006 0.007 0.009 0.010 0.012 0.014 0.016 0.019 0.023 0.027 0.031 0.036 0.042
0.000 0.000 0.000 0.000 0.000 0.000 0.000 0.000 0.000 0.000 0.000 0.000 0.000 0.000 0.000 0.000 0.000 0.000 0.000 0.000 0.000 0.000 0.000 0.000 0.000 0.000 0.000 0.000 0.000 0.000 0.000 0.000 0.000 0.000 0.000 0.000 0.000 0.001 0.001 0.001 0.001 0.001 0.001 0.001 0.001 0.001 0.001 0.001 0.001 0.001 0.002 0.002 0.002 0.002 0.003 0.003 0.004 0.005 0.005 0.007 0.008 0.009 0.010 0.012 0.014 0.017 0.021 0.025 0.030 0.036 0.043 0.051 0.059 0.068 0.078 0.088 0.099
0.000 0.000 0.000 0.000 0.000 0.000 0.000 0.000 0.000 0.000 0.000 0.000 0.000 0.000 0.000 0.000 0.000 0.000 0.000 0.000 0.000 0.000 0.000 0.000 0.000 0.000 0.000 0.000 0.000 0.001 0.001 0.001 0.001 0.001 0.001 0.001 0.001 0.001 0.001 0.001 0.001 0.001 0.001 0.001 0.001 0.001 0.002 0.002 0.002 0.003 0.003 0.004 0.005 0.006 0.006 0.007 0.008 0.009 0.010 0.012 0.015 0.019 0.024 0.030 0.037 0.044 0.053 0.064 0.075 0.087 0.101 0.115 0.131 0.148 0.165 0.183 0.201
0.000 0.000 0.000 0.000 0.000 0.000 0.000 0.000 0.000 0.000 0.000 0.000 0.000 0.000 0.000 0.000 0.000 0.000 0.000 0.000 0.000 0.001 0.001 0.001 0.001 0.001 0.001 0.001 0.001 0.001 0.001 0.001 0.001 0.001 0.001 0.001 0.001 0.001 0.001 0.001 0.001 0.002 0.002 0.003 0.003 0.004 0.004 0.005 0.005 0.006 0.007 0.007 0.008 0.009 0.010 0.012 0.015 0.020 0.025 0.032 0.040 0.049 0.060 0.073 0.087 0.103 0.120 0.138 0.158 0.180 0.202 0.225 0.249 0.273 0.298 0.323 0.347
0.000 0.000 0.000 0.000 0.000 0.000 0.000 0.000 0.000 0.000 0.000 0.000 0.000 0.000 0.000 0.000 0.000 0.000 0.000 0.000 0.000 0.000 0.000 0.000 0.000 0.000 0.000 0.001 0.001 0.001 0.001 0.001 0.001 0.001 0.001 0.002 0.002 0.003 0.003 0.004 0.004 0.004 0.005 0.005 0.006 0.006 0.006 0.007 0.008 0.008 0.009 0.011 0.014 0.018 0.024 0.031 0.040 0.050 0.063 0.077 0.093 0.111 0.131 0.153 0.177 0.202 0.229 0.257 0.286 0.316 0.346 0.377 0.407 0.437 0.466 0.495 0.522
0.000 0.000 0.000 0.000 0.000 0.000 0.000 0.000 0.000 0.000 0.000 0.000 0.000 0.000 0.000 0.000 0.000 0.000 0.000 0.000 0.000 0.001 0.001 0.001 0.001 0.001 0.001 0.001 0.002 0.002 0.002 0.003 0.003 0.004 0.004 0.004 0.005 0.005 0.005 0.005 0.006 0.006 0.006 0.007 0.007 0.008 0.009 0.009 0.012 0.016 0.021 0.028 0.037 0.047 0.060 0.075 0.092 0.112 0.134 0.158 0.185 0.213 0.244 0.276 0.309 0.343 0.378 0.413 0.448 0.483 0.517 0.550 0.583 0.614 0.644 0.672 0.699
0.000 0.000 0.000 0.000 0.000 0.000 0.000 0.000 0.000 0.000 0.000 0.000 0.001 0.001 0.001 0.001 0.001 0.001 0.001 0.002 0.002 0.002 0.002 0.003 0.003 0.003 0.003 0.004 0.004 0.004 0.004 0.005 0.005 0.005 0.005 0.006 0.006 0.006 0.006 0.007 0.007 0.007 0.008 0.009 0.010 0.012 0.017 0.023 0.031 0.041 0.053 0.067 0.085 0.104 0.127 0.152 0.180 0.211 0.243 0.278 0.314 0.352 0.390 0.429 0.468 0.507 0.545 0.582 0.619 0.654 0.688 0.720 0.751 0.780 0.807 0.832 0.856
0.000 0.000 0.000 0.000 0.001 0.001 0.001 0.001 0.001 0.001 0.002 0.002 0.002 0.002 0.002 0.003 0.003 0.003 0.003 0.004 0.004 0.004 0.004 0.004 0.005 0.005 0.005 0.005 0.005 0.005 0.006 0.006 0.006 0.006 0.006 0.007 0.007 0.007 0.007 0.008 0.009 0.010 0.013 0.018 0.024 0.033 0.044 0.057 0.073 0.092 0.114 0.139 0.167 0.197 0.231 0.266 0.304 0.343 0.384 0.425 0.467 0.509 0.550 0.591 0.631 0.670 0.707 0.743 0.777 0.810 0.840 0.869 0.896 0.920 0.943 0.964 0.983
0.001 0.002 0.002 0.002 0.002 0.002 0.003 0.003 0.003 0.003 0.003 0.003 0.004 0.004 0.004 0.004 0.004 0.005 0.005 0.005 0.005 0.005 0.005 0.005 0.006 0.006 0.006 0.006 0.006 0.006 0.006 0.007 0.007 0.007 0.007 0.008 0.008 0.009 0.010 0.013 0.018 0.025 0.034 0.046 0.060 0.077 0.097 0.120 0.146 0.176 0.208 0.243 0.281 0.320 0.362 0.404 0.447 0.491 0.535 0.578 0.621 0.662 0.703 0.742 0.779 0.815 0.848 0.880 0.910 0.938 0.964 0.988 1.010 1.030 1.048 1.064 1.078
0.002 0.003 0.003 0.003 0.003 0.004 0.004 0.004 0.004 0.004 0.004 0.005 0.005 0.005 0.005 0.005 0.005 0.005 0.006 0.006 0.006 0.006 0.006 0.006 0.006 0.006 0.006 0.007 0.007 0.007 0.007 0.007 0.008 0.008 0.009 0.010 0.013 0.018 0.025 0.034 0.046 0.061 0.079 0.099 0.123 0.150 0.180 0.213 0.249 0.288 0.328 0.370 0.413 0.457 0.502 0.547 0.591 0.634 0.677 0.718 0.758 0.797 0.833 0.868 0.901 0.932 0.961 0.988 1.013 1.036 1.057 1.076 1.093 1.108 1.121 1.133 1.142
0.003 0.004 0.004 0.004 0.004 0.004 0.005 0.005 0.005 0.005 0.005 0.005 0.005 0.005 0.006 0.006 0.006 0.006 0.006 0.006 0.006 0.006 0.007 0.007 0.007 0.007 0.007 0.007 0.007 0.008 0.008 0.009 0.010 0.013 0.018 0.025 0.035 0.046 0.061 0.078 0.099 0.123 0.151 0.181 0.214 0.249 0.287 0.328 0.369 0.412 0.456 0.501 0.545 0.589 0.633 0.676 0.718 0.758 0.797 0.835 0.870 0.904 0.935 0.965 0.993 1.018 1.042 1.063 1.083 1.100 1.116 1.130 1.141 1.152 1.160 1.167 1.172
0.003 0.004 0.004 0.005 0.005 0.005 0.005 0.005 0.005 0.005 0.006 0.006 0.006 0.006 0.006 0.006 0.006 0.006 0.006 0.007 0.007 0.007 0.007 0.007 0.007 0.007 0.008 0.008 0.009 0.010 0.013 0.018 0.026 0.035 0.047 0.061 0.078 0.098 0.121 0.148 0.177 0.210 0.245 0.282 0.320 0.361 0.402 0.445 0.488 0.531 0.574 0.617 0.660 0.701 0.741 0.780 0.817 0.852 0.886 0.917 0.947 0.974 0.999 1.022 1.044 1.063 1.080 1.095 1.108 1.120 1.130 1.138 1.145 1.150 1.153 1.156 1.157
0.003 0.005 0.005 0.005 0.005 0.005 0.006 0.006 0.006 0.006 0.006 0.006 0.006 0.006 0.006 0.006 0.007 0.007 0.007 0.007 0.007 0.007 0.007 0.008 0.008 0.009 0.010 0.013 0.019 0.026 0.036 0.047 0.061 0.078 0.097 0.119 0.144 0.171 0.201 0.234 0.269 0.307 0.346 0.384 0.424 0.464 0.504 0.545 0.585 0.624 0.663 0.701 0.737 0.771 0.803 0.834 0.862 0.887 0.911 0.932 0.950 0.966 0.980 0.992 1.002 1.010 1.016 1.020 1.023 1.025 1.026 1.025 1.024 1.022 1.019 1.017 1.014
0.004 0.005 0.005 0.005 0.006 0.006 0.006 0.006 0.006 0.006 0.006 0.006 0.006 0.007 0.007 0.007 0.007 0.007 0.007 0.007 0.008 0.008 0.009 0.010 0.014 0.019 0.027 0.036 0.047 0.061 0.076 0.094 0.114 0.137 0.162 0.189 0.218 0.249 0.282 0.317 0.354 0.391 0.428 0.463 0.498 0.532 0.565 0.596 0.625 0.651 0.674 0.694 0.710 0.722 0.730 0.733 0.733 0.728 0.719 0.706 0.690 0.670 0.648 0.623 0.596 0.568 0.539 0.510 0.480 0.451 0.424 0.397 0.373 0.351 0.331 0.314 0.300
0.004 0.005 0.005 0.006 0.006 0.006 0.006 0.006 0.006 0.006 0.007 0.007 0.007 0.007 0.007 0.007 0.008 0.008 0.008 0.009 0.010 0.015 0.021 0.028 0.037 0.047 0.058 0.071 0.085 0.101 0.117 0.134 0.153 0.171 0.191 0.211 0.232 0.255 0.280 0.307 0.337 0.372 0.410 0.451 0.497 0.547 0.601 0.659 0.720 0.786 0.854 0.925 0.998 1.073 1.150 1.228 1.308 1.389 1.472 1.555 1.641 1.727 1.816 1.905 1.996 2.087 2.179 2.272 2.364 2.455 2.545 2.633 2.719 2.803 2.883 2.959 3.032
0.004 0.005 0.006 0.006 0.006 0.006 0.007 0.007 0.007 0.007 0.007 0.007 0.008 0.008 0.008 0.008 0.009 0.012 0.017 0.022 0.028 0.035 0.042 0.048 0.054 0.060 0.064 0.067 0.069 0.069 0.069 0.068 0.065 0.063 0.059 0.055 0.051 0.048 0.044 0.042 0.041 0.043 0.046 0.051 0.056 0.063 0.069 0.076 0.082 0.087 0.091 0.093 0.094 0.093 0.091 0.088 0.083 0.079 0.073 0.069 0.064 0.061 0.058 0.057 0.057 0.059 0.062 0.065 0.070 0.075 0.080 0.085 0.089 0.093 0.096 0.098 0.098
0.004 0.006 0.007 0.007 0.007 0.008 0.008 0.008 0.008 0.008 0.009 0.012 0.018 0.025 0.033 0.043 0.055 0.068 0.084 0.103 0.124 0.150 0.179 0.214 0.253 0.298 0.350 0.409 0.474 0.545 0.623 0.708 0.799 0.896 1.001 1.112 1.229 1.352 1.478 1.608 1.737 1.865 1.986 2.096 2.205 2.312 2.417 2.521 2.625 2.730 2.837 2.945 3.056 3.170 3.287 3.406 3.528 3.651 3.775 3.900 4.023 4.146 4.266 4.383 4.497 4.608 4.715 4.818 4.917 5.011 5.101 5.186 5.267 5.342 5.412 5.476 5.535
0.003 0.004 0.005 0.005 0.005 0.005 0.005 0.005 0.005 0.005 0.005 0.005 0.005 0.006 0.006 0.006 0.006 0.006 0.006 0.006 0.006 0.006 0.007 0.007 0.007 0.008 0.008 0.010 0.012 0.014 0.016 0.019 0.022 0.025 0.028 0.030 0.032 0.033 0.032 0.031 0.030 0.030 0.029 0.029 0.029 0.029 0.028 0.028 0.027 0.027 0.025 0.024 0.023 0.022 0.020 0.019 0.017 0.016 0.015 0.014 0.014 0.014 0.014 0.014 0.014 0.015 0.015 0.015 0.016 0.016 0.016 0.016 0.015 0.015 0.014 0.014 0.013
0.006 0.013 0.022 0.033 0.044 0.056 0.069 0.082 0.097 0.113 0.131 0.150 0.172 0.196 0.222 0.252 0.284 0.320 0.359 0.403 0.450 0.501 0.557 0.618 0.683 0.753 0.829 0.909 0.994 1.084 1.179 1.279 1.384 1.494 1.608 1.727 1.851 1.978 2.110 2.245 2.384 2.525 2.661 2.788 2.918 3.048 3.178 3.307 3.435 3.561 3.687 3.811 3.933 4.054 4.172 4.289 4.403 4.515 4.625 4.733 4.837 4.940 5.040 5.137 5.232 5.324 5.413 5.499 5.583 5.664 5.741 5.816 5.888 5.957 6.023 6.086 6.146
0.003 0.004 0.005 0.005 0.005 0.005 0.005 0.005 0.005 0.005 0.005 0.005 0.005 0.006 0.006 0.006 0.006 0.006 0.006 0.006 0.006 0.006 0.007 0.007 0.007 0.008 0.008 0.010 0.012 0.014 0.016 0.019 0.022 0.025 0.028 0.030 0.032 0.033 0.032 0.031 0.030 0.030 0.029 0.029 0.029 0.029 0.028 0.028 0.027 0.026 0.025 0.024 0.023 0.021 0.020 0.019 0.017 0.016 0.015 0.014 0.014 0.014 0.014 0.014 0.014 0.015 0.015 0.016 0.016 0.016 0.016 0.016 0.016 0.016 0.015 0.014 0.014
0.004 0.006 0.007 0.007 0.007 0.008 0.008 0.008 0.008 0.008 0.009 0.012 0.018 0.025 0.033 0.043 0.055 0.068 0.084 0.103 0.124 0.150 0.179 0.214 0.253 0.298 0.350 0.409 0.474 0.545 0.623 0.708 0.799 0.897 1.001 1.112 1.229 1.352 1.479 1.608 1.738 1.865 1.986 2.097 2.206 2.313 2.418 2.522 2.626 2.731 2.837 2.945 3.056 3.170 3.287 3.407 3.529 3.652 3.776 3.901 4.024 4.146 4.267 4.384 4.499 4.610 4.717 4.820 4.919 5.013 5.103 5.188 5.268 5.343 5.413 5.478 5.537
0.004 0.005 0.006 0.006 0.006 0.006 0.007 0.007 0.007 0.007 0.007 0.007 0.008 0.008 0.008 0.008 0.009 0.012 0.017 0.022 0.028 0.035 0.042 0.048 0.054 0.060 0.064 0.067 0.069 0.069 0.069 0.068 0.065 0.063 0.059 0.055 0.051 0.048 0.044 0.042 0.041 0.043 0.046 0.051 0.056 0.063 0.069 0.076 0.082 0.087 0.091 0.093 0.094 0.093 0.091 0.088 0.084 0.079 0.074 0.069 0.064 0.061 0.058 0.057 0.057 0.059 0.062 0.066 0.070 0.075 0.080 0.085 0.089 0.093 0.096 0.098 0.098
0.004 0.005 0.005 0.006 0.006 0.006 0.006 0.006 0.006 0.006 0.007 0.007 0.007 0.007 0.007 0.007 0.008 0.008 0.008 0.009 0.010 0.015 0.021 0.028 0.037 0.047 0.058 0.071 0.085 0.101 0.117 0.134 0.153 0.171 0.191 0.211 0.232 0.255 0.280 0.307 0.337 0.372 0.410 0.451 0.497 0.546 0.601 0.659 0.720 0.786 0.854 0.925 0.998 1.073 1.150 1.229 1.309 1.390 1.472 1.556 1.641 1.728 1.816 1.906 1.997 2.088 2.181 2.273 2.365 2.456 2.547 2.635 2.721 2.804 2.885 2.961 3.034
0.004 0.005 0.005 0.005 0.006 0.006 0.006 0.006 0.006 0.006 0.006 0.006 0.006 0.007 0.007 0.007 0.007 0.007 0.007 0.007 0.008 0.008 0.009 0.010 0.014 0.019 0.027 0.036 0.047 0.061 0.076 0.094 0.114 0.137 0.162 0.189 0.218 0.249 0.282 0.317 0.354 0.391 0.428 0.463 0.498 0.532 0.565 0.596 0.625 0.651 0.674 0.694 0.710 0.722 0.730 0.733 0.733 0.728 0.719 0.706 0.690 0.670 0.648 0.623 0.596 0.568 0.539 0.509 0.480 0.451 0.423 0.397 0.372 0.350 0.330 0.313 0.299
0.003 0.005 0.005 0.005 0.005 0.005 0.005 0.006 0.006 0.006 0.006 0.006 0.006 0.006 0.006 0.006 0.007 0.007 0.007 0.007 0.007 0.007 0.007 0.008 0.008 0.009 0.010 0.013 0.019 0.026 0.036 0.047 0.061 0.078 0.097 0.119 0.144 0.171 0.201 0.234 0.269 0.307 0.346 0.384 0.424 0.464 0.504 0.545 0.585 0.624 0.663 0.701 0.737 0.771 0.803 0.834 0.862 0.887 0.911 0.932 0.950 0.966 0.980 0.992 1.002 1.010 1.016 1.020 1.023 1.025 1.025 1.025 1.024 1.022 1.019 1.016 1.014
0.003 0.004 0.004 0.005 0.005 0.005 0.005 0.005 0.005 0.005 0.006 0.006 0.006 0.006 0.006 0.006 0.006 0.006 0.006 0.007 0.007 0.007 0.007 0.007 0.007 0.007 0.008 0.008 0.009 0.010 0.013 0.018 0.026 0.035 0.047 0.061 0.078 0.098 0.121 0.148 0.177 0.210 0.245 0.282 0.320 0.361 0.402 0.445 0.488 0.531 0.574 0.617 0.660 0.701 0.741 0.780 0.817 0.852 0.886 0.917 0.947 0.974 0.999 1.022 1.044 1.063 1.080 1.095 1.108 1.120 1.130 1.138 1.144 1.150 1.153 1.156 1.157
0.003 0.004 0.004 0.004 0.004 0.004 0.005 0.005 0.005 0.005 0.005 0.005 0.005 0.005 0.006 0.006 0.006 0.006 0.006 0.006 0.006 0.006 0.007 0.007 0.007 0.007 0.007 0.007 0.007 0.008 0.008 0.009 0.010 0.013 0.018 0.025 0.035 0.046 0.061 0.078 0.099 0.123 0.151 0.181 0.214 0.249 0.287 0.328 0.369 0.412 0.456 0.501 0.545 0.589 0.633 0.676 0.718 0.758 0.797 0.835 0.870 0.904 0.935 0.965 0.993 1.018 1.042 1.063 1.083 1.100 1.116 1.130 1.141 1.151 1.160 1.166 1.172
0.002 0.003 0.003 0.003 0.003 0.004 0.004 0.004 0.004 0.004 0.004 0.005 0.005 0.005 0.005 0.005 0.005 0.005 0.006 0.006 0.006 0.006 0.006 0.006 0.006 0.006 0.006 0.007 0.007 0.007 0.007 0.007 0.008 0.008 0.009 0.010 0.013 0.018 0.025 0.034 0.046 0.061 0.079 0.099 0.123 0.150 0.180 0.213 0.249 0.288 0.328 0.370 0.413 0.457 0.502 0.547 0.591 0.634 0.677 0.718 0.758 0.797 0.833 0.868 0.901 0.932 0.961 0.988 1.013 1.036 1.057 1.076 1.093 1.108 1.121 1.133 1.142
0.001 0.002 0.002 0.002 0.002 0.002 0.003 0.003 0.003 0.003 0.003 0.003 0.004 0.004 0.004 0.004 0.004 0.005 0.005 0.005 0.005 0.005 0.005 0.005 0.006 0.006 0.006 0.006 0.006 0.006 0.006 0.007 0.007 0.007 0.007 0.008 0.008 0.009 0.010 0.013 0.018 0.025 0.034 0.046 0.060 0.077 0.097 0.120 0.146 0.176 0.208 0.243 0.281 0.320 0.362 0.404 0.447 0.491 0.535 0.578 0.621 0.662 0.703 0.742 0.779 0.815 0.848 0.880 0.910 0.938 0.964 0.988 1.010 1.030 1.048 1.064 1.078
0.000 0.000 0.000 0.000 0.001 0.001 0.001 0.001 0.001 0.001 0.002 0.002 0.002 0.002 0.002 0.003 0.003 0.003 0.003 0.004 0.004 0.004 0.004 0.004 0.005 0.005 0.005 0.005 0.005 0.005 0.006 0.006 0.006 0.006 0.006 0.007 0.007 0.007 0.007 0.008 0.009 0.010 0.013 0.018 0.024 0.033 0.044 0.057 0.073 0.092 0.114 0.139 0.166 0.197 0.231 0.266 0.304 0.343 0.384 0.425 0.467 0.509 0.550 0.591 0.631 0.670 0.707 0.743 0.777 0.810 0.840 0.869 0.896 0.920 0.943 0.964 0.983
