Examples/2023_ISeeSnow/data/CoulombOnly/Results/curv77s/h/1HS_03_curv77s_MoT-Voellmy_h_0015.asc
ncols        97
nrows        39
xllcorner    1167.5
yllcorner    -4347.5
cellsize     5.00
NODATA_value -9999
[rows 0 to 33 of 39, columns 0 to 76 of 97]
0.002 0.002 0.002 0.003 0.003 0.003 0.003 0.003 0.004 0.004 0.005 0.006 0.006 0.002 0.000 0.000 0.000 0.000 0.000 0.000 0.000 0.000 0.000 0.000 0.000 0.000 0.000 0.000 0.000 0.000 0.000 0.000 0.000 0.000 0.000 0.000 0.000 0.000 0.000 0.000 0.000 0.000 0.000 0.000 0.000 0.000 0.000 0.000 0.000 0.000 0.000 0.000 0.000 0.000 0.000 0.000 0.000 0.000 0.000 0.000 0.000 0.000 0.000 0.000 0.000 0.000 0.000 0.000 0.000 0.000 0.000 0.000 0.000 0.000 0.000 0.000 0.000
0.003 0.004 0.004 0.005 0.005 0.005 0.006 0.006 0.006 0.007 0.007 0.008 0.011 0.016 0.023 0.029 0.036 0.043 0.049 0.054 0.058 0.060 0.060 0.059 0.056 0.051 0.046 0.040 0.034 0.028 0.023 0.018 0.014 0.010 0.009 0.009 0.008 0.003 0.000 0.000 0.000 0.000 0.000 0.000 0.000 0.000 0.000 0.000 0.000 0.000 0.000 0.000 0.000 0.000 0.000 0.000 0.000 0.000 0.000 0.000 0.000 0.000 0.000 0.000 0.000 0.000 0.000 0.000 0.000 0.000 0.000 0.000 0.000 0.000 0.000 0.000 0.000
0.004 0.005 0.005 0.006 0.006 0.007 0.007 0.008 0.012 0.020 0.030 0.043 0.060 0.079 0.101 0.124 0.149 0.173 0.195 0.215 0.233 0.246 0.256 0.261 0.261 0.257 0.250 0.239 0.225 0.208 0.190 0.172 0.152 0.134 0.116 0.100 0.083 0.068 0.054 0.043 0.034 0.026 0.019 0.014 0.010 0.009 0.009 0.009 0.006 0.001 0.000 0.000 0.000 0.000 0.000 0.000 0.000 0.000 0.000 0.000 0.000 0.000 0.000 0.000 0.000 0.000 0.000 0.000 0.000 0.000 0.000 0.000 0.000 0.000 0.000 0.000 0.000
0.004 0.005 0.006 0.007 0.007 0.009 0.013 0.022 0.034 0.050 0.070 0.094 0.121 0.151 0.183 0.216 0.249 0.280 0.310 0.337 0.361 0.382 0.399 0.412 0.421 0.427 0.430 0.429 0.426 0.419 0.410 0.398 0.384 0.368 0.350 0.330 0.309 0.286 0.263 0.239 0.216 0.192 0.170 0.148 0.128 0.110 0.094 0.079 0.064 0.051 0.040 0.032 0.024 0.019 0.013 0.009 0.007 0.006 0.007 0.007 0.007 0.003 0.000 0.000 0.000 0.000 0.000 0.000 0.000 0.000 0.000 0.000 0.000 0.000 0.000 0.000 0.000
0.004 0.006 0.007 0.008 0.012 0.020 0.032 0.048 0.069 0.095 0.124 0.158 0.195 0.234 0.274 0.315 0.355 0.393 0.430 0.464 0.495 0.523 0.548 0.568 0.584 0.596 0.603 0.605 0.602 0.595 0.584 0.570 0.553 0.534 0.515 0.494 0.473 0.452 0.431 0.411 0.390 0.370 0.350 0.330 0.310 0.291 0.271 0.251 0.230 0.209 0.188 0.167 0.148 0.129 0.112 0.095 0.081 0.069 0.058 0.049 0.041 0.032 0.025 0.019 0.014 0.010 0.007 0.006 0.007 0.007 0.006 0.001 0.000 0.000 0.000 0.000 0.000
0.004 0.006 0.008 0.011 0.019 0.032 0.049 0.071 0.097 0.129 0.164 0.203 0.244 0.287 0.329 0.371 0.412 0.451 0.487 0.520 0.550 0.575 0.597 0.615 0.630 0.642 0.651 0.659 0.666 0.672 0.677 0.682 0.685 0.687 0.687 0.685 0.681 0.674 0.665 0.652 0.637 0.620 0.600 0.579 0.555 0.530 0.504 0.477 0.449 0.420 0.390 0.361 0.331 0.302 0.274 0.247 0.221 0.196 0.173 0.152 0.132 0.113 0.095 0.079 0.065 0.052 0.041 0.033 0.026 0.021 0.015 0.009 0.007 0.006 0.007 0.007 0.002
0.005 0.008 0.015 0.026 0.042 0.062 0.086 0.115 0.148 0.186 0.226 0.270 0.315 0.363 0.411 0.460 0.508 0.556 0.603 0.647 0.690 0.730 0.768 0.803 0.835 0.863 0.888 0.908 0.922 0.931 0.934 0.930 0.921 0.908 0.890 0.870 0.848 0.826 0.804 0.782 0.762 0.743 0.725 0.708 0.691 0.675 0.658 0.640 0.621 0.601 0.579 0.556 0.530 0.504 0.476 0.447 0.417 0.386 0.356 0.325 0.294 0.264 0.234 0.205 0.177 0.151 0.127 0.105 0.086 0.069 0.055 0.042 0.032 0.024 0.019 0.013 0.008
0.005 0.008 0.016 0.028 0.044 0.066 0.092 0.125 0.162 0.206 0.254 0.306 0.361 0.417 0.474 0.530 0.584 0.636 0.685 0.731 0.772 0.810 0.843 0.871 0.894 0.912 0.926 0.937 0.944 0.949 0.953 0.955 0.957 0.958 0.959 0.957 0.955 0.950 0.944 0.936 0.927 0.917 0.905 0.893 0.881 0.867 0.853 0.838 0.822 0.805 0.787 0.767 0.746 0.723 0.699 0.673 0.645 0.616 0.584 0.551 0.517 0.481 0.443 0.404 0.364 0.325 0.286 0.248 0.212 0.178 0.148 0.120 0.096 0.076 0.059 0.045 0.033
0.006 0.011 0.022 0.038 0.058 0.083 0.113 0.147 0.184 0.224 0.266 0.309 0.352 0.396 0.440 0.484 0.529 0.574 0.618 0.662 0.703 0.742 0.778 0.810 0.838 0.863 0.885 0.905 0.924 0.942 0.960 0.978 0.996 1.015 1.033 1.051 1.067 1.081 1.093 1.102 1.109 1.112 1.112 1.108 1.102 1.093 1.081 1.067 1.052 1.034 1.015 0.994 0.972 0.949 0.926 0.901 0.874 0.847 0.817 0.786 0.752 0.716 0.677 0.636 0.591 0.545 0.497 0.447 0.398 0.349 0.302 0.257 0.215 0.177 0.144 0.114 0.089
0.006 0.013 0.025 0.042 0.065 0.094 0.130 0.173 0.223 0.278 0.340 0.406 0.475 0.545 0.616 0.687 0.755 0.820 0.882 0.941 0.997 1.050 1.099 1.145 1.188 1.225 1.256 1.281 1.298 1.307 1.308 1.301 1.288 1.270 1.248 1.225 1.202 1.181 1.162 1.147 1.135 1.127 1.122 1.120 1.120 1.122 1.124 1.127 1.130 1.131 1.131 1.130 1.126 1.120 1.111 1.100 1.085 1.068 1.047 1.023 0.995 0.963 0.927 0.886 0.842 0.793 0.741 0.686 0.628 0.568 0.508 0.448 0.390 0.334 0.281 0.233 0.190
0.006 0.014 0.028 0.047 0.072 0.104 0.142 0.187 0.237 0.291 0.347 0.405 0.462 0.519 0.574 0.627 0.678 0.727 0.773 0.816 0.857 0.895 0.931 0.964 0.996 1.026 1.056 1.086 1.118 1.151 1.187 1.224 1.262 1.299 1.336 1.369 1.398 1.422 1.441 1.453 1.461 1.462 1.460 1.453 1.443 1.431 1.417 1.403 1.388 1.374 1.360 1.347 1.334 1.321 1.309 1.296 1.283 1.268 1.251 1.232 1.209 1.183 1.153 1.117 1.077 1.032 0.982 0.927 0.868 0.805 0.739 0.671 0.601 0.532 0.464 0.398 0.335
0.006 0.014 0.028 0.047 0.073 0.106 0.145 0.192 0.246 0.306 0.371 0.440 0.512 0.587 0.663 0.739 0.815 0.889 0.961 1.030 1.094 1.154 1.208 1.256 1.297 1.331 1.357 1.376 1.387 1.392 1.391 1.386 1.377 1.366 1.355 1.345 1.337 1.332 1.330 1.331 1.336 1.345 1.355 1.368 1.382 1.397 1.412 1.426 1.439 1.450 1.459 1.467 1.472 1.476 1.477 1.476 1.472 1.465 1.455 1.442 1.425 1.404 1.377 1.346 1.309 1.267 1.219 1.166 1.107 1.044 0.976 0.904 0.829 0.752 0.673 0.595 0.517
0.006 0.015 0.029 0.049 0.076 0.111 0.153 0.204 0.262 0.326 0.395 0.469 0.545 0.621 0.698 0.773 0.846 0.917 0.985 1.050 1.112 1.171 1.227 1.281 1.331 1.379 1.424 1.467 1.506 1.543 1.576 1.605 1.630 1.652 1.668 1.681 1.689 1.694 1.696 1.694 1.691 1.685 1.679 1.672 1.664 1.658 1.651 1.646 1.642 1.638 1.636 1.635 1.634 1.634 1.634 1.633 1.632 1.629 1.624 1.617 1.606 1.590 1.570 1.545 1.514 1.477 1.434 1.385 1.329 1.269 1.202 1.131 1.055 0.975 0.891 0.805 0.717
0.006 0.014 0.028 0.048 0.075 0.109 0.151 0.200 0.257 0.320 0.388 0.460 0.535 0.610 0.687 0.762 0.836 0.908 0.977 1.043 1.104 1.162 1.215 1.263 1.305 1.343 1.375 1.402 1.425 1.444 1.461 1.475 1.487 1.499 1.510 1.522 1.535 1.548 1.563 1.579 1.596 1.613 1.631 1.648 1.666 1.683 1.699 1.714 1.728 1.742 1.754 1.764 1.774 1.783 1.790 1.796 1.800 1.803 1.802 1.799 1.791 1.780 1.763 1.741 1.714 1.680 1.640 1.593 1.540 1.482 1.417 1.347 1.272 1.191 1.105 1.015 0.920
0.006 0.014 0.028 0.048 0.075 0.110 0.153 0.205 0.265 0.333 0.406 0.485 0.568 0.654 0.741 0.828 0.915 1.000 1.084 1.164 1.241 1.314 1.383 1.447 1.507 1.561 1.609 1.652 1.689 1.721 1.748 1.770 1.788 1.801 1.812 1.819 1.825 1.829 1.832 1.834 1.836 1.838 1.840 1.843 1.847 1.851 1.856 1.863 1.870 1.878 1.887 1.896 1.906 1.916 1.926 1.936 1.944 1.951 1.956 1.958 1.957 1.951 1.939 1.922 1.899 1.870 1.833 1.790 1.740 1.684 1.621 1.552 1.477 1.396 1.309 1.216 1.118
0.006 0.014 0.028 0.048 0.074 0.109 0.151 0.202 0.261 0.327 0.399 0.475 0.554 0.635 0.716 0.797 0.876 0.953 1.027 1.097 1.164 1.228 1.287 1.342 1.392 1.439 1.481 1.520 1.555 1.587 1.616 1.642 1.667 1.691 1.713 1.734 1.754 1.774 1.794 1.814 1.833 1.852 1.871 1.890 1.909 1.927 1.945 1.963 1.980 1.997 2.014 2.031 2.048 2.064 2.079 2.094 2.108 2.120 2.129 2.136 2.138 2.137 2.129 2.116 2.096 2.070 2.036 1.995 1.946 1.891 1.828 1.759 1.683 1.601 1.511 1.415 1.312
0.006 0.014 0.028 0.047 0.074 0.109 0.152 0.203 0.264 0.332 0.406 0.487 0.571 0.659 0.748 0.838 0.927 1.016 1.102 1.186 1.267 1.343 1.415 1.482 1.544 1.600 1.650 1.695 1.734 1.768 1.797 1.822 1.844 1.862 1.878 1.892 1.905 1.917 1.929 1.940 1.952 1.965 1.977 1.991 2.005 2.021 2.037 2.053 2.071 2.090 2.109 2.129 2.149 2.170 2.191 2.212 2.232 2.250 2.266 2.280 2.290 2.295 2.295 2.289 2.276 2.255 2.227 2.191 2.148 2.096 2.037 1.970 1.895 1.811 1.720 1.620 1.511
0.006 0.014 0.027 0.047 0.074 0.108 0.151 0.203 0.263 0.330 0.404 0.483 0.566 0.650 0.736 0.822 0.907 0.989 1.069 1.146 1.220 1.290 1.356 1.417 1.475 1.528 1.576 1.621 1.662 1.699 1.732 1.763 1.792 1.818 1.843 1.866 1.888 1.910 1.931 1.952 1.973 1.995 2.016 2.037 2.059 2.081 2.104 2.127 2.150 2.174 2.199 2.224 2.249 2.275 2.300 2.326 2.351 2.374 2.396 2.414 2.429 2.440 2.445 2.444 2.437 2.422 2.400 2.370 2.333 2.287 2.234 2.172 2.102 2.022 1.933 1.833 1.722
0.006 0.014 0.028 0.047 0.074 0.109 0.152 0.205 0.265 0.334 0.409 0.490 0.575 0.663 0.753 0.844 0.934 1.023 1.110 1.194 1.276 1.354 1.427 1.496 1.559 1.618 1.671 1.719 1.763 1.801 1.835 1.865 1.892 1.917 1.939 1.960 1.980 2.000 2.019 2.038 2.058 2.078 2.099 2.120 2.143 2.166 2.190 2.216 2.242 2.269 2.297 2.326 2.356 2.387 2.417 2.448 2.478 2.507 2.534 2.559 2.579 2.595 2.606 2.610 2.607 2.597 2.579 2.554 2.521 2.480 2.431 2.375 2.310 2.237 2.154 2.059 1.953
0.006 0.015 0.029 0.050 0.077 0.113 0.157 0.211 0.272 0.342 0.418 0.499 0.584 0.672 0.761 0.850 0.938 1.025 1.109 1.190 1.268 1.342 1.411 1.477 1.537 1.594 1.645 1.693 1.736 1.775 1.811 1.843 1.873 1.901 1.927 1.951 1.975 1.998 2.021 2.044 2.067 2.090 2.114 2.138 2.163 2.188 2.214 2.241 2.269 2.297 2.326 2.356 2.386 2.417 2.448 2.479 2.509 2.538 2.566 2.590 2.611 2.628 2.640 2.646 2.647 2.640 2.627 2.607 2.581 2.548 2.508 2.461 2.407 2.346 2.277 2.198 2.109
0.006 0.014 0.028 0.047 0.074 0.109 0.152 0.205 0.265 0.334 0.409 0.490 0.575 0.663 0.753 0.844 0.934 1.023 1.110 1.194 1.276 1.354 1.427 1.496 1.559 1.618 1.671 1.719 1.762 1.801 1.835 1.865 1.892 1.917 1.939 1.960 1.980 2.000 2.019 2.038 2.058 2.078 2.099 2.120 2.143 2.166 2.190 2.216 2.242 2.269 2.297 2.326 2.356 2.386 2.417 2.448 2.478 2.507 2.534 2.558 2.579 2.595 2.605 2.609 2.607 2.596 2.579 2.553 2.520 2.479 2.431 2.374 2.310 2.236 2.153 2.059 1.953
0.006 0.014 0.027 0.047 0.074 0.108 0.151 0.203 0.263 0.330 0.404 0.483 0.566 0.650 0.736 0.822 0.907 0.989 1.069 1.146 1.220 1.290 1.356 1.417 1.474 1.527 1.576 1.621 1.661 1.698 1.732 1.763 1.791 1.818 1.842 1.866 1.888 1.910 1.931 1.952 1.973 1.994 2.016 2.037 2.059 2.081 2.104 2.127 2.150 2.174 2.198 2.223 2.249 2.274 2.300 2.325 2.350 2.374 2.395 2.414 2.429 2.440 2.445 2.444 2.436 2.422 2.399 2.370 2.332 2.286 2.233 2.171 2.101 2.021 1.932 1.832 1.722
0.006 0.014 0.028 0.047 0.074 0.109 0.152 0.203 0.264 0.332 0.406 0.487 0.571 0.659 0.748 0.838 0.927 1.016 1.102 1.186 1.267 1.343 1.415 1.482 1.544 1.600 1.650 1.695 1.734 1.768 1.797 1.822 1.844 1.862 1.878 1.892 1.905 1.917 1.929 1.940 1.952 1.964 1.977 1.991 2.005 2.020 2.036 2.053 2.071 2.089 2.109 2.129 2.149 2.170 2.191 2.211 2.231 2.249 2.266 2.279 2.289 2.295 2.294 2.288 2.275 2.255 2.227 2.191 2.147 2.096 2.036 1.969 1.894 1.811 1.719 1.619 1.511
0.006 0.014 0.028 0.048 0.074 0.109 0.151 0.202 0.261 0.327 0.399 0.475 0.554 0.635 0.716 0.797 0.876 0.953 1.027 1.097 1.164 1.228 1.287 1.342 1.392 1.439 1.481 1.520 1.555 1.586 1.615 1.642 1.667 1.690 1.712 1.733 1.754 1.774 1.794 1.813 1.833 1.852 1.871 1.890 1.908 1.926 1.944 1.962 1.980 1.997 2.014 2.031 2.047 2.063 2.079 2.094 2.107 2.119 2.129 2.135 2.138 2.136 2.129 2.115 2.096 2.069 2.035 1.994 1.946 1.890 1.828 1.759 1.683 1.600 1.511 1.414 1.311
0.006 0.014 0.028 0.048 0.075 0.110 0.153 0.205 0.265 0.333 0.406 0.485 0.568 0.654 0.741 0.828 0.915 1.000 1.083 1.164 1.241 1.314 1.383 1.447 1.507 1.561 1.609 1.652 1.689 1.721 1.748 1.770 1.787 1.801 1.812 1.819 1.825 1.829 1.831 1.834 1.836 1.838 1.840 1.843 1.846 1.851 1.856 1.862 1.870 1.878 1.886 1.896 1.906 1.916 1.925 1.935 1.944 1.951 1.956 1.958 1.956 1.950 1.939 1.922 1.899 1.869 1.833 1.789 1.740 1.683 1.621 1.552 1.477 1.396 1.309 1.216 1.118
0.006 0.014 0.028 0.048 0.075 0.109 0.151 0.200 0.257 0.320 0.388 0.460 0.535 0.610 0.686 0.762 0.836 0.908 0.977 1.043 1.104 1.162 1.215 1.263 1.305 1.343 1.375 1.402 1.425 1.444 1.461 1.474 1.487 1.498 1.510 1.522 1.534 1.548 1.563 1.578 1.595 1.612 1.630 1.648 1.665 1.682 1.698 1.714 1.728 1.741 1.753 1.764 1.774 1.782 1.790 1.796 1.800 1.802 1.802 1.798 1.791 1.779 1.763 1.741 1.713 1.679 1.639 1.593 1.540 1.481 1.417 1.347 1.271 1.190 1.105 1.014 0.920
0.006 0.015 0.029 0.049 0.076 0.111 0.153 0.204 0.262 0.326 0.395 0.469 0.545 0.621 0.698 0.773 0.846 0.917 0.985 1.050 1.112 1.171 1.227 1.280 1.331 1.379 1.424 1.466 1.506 1.542 1.575 1.605 1.630 1.651 1.668 1.681 1.689 1.694 1.695 1.694 1.690 1.685 1.679 1.672 1.664 1.658 1.651 1.646 1.641 1.638 1.636 1.634 1.634 1.633 1.633 1.633 1.631 1.629 1.624 1.616 1.605 1.590 1.570 1.545 1.514 1.476 1.433 1.384 1.329 1.268 1.202 1.131 1.055 0.975 0.891 0.805 0.717
0.006 0.014 0.028 0.047 0.073 0.106 0.145 0.192 0.246 0.306 0.371 0.440 0.512 0.587 0.663 0.739 0.815 0.889 0.961 1.030 1.094 1.154 1.208 1.256 1.297 1.331 1.357 1.376 1.388 1.393 1.392 1.386 1.377 1.367 1.356 1.345 1.337 1.332 1.330 1.331 1.336 1.344 1.355 1.367 1.381 1.396 1.411 1.425 1.438 1.449 1.459 1.466 1.472 1.475 1.476 1.475 1.471 1.465 1.455 1.442 1.425 1.403 1.377 1.346 1.309 1.267 1.219 1.165 1.107 1.043 0.976 0.904 0.829 0.752 0.673 0.595 0.517
0.006 0.014 0.028 0.047 0.072 0.104 0.142 0.187 0.237 0.290 0.347 0.405 0.462 0.519 0.574 0.627 0.678 0.726 0.773 0.816 0.857 0.895 0.931 0.964 0.995 1.025 1.055 1.085 1.117 1.150 1.186 1.223 1.261 1.299 1.335 1.368 1.397 1.421 1.440 1.453 1.460 1.462 1.459 1.453 1.443 1.431 1.417 1.403 1.388 1.374 1.360 1.347 1.334 1.321 1.309 1.296 1.283 1.268 1.251 1.232 1.209 1.183 1.152 1.117 1.077 1.032 0.982 0.927 0.868 0.805 0.739 0.671 0.601 0.532 0.464 0.398 0.336
0.006 0.013 0.025 0.042 0.065 0.094 0.130 0.173 0.223 0.278 0.340 0.406 0.474 0.545 0.616 0.686 0.755 0.820 0.882 0.941 0.997 1.049 1.099 1.145 1.187 1.225 1.256 1.281 1.298 1.307 1.308 1.302 1.288 1.270 1.248 1.225 1.202 1.181 1.162 1.147 1.135 1.127 1.122 1.120 1.120 1.121 1.124 1.127 1.129 1.131 1.131 1.129 1.126 1.120 1.111 1.099 1.085 1.067 1.047 1.022 0.994 0.963 0.927 0.886 0.842 0.793 0.741 0.686 0.628 0.569 0.508 0.449 0.390 0.334 0.282 0.233 0.190
0.006 0.011 0.022 0.038 0.058 0.083 0.113 0.147 0.184 0.224 0.266 0.309 0.352 0.395 0.439 0.484 0.529 0.574 0.618 0.662 0.703 0.742 0.778 0.810 0.838 0.863 0.885 0.905 0.924 0.942 0.960 0.978 0.996 1.014 1.033 1.050 1.066 1.081 1.093 1.102 1.108 1.111 1.111 1.108 1.102 1.093 1.081 1.067 1.051 1.034 1.015 0.994 0.972 0.949 0.926 0.901 0.875 0.847 0.818 0.786 0.753 0.716 0.678 0.636 0.592 0.545 0.497 0.448 0.398 0.349 0.302 0.257 0.215 0.178 0.144 0.115 0.089
0.005 0.008 0.016 0.028 0.044 0.066 0.092 0.125 0.162 0.206 0.254 0.306 0.361 0.417 0.474 0.530 0.584 0.636 0.685 0.731 0.772 0.810 0.843 0.871 0.894 0.912 0.926 0.936 0.944 0.949 0.952 0.955 0.957 0.958 0.958 0.957 0.955 0.950 0.944 0.936 0.927 0.917 0.905 0.893 0.881 0.867 0.853 0.838 0.822 0.805 0.787 0.767 0.746 0.723 0.699 0.673 0.645 0.616 0.585 0.552 0.517 0.481 0.443 0.404 0.365 0.325 0.286 0.248 0.212 0.179 0.148 0.120 0.096 0.076 0.059 0.045 0.033
0.005 0.008 0.015 0.026 0.042 0.062 0.086 0.115 0.148 0.186 0.226 0.270 0.315 0.363 0.411 0.460 0.508 0.556 0.602 0.647 0.690 0.730 0.768 0.803 0.835 0.863 0.888 0.908 0.922 0.931 0.934 0.930 0.921 0.908 0.890 0.870 0.848 0.826 0.804 0.783 0.762 0.743 0.725 0.708 0.691 0.675 0.658 0.640 0.621 0.601 0.579 0.556 0.531 0.504 0.476 0.447 0.417 0.387 0.356 0.325 0.295 0.264 0.234 0.205 0.177 0.151 0.127 0.105 0.086 0.070 0.055 0.042 0.032 0.025 0.019 0.013 0.008
0.004 0.006 0.008 0.011 0.019 0.032 0.049 0.071 0.097 0.129 0.164 0.203 0.244 0.287 0.329 0.371 0.412 0.451 0.487 0.520 0.550 0.575 0.597 0.615 0.630 0.642 0.651 0.659 0.666 0.672 0.677 0.681 0.685 0.687 0.687 0.685 0.681 0.674 0.665 0.652 0.638 0.620 0.601 0.579 0.556 0.531 0.505 0.477 0.449 0.420 0.391 0.361 0.332 0.303 0.275 0.247 0.221 0.197 0.174 0.152 0.132 0.113 0.095 0.079 0.065 0.052 0.041 0.033 0.026 0.021 0.015 0.009 0.007 0.006 0.007 0.007 0.002
