Examples/2023_ISeeSnow/data/CoulombOnly/Results/curv77s/h/1HS_03_curv77s_MoT-Voellmy_h_0045.asc
ncols        192
nrows        23
xllcorner    2567.5
yllcorner    -4307.5
cellsize     5.00
NODATA_value -9999
[rows 0 to 22 of 23, columns 77 to 153 of 192]
0.000 0.000 0.000 0.000 0.000 0.000 0.000 0.000 0.000 0.000 0.001 0.001 0.001 0.001 0.001 0.001 0.001 0.001 0.001 0.002 0.002 0.002 0.002 0.002 0.002 0.002 0.002 0.003 0.003 0.003 0.003 0.003 0.003 0.003 0.003 0.003 0.003 0.002 0.002 0.002 0.002 0.002 0.002 0.002 0.002 0.002 0.002 0.002 0.002 0.001 0.001 0.001 0.001 0.001 0.001 0.001 0.001 0.000 0.000 0.000 0.000 0.000 0.000 0.000 0.000 0.000 0.000 0.000 0.000 0.000 0.000 0.000 0.000 0.000 0.000 0.000 0.000
0.001 0.002 0.002 0.002 0.003 0.003 0.003 0.004 0.004 0.005 0.005 0.006 0.007 0.008 0.008 0.009 0.010 0.011 0.012 0.014 0.015 0.016 0.017 0.018 0.020 0.021 0.022 0.022 0.023 0.024 0.025 0.025 0.025 0.026 0.026 0.026 0.026 0.026 0.026 0.026 0.026 0.026 0.025 0.025 0.024 0.024 0.023 0.022 0.021 0.021 0.020 0.019 0.018 0.017 0.016 0.015 0.014 0.013 0.012 0.011 0.009 0.007 0.005 0.004 0.003 0.003 0.002 0.002 0.001 0.001 0.001 0.000 0.000 0.000 0.000 0.000 0.000
0.008 0.009 0.011 0.012 0.015 0.017 0.020 0.024 0.028 0.032 0.037 0.042 0.047 0.053 0.058 0.064 0.070 0.076 0.082 0.088 0.093 0.099 0.104 0.109 0.113 0.117 0.120 0.123 0.126 0.128 0.130 0.131 0.131 0.131 0.132 0.132 0.132 0.132 0.132 0.131 0.130 0.129 0.128 0.126 0.125 0.122 0.120 0.117 0.114 0.111 0.107 0.103 0.099 0.095 0.090 0.085 0.080 0.075 0.070 0.064 0.059 0.054 0.048 0.043 0.039 0.034 0.030 0.026 0.022 0.019 0.016 0.013 0.011 0.008 0.004 0.002 0.001
0.051 0.061 0.072 0.084 0.097 0.112 0.127 0.143 0.159 0.176 0.193 0.211 0.228 0.245 0.262 0.278 0.293 0.308 0.322 0.335 0.347 0.358 0.368 0.377 0.385 0.391 0.396 0.401 0.404 0.406 0.407 0.407 0.405 0.404 0.403 0.402 0.401 0.399 0.397 0.394 0.391 0.387 0.383 0.379 0.374 0.368 0.362 0.355 0.347 0.339 0.330 0.321 0.311 0.300 0.288 0.276 0.263 0.250 0.236 0.222 0.207 0.193 0.178 0.163 0.149 0.135 0.121 0.108 0.096 0.084 0.073 0.063 0.054 0.046 0.038 0.032 0.026
0.270 0.302 0.336 0.371 0.405 0.440 0.474 0.507 0.540 0.571 0.601 0.629 0.655 0.680 0.702 0.723 0.742 0.759 0.773 0.786 0.797 0.807 0.814 0.820 0.824 0.827 0.828 0.828 0.826 0.823 0.819 0.814 0.808 0.801 0.798 0.794 0.789 0.783 0.777 0.771 0.764 0.756 0.748 0.739 0.730 0.720 0.709 0.697 0.685 0.671 0.657 0.641 0.624 0.606 0.587 0.567 0.546 0.524 0.502 0.478 0.454 0.429 0.404 0.378 0.353 0.327 0.302 0.277 0.252 0.229 0.206 0.184 0.163 0.144 0.125 0.108 0.093
0.822 0.870 0.916 0.960 1.000 1.038 1.072 1.103 1.131 1.156 1.178 1.197 1.214 1.228 1.240 1.249 1.257 1.262 1.266 1.268 1.268 1.267 1.264 1.260 1.255 1.249 1.242 1.234 1.225 1.215 1.205 1.194 1.182 1.171 1.165 1.160 1.154 1.148 1.142 1.135 1.127 1.118 1.108 1.098 1.085 1.072 1.057 1.041 1.023 1.004 0.983 0.961 0.938 0.914 0.888 0.861 0.834 0.805 0.775 0.745 0.714 0.682 0.650 0.618 0.585 0.552 0.519 0.486 0.453 0.420 0.388 0.356 0.325 0.295 0.266 0.239 0.212
1.467 1.489 1.508 1.523 1.536 1.546 1.553 1.558 1.561 1.562 1.562 1.560 1.557 1.553 1.549 1.543 1.537 1.530 1.524 1.516 1.509 1.501 1.494 1.486 1.478 1.470 1.462 1.453 1.444 1.435 1.425 1.415 1.405 1.396 1.392 1.387 1.381 1.374 1.366 1.357 1.347 1.335 1.323 1.309 1.293 1.276 1.258 1.238 1.217 1.194 1.171 1.147 1.122 1.096 1.069 1.042 1.015 0.987 0.959 0.930 0.900 0.870 0.839 0.808 0.776 0.742 0.708 0.673 0.637 0.601 0.564 0.528 0.491 0.454 0.418 0.383 0.348
2.509 2.536 2.562 2.585 2.607 2.627 2.645 2.661 2.674 2.686 2.696 2.703 2.708 2.710 2.710 2.707 2.701 2.692 2.680 2.665 2.648 2.628 2.605 2.579 2.551 2.521 2.488 2.454 2.417 2.380 2.341 2.301 2.261 2.224 2.196 2.167 2.137 2.106 2.075 2.042 2.009 1.975 1.940 1.906 1.871 1.836 1.800 1.765 1.731 1.696 1.662 1.627 1.593 1.558 1.523 1.487 1.450 1.412 1.372 1.330 1.285 1.239 1.190 1.138 1.085 1.029 0.972 0.913 0.854 0.795 0.737 0.679 0.623 0.569 0.518 0.470 0.425
1.524 1.541 1.557 1.572 1.585 1.598 1.610 1.621 1.632 1.643 1.654 1.664 1.675 1.684 1.694 1.703 1.712 1.721 1.728 1.736 1.742 1.748 1.754 1.759 1.763 1.767 1.770 1.773 1.776 1.778 1.779 1.781 1.782 1.785 1.791 1.790 1.783 1.771 1.753 1.732 1.707 1.679 1.649 1.618 1.585 1.550 1.515 1.479 1.442 1.405 1.368 1.331 1.294 1.255 1.215 1.174 1.131 1.087 1.041 0.994 0.945 0.896 0.845 0.794 0.742 0.691 0.640 0.590 0.540 0.493 0.447 0.403 0.362 0.323 0.288 0.256 0.227
3.985 3.983 3.978 3.969 3.956 3.941 3.922 3.900 3.875 3.847 3.817 3.785 3.751 3.715 3.678 3.641 3.602 3.563 3.524 3.485 3.445 3.406 3.366 3.327 3.286 3.246 3.205 3.162 3.118 3.073 3.026 2.977 2.926 2.879 2.845 2.812 2.780 2.751 2.723 2.696 2.670 2.642 2.614 2.584 2.554 2.524 2.492 2.461 2.428 2.394 2.357 2.320 2.282 2.244 2.206 2.169 2.134 2.100 2.068 2.038 2.010 1.984 1.960 1.938 1.917 1.896 1.876 1.855 1.833 1.809 1.782 1.752 1.717 1.676 1.630 1.577 1.517
2.123 2.111 2.099 2.086 2.072 2.056 2.040 2.022 2.002 1.981 1.958 1.934 1.907 1.878 1.848 1.815 1.780 1.743 1.704 1.663 1.620 1.576 1.529 1.482 1.433 1.383 1.333 1.282 1.231 1.180 1.129 1.079 1.030 0.983 0.941 0.899 0.857 0.816 0.776 0.737 0.700 0.665 0.631 0.600 0.571 0.543 0.516 0.491 0.468 0.446 0.426 0.409 0.393 0.378 0.364 0.352 0.340 0.329 0.320 0.310 0.301 0.293 0.284 0.275 0.266 0.257 0.247 0.236 0.224 0.211 0.198 0.184 0.169 0.153 0.138 0.123 0.109
4.312 4.327 4.340 4.351 4.360 4.368 4.374 4.378 4.381 4.382 4.381 4.379 4.375 4.370 4.363 4.354 4.344 4.332 4.318 4.303 4.286 4.267 4.247 4.225 4.202 4.177 4.151 4.123 4.093 4.062 4.030 3.996 3.962 3.937 3.927 3.911 3.893 3.874 3.853 3.831 3.808 3.784 3.759 3.733 3.706 3.678 3.649 3.619 3.588 3.557 3.525 3.492 3.459 3.425 3.390 3.354 3.318 3.281 3.242 3.203 3.163 3.121 3.079 3.034 2.989 2.941 2.892 2.840 2.787 2.730 2.672 2.610 2.546 2.479 2.408 2.334 2.257
2.123 2.112 2.099 2.086 2.072 2.057 2.040 2.022 2.002 1.981 1.958 1.934 1.907 1.878 1.848 1.815 1.780 1.743 1.704 1.663 1.620 1.575 1.529 1.481 1.432 1.383 1.332 1.281 1.230 1.179 1.128 1.078 1.029 0.983 0.940 0.898 0.856 0.815 0.775 0.736 0.699 0.664 0.631 0.600 0.570 0.542 0.516 0.490 0.467 0.445 0.426 0.408 0.392 0.377 0.363 0.351 0.339 0.329 0.319 0.310 0.301 0.292 0.284 0.275 0.266 0.256 0.246 0.235 0.224 0.211 0.198 0.183 0.169 0.153 0.138 0.123 0.108
3.985 3.983 3.977 3.968 3.956 3.940 3.921 3.899 3.874 3.847 3.816 3.784 3.750 3.715 3.678 3.640 3.602 3.563 3.524 3.485 3.446 3.407 3.367 3.327 3.287 3.247 3.206 3.163 3.119 3.074 3.027 2.978 2.927 2.879 2.845 2.812 2.781 2.751 2.723 2.696 2.669 2.642 2.614 2.584 2.554 2.523 2.492 2.460 2.428 2.393 2.357 2.319 2.281 2.243 2.206 2.169 2.134 2.100 2.068 2.038 2.010 1.984 1.960 1.938 1.917 1.897 1.876 1.856 1.834 1.810 1.783 1.752 1.717 1.676 1.630 1.577 1.518
1.525 1.543 1.558 1.573 1.586 1.599 1.611 1.623 1.634 1.645 1.655 1.666 1.676 1.686 1.695 1.705 1.713 1.722 1.730 1.737 1.743 1.749 1.755 1.760 1.764 1.768 1.771 1.774 1.776 1.778 1.780 1.781 1.782 1.785 1.791 1.791 1.784 1.771 1.754 1.732 1.707 1.679 1.650 1.618 1.585 1.551 1.516 1.479 1.443 1.406 1.369 1.332 1.294 1.255 1.215 1.174 1.131 1.087 1.041 0.994 0.946 0.896 0.845 0.794 0.743 0.691 0.640 0.590 0.541 0.493 0.447 0.403 0.362 0.323 0.288 0.256 0.227
2.510 2.537 2.563 2.586 2.608 2.628 2.646 2.662 2.675 2.687 2.697 2.704 2.709 2.711 2.711 2.707 2.701 2.692 2.681 2.666 2.648 2.628 2.605 2.579 2.551 2.521 2.488 2.454 2.418 2.380 2.341 2.301 2.261 2.224 2.196 2.167 2.137 2.106 2.075 2.042 2.009 1.975 1.941 1.906 1.871 1.836 1.801 1.766 1.731 1.697 1.662 1.628 1.593 1.559 1.524 1.488 1.451 1.412 1.372 1.330 1.286 1.239 1.190 1.138 1.085 1.029 0.972 0.914 0.854 0.795 0.737 0.679 0.623 0.569 0.518 0.470 0.425
1.467 1.489 1.508 1.524 1.536 1.546 1.553 1.558 1.562 1.563 1.562 1.561 1.558 1.554 1.549 1.543 1.537 1.531 1.524 1.517 1.510 1.502 1.494 1.487 1.479 1.470 1.462 1.454 1.445 1.436 1.426 1.416 1.406 1.397 1.393 1.388 1.382 1.375 1.367 1.357 1.347 1.336 1.323 1.309 1.293 1.276 1.258 1.238 1.217 1.195 1.171 1.147 1.122 1.096 1.070 1.043 1.015 0.987 0.959 0.930 0.901 0.870 0.840 0.808 0.776 0.742 0.708 0.673 0.638 0.601 0.565 0.528 0.491 0.454 0.418 0.383 0.348
0.821 0.870 0.916 0.959 1.000 1.037 1.071 1.103 1.131 1.156 1.178 1.197 1.214 1.228 1.240 1.249 1.257 1.262 1.266 1.268 1.268 1.267 1.264 1.260 1.255 1.249 1.242 1.234 1.225 1.216 1.205 1.194 1.182 1.171 1.165 1.160 1.154 1.149 1.142 1.135 1.127 1.118 1.109 1.098 1.086 1.072 1.057 1.041 1.023 1.004 0.984 0.962 0.938 0.914 0.888 0.861 0.834 0.805 0.775 0.745 0.714 0.682 0.650 0.618 0.585 0.552 0.519 0.486 0.453 0.420 0.388 0.356 0.325 0.295 0.266 0.239 0.212
0.269 0.302 0.336 0.370 0.405 0.439 0.473 0.507 0.539 0.570 0.600 0.628 0.655 0.679 0.702 0.723 0.742 0.758 0.773 0.786 0.797 0.806 0.814 0.820 0.824 0.826 0.828 0.827 0.826 0.823 0.819 0.814 0.808 0.801 0.798 0.793 0.789 0.783 0.777 0.771 0.763 0.756 0.748 0.739 0.730 0.720 0.709 0.697 0.685 0.671 0.656 0.641 0.624 0.606 0.587 0.567 0.546 0.524 0.502 0.478 0.454 0.429 0.404 0.378 0.353 0.327 0.302 0.277 0.252 0.228 0.206 0.184 0.163 0.143 0.125 0.108 0.093
0.051 0.061 0.072 0.084 0.097 0.111 0.126 0.142 0.159 0.176 0.193 0.210 0.227 0.244 0.261 0.277 0.293 0.308 0.322 0.335 0.347 0.358 0.368 0.377 0.384 0.391 0.396 0.400 0.403 0.405 0.406 0.406 0.405 0.403 0.403 0.402 0.401 0.399 0.397 0.394 0.391 0.387 0.383 0.378 0.373 0.368 0.361 0.355 0.347 0.339 0.330 0.321 0.311 0.300 0.288 0.276 0.263 0.250 0.236 0.222 0.207 0.193 0.178 0.163 0.149 0.135 0.121 0.108 0.096 0.084 0.073 0.063 0.054 0.046 0.038 0.032 0.026
0.008 0.009 0.011 0.012 0.015 0.017 0.020 0.024 0.028 0.032 0.037 0.042 0.047 0.053 0.058 0.064 0.070 0.076 0.082 0.088 0.093 0.098 0.104 0.108 0.113 0.117 0.120 0.123 0.126 0.128 0.129 0.130 0.131 0.131 0.132 0.132 0.132 0.132 0.132 0.131 0.130 0.129 0.128 0.126 0.124 0.122 0.120 0.117 0.114 0.111 0.107 0.103 0.099 0.094 0.090 0.085 0.080 0.075 0.069 0.064 0.059 0.054 0.048 0.043 0.039 0.034 0.030 0.026 0.022 0.019 0.016 0.013 0.011 0.008 0.004 0.002 0.001
0.001 0.002 0.002 0.002 0.003 0.003 0.003 0.004 0.004 0.005 0.005 0.006 0.007 0.008 0.008 0.009 0.010 0.011 0.012 0.014 0.015 0.016 0.017 0.018 0.019 0.021 0.022 0.022 0.023 0.024 0.024 0.025 0.025 0.025 0.026 0.026 0.026 0.026 0.026 0.026 0.026 0.025 0.025 0.025 0.024 0.023 0.023 0.022 0.021 0.021 0.020 0.019 0.018 0.017 0.016 0.015 0.014 0.013 0.012 0.011 0.009 0.007 0.005 0.004 0.003 0.003 0.002 0.002 0.001 0.001 0.001 0.000 0.000 0.000 0.000 0.000 0.000
0.000 0.000 0.000 0.000 0.000 0.000 0.000 0.000 0.000 0.000 0.000 0.001 0.001 0.001 0.001 0.001 0.001 0.001 0.001 0.002 0.002 0.002 0.002 0.002 0.002 0.002 0.002 0.003 0.003 0.003 0.003 0.003 0.003 0.003 0.003 0.003 0.002 0.002 0.002 0.002 0.002 0.002 0.002 0.002 0.002 0.002 0.002 0.002 0.002 0.001 0.001 0.001 0.001 0.001 0.001 0.001 0.001 0.000 0.000 0.000 0.000 0.000 0.000 0.000 0.000 0.000 0.000 0.000 0.000 0.000 0.000 0.000 0.000 0.000 0.000 0.000 0.000
