Examples/2023_ISeeSnow/data/CoulombOnly/Results/curv77s/h/1HS_03_curv77s_MoT-Voellmy_h_0049.asc
ncols        185
nrows        35
xllcorner    2872.5
yllcorner    -4337.5
cellsize     5.00
NODATA_value -9999
[rows 0 to 33 of 35, columns 77 to 153 of 185]
0.000 0.000 0.000 0.000 0.000 0.000 0.000 0.000 0.000 0.000 0.000 0.000 0.000 0.000 0.000 0.000 0.000 0.000 0.001 0.001 0.001 0.001 0.001 0.002 0.002 0.002 0.002 0.003 0.003 0.003 0.004 0.004 0.004 0.004 0.004 0.005 0.005 0.005 0.005 0.005 0.005 0.004 0.004 0.004 0.004 0.003 0.003 0.002 0.002 0.002 0.001 0.001 0.001 0.000 0.000 0.000 0.000 0.000 0.000 0.000 0.000 0.000 0.000 0.000 0.000 0.000 0.000 0.000 0.000 0.000 0.000 0.000 0.000 0.000 0.000 0.000 0.000
0.000 0.000 0.000 0.000 0.000 0.000 0.000 0.001 0.001 0.001 0.001 0.002 0.002 0.002 0.003 0.003 0.003 0.004 0.004 0.005 0.006 0.006 0.007 0.008 0.008 0.009 0.010 0.011 0.012 0.013 0.015 0.016 0.017 0.018 0.019 0.019 0.020 0.021 0.021 0.021 0.021 0.021 0.021 0.020 0.020 0.019 0.018 0.017 0.016 0.015 0.013 0.012 0.011 0.009 0.007 0.005 0.003 0.002 0.002 0.001 0.001 0.000 0.000 0.000 0.000 0.000 0.000 0.000 0.000 0.000 0.000 0.000 0.000 0.000 0.000 0.000 0.000
0.001 0.001 0.002 0.002 0.002 0.002 0.003 0.003 0.004 0.004 0.005 0.005 0.006 0.007 0.009 0.010 0.012 0.014 0.016 0.018 0.021 0.024 0.027 0.030 0.033 0.037 0.040 0.043 0.047 0.050 0.053 0.056 0.059 0.061 0.063 0.065 0.067 0.068 0.068 0.068 0.068 0.067 0.066 0.065 0.063 0.060 0.058 0.055 0.051 0.048 0.044 0.040 0.037 0.033 0.029 0.026 0.022 0.019 0.017 0.014 0.012 0.010 0.006 0.003 0.002 0.001 0.000 0.000 0.000 0.000 0.000 0.000 0.000 0.000 0.000 0.000 0.000
0.003 0.004 0.004 0.005 0.006 0.007 0.009 0.011 0.013 0.015 0.018 0.021 0.025 0.030 0.035 0.041 0.047 0.054 0.061 0.068 0.076 0.084 0.091 0.099 0.107 0.115 0.123 0.130 0.137 0.144 0.150 0.156 0.161 0.165 0.169 0.172 0.174 0.175 0.176 0.175 0.174 0.171 0.168 0.164 0.159 0.154 0.147 0.140 0.133 0.125 0.116 0.108 0.099 0.090 0.081 0.073 0.065 0.057 0.049 0.043 0.036 0.031 0.026 0.021 0.018 0.014 0.011 0.009 0.004 0.001 0.001 0.000 0.000 0.000 0.000 0.000 0.000
0.011 0.014 0.017 0.020 0.024 0.030 0.036 0.042 0.050 0.059 0.069 0.079 0.091 0.104 0.117 0.131 0.146 0.162 0.177 0.192 0.207 0.222 0.236 0.250 0.264 0.277 0.289 0.300 0.311 0.320 0.329 0.336 0.343 0.348 0.352 0.355 0.356 0.357 0.356 0.353 0.349 0.344 0.338 0.330 0.321 0.311 0.300 0.287 0.274 0.260 0.245 0.229 0.213 0.197 0.181 0.165 0.149 0.133 0.119 0.104 0.091 0.079 0.068 0.057 0.048 0.040 0.033 0.027 0.022 0.017 0.014 0.011 0.007 0.002 0.001 0.000 0.000
0.045 0.054 0.065 0.077 0.090 0.104 0.120 0.138 0.157 0.176 0.197 0.219 0.242 0.266 0.290 0.314 0.339 0.363 0.385 0.406 0.426 0.446 0.464 0.482 0.498 0.513 0.526 0.538 0.549 0.559 0.567 0.574 0.579 0.583 0.586 0.587 0.586 0.584 0.580 0.575 0.568 0.560 0.550 0.539 0.526 0.511 0.495 0.478 0.460 0.440 0.419 0.397 0.374 0.351 0.327 0.303 0.279 0.255 0.231 0.208 0.186 0.164 0.144 0.126 0.108 0.092 0.078 0.066 0.054 0.045 0.036 0.029 0.023 0.019 0.015 0.011 0.008
0.146 0.168 0.191 0.216 0.242 0.270 0.299 0.328 0.359 0.390 0.421 0.452 0.483 0.514 0.544 0.574 0.602 0.629 0.652 0.674 0.694 0.712 0.729 0.745 0.759 0.771 0.782 0.791 0.799 0.806 0.810 0.814 0.816 0.817 0.816 0.814 0.810 0.805 0.798 0.790 0.781 0.770 0.757 0.743 0.728 0.710 0.692 0.672 0.650 0.627 0.603 0.578 0.551 0.523 0.494 0.465 0.435 0.404 0.374 0.343 0.313 0.283 0.255 0.227 0.201 0.176 0.153 0.132 0.113 0.095 0.080 0.066 0.054 0.044 0.036 0.029 0.023
0.343 0.378 0.413 0.449 0.486 0.522 0.559 0.595 0.630 0.665 0.699 0.732 0.764 0.794 0.824 0.852 0.878 0.901 0.920 0.937 0.952 0.965 0.977 0.987 0.996 1.003 1.008 1.013 1.016 1.018 1.018 1.017 1.015 1.012 1.008 1.002 0.995 0.987 0.978 0.967 0.955 0.942 0.928 0.912 0.895 0.876 0.856 0.835 0.813 0.789 0.764 0.737 0.709 0.680 0.650 0.619 0.586 0.553 0.519 0.485 0.451 0.416 0.382 0.348 0.315 0.283 0.252 0.223 0.195 0.170 0.146 0.125 0.106 0.089 0.074 0.061 0.049
0.614 0.654 0.694 0.733 0.771 0.808 0.844 0.878 0.912 0.944 0.974 1.003 1.031 1.056 1.081 1.103 1.124 1.141 1.152 1.162 1.170 1.177 1.182 1.186 1.189 1.190 1.190 1.189 1.187 1.184 1.180 1.176 1.170 1.163 1.155 1.146 1.136 1.125 1.113 1.100 1.086 1.071 1.055 1.038 1.020 1.000 0.980 0.958 0.935 0.912 0.887 0.861 0.833 0.805 0.775 0.744 0.712 0.679 0.646 0.611 0.575 0.539 0.503 0.466 0.430 0.394 0.358 0.324 0.291 0.259 0.228 0.200 0.174 0.150 0.128 0.108 0.090
0.900 0.938 0.975 1.010 1.044 1.077 1.108 1.137 1.165 1.191 1.215 1.238 1.259 1.278 1.296 1.312 1.326 1.335 1.339 1.341 1.342 1.342 1.341 1.339 1.335 1.332 1.327 1.321 1.315 1.308 1.301 1.292 1.283 1.273 1.262 1.250 1.238 1.224 1.210 1.195 1.178 1.161 1.144 1.125 1.106 1.085 1.064 1.043 1.020 0.997 0.972 0.947 0.921 0.894 0.865 0.836 0.806 0.774 0.742 0.708 0.674 0.638 0.603 0.566 0.529 0.492 0.455 0.418 0.382 0.346 0.312 0.279 0.247 0.218 0.190 0.165 0.141
1.160 1.193 1.224 1.253 1.280 1.306 1.330 1.352 1.373 1.391 1.408 1.423 1.436 1.447 1.456 1.463 1.468 1.469 1.465 1.461 1.457 1.453 1.448 1.443 1.436 1.430 1.422 1.414 1.404 1.394 1.383 1.371 1.358 1.344 1.330 1.314 1.298 1.281 1.264 1.246 1.228 1.209 1.189 1.170 1.149 1.129 1.108 1.086 1.064 1.041 1.018 0.995 0.970 0.945 0.919 0.892 0.864 0.835 0.804 0.773 0.741 0.708 0.674 0.638 0.603 0.566 0.529 0.492 0.455 0.418 0.382 0.346 0.312 0.279 0.248 0.218 0.190
1.413 1.443 1.472 1.500 1.526 1.551 1.574 1.596 1.616 1.635 1.651 1.666 1.680 1.691 1.700 1.708 1.713 1.712 1.702 1.689 1.672 1.652 1.630 1.605 1.579 1.552 1.523 1.495 1.466 1.437 1.409 1.382 1.356 1.330 1.306 1.283 1.262 1.241 1.221 1.202 1.184 1.166 1.149 1.132 1.115 1.098 1.080 1.063 1.045 1.026 1.007 0.988 0.967 0.946 0.924 0.902 0.878 0.853 0.827 0.800 0.771 0.741 0.710 0.678 0.644 0.609 0.574 0.537 0.500 0.464 0.427 0.390 0.355 0.320 0.287 0.255 0.226
1.218 1.212 1.204 1.193 1.181 1.166 1.150 1.131 1.110 1.087 1.061 1.033 1.003 0.969 0.934 0.896 0.857 0.815 0.773 0.734 0.698 0.664 0.634 0.608 0.584 0.565 0.549 0.537 0.529 0.524 0.524 0.527 0.533 0.543 0.555 0.569 0.586 0.604 0.623 0.642 0.661 0.680 0.698 0.715 0.731 0.746 0.760 0.773 0.784 0.793 0.801 0.807 0.811 0.813 0.812 0.809 0.803 0.794 0.781 0.766 0.748 0.726 0.701 0.674 0.644 0.612 0.579 0.544 0.508 0.471 0.434 0.398 0.362 0.328 0.295 0.264 0.234
2.428 2.487 2.544 2.600 2.653 2.706 2.757 2.806 2.854 2.901 2.946 2.990 3.034 3.077 3.119 3.162 3.203 3.233 3.252 3.271 3.287 3.299 3.308 3.313 3.314 3.310 3.302 3.288 3.269 3.244 3.213 3.177 3.134 3.084 3.029 2.967 2.900 2.827 2.748 2.663 2.574 2.481 2.383 2.282 2.178 2.071 1.964 1.856 1.748 1.642 1.538 1.438 1.341 1.249 1.161 1.079 1.002 0.931 0.866 0.806 0.750 0.699 0.652 0.609 0.568 0.529 0.492 0.456 0.422 0.389 0.357 0.327 0.298 0.270 0.244 0.220 0.198
0.646 0.610 0.574 0.538 0.503 0.468 0.434 0.401 0.368 0.337 0.307 0.279 0.254 0.234 0.219 0.209 0.203 0.201 0.203 0.209 0.220 0.234 0.251 0.272 0.296 0.321 0.349 0.379 0.410 0.441 0.473 0.504 0.534 0.561 0.587 0.609 0.627 0.640 0.649 0.651 0.648 0.639 0.623 0.602 0.575 0.544 0.508 0.468 0.426 0.383 0.340 0.296 0.255 0.215 0.179 0.147 0.119 0.095 0.077 0.063 0.055 0.050 0.050 0.053 0.059 0.066 0.074 0.082 0.090 0.096 0.101 0.104 0.106 0.106 0.105 0.103 0.101
3.905 4.006 4.105 4.202 4.298 4.393 4.488 4.583 4.678 4.773 4.869 4.963 5.052 5.132 5.205 5.268 5.317 5.336 5.333 5.331 5.320 5.301 5.272 5.235 5.190 5.138 5.078 5.013 4.942 4.867 4.788 4.706 4.622 4.537 4.452 4.368 4.285 4.206 4.129 4.057 3.989 3.925 3.865 3.809 3.755 3.704 3.655 3.605 3.556 3.505 3.452 3.396 3.337 3.274 3.207 3.136 3.059 2.977 2.890 2.798 2.700 2.596 2.488 2.375 2.260 2.144 2.030 1.918 1.808 1.699 1.592 1.487 1.383 1.281 1.182 1.084 0.990
0.318 0.309 0.301 0.295 0.289 0.283 0.277 0.270 0.262 0.253 0.242 0.230 0.218 0.207 0.198 0.190 0.184 0.178 0.172 0.168 0.164 0.161 0.158 0.155 0.153 0.151 0.149 0.146 0.144 0.142 0.139 0.137 0.134 0.131 0.128 0.126 0.124 0.122 0.120 0.120 0.120 0.122 0.124 0.128 0.133 0.139 0.146 0.154 0.162 0.171 0.178 0.184 0.188 0.189 0.187 0.181 0.172 0.160 0.145 0.127 0.109 0.091 0.073 0.056 0.041 0.028 0.019 0.012 0.010 0.010 0.011 0.013 0.015 0.015 0.011 0.005 0.000
4.703 4.768 4.833 4.897 4.959 5.021 5.081 5.141 5.200 5.257 5.314 5.370 5.424 5.477 5.529 5.580 5.624 5.643 5.648 5.662 5.675 5.685 5.693 5.699 5.702 5.703 5.701 5.696 5.689 5.680 5.668 5.653 5.636 5.616 5.594 5.569 5.542 5.512 5.479 5.444 5.407 5.367 5.324 5.279 5.231 5.180 5.127 5.071 5.012 4.950 4.886 4.818 4.748 4.674 4.597 4.517 4.434 4.348 4.258 4.164 4.067 3.967 3.863 3.756 3.646 3.532 3.414 3.293 3.169 3.042 2.912 2.780 2.644 2.507 2.368 2.227 2.086
0.318 0.309 0.302 0.295 0.289 0.283 0.277 0.270 0.262 0.252 0.241 0.229 0.217 0.207 0.198 0.190 0.183 0.178 0.172 0.168 0.164 0.160 0.157 0.155 0.153 0.151 0.149 0.146 0.144 0.142 0.139 0.137 0.134 0.131 0.128 0.126 0.124 0.122 0.120 0.120 0.120 0.121 0.123 0.127 0.132 0.138 0.145 0.153 0.161 0.170 0.177 0.183 0.187 0.188 0.186 0.180 0.171 0.159 0.144 0.127 0.109 0.091 0.073 0.056 0.041 0.029 0.019 0.012 0.010 0.010 0.011 0.013 0.015 0.015 0.011 0.005 0.000
3.906 4.007 4.106 4.203 4.299 4.395 4.490 4.585 4.680 4.776 4.871 4.965 5.054 5.134 5.206 5.269 5.318 5.337 5.334 5.332 5.321 5.301 5.273 5.236 5.191 5.138 5.079 5.014 4.943 4.868 4.789 4.707 4.623 4.538 4.452 4.368 4.286 4.206 4.130 4.057 3.989 3.925 3.865 3.808 3.755 3.704 3.654 3.604 3.555 3.504 3.451 3.395 3.336 3.273 3.206 3.134 3.058 2.976 2.889 2.796 2.698 2.595 2.487 2.374 2.259 2.144 2.030 1.918 1.808 1.699 1.592 1.487 1.384 1.282 1.182 1.084 0.991
0.646 0.609 0.573 0.537 0.502 0.467 0.433 0.400 0.368 0.336 0.306 0.278 0.254 0.234 0.219 0.209 0.203 0.202 0.204 0.210 0.220 0.234 0.252 0.272 0.296 0.322 0.350 0.379 0.410 0.441 0.473 0.503 0.533 0.561 0.586 0.608 0.626 0.640 0.648 0.651 0.648 0.638 0.623 0.602 0.575 0.543 0.507 0.468 0.426 0.383 0.339 0.296 0.255 0.215 0.179 0.147 0.119 0.095 0.077 0.063 0.055 0.050 0.050 0.053 0.059 0.066 0.074 0.082 0.089 0.096 0.101 0.104 0.105 0.105 0.104 0.103 0.101
2.429 2.487 2.545 2.600 2.654 2.707 2.757 2.807 2.855 2.901 2.947 2.991 3.035 3.077 3.120 3.163 3.204 3.234 3.253 3.272 3.288 3.301 3.310 3.315 3.315 3.312 3.303 3.289 3.270 3.245 3.214 3.178 3.135 3.085 3.030 2.968 2.901 2.827 2.748 2.664 2.575 2.481 2.383 2.282 2.178 2.072 1.964 1.856 1.749 1.643 1.539 1.438 1.341 1.249 1.161 1.079 1.003 0.932 0.866 0.806 0.750 0.699 0.652 0.608 0.567 0.529 0.492 0.456 0.422 0.389 0.357 0.327 0.298 0.270 0.244 0.220 0.198
1.218 1.212 1.204 1.193 1.181 1.166 1.150 1.131 1.110 1.087 1.061 1.033 1.002 0.969 0.933 0.896 0.856 0.814 0.772 0.733 0.697 0.664 0.634 0.607 0.584 0.564 0.548 0.536 0.528 0.524 0.523 0.526 0.533 0.542 0.554 0.569 0.586 0.604 0.622 0.642 0.661 0.680 0.698 0.715 0.732 0.747 0.760 0.773 0.784 0.793 0.801 0.807 0.811 0.813 0.812 0.809 0.803 0.794 0.781 0.766 0.748 0.726 0.701 0.674 0.644 0.612 0.579 0.544 0.508 0.471 0.434 0.398 0.362 0.328 0.295 0.264 0.234
1.413 1.443 1.472 1.500 1.526 1.551 1.574 1.596 1.616 1.635 1.651 1.666 1.680 1.691 1.700 1.708 1.713 1.712 1.702 1.689 1.672 1.652 1.630 1.605 1.579 1.552 1.523 1.495 1.466 1.437 1.409 1.382 1.356 1.330 1.306 1.283 1.262 1.241 1.221 1.202 1.184 1.167 1.149 1.132 1.115 1.098 1.080 1.063 1.045 1.026 1.007 0.988 0.967 0.946 0.924 0.902 0.878 0.853 0.827 0.800 0.771 0.741 0.710 0.678 0.644 0.609 0.574 0.537 0.500 0.464 0.427 0.390 0.355 0.320 0.287 0.255 0.226
1.160 1.193 1.224 1.253 1.280 1.306 1.330 1.352 1.373 1.391 1.408 1.423 1.436 1.447 1.456 1.463 1.468 1.469 1.465 1.461 1.457 1.453 1.448 1.443 1.437 1.430 1.422 1.414 1.404 1.394 1.383 1.371 1.358 1.344 1.330 1.314 1.298 1.281 1.264 1.246 1.228 1.209 1.189 1.170 1.149 1.129 1.108 1.086 1.064 1.041 1.018 0.995 0.970 0.945 0.919 0.892 0.864 0.835 0.804 0.773 0.741 0.708 0.674 0.639 0.603 0.566 0.529 0.492 0.455 0.418 0.382 0.346 0.312 0.279 0.248 0.218 0.190
0.900 0.938 0.975 1.010 1.044 1.077 1.108 1.137 1.165 1.191 1.215 1.238 1.259 1.278 1.296 1.312 1.326 1.335 1.339 1.341 1.342 1.342 1.341 1.339 1.335 1.332 1.327 1.321 1.315 1.308 1.301 1.292 1.283 1.273 1.262 1.250 1.238 1.224 1.210 1.195 1.178 1.161 1.144 1.125 1.106 1.085 1.064 1.043 1.020 0.997 0.972 0.947 0.921 0.894 0.865 0.836 0.806 0.774 0.742 0.708 0.674 0.639 0.603 0.566 0.529 0.492 0.455 0.418 0.382 0.346 0.312 0.279 0.247 0.218 0.190 0.165 0.141
0.614 0.654 0.694 0.732 0.771 0.808 0.844 0.878 0.912 0.944 0.974 1.003 1.031 1.056 1.081 1.103 1.124 1.141 1.152 1.162 1.170 1.177 1.182 1.186 1.189 1.190 1.190 1.189 1.187 1.184 1.180 1.176 1.170 1.163 1.155 1.146 1.136 1.125 1.113 1.100 1.086 1.071 1.055 1.038 1.020 1.000 0.980 0.958 0.936 0.912 0.887 0.861 0.833 0.805 0.775 0.744 0.712 0.680 0.646 0.611 0.575 0.539 0.503 0.466 0.430 0.394 0.358 0.324 0.291 0.259 0.228 0.200 0.174 0.150 0.128 0.108 0.090
0.343 0.378 0.413 0.449 0.486 0.522 0.558 0.594 0.630 0.665 0.699 0.732 0.764 0.794 0.824 0.852 0.878 0.901 0.920 0.937 0.952 0.965 0.977 0.987 0.996 1.003 1.008 1.013 1.016 1.018 1.018 1.017 1.015 1.012 1.008 1.002 0.995 0.987 0.978 0.967 0.955 0.942 0.928 0.912 0.895 0.876 0.856 0.835 0.813 0.789 0.764 0.737 0.709 0.680 0.650 0.619 0.586 0.553 0.520 0.485 0.451 0.416 0.382 0.348 0.315 0.283 0.252 0.223 0.195 0.170 0.146 0.125 0.106 0.089 0.074 0.061 0.049
0.146 0.168 0.191 0.216 0.242 0.270 0.299 0.328 0.359 0.389 0.421 0.452 0.483 0.514 0.544 0.573 0.602 0.629 0.652 0.674 0.694 0.712 0.729 0.745 0.759 0.771 0.782 0.791 0.799 0.806 0.810 0.814 0.816 0.817 0.816 0.814 0.810 0.805 0.799 0.790 0.781 0.770 0.757 0.743 0.728 0.711 0.692 0.672 0.650 0.627 0.603 0.578 0.551 0.523 0.494 0.465 0.435 0.404 0.374 0.343 0.313 0.283 0.255 0.227 0.201 0.176 0.153 0.132 0.113 0.095 0.080 0.066 0.054 0.044 0.036 0.029 0.023
0.045 0.054 0.065 0.076 0.090 0.104 0.120 0.138 0.156 0.176 0.197 0.219 0.242 0.266 0.290 0.314 0.339 0.362 0.385 0.406 0.426 0.446 0.464 0.482 0.498 0.513 0.526 0.538 0.549 0.559 0.567 0.574 0.579 0.583 0.586 0.586 0.586 0.584 0.580 0.575 0.568 0.560 0.550 0.539 0.526 0.511 0.495 0.478 0.460 0.440 0.419 0.397 0.374 0.351 0.327 0.303 0.279 0.255 0.231 0.208 0.186 0.164 0.144 0.126 0.108 0.092 0.078 0.066 0.054 0.045 0.036 0.029 0.023 0.019 0.015 0.011 0.008
0.011 0.014 0.017 0.020 0.024 0.030 0.035 0.042 0.050 0.059 0.069 0.079 0.091 0.104 0.117 0.131 0.146 0.162 0.177 0.192 0.207 0.222 0.236 0.250 0.264 0.276 0.289 0.300 0.311 0.320 0.329 0.336 0.343 0.348 0.352 0.355 0.356 0.357 0.356 0.353 0.349 0.344 0.338 0.330 0.321 0.311 0.300 0.287 0.274 0.260 0.245 0.229 0.213 0.197 0.181 0.165 0.149 0.133 0.119 0.104 0.091 0.079 0.068 0.057 0.048 0.040 0.033 0.027 0.022 0.017 0.014 0.011 0.007 0.002 0.001 0.000 0.000
0.003 0.004 0.004 0.005 0.006 0.007 0.009 0.011 0.013 0.015 0.018 0.021 0.025 0.030 0.035 0.041 0.047 0.054 0.061 0.068 0.076 0.084 0.091 0.099 0.107 0.115 0.123 0.130 0.137 0.144 0.150 0.156 0.161 0.165 0.169 0.172 0.174 0.175 0.176 0.175 0.174 0.171 0.168 0.164 0.159 0.154 0.147 0.140 0.133 0.125 0.116 0.108 0.099 0.090 0.081 0.073 0.065 0.057 0.049 0.043 0.036 0.031 0.026 0.021 0.018 0.014 0.011 0.009 0.004 0.001 0.001 0.000 0.000 0.000 0.000 0.000 0.000
0.001 0.001 0.002 0.002 0.002 0.002 0.003 0.003 0.004 0.004 0.005 0.005 0.006 0.007 0.009 0.010 0.012 0.014 0.016 0.018 0.021 0.024 0.027 0.030 0.033 0.037 0.040 0.043 0.047 0.050 0.053 0.056 0.059 0.061 0.063 0.065 0.067 0.068 0.068 0.068 0.068 0.067 0.066 0.065 0.063 0.060 0.058 0.055 0.051 0.048 0.044 0.040 0.037 0.033 0.029 0.026 0.022 0.019 0.017 0.014 0.012 0.010 0.006 0.003 0.002 0.001 0.000 0.000 0.000 0.000 0.000 0.000 0.000 0.000 0.000 0.000 0.000
0.000 0.000 0.000 0.000 0.000 0.000 0.000 0.001 0.001 0.001 0.001 0.002 0.002 0.002 0.003 0.003 0.003 0.004 0.004 0.005 0.006 0.006 0.007 0.008 0.008 0.009 0.010 0.011 0.012 0.013 0.015 0.016 0.017 0.018 0.019 0.019 0.020 0.021 0.021 0.021 0.021 0.021 0.021 0.020 0.020 0.019 0.018 0.017 0.016 0.015 0.013 0.012 0.011 0.009 0.007 0.005 0.003 0.002 0.002 0.001 0.001 0.000 0.000 0.000 0.000 0.000 0.000 0.000 0.000 0.000 0.000 0.000 0.000 0.000 0.000 0.000 0.000
