Examples/2023_ISeeSnow/data/CoulombOnly/Results/curv77s/h/1HS_03_curv77s_MoT-Voellmy_h_0068.asc
ncols        81
nrows        61
xllcorner    3882.5
yllcorner    -4402.5
cellsize     5.00
NODATA_value -9999
[rows 0 to 33 of 61, columns 0 to 76 of 81]
0.002 0.003 0.003 0.003 0.004 0.005 0.006 0.007 0.008 0.008 0.008 0.008 0.008 0.009 0.010 0.012 0.015 0.019 0.024 0.029 0.036 0.044 0.053 0.063 0.076 0.089 0.104 0.121 0.139 0.157 0.175 0.193 0.210 0.226 0.239 0.249 0.256 0.259 0.256 0.253 0.243 0.231 0.215 0.195 0.176 0.155 0.134 0.114 0.095 0.078 0.062 0.049 0.038 0.029 0.022 0.017 0.012 0.008 0.002 0.000 0.000 0.000 0.000 0.000 0.000 0.000 0.000 0.000 0.000 0.000 0.000 0.000 0.000 0.000 0.000 0.000 0.000
0.006 0.007 0.007 0.007 0.007 0.007 0.007 0.007 0.007 0.007 0.008 0.008 0.009 0.011 0.014 0.018 0.023 0.028 0.035 0.043 0.053 0.064 0.077 0.093 0.110 0.129 0.150 0.173 0.197 0.222 0.248 0.273 0.297 0.319 0.337 0.352 0.363 0.369 0.371 0.365 0.355 0.340 0.321 0.298 0.271 0.242 0.213 0.184 0.156 0.130 0.107 0.086 0.068 0.053 0.041 0.031 0.024 0.018 0.013 0.009 0.003 0.000 0.000 0.000 0.000 0.000 0.000 0.000 0.000 0.000 0.000 0.000 0.000 0.000 0.000 0.000 0.000
0.006 0.006 0.006 0.006 0.006 0.006 0.007 0.007 0.007 0.007 0.008 0.009 0.011 0.015 0.019 0.024 0.031 0.039 0.048 0.059 0.072 0.087 0.104 0.124 0.146 0.171 0.198 0.227 0.258 0.289 0.322 0.354 0.384 0.413 0.438 0.460 0.475 0.484 0.489 0.485 0.475 0.459 0.437 0.410 0.378 0.343 0.306 0.269 0.232 0.197 0.164 0.135 0.109 0.087 0.068 0.053 0.040 0.030 0.023 0.017 0.012 0.008 0.002 0.000 0.000 0.000 0.000 0.000 0.000 0.000 0.000 0.000 0.000 0.000 0.000 0.000 0.000
0.006 0.006 0.006 0.006 0.006 0.006 0.007 0.007 0.007 0.008 0.009 0.011 0.014 0.019 0.025 0.032 0.040 0.050 0.061 0.075 0.091 0.109 0.131 0.154 0.181 0.211 0.243 0.278 0.315 0.353 0.392 0.431 0.468 0.504 0.536 0.564 0.586 0.601 0.607 0.608 0.599 0.583 0.559 0.529 0.492 0.452 0.408 0.362 0.315 0.273 0.231 0.193 0.158 0.128 0.102 0.080 0.062 0.048 0.036 0.027 0.020 0.015 0.011 0.006 0.001 0.000 0.000 0.000 0.000 0.000 0.000 0.000 0.000 0.000 0.000 0.000 0.000
0.006 0.006 0.006 0.006 0.006 0.006 0.007 0.007 0.007 0.008 0.010 0.013 0.018 0.024 0.031 0.039 0.049 0.060 0.074 0.090 0.109 0.130 0.155 0.182 0.213 0.247 0.284 0.324 0.366 0.410 0.456 0.501 0.546 0.588 0.627 0.662 0.691 0.713 0.726 0.730 0.716 0.707 0.684 0.650 0.610 0.565 0.514 0.461 0.410 0.355 0.304 0.257 0.213 0.175 0.142 0.113 0.089 0.069 0.053 0.041 0.031 0.023 0.017 0.013 0.009 0.002 0.000 0.000 0.000 0.000 0.000 0.000 0.000 0.000 0.000 0.000 0.000
0.006 0.006 0.006 0.006 0.006 0.007 0.007 0.007 0.008 0.009 0.011 0.016 0.021 0.028 0.036 0.046 0.057 0.070 0.086 0.104 0.124 0.148 0.175 0.206 0.240 0.277 0.318 0.363 0.410 0.459 0.510 0.562 0.614 0.664 0.711 0.753 0.789 0.818 0.838 0.849 0.849 0.832 0.807 0.773 0.725 0.680 0.624 0.565 0.498 0.440 0.381 0.324 0.273 0.226 0.185 0.149 0.119 0.094 0.073 0.057 0.043 0.033 0.025 0.019 0.013 0.011 0.004 0.000 0.000 0.000 0.000 0.000 0.000 0.000 0.000 0.000 0.000
0.006 0.006 0.006 0.006 0.006 0.007 0.007 0.007 0.008 0.009 0.013 0.018 0.025 0.032 0.041 0.051 0.064 0.078 0.095 0.115 0.137 0.163 0.192 0.225 0.261 0.301 0.346 0.393 0.445 0.499 0.555 0.613 0.672 0.729 0.784 0.835 0.880 0.917 0.944 0.961 0.965 0.954 0.931 0.897 0.856 0.797 0.735 0.670 0.596 0.528 0.459 0.394 0.334 0.279 0.230 0.187 0.151 0.120 0.095 0.074 0.057 0.044 0.034 0.024 0.020 0.015 0.010 0.005 0.000 0.000 0.000 0.000 0.000 0.000 0.000 0.000 0.000
0.006 0.006 0.006 0.006 0.006 0.007 0.007 0.007 0.008 0.010 0.015 0.020 0.027 0.035 0.045 0.056 0.069 0.084 0.102 0.123 0.146 0.173 0.204 0.238 0.277 0.319 0.366 0.416 0.471 0.529 0.590 0.654 0.719 0.784 0.847 0.906 0.960 1.006 1.043 1.067 1.079 1.072 1.054 1.019 0.972 0.915 0.848 0.775 0.695 0.617 0.539 0.465 0.396 0.332 0.276 0.226 0.184 0.148 0.117 0.092 0.072 0.056 0.043 0.033 0.025 0.018 0.015 0.011 0.005 0.000 0.000 0.000 0.000 0.000 0.000 0.000 0.000
0.006 0.006 0.006 0.006 0.006 0.007 0.007 0.007 0.008 0.011 0.016 0.022 0.029 0.038 0.048 0.059 0.073 0.089 0.107 0.129 0.153 0.181 0.212 0.247 0.287 0.330 0.378 0.431 0.488 0.550 0.616 0.684 0.755 0.827 0.899 0.967 1.031 1.086 1.132 1.166 1.186 1.190 1.171 1.139 1.092 1.032 0.961 0.874 0.796 0.707 0.620 0.536 0.458 0.386 0.322 0.265 0.216 0.175 0.140 0.111 0.087 0.068 0.053 0.041 0.029 0.025 0.018 0.013 0.010 0.004 0.000 0.000 0.000 0.000 0.000 0.000 0.000
0.006 0.006 0.006 0.006 0.006 0.007 0.007 0.008 0.009 0.012 0.017 0.023 0.031 0.039 0.049 0.061 0.075 0.092 0.110 0.132 0.156 0.184 0.216 0.252 0.291 0.336 0.385 0.439 0.498 0.562 0.631 0.704 0.781 0.860 0.939 1.017 1.090 1.156 1.212 1.256 1.285 1.297 1.286 1.257 1.212 1.144 1.067 0.984 0.893 0.799 0.702 0.608 0.520 0.439 0.367 0.303 0.248 0.201 0.162 0.129 0.102 0.080 0.064 0.045 0.038 0.029 0.021 0.017 0.012 0.010 0.002 0.000 0.000 0.000 0.000 0.000 0.000
0.006 0.006 0.006 0.006 0.006 0.007 0.007 0.008 0.009 0.012 0.017 0.024 0.031 0.040 0.050 0.062 0.076 0.093 0.111 0.133 0.157 0.185 0.217 0.252 0.292 0.336 0.386 0.440 0.500 0.566 0.637 0.714 0.795 0.880 0.967 1.054 1.137 1.215 1.282 1.337 1.375 1.396 1.402 1.356 1.323 1.268 1.187 1.096 0.998 0.888 0.783 0.680 0.582 0.492 0.411 0.340 0.279 0.227 0.183 0.146 0.116 0.093 0.067 0.058 0.043 0.034 0.025 0.019 0.015 0.011 0.007 0.001 0.000 0.000 0.000 0.000 0.000
0.006 0.006 0.006 0.006 0.006 0.007 0.007 0.008 0.009 0.012 0.017 0.024 0.031 0.040 0.050 0.062 0.076 0.092 0.111 0.132 0.156 0.184 0.215 0.250 0.289 0.333 0.382 0.436 0.497 0.563 0.636 0.715 0.800 0.890 0.984 1.079 1.173 1.261 1.340 1.406 1.456 1.486 1.496 1.484 1.432 1.369 1.289 1.194 1.089 0.976 0.866 0.746 0.643 0.544 0.455 0.376 0.309 0.251 0.203 0.162 0.130 0.102 0.081 0.065 0.046 0.037 0.028 0.023 0.017 0.013 0.010 0.003 0.000 0.000 0.000 0.000 0.000
0.006 0.006 0.006 0.006 0.006 0.007 0.007 0.008 0.009 0.012 0.017 0.023 0.031 0.039 0.050 0.061 0.075 0.091 0.109 0.129 0.153 0.180 0.210 0.244 0.283 0.326 0.374 0.427 0.487 0.553 0.627 0.707 0.795 0.890 0.989 1.092 1.196 1.295 1.387 1.466 1.529 1.571 1.590 1.579 1.537 1.474 1.391 1.292 1.181 1.062 0.943 0.821 0.703 0.595 0.497 0.411 0.337 0.274 0.221 0.180 0.132 0.118 0.091 0.066 0.055 0.041 0.033 0.025 0.018 0.015 0.011 0.007 0.001 0.000 0.000 0.000 0.000
0.006 0.006 0.006 0.006 0.006 0.007 0.007 0.007 0.008 0.011 0.016 0.023 0.030 0.038 0.048 0.060 0.073 0.088 0.106 0.126 0.148 0.174 0.204 0.237 0.274 0.315 0.362 0.415 0.473 0.539 0.611 0.692 0.782 0.879 0.984 1.093 1.205 1.314 1.415 1.503 1.573 1.622 1.649 1.651 1.615 1.556 1.476 1.378 1.264 1.147 0.996 0.886 0.760 0.644 0.538 0.445 0.363 0.295 0.243 0.178 0.159 0.123 0.090 0.075 0.058 0.047 0.036 0.026 0.021 0.016 0.012 0.009 0.002 0.000 0.000 0.000 0.000
0.006 0.006 0.006 0.006 0.006 0.007 0.007 0.007 0.008 0.010 0.015 0.021 0.028 0.037 0.046 0.057 0.070 0.085 0.102 0.121 0.143 0.167 0.195 0.227 0.263 0.303 0.348 0.398 0.455 0.519 0.591 0.671 0.761 0.860 0.969 1.085 1.208 1.333 1.455 1.569 1.668 1.744 1.790 1.803 1.765 1.692 1.597 1.484 1.357 1.222 1.092 0.948 0.815 0.691 0.578 0.477 0.389 0.319 0.237 0.214 0.166 0.122 0.096 0.082 0.062 0.049 0.035 0.029 0.023 0.017 0.013 0.010 0.005 0.000 0.000 0.000 0.000
0.006 0.006 0.006 0.006 0.006 0.007 0.007 0.007 0.008 0.010 0.014 0.020 0.027 0.035 0.044 0.054 0.066 0.081 0.097 0.115 0.136 0.159 0.186 0.216 0.250 0.288 0.331 0.380 0.434 0.496 0.565 0.644 0.732 0.831 0.940 1.056 1.175 1.291 1.397 1.486 1.555 1.606 1.639 1.656 1.650 1.601 1.551 1.473 1.373 1.258 1.130 0.996 0.863 0.734 0.614 0.509 0.414 0.334 0.268 0.214 0.165 0.130 0.112 0.083 0.066 0.048 0.039 0.030 0.023 0.018 0.014 0.010 0.006 0.000 0.000 0.000 0.000
0.005 0.006 0.006 0.006 0.006 0.006 0.007 0.007 0.008 0.009 0.012 0.018 0.024 0.032 0.041 0.051 0.062 0.076 0.091 0.108 0.128 0.150 0.176 0.204 0.236 0.272 0.313 0.359 0.411 0.469 0.536 0.612 0.700 0.800 0.915 1.048 1.200 1.371 1.554 1.740 1.911 2.048 2.139 2.176 2.150 2.069 1.929 1.767 1.595 1.414 1.240 1.075 0.921 0.781 0.656 0.519 0.447 0.353 0.282 0.222 0.167 0.147 0.112 0.081 0.065 0.051 0.041 0.032 0.024 0.019 0.014 0.012 0.007 0.000 0.000 0.000 0.000
0.005 0.006 0.006 0.006 0.006 0.006 0.007 0.007 0.007 0.008 0.011 0.016 0.022 0.029 0.037 0.047 0.058 0.070 0.085 0.101 0.119 0.140 0.164 0.191 0.221 0.255 0.293 0.336 0.385 0.440 0.503 0.575 0.657 0.748 0.847 0.948 1.046 1.137 1.215 1.277 1.325 1.362 1.390 1.410 1.424 1.404 1.370 1.326 1.269 1.199 1.119 1.013 0.907 0.791 0.672 0.560 0.458 0.373 0.276 0.241 0.182 0.144 0.104 0.087 0.068 0.053 0.041 0.030 0.023 0.020 0.014 0.011 0.006 0.001 0.000 0.000 0.000
0.005 0.006 0.006 0.006 0.006 0.006 0.006 0.007 0.007 0.008 0.009 0.013 0.019 0.026 0.033 0.042 0.053 0.064 0.078 0.093 0.110 0.130 0.152 0.177 0.205 0.236 0.272 0.312 0.357 0.409 0.469 0.540 0.624 0.728 0.858 1.023 1.223 1.450 1.689 1.922 2.129 2.295 2.412 2.475 2.485 2.423 2.306 2.154 1.965 1.753 1.525 1.302 1.082 0.902 0.746 0.609 0.471 0.378 0.316 0.239 0.189 0.138 0.111 0.091 0.062 0.057 0.038 0.029 0.025 0.018 0.015 0.010 0.006 0.000 0.000 0.000 0.000
0.005 0.006 0.006 0.006 0.006 0.006 0.006 0.007 0.007 0.007 0.008 0.011 0.016 0.022 0.029 0.037 0.047 0.058 0.070 0.084 0.100 0.118 0.139 0.162 0.188 0.217 0.249 0.286 0.328 0.375 0.429 0.489 0.554 0.624 0.697 0.770 0.843 0.918 0.996 1.073 1.147 1.212 1.265 1.300 1.308 1.276 1.192 1.104 1.022 0.952 0.888 0.834 0.782 0.731 0.608 0.544 0.490 0.388 0.312 0.234 0.196 0.140 0.111 0.089 0.067 0.049 0.040 0.030 0.023 0.018 0.013 0.010 0.005 0.000 0.000 0.000 0.000
0.005 0.006 0.006 0.006 0.006 0.006 0.006 0.006 0.007 0.007 0.008 0.009 0.012 0.018 0.024 0.032 0.041 0.051 0.062 0.075 0.090 0.106 0.125 0.146 0.169 0.196 0.226 0.260 0.299 0.344 0.399 0.467 0.554 0.668 0.811 0.988 1.199 1.437 1.689 1.938 2.164 2.353 2.486 2.560 2.587 2.555 2.461 2.324 2.164 1.982 1.788 1.581 1.380 1.077 0.970 0.744 0.580 0.441 0.333 0.251 0.190 0.150 0.107 0.081 0.067 0.048 0.037 0.029 0.020 0.016 0.013 0.009 0.002 0.000 0.000 0.000 0.000
0.005 0.006 0.006 0.006 0.006 0.006 0.006 0.006 0.007 0.007 0.007 0.008 0.009 0.014 0.020 0.026 0.034 0.043 0.054 0.065 0.078 0.093 0.110 0.129 0.150 0.174 0.200 0.229 0.262 0.297 0.335 0.378 0.425 0.478 0.539 0.612 0.697 0.796 0.906 1.021 1.139 1.252 1.348 1.414 1.438 1.414 1.341 1.184 1.030 0.880 0.746 0.644 0.564 0.526 0.480 0.446 0.371 0.326 0.281 0.231 0.182 0.138 0.110 0.079 0.059 0.045 0.030 0.028 0.018 0.014 0.010 0.006 0.000 0.000 0.000 0.000 0.000
0.005 0.005 0.006 0.006 0.006 0.006 0.006 0.006 0.006 0.007 0.007 0.007 0.008 0.010 0.015 0.021 0.028 0.036 0.045 0.055 0.067 0.080 0.096 0.113 0.132 0.154 0.180 0.210 0.246 0.290 0.344 0.409 0.491 0.594 0.730 0.907 1.130 1.394 1.679 1.950 2.182 2.359 2.483 2.561 2.598 2.578 2.522 2.420 2.327 2.188 2.015 1.831 1.626 1.436 1.151 0.961 0.764 0.562 0.440 0.295 0.207 0.145 0.104 0.077 0.050 0.039 0.030 0.022 0.016 0.012 0.008 0.001 0.000 0.000 0.000 0.000 0.000
0.005 0.005 0.006 0.006 0.006 0.006 0.006 0.006 0.006 0.006 0.007 0.007 0.007 0.008 0.010 0.015 0.022 0.029 0.037 0.046 0.056 0.068 0.081 0.095 0.111 0.127 0.144 0.162 0.181 0.203 0.229 0.263 0.306 0.361 0.430 0.513 0.608 0.715 0.830 0.950 1.065 1.170 1.258 1.323 1.362 1.370 1.344 1.278 1.148 0.962 0.784 0.608 0.474 0.377 0.318 0.257 0.245 0.210 0.182 0.159 0.133 0.107 0.077 0.063 0.045 0.032 0.024 0.018 0.012 0.008 0.002 0.000 0.000 0.000 0.000 0.000 0.000
0.005 0.006 0.006 0.006 0.006 0.006 0.006 0.006 0.007 0.007 0.007 0.007 0.008 0.008 0.009 0.013 0.018 0.024 0.031 0.039 0.048 0.059 0.073 0.088 0.108 0.131 0.159 0.190 0.223 0.260 0.304 0.360 0.435 0.540 0.689 0.888 1.132 1.400 1.662 1.891 2.077 2.216 2.312 2.370 2.400 2.407 2.371 2.334 2.290 2.251 2.249 2.210 2.163 2.168 2.029 1.896 1.687 1.362 1.029 0.624 0.353 0.201 0.116 0.064 0.041 0.028 0.019 0.013 0.007 0.001 0.000 0.000 0.000 0.000 0.000 0.000 0.000
0.005 0.006 0.006 0.006 0.006 0.006 0.006 0.007 0.007 0.007 0.007 0.007 0.007 0.007 0.007 0.006 0.006 0.006 0.006 0.005 0.005 0.005 0.005 0.005 0.005 0.005 0.005 0.005 0.007 0.010 0.016 0.025 0.037 0.053 0.077 0.112 0.162 0.230 0.313 0.403 0.490 0.563 0.613 0.633 0.621 0.574 0.512 0.444 0.381 0.324 0.285 0.230 0.180 0.151 0.129 0.104 0.098 0.100 0.081 0.061 0.048 0.039 0.031 0.026 0.019 0.014 0.010 0.004 0.001 0.000 0.000 0.000 0.000 0.000 0.000 0.000 0.000
0.007 0.008 0.008 0.008 0.008 0.009 0.012 0.017 0.023 0.032 0.045 0.062 0.087 0.121 0.169 0.235 0.325 0.442 0.590 0.767 0.969 1.192 1.427 1.667 1.903 2.130 2.346 2.549 2.744 2.931 3.110 3.280 3.440 3.588 3.723 3.842 3.945 4.032 4.106 4.168 4.222 4.269 4.313 4.352 4.389 4.424 4.457 4.490 4.517 4.536 4.541 4.529 4.498 4.446 4.370 4.273 4.156 4.019 3.864 3.693 3.504 3.297 3.072 2.828 2.563 2.273 1.954 1.603 1.221 0.797 0.407 0.153 0.043 0.008 0.000 0.000 0.000
0.002 0.002 0.002 0.002 0.002 0.002 0.002 0.002 0.003 0.003 0.003 0.003 0.003 0.002 0.002 0.002 0.002 0.002 0.001 0.001 0.002 0.002 0.002 0.002 0.003 0.004 0.005 0.006 0.007 0.008 0.012 0.016 0.022 0.031 0.044 0.063 0.088 0.120 0.157 0.197 0.235 0.269 0.295 0.310 0.316 0.311 0.296 0.273 0.244 0.213 0.183 0.156 0.134 0.117 0.106 0.099 0.092 0.084 0.073 0.058 0.044 0.030 0.020 0.012 0.008 0.006 0.006 0.007 0.006 0.002 0.001 0.000 0.000 0.000 0.000 0.000 0.000
0.008 0.015 0.024 0.036 0.050 0.069 0.092 0.124 0.167 0.226 0.310 0.428 0.595 0.827 1.137 1.527 1.980 2.467 2.953 3.414 3.836 4.218 4.563 4.879 5.170 5.440 5.696 5.942 6.181 6.418 6.655 6.893 7.134 7.375 7.617 7.854 8.084 8.304 8.508 8.696 8.862 9.007 9.128 9.220 9.279 9.306 9.312 9.301 9.273 9.226 9.157 9.062 8.941 8.795 8.626 8.438 8.235 8.023 7.801 7.567 7.317 7.050 6.763 6.453 6.120 5.759 5.365 4.929 4.440 3.880 3.216 2.358 0.715 0.103 0.035 0.017 0.010
0.002 0.002 0.002 0.002 0.002 0.002 0.002 0.002 0.002 0.002 0.002 0.002 0.002 0.002 0.002 0.002 0.002 0.002 0.003 0.003 0.003 0.003 0.002 0.002 0.002 0.002 0.004 0.006 0.009 0.012 0.016 0.020 0.025 0.030 0.038 0.048 0.061 0.079 0.101 0.126 0.151 0.173 0.191 0.202 0.205 0.199 0.185 0.166 0.142 0.117 0.093 0.071 0.053 0.040 0.034 0.031 0.032 0.032 0.032 0.031 0.028 0.025 0.020 0.016 0.011 0.009 0.008 0.008 0.007 0.004 0.001 0.000 0.000 0.000 0.000 0.000 0.000
0.004 0.005 0.006 0.006 0.007 0.009 0.014 0.025 0.041 0.067 0.109 0.175 0.282 0.449 0.703 1.064 1.543 2.128 2.788 3.484 4.184 4.869 5.528 6.159 6.760 7.333 7.876 8.390 8.872 9.323 9.739 10.122 10.470 10.783 11.061 11.306 11.519 11.701 11.853 11.978 12.076 12.150 12.199 12.227 12.233 12.219 12.186 12.133 12.063 11.975 11.870 11.749 11.611 11.457 11.287 11.102 10.902 10.685 10.454 10.207 9.944 9.664 9.369 9.056 8.727 8.379 8.012 7.625 7.216 6.783 6.323 5.832 5.304 4.729 4.092 3.366 2.478
0.002 0.002 0.002 0.002 0.002 0.002 0.002 0.002 0.002 0.002 0.002 0.002 0.002 0.002 0.002 0.002 0.002 0.002 0.003 0.003 0.003 0.003 0.002 0.002 0.002 0.002 0.004 0.006 0.009 0.012 0.016 0.020 0.025 0.030 0.038 0.048 0.061 0.079 0.101 0.126 0.151 0.173 0.191 0.202 0.205 0.199 0.186 0.166 0.143 0.117 0.093 0.071 0.053 0.041 0.034 0.032 0.032 0.032 0.032 0.031 0.028 0.025 0.020 0.016 0.011 0.009 0.008 0.008 0.007 0.004 0.001 0.000 0.000 0.000 0.000 0.000 0.000
0.008 0.015 0.024 0.036 0.050 0.069 0.092 0.124 0.167 0.227 0.310 0.429 0.596 0.829 1.139 1.529 1.983 2.470 2.956 3.416 3.838 4.220 4.565 4.880 5.171 5.441 5.697 5.943 6.182 6.419 6.656 6.894 7.134 7.376 7.617 7.854 8.084 8.303 8.508 8.695 8.862 9.006 9.127 9.219 9.278 9.306 9.311 9.300 9.272 9.226 9.157 9.062 8.941 8.796 8.626 8.438 8.236 8.025 7.803 7.568 7.319 7.052 6.764 6.455 6.122 5.761 5.367 4.932 4.443 3.883 3.221 2.363 0.727 0.102 0.036 0.017 0.010
0.002 0.002 0.002 0.002 0.002 0.002 0.002 0.002 0.002 0.003 0.003 0.003 0.003 0.002 0.002 0.002 0.002 0.002 0.001 0.001 0.002 0.002 0.002 0.002 0.003 0.004 0.005 0.006 0.007 0.008 0.012 0.016 0.022 0.031 0.044 0.063 0.088 0.120 0.157 0.197 0.235 0.269 0.295 0.311 0.316 0.311 0.296 0.273 0.244 0.213 0.183 0.156 0.134 0.117 0.106 0.099 0.092 0.084 0.073 0.058 0.043 0.030 0.020 0.012 0.008 0.006 0.006 0.007 0.006 0.002 0.001 0.000 0.000 0.000 0.000 0.000 0.000
