Examples/2023_ISeeSnow/data/CoulombOnly/Results/curv77s/h/1HS_03_curv77s_MoT-Voellmy_h_0059.asc
ncols        118
nrows        61
xllcorner    3622.5
yllcorner    -4402.5
cellsize     5.00
NODATA_value -9999
[rows 0 to 33 of 61, columns 0 to 76 of 118]
0.000 0.000 0.000 0.000 0.000 0.000 0.000 0.000 0.000 0.000 0.000 0.000 0.000 0.000 0.000 0.000 0.000 0.000 0.000 0.000 0.000 0.000 0.000 0.000 0.000 0.000 0.000 0.000 0.000 0.000 0.000 0.000 0.000 0.000 0.000 0.000 0.000 0.000 0.000 0.000 0.001 0.001 0.001 0.001 0.002 0.002 0.002 0.003 0.003 0.003 0.004 0.004 0.004 0.005 0.005 0.005 0.006 0.006 0.006 0.006 0.006 0.005 0.005 0.005 0.004 0.004 0.003 0.002 0.002 0.001 0.001 0.000 0.000 0.000 0.000 0.000 0.000
0.000 0.000 0.000 0.000 0.000 0.000 0.000 0.000 0.000 0.000 0.000 0.000 0.000 0.000 0.000 0.000 0.000 0.000 0.000 0.000 0.000 0.000 0.000 0.000 0.000 0.000 0.000 0.000 0.000 0.000 0.000 0.001 0.001 0.001 0.001 0.002 0.002 0.002 0.003 0.003 0.003 0.004 0.004 0.005 0.005 0.006 0.006 0.007 0.008 0.009 0.010 0.011 0.012 0.013 0.014 0.015 0.016 0.016 0.017 0.017 0.018 0.018 0.017 0.017 0.016 0.016 0.015 0.014 0.013 0.011 0.010 0.008 0.006 0.004 0.003 0.002 0.001
0.000 0.000 0.000 0.000 0.000 0.000 0.000 0.000 0.000 0.000 0.000 0.000 0.000 0.000 0.000 0.000 0.000 0.000 0.000 0.000 0.000 0.000 0.001 0.001 0.001 0.001 0.002 0.002 0.002 0.002 0.002 0.003 0.003 0.003 0.003 0.004 0.004 0.004 0.005 0.006 0.006 0.007 0.008 0.009 0.011 0.012 0.014 0.016 0.018 0.020 0.023 0.025 0.028 0.030 0.033 0.035 0.037 0.039 0.040 0.041 0.042 0.042 0.041 0.041 0.039 0.038 0.036 0.033 0.031 0.028 0.026 0.023 0.020 0.018 0.015 0.013 0.011
0.000 0.000 0.000 0.000 0.000 0.000 0.000 0.000 0.000 0.000 0.000 0.000 0.000 0.000 0.001 0.001 0.001 0.001 0.002 0.002 0.002 0.002 0.002 0.002 0.002 0.002 0.003 0.003 0.003 0.003 0.003 0.004 0.004 0.005 0.005 0.006 0.007 0.008 0.009 0.010 0.012 0.014 0.016 0.019 0.022 0.026 0.030 0.034 0.039 0.044 0.049 0.054 0.059 0.064 0.068 0.073 0.076 0.080 0.082 0.084 0.085 0.085 0.085 0.083 0.081 0.078 0.075 0.070 0.066 0.061 0.055 0.050 0.045 0.040 0.035 0.030 0.026
0.000 0.000 0.000 0.000 0.000 0.000 0.001 0.001 0.001 0.001 0.002 0.002 0.002 0.002 0.002 0.002 0.002 0.002 0.002 0.002 0.002 0.002 0.003 0.003 0.003 0.003 0.004 0.004 0.004 0.005 0.006 0.006 0.007 0.008 0.009 0.009 0.011 0.013 0.016 0.019 0.023 0.027 0.032 0.038 0.044 0.051 0.058 0.066 0.074 0.083 0.092 0.100 0.109 0.117 0.125 0.132 0.138 0.144 0.148 0.151 0.153 0.153 0.153 0.150 0.147 0.142 0.136 0.129 0.122 0.113 0.104 0.095 0.086 0.077 0.068 0.060 0.052
0.001 0.001 0.001 0.002 0.002 0.002 0.002 0.002 0.002 0.002 0.002 0.002 0.002 0.002 0.002 0.002 0.002 0.003 0.003 0.003 0.003 0.004 0.004 0.005 0.005 0.005 0.006 0.006 0.007 0.007 0.008 0.008 0.009 0.010 0.012 0.016 0.019 0.024 0.029 0.035 0.042 0.050 0.059 0.068 0.079 0.090 0.102 0.114 0.127 0.140 0.154 0.167 0.180 0.192 0.203 0.214 0.223 0.231 0.237 0.241 0.244 0.245 0.244 0.241 0.236 0.229 0.221 0.211 0.200 0.188 0.174 0.161 0.147 0.133 0.119 0.106 0.093
0.001 0.001 0.001 0.001 0.001 0.001 0.002 0.002 0.002 0.002 0.002 0.002 0.003 0.003 0.003 0.003 0.004 0.004 0.005 0.005 0.005 0.006 0.006 0.006 0.006 0.007 0.007 0.007 0.008 0.008 0.009 0.011 0.014 0.018 0.022 0.028 0.035 0.042 0.051 0.061 0.072 0.084 0.097 0.112 0.127 0.144 0.161 0.178 0.197 0.215 0.233 0.251 0.268 0.284 0.299 0.313 0.325 0.335 0.343 0.348 0.352 0.353 0.351 0.347 0.341 0.333 0.322 0.309 0.295 0.279 0.262 0.244 0.225 0.206 0.186 0.167 0.149
0.001 0.001 0.002 0.002 0.002 0.002 0.002 0.003 0.003 0.003 0.004 0.004 0.004 0.005 0.005 0.005 0.005 0.006 0.006 0.006 0.006 0.006 0.006 0.007 0.007 0.007 0.008 0.008 0.009 0.011 0.014 0.019 0.024 0.031 0.038 0.047 0.057 0.068 0.081 0.095 0.111 0.129 0.147 0.167 0.188 0.210 0.232 0.255 0.278 0.301 0.324 0.346 0.366 0.386 0.404 0.420 0.434 0.446 0.455 0.462 0.466 0.467 0.465 0.461 0.454 0.444 0.431 0.416 0.399 0.380 0.359 0.337 0.314 0.290 0.265 0.241 0.217
0.002 0.003 0.003 0.003 0.004 0.004 0.004 0.004 0.005 0.005 0.005 0.005 0.005 0.005 0.005 0.006 0.006 0.006 0.006 0.006 0.006 0.006 0.007 0.007 0.007 0.008 0.009 0.010 0.013 0.018 0.024 0.031 0.039 0.049 0.060 0.072 0.086 0.102 0.120 0.139 0.160 0.182 0.206 0.231 0.257 0.284 0.311 0.338 0.366 0.392 0.418 0.443 0.467 0.489 0.509 0.527 0.542 0.555 0.566 0.573 0.577 0.579 0.577 0.572 0.564 0.553 0.539 0.523 0.503 0.482 0.458 0.433 0.406 0.378 0.350 0.321 0.292
0.004 0.004 0.004 0.004 0.005 0.005 0.005 0.005 0.005 0.005 0.005 0.005 0.005 0.006 0.006 0.006 0.006 0.006 0.006 0.006 0.007 0.007 0.007 0.008 0.008 0.009 0.012 0.017 0.023 0.030 0.038 0.048 0.059 0.072 0.087 0.104 0.122 0.143 0.165 0.189 0.215 0.242 0.271 0.300 0.330 0.361 0.392 0.422 0.453 0.482 0.510 0.537 0.563 0.586 0.608 0.627 0.644 0.657 0.668 0.676 0.681 0.683 0.681 0.676 0.667 0.656 0.641 0.623 0.602 0.579 0.554 0.526 0.497 0.466 0.434 0.402 0.369
0.004 0.005 0.005 0.005 0.005 0.005 0.005 0.005 0.005 0.005 0.005 0.006 0.006 0.006 0.006 0.006 0.006 0.006 0.006 0.007 0.007 0.007 0.008 0.009 0.010 0.015 0.020 0.027 0.035 0.045 0.056 0.069 0.084 0.101 0.120 0.140 0.163 0.188 0.215 0.243 0.273 0.304 0.336 0.369 0.403 0.436 0.469 0.502 0.534 0.565 0.595 0.624 0.650 0.675 0.697 0.717 0.734 0.749 0.760 0.769 0.774 0.776 0.774 0.769 0.760 0.749 0.733 0.715 0.693 0.669 0.642 0.613 0.582 0.549 0.515 0.480 0.444
0.004 0.005 0.005 0.005 0.005 0.005 0.005 0.005 0.005 0.006 0.006 0.006 0.006 0.006 0.006 0.006 0.006 0.007 0.007 0.007 0.007 0.008 0.009 0.012 0.017 0.024 0.031 0.040 0.051 0.064 0.078 0.094 0.113 0.133 0.156 0.180 0.207 0.236 0.266 0.298 0.331 0.365 0.400 0.435 0.470 0.505 0.540 0.574 0.608 0.640 0.670 0.699 0.726 0.752 0.774 0.795 0.813 0.828 0.840 0.849 0.855 0.857 0.856 0.851 0.843 0.831 0.816 0.797 0.775 0.751 0.723 0.692 0.660 0.625 0.589 0.552 0.514
0.004 0.005 0.005 0.005 0.005 0.005 0.005 0.005 0.006 0.006 0.006 0.006 0.006 0.006 0.006 0.006 0.007 0.007 0.007 0.008 0.008 0.010 0.013 0.019 0.026 0.035 0.045 0.056 0.070 0.085 0.102 0.122 0.143 0.167 0.193 0.221 0.251 0.283 0.316 0.350 0.385 0.421 0.458 0.494 0.531 0.567 0.603 0.637 0.671 0.703 0.734 0.764 0.791 0.817 0.840 0.861 0.879 0.895 0.908 0.918 0.924 0.927 0.927 0.923 0.915 0.904 0.889 0.871 0.849 0.824 0.795 0.764 0.731 0.695 0.658 0.619 0.579
0.004 0.005 0.005 0.005 0.005 0.005 0.006 0.006 0.006 0.006 0.006 0.006 0.006 0.006 0.006 0.007 0.007 0.007 0.008 0.008 0.010 0.015 0.021 0.028 0.037 0.048 0.060 0.074 0.090 0.108 0.129 0.151 0.176 0.202 0.231 0.261 0.294 0.327 0.362 0.398 0.435 0.472 0.509 0.546 0.583 0.620 0.655 0.690 0.724 0.756 0.787 0.816 0.844 0.870 0.893 0.915 0.934 0.950 0.964 0.975 0.982 0.986 0.987 0.984 0.978 0.967 0.953 0.935 0.914 0.889 0.861 0.829 0.795 0.759 0.721 0.680 0.639
0.004 0.005 0.005 0.005 0.005 0.006 0.006 0.006 0.006 0.006 0.006 0.006 0.006 0.006 0.007 0.007 0.007 0.008 0.008 0.011 0.016 0.022 0.030 0.039 0.050 0.063 0.077 0.094 0.112 0.133 0.156 0.180 0.207 0.236 0.267 0.299 0.333 0.368 0.404 0.441 0.478 0.516 0.553 0.590 0.627 0.663 0.698 0.733 0.766 0.798 0.828 0.857 0.885 0.911 0.935 0.957 0.976 0.994 1.008 1.020 1.029 1.035 1.037 1.036 1.031 1.022 1.009 0.992 0.971 0.947 0.919 0.888 0.854 0.817 0.778 0.737 0.694
0.004 0.005 0.005 0.006 0.006 0.006 0.006 0.006 0.006 0.006 0.006 0.006 0.006 0.007 0.007 0.007 0.008 0.009 0.011 0.016 0.023 0.031 0.041 0.052 0.064 0.079 0.096 0.114 0.135 0.158 0.182 0.209 0.238 0.268 0.301 0.334 0.369 0.404 0.441 0.477 0.514 0.552 0.588 0.625 0.661 0.696 0.731 0.764 0.797 0.828 0.858 0.887 0.914 0.940 0.964 0.987 1.007 1.025 1.041 1.055 1.065 1.073 1.077 1.077 1.074 1.067 1.056 1.041 1.021 0.998 0.971 0.940 0.907 0.870 0.830 0.788 0.745
0.005 0.005 0.006 0.006 0.006 0.006 0.006 0.006 0.006 0.006 0.006 0.006 0.007 0.007 0.007 0.008 0.008 0.011 0.016 0.023 0.031 0.041 0.052 0.065 0.080 0.096 0.114 0.135 0.157 0.182 0.208 0.236 0.266 0.297 0.330 0.364 0.399 0.434 0.471 0.507 0.543 0.579 0.615 0.651 0.686 0.720 0.753 0.786 0.817 0.848 0.877 0.905 0.932 0.958 0.982 1.005 1.026 1.046 1.063 1.078 1.090 1.099 1.106 1.108 1.107 1.102 1.094 1.080 1.063 1.042 1.016 0.986 0.953 0.917 0.877 0.835 0.791
0.005 0.005 0.006 0.006 0.006 0.006 0.006 0.006 0.006 0.006 0.006 0.007 0.007 0.007 0.008 0.008 0.011 0.016 0.023 0.031 0.041 0.052 0.065 0.079 0.095 0.113 0.133 0.155 0.179 0.204 0.232 0.261 0.291 0.323 0.355 0.389 0.424 0.458 0.494 0.529 0.564 0.599 0.633 0.667 0.701 0.734 0.766 0.797 0.827 0.856 0.885 0.912 0.939 0.964 0.989 1.012 1.034 1.054 1.073 1.089 1.103 1.115 1.123 1.128 1.130 1.127 1.121 1.110 1.095 1.076 1.052 1.025 0.993 0.958 0.919 0.877 0.833
0.005 0.005 0.006 0.006 0.006 0.006 0.006 0.006 0.006 0.006 0.007 0.007 0.007 0.008 0.008 0.011 0.016 0.023 0.031 0.040 0.051 0.063 0.077 0.093 0.110 0.130 0.151 0.174 0.198 0.225 0.252 0.282 0.312 0.343 0.376 0.409 0.442 0.476 0.509 0.543 0.577 0.610 0.642 0.675 0.706 0.737 0.767 0.797 0.825 0.853 0.881 0.907 0.933 0.959 0.983 1.006 1.029 1.050 1.070 1.088 1.103 1.117 1.127 1.134 1.138 1.138 1.135 1.127 1.115 1.098 1.078 1.052 1.023 0.990 0.953 0.913 0.869
0.005 0.006 0.006 0.006 0.006 0.006 0.006 0.006 0.006 0.007 0.007 0.007 0.007 0.008 0.010 0.015 0.022 0.030 0.039 0.049 0.061 0.075 0.090 0.107 0.125 0.145 0.167 0.190 0.215 0.242 0.269 0.298 0.328 0.359 0.390 0.422 0.453 0.485 0.517 0.549 0.581 0.612 0.642 0.672 0.701 0.730 0.758 0.786 0.812 0.839 0.865 0.890 0.915 0.940 0.964 0.987 1.010 1.032 1.052 1.071 1.088 1.103 1.115 1.125 1.131 1.133 1.132 1.127 1.118 1.105 1.087 1.066 1.040 1.010 0.976 0.938 0.897
0.005 0.006 0.006 0.006 0.006 0.006 0.006 0.006 0.007 0.007 0.007 0.007 0.008 0.009 0.014 0.020 0.028 0.037 0.047 0.058 0.071 0.085 0.101 0.119 0.138 0.158 0.180 0.204 0.229 0.255 0.282 0.310 0.339 0.368 0.398 0.428 0.457 0.487 0.517 0.546 0.575 0.603 0.631 0.659 0.685 0.711 0.737 0.762 0.786 0.811 0.835 0.859 0.882 0.906 0.929 0.952 0.975 0.997 1.018 1.038 1.056 1.072 1.085 1.097 1.105 1.110 1.111 1.109 1.103 1.093 1.079 1.062 1.040 1.014 0.984 0.950 0.912
0.005 0.006 0.006 0.006 0.006 0.006 0.007 0.007 0.007 0.007 0.007 0.008 0.009 0.012 0.018 0.025 0.034 0.043 0.054 0.066 0.079 0.094 0.111 0.128 0.148 0.168 0.190 0.213 0.238 0.263 0.289 0.316 0.343 0.370 0.398 0.425 0.453 0.480 0.507 0.534 0.559 0.585 0.610 0.634 0.658 0.681 0.704 0.727 0.749 0.772 0.794 0.816 0.839 0.861 0.883 0.905 0.926 0.946 0.966 0.984 1.000 1.015 1.028 1.038 1.046 1.052 1.054 1.054 1.051 1.044 1.035 1.021 1.005 0.984 0.960 0.932 0.900
0.005 0.006 0.006 0.006 0.006 0.006 0.007 0.007 0.007 0.007 0.007 0.008 0.010 0.014 0.021 0.029 0.038 0.048 0.059 0.071 0.085 0.100 0.116 0.134 0.153 0.173 0.194 0.217 0.240 0.264 0.288 0.313 0.339 0.364 0.389 0.414 0.438 0.462 0.485 0.507 0.529 0.549 0.568 0.586 0.603 0.621 0.638 0.656 0.675 0.694 0.715 0.738 0.761 0.787 0.813 0.841 0.869 0.898 0.927 0.955 0.982 1.007 1.030 1.050 1.066 1.079 1.088 1.093 1.094 1.090 1.082 1.069 1.052 1.030 1.005 0.975 0.940
0.005 0.006 0.006 0.006 0.006 0.007 0.007 0.007 0.007 0.007 0.007 0.008 0.010 0.015 0.022 0.030 0.039 0.049 0.060 0.072 0.085 0.100 0.115 0.133 0.151 0.170 0.190 0.211 0.233 0.256 0.279 0.302 0.325 0.348 0.372 0.395 0.417 0.440 0.462 0.484 0.505 0.525 0.544 0.562 0.578 0.591 0.602 0.614 0.626 0.639 0.652 0.665 0.678 0.691 0.703 0.713 0.722 0.729 0.735 0.738 0.740 0.740 0.737 0.734 0.729 0.723 0.717 0.710 0.703 0.696 0.689 0.681 0.673 0.665 0.655 0.645 0.634
0.005 0.006 0.006 0.006 0.007 0.007 0.007 0.007 0.007 0.007 0.007 0.008 0.009 0.013 0.019 0.026 0.034 0.043 0.053 0.064 0.077 0.090 0.105 0.121 0.138 0.156 0.175 0.195 0.215 0.236 0.256 0.276 0.295 0.313 0.329 0.343 0.355 0.365 0.374 0.381 0.389 0.397 0.408 0.423 0.443 0.469 0.499 0.528 0.557 0.585 0.613 0.642 0.672 0.705 0.741 0.780 0.823 0.869 0.920 0.973 1.029 1.086 1.144 1.201 1.256 1.308 1.355 1.395 1.427 1.450 1.463 1.465 1.456 1.435 1.405 1.364 1.314
0.005 0.006 0.006 0.007 0.007 0.007 0.007 0.007 0.007 0.007 0.007 0.007 0.008 0.008 0.011 0.016 0.022 0.029 0.037 0.047 0.057 0.068 0.080 0.092 0.105 0.116 0.125 0.131 0.134 0.135 0.133 0.128 0.121 0.112 0.102 0.090 0.078 0.066 0.055 0.045 0.036 0.029 0.024 0.022 0.022 0.024 0.027 0.035 0.046 0.059 0.074 0.091 0.109 0.126 0.142 0.155 0.167 0.175 0.180 0.183 0.184 0.183 0.181 0.178 0.175 0.173 0.171 0.172 0.173 0.177 0.183 0.190 0.197 0.205 0.211 0.215 0.215
0.004 0.005 0.006 0.006 0.006 0.006 0.006 0.006 0.006 0.006 0.007 0.007 0.007 0.007 0.007 0.008 0.009 0.011 0.017 0.025 0.034 0.045 0.060 0.080 0.106 0.139 0.182 0.235 0.298 0.372 0.456 0.552 0.660 0.781 0.915 1.061 1.219 1.387 1.565 1.749 1.938 2.127 2.314 2.496 2.673 2.844 3.009 3.166 3.315 3.455 3.583 3.698 3.799 3.885 3.958 4.017 4.064 4.099 4.122 4.134 4.136 4.129 4.112 4.086 4.050 4.005 3.950 3.886 3.812 3.729 3.636 3.535 3.425 3.307 3.182 3.051 2.915
0.002 0.003 0.003 0.003 0.003 0.002 0.002 0.002 0.002 0.002 0.002 0.002 0.002 0.002 0.003 0.003 0.003 0.004 0.004 0.005 0.005 0.006 0.006 0.006 0.007 0.007 0.007 0.007 0.008 0.008 0.011 0.016 0.023 0.029 0.035 0.039 0.042 0.042 0.039 0.035 0.030 0.024 0.019 0.014 0.010 0.008 0.007 0.007 0.006 0.006 0.007 0.010 0.013 0.019 0.025 0.033 0.041 0.049 0.058 0.065 0.071 0.077 0.081 0.084 0.086 0.087 0.088 0.088 0.087 0.085 0.082 0.079 0.074 0.069 0.063 0.056 0.049
0.006 0.011 0.018 0.027 0.038 0.051 0.066 0.083 0.104 0.129 0.159 0.194 0.235 0.283 0.338 0.402 0.475 0.558 0.652 0.756 0.872 1.000 1.140 1.293 1.459 1.639 1.832 2.040 2.260 2.493 2.737 2.990 3.251 3.517 3.788 4.060 4.331 4.599 4.861 5.115 5.357 5.586 5.800 5.998 6.179 6.341 6.485 6.612 6.722 6.818 6.898 6.965 7.020 7.064 7.099 7.128 7.150 7.169 7.184 7.197 7.209 7.220 7.230 7.241 7.250 7.258 7.263 7.263 7.256 7.239 7.210 7.166 7.105 7.023 6.919 6.792 6.641
0.001 0.002 0.002 0.003 0.003 0.003 0.004 0.004 0.004 0.004 0.004 0.004 0.004 0.004 0.004 0.004 0.004 0.004 0.004 0.004 0.004 0.004 0.004 0.004 0.004 0.004 0.005 0.005 0.005 0.006 0.007 0.008 0.010 0.014 0.019 0.024 0.030 0.034 0.038 0.039 0.039 0.037 0.033 0.029 0.024 0.019 0.014 0.011 0.009 0.009 0.009 0.009 0.008 0.008 0.008 0.008 0.008 0.008 0.010 0.014 0.016 0.019 0.022 0.025 0.029 0.032 0.036 0.039 0.043 0.046 0.049 0.052 0.054 0.056 0.058 0.059 0.060
0.007 0.015 0.026 0.040 0.057 0.078 0.102 0.132 0.167 0.208 0.258 0.316 0.384 0.463 0.554 0.658 0.775 0.907 1.053 1.214 1.388 1.577 1.778 1.991 2.215 2.447 2.688 2.935 3.187 3.442 3.701 3.960 4.220 4.479 4.736 4.992 5.245 5.494 5.740 5.981 6.218 6.450 6.677 6.898 7.113 7.322 7.525 7.721 7.910 8.092 8.267 8.434 8.594 8.745 8.888 9.023 9.149 9.266 9.374 9.472 9.560 9.637 9.702 9.755 9.796 9.823 9.836 9.834 9.816 9.783 9.733 9.666 9.581 9.479 9.359 9.221 9.065
0.001 0.002 0.002 0.003 0.003 0.003 0.004 0.004 0.004 0.004 0.004 0.004 0.004 0.004 0.004 0.004 0.004 0.004 0.004 0.004 0.004 0.004 0.004 0.004 0.004 0.004 0.005 0.005 0.005 0.006 0.007 0.008 0.010 0.014 0.019 0.024 0.030 0.035 0.038 0.039 0.039 0.037 0.034 0.029 0.024 0.019 0.014 0.011 0.009 0.009 0.009 0.009 0.008 0.008 0.008 0.008 0.008 0.008 0.011 0.014 0.017 0.019 0.022 0.025 0.029 0.032 0.036 0.039 0.043 0.046 0.049 0.052 0.054 0.056 0.058 0.059 0.060
0.006 0.011 0.018 0.027 0.038 0.051 0.066 0.083 0.104 0.129 0.159 0.194 0.235 0.283 0.338 0.402 0.476 0.559 0.652 0.756 0.872 1.000 1.140 1.293 1.460 1.640 1.833 2.040 2.261 2.494 2.737 2.991 3.252 3.518 3.789 4.061 4.333 4.601 4.862 5.116 5.358 5.587 5.801 5.999 6.179 6.341 6.486 6.613 6.723 6.819 6.899 6.966 7.021 7.065 7.100 7.129 7.151 7.170 7.185 7.198 7.210 7.221 7.232 7.242 7.251 7.259 7.264 7.264 7.257 7.240 7.211 7.167 7.105 7.024 6.920 6.793 6.642
0.002 0.003 0.003 0.003 0.003 0.002 0.002 0.002 0.002 0.002 0.002 0.002 0.002 0.002 0.003 0.003 0.003 0.004 0.004 0.005 0.005 0.006 0.006 0.006 0.007 0.007 0.007 0.007 0.008 0.008 0.011 0.016 0.023 0.029 0.035 0.040 0.042 0.042 0.039 0.035 0.030 0.024 0.019 0.014 0.010 0.008 0.007 0.007 0.006 0.006 0.007 0.009 0.013 0.018 0.025 0.033 0.041 0.049 0.057 0.065 0.071 0.076 0.081 0.084 0.086 0.087 0.088 0.088 0.087 0.085 0.082 0.079 0.074 0.069 0.063 0.056 0.049
