Examples/2023_ISeeSnow/data/CoulombOnly/Results/curv77s/h/1HS_03_curv77s_MoT-Voellmy_h_0008.asc
ncols        81
nrows        39
xllcorner    1052.5
yllcorner    -4347.5
cellsize     5.00
NODATA_value -9999
0.000 0.000 0.000 0.000 0.000 0.000 0.001 0.001 0.001 0.002 0.002 0.003 0.003 0.004 0.004 0.004 0.003 0.003 0.003 0.002 0.002 0.001 0.001 0.001 0.000 0.000 0.000 0.000 0.000 0.000 0.000 0.000 0.000 0.000 0.000 0.000 0.000 0.000 0.000 0.000 0.000 0.000 0.000 0.000 0.000 0.000 0.000 0.000 0.000 0.000 0.000 0.000 0.000 0.000 0.000 0.000 0.000 0.000 0.000 0.000 0.000 0.000 0.000 0.000 0.000 0.000 0.000 0.000 0.000 0.000 0.000 0.000 0.000 0.000 0.000 0.000 0.000 0.000 0.000 0.000 0.000
0.000 0.001 0.001 0.001 0.002 0.003 0.004 0.006 0.008 0.012 0.018 0.024 0.031 0.036 0.040 0.043 0.043 0.043 0.042 0.040 0.038 0.035 0.033 0.031 0.028 0.026 0.023 0.021 0.018 0.015 0.013 0.011 0.009 0.005 0.000 0.000 0.000 0.000 0.000 0.000 0.000 0.000 0.000 0.000 0.000 0.000 0.000 0.000 0.000 0.000 0.000 0.000 0.000 0.000 0.000 0.000 0.000 0.000 0.000 0.000 0.000 0.000 0.000 0.000 0.000 0.000 0.000 0.000 0.000 0.000 0.000 0.000 0.000 0.000 0.000 0.000 0.000 0.000 0.000 0.000 0.000
0.001 0.001 0.003 0.004 0.006 0.008 0.014 0.027 0.045 0.067 0.092 0.116 0.139 0.157 0.171 0.180 0.185 0.186 0.185 0.183 0.179 0.175 0.170 0.165 0.160 0.155 0.150 0.144 0.139 0.133 0.127 0.121 0.114 0.107 0.100 0.092 0.084 0.075 0.066 0.057 0.048 0.040 0.032 0.025 0.019 0.015 0.011 0.010 0.009 0.004 0.000 0.000 0.000 0.000 0.000 0.000 0.000 0.000 0.000 0.000 0.000 0.000 0.000 0.000 0.000 0.000 0.000 0.000 0.000 0.000 0.000 0.000 0.000 0.000 0.000 0.000 0.000 0.000 0.000 0.000 0.000
0.002 0.004 0.005 0.008 0.015 0.031 0.056 0.091 0.133 0.181 0.229 0.275 0.316 0.349 0.375 0.393 0.404 0.410 0.413 0.412 0.409 0.406 0.402 0.397 0.392 0.387 0.381 0.376 0.370 0.364 0.357 0.351 0.344 0.337 0.330 0.323 0.316 0.309 0.303 0.296 0.289 0.283 0.276 0.267 0.256 0.244 0.231 0.217 0.202 0.187 0.172 0.158 0.144 0.130 0.117 0.104 0.091 0.079 0.068 0.058 0.048 0.039 0.031 0.023 0.016 0.011 0.009 0.007 0.001 0.000 0.000 0.000 0.000 0.000 0.000 0.000 0.000 0.000 0.000 0.000 0.000
0.003 0.005 0.009 0.020 0.043 0.080 0.129 0.190 0.258 0.328 0.398 0.463 0.520 0.569 0.607 0.637 0.657 0.672 0.681 0.686 0.689 0.691 0.692 0.692 0.693 0.693 0.693 0.693 0.693 0.693 0.693 0.692 0.691 0.689 0.687 0.685 0.681 0.676 0.669 0.661 0.650 0.636 0.621 0.603 0.584 0.562 0.539 0.515 0.492 0.470 0.449 0.429 0.410 0.391 0.372 0.354 0.336 0.318 0.299 0.281 0.262 0.242 0.220 0.195 0.168 0.138 0.107 0.077 0.052 0.033 0.020 0.012 0.008 0.001 0.000 0.000 0.000 0.000 0.000 0.000 0.000
0.003 0.007 0.014 0.032 0.061 0.104 0.159 0.224 0.295 0.369 0.441 0.510 0.571 0.622 0.663 0.692 0.711 0.722 0.725 0.724 0.719 0.712 0.703 0.694 0.684 0.673 0.662 0.651 0.639 0.628 0.616 0.604 0.593 0.582 0.571 0.561 0.553 0.547 0.544 0.547 0.559 0.581 0.608 0.641 0.676 0.715 0.756 0.794 0.827 0.855 0.877 0.895 0.908 0.918 0.924 0.927 0.927 0.924 0.919 0.909 0.894 0.871 0.838 0.794 0.738 0.671 0.595 0.514 0.430 0.346 0.266 0.194 0.132 0.084 0.049 0.027 0.014 0.008 0.002 0.000 0.000
0.005 0.014 0.039 0.084 0.149 0.229 0.314 0.399 0.478 0.548 0.612 0.670 0.724 0.771 0.812 0.846 0.874 0.896 0.915 0.932 0.948 0.965 0.983 1.002 1.021 1.041 1.060 1.080 1.100 1.120 1.140 1.160 1.179 1.197 1.214 1.230 1.243 1.254 1.260 1.256 1.238 1.206 1.165 1.119 1.071 1.023 0.974 0.928 0.886 0.849 0.816 0.787 0.763 0.742 0.724 0.709 0.697 0.687 0.678 0.671 0.664 0.655 0.642 0.624 0.600 0.570 0.533 0.490 0.442 0.386 0.325 0.259 0.194 0.135 0.086 0.051 0.028 0.014 0.006 0.000 0.000
0.005 0.013 0.034 0.073 0.133 0.213 0.311 0.424 0.545 0.672 0.795 0.906 1.002 1.082 1.146 1.195 1.229 1.251 1.262 1.264 1.258 1.247 1.229 1.209 1.188 1.167 1.146 1.126 1.106 1.088 1.070 1.053 1.037 1.023 1.010 1.000 0.992 0.987 0.986 0.991 1.005 1.027 1.053 1.081 1.110 1.138 1.165 1.190 1.214 1.235 1.254 1.271 1.285 1.296 1.305 1.311 1.315 1.316 1.314 1.307 1.295 1.273 1.238 1.188 1.122 1.042 0.951 0.852 0.748 0.641 0.532 0.422 0.317 0.222 0.144 0.086 0.047 0.023 0.011 0.003 0.000
0.005 0.015 0.041 0.090 0.164 0.261 0.375 0.499 0.625 0.747 0.863 0.972 1.071 1.157 1.230 1.290 1.336 1.370 1.396 1.415 1.429 1.442 1.454 1.465 1.475 1.484 1.491 1.498 1.503 1.507 1.509 1.509 1.508 1.505 1.501 1.494 1.485 1.473 1.459 1.442 1.423 1.402 1.380 1.358 1.336 1.315 1.295 1.275 1.257 1.240 1.224 1.210 1.197 1.185 1.175 1.167 1.159 1.154 1.149 1.144 1.137 1.127 1.110 1.085 1.051 1.005 0.950 0.884 0.809 0.721 0.622 0.513 0.399 0.289 0.193 0.118 0.065 0.033 0.015 0.006 0.000
0.005 0.015 0.040 0.088 0.159 0.252 0.362 0.483 0.609 0.735 0.856 0.969 1.070 1.156 1.227 1.281 1.320 1.346 1.362 1.369 1.371 1.371 1.368 1.365 1.363 1.360 1.358 1.357 1.357 1.358 1.359 1.361 1.365 1.369 1.374 1.380 1.387 1.395 1.403 1.413 1.422 1.433 1.443 1.452 1.461 1.469 1.476 1.482 1.487 1.491 1.495 1.497 1.499 1.499 1.499 1.498 1.496 1.494 1.490 1.484 1.473 1.454 1.423 1.379 1.320 1.248 1.164 1.071 0.970 0.860 0.741 0.612 0.480 0.351 0.237 0.146 0.082 0.042 0.019 0.008 0.001
0.005 0.015 0.041 0.089 0.163 0.262 0.380 0.511 0.649 0.787 0.921 1.046 1.160 1.259 1.341 1.408 1.458 1.495 1.520 1.536 1.546 1.553 1.556 1.558 1.559 1.559 1.558 1.557 1.556 1.554 1.552 1.550 1.547 1.544 1.541 1.537 1.534 1.530 1.526 1.522 1.518 1.515 1.512 1.509 1.506 1.504 1.502 1.501 1.500 1.499 1.499 1.498 1.498 1.499 1.499 1.500 1.501 1.502 1.502 1.501 1.496 1.484 1.462 1.426 1.377 1.313 1.237 1.149 1.050 0.940 0.817 0.681 0.537 0.396 0.270 0.168 0.095 0.049 0.023 0.010 0.001
0.005 0.014 0.040 0.088 0.162 0.259 0.375 0.504 0.638 0.773 0.902 1.023 1.132 1.226 1.305 1.367 1.414 1.449 1.472 1.487 1.497 1.504 1.508 1.512 1.515 1.517 1.520 1.523 1.527 1.530 1.533 1.537 1.541 1.545 1.548 1.552 1.556 1.560 1.564 1.568 1.572 1.576 1.580 1.583 1.587 1.590 1.593 1.596 1.599 1.601 1.604 1.606 1.609 1.611 1.613 1.615 1.617 1.619 1.619 1.618 1.613 1.599 1.574 1.535 1.480 1.410 1.327 1.232 1.126 1.008 0.877 0.732 0.580 0.430 0.294 0.184 0.104 0.054 0.025 0.011 0.002
0.005 0.014 0.040 0.088 0.161 0.259 0.377 0.508 0.645 0.784 0.918 1.045 1.159 1.259 1.342 1.408 1.459 1.495 1.520 1.536 1.546 1.553 1.556 1.559 1.561 1.562 1.564 1.565 1.567 1.568 1.570 1.571 1.573 1.575 1.576 1.578 1.580 1.582 1.584 1.587 1.589 1.592 1.595 1.597 1.600 1.603 1.607 1.610 1.613 1.617 1.620 1.624 1.628 1.632 1.636 1.640 1.644 1.648 1.651 1.652 1.649 1.639 1.616 1.579 1.526 1.457 1.374 1.278 1.170 1.049 0.914 0.766 0.608 0.451 0.310 0.194 0.111 0.057 0.027 0.011 0.002
0.005 0.014 0.040 0.087 0.160 0.258 0.375 0.505 0.642 0.780 0.914 1.039 1.152 1.251 1.334 1.399 1.450 1.486 1.511 1.528 1.539 1.546 1.551 1.555 1.558 1.560 1.563 1.566 1.569 1.571 1.574 1.577 1.580 1.583 1.587 1.590 1.593 1.597 1.600 1.603 1.607 1.611 1.614 1.618 1.622 1.626 1.630 1.634 1.638 1.642 1.647 1.651 1.655 1.660 1.665 1.669 1.674 1.679 1.683 1.685 1.683 1.673 1.651 1.614 1.561 1.491 1.407 1.309 1.199 1.076 0.938 0.786 0.625 0.465 0.320 0.201 0.115 0.060 0.028 0.012 0.003
0.005 0.014 0.039 0.087 0.159 0.257 0.374 0.504 0.642 0.780 0.915 1.041 1.155 1.255 1.338 1.404 1.455 1.492 1.517 1.534 1.545 1.552 1.557 1.560 1.563 1.565 1.568 1.570 1.573 1.575 1.578 1.581 1.583 1.586 1.589 1.592 1.596 1.599 1.602 1.606 1.609 1.613 1.617 1.621 1.625 1.629 1.633 1.638 1.642 1.647 1.652 1.657 1.662 1.667 1.672 1.677 1.683 1.688 1.693 1.696 1.695 1.685 1.665 1.629 1.576 1.507 1.423 1.325 1.214 1.090 0.951 0.798 0.636 0.474 0.327 0.206 0.118 0.062 0.029 0.012 0.003
0.005 0.014 0.039 0.086 0.159 0.256 0.373 0.503 0.640 0.779 0.913 1.039 1.153 1.253 1.336 1.403 1.454 1.491 1.516 1.533 1.544 1.551 1.556 1.560 1.563 1.565 1.568 1.570 1.573 1.576 1.579 1.582 1.585 1.588 1.591 1.594 1.597 1.601 1.604 1.608 1.612 1.616 1.619 1.624 1.628 1.632 1.636 1.641 1.646 1.650 1.655 1.660 1.665 1.671 1.676 1.682 1.687 1.693 1.698 1.701 1.700 1.692 1.672 1.636 1.584 1.515 1.431 1.333 1.222 1.097 0.958 0.805 0.642 0.480 0.332 0.210 0.121 0.063 0.030 0.013 0.003
0.005 0.014 0.039 0.086 0.158 0.255 0.372 0.502 0.640 0.778 0.913 1.039 1.153 1.253 1.337 1.404 1.455 1.492 1.517 1.534 1.545 1.552 1.557 1.561 1.564 1.566 1.569 1.572 1.574 1.577 1.580 1.583 1.586 1.589 1.592 1.595 1.599 1.602 1.606 1.610 1.614 1.617 1.622 1.626 1.630 1.634 1.639 1.644 1.648 1.653 1.658 1.663 1.669 1.674 1.680 1.686 1.692 1.697 1.703 1.706 1.706 1.698 1.678 1.643 1.591 1.522 1.437 1.339 1.228 1.103 0.964 0.810 0.647 0.484 0.335 0.213 0.123 0.064 0.030 0.013 0.003
0.005 0.014 0.039 0.085 0.158 0.255 0.372 0.502 0.640 0.779 0.913 1.040 1.155 1.255 1.339 1.406 1.458 1.495 1.521 1.538 1.549 1.557 1.562 1.565 1.568 1.571 1.574 1.577 1.580 1.583 1.586 1.589 1.592 1.596 1.599 1.603 1.607 1.610 1.614 1.618 1.622 1.627 1.631 1.636 1.640 1.645 1.650 1.655 1.660 1.665 1.671 1.676 1.682 1.688 1.694 1.700 1.707 1.713 1.719 1.723 1.723 1.715 1.696 1.661 1.609 1.539 1.454 1.354 1.241 1.115 0.974 0.818 0.654 0.489 0.339 0.215 0.124 0.065 0.031 0.013 0.004
0.005 0.014 0.039 0.086 0.158 0.255 0.373 0.504 0.642 0.781 0.916 1.043 1.158 1.259 1.343 1.411 1.462 1.500 1.526 1.544 1.555 1.563 1.568 1.572 1.576 1.579 1.582 1.585 1.588 1.592 1.595 1.598 1.602 1.606 1.610 1.614 1.618 1.622 1.626 1.631 1.635 1.640 1.645 1.650 1.655 1.661 1.666 1.672 1.678 1.684 1.690 1.696 1.702 1.709 1.716 1.723 1.730 1.737 1.744 1.749 1.750 1.743 1.724 1.690 1.639 1.570 1.485 1.385 1.271 1.144 1.000 0.841 0.672 0.503 0.348 0.221 0.128 0.067 0.032 0.014 0.004
0.005 0.014 0.039 0.087 0.160 0.258 0.376 0.507 0.645 0.784 0.919 1.046 1.161 1.261 1.345 1.413 1.464 1.502 1.528 1.546 1.557 1.565 1.570 1.574 1.578 1.581 1.584 1.587 1.591 1.594 1.598 1.601 1.605 1.609 1.613 1.617 1.621 1.626 1.630 1.635 1.640 1.644 1.650 1.655 1.660 1.666 1.671 1.677 1.683 1.690 1.696 1.703 1.709 1.716 1.724 1.731 1.738 1.746 1.753 1.759 1.760 1.754 1.736 1.703 1.653 1.586 1.503 1.407 1.298 1.174 1.035 0.879 0.710 0.538 0.377 0.242 0.141 0.074 0.035 0.015 0.005
0.005 0.014 0.039 0.086 0.158 0.255 0.373 0.504 0.642 0.781 0.916 1.043 1.158 1.259 1.343 1.411 1.462 1.500 1.526 1.544 1.555 1.563 1.568 1.572 1.576 1.579 1.582 1.585 1.588 1.591 1.595 1.598 1.602 1.606 1.610 1.614 1.618 1.622 1.626 1.631 1.635 1.640 1.645 1.650 1.655 1.661 1.666 1.672 1.678 1.684 1.690 1.696 1.702 1.709 1.716 1.723 1.730 1.737 1.744 1.749 1.750 1.743 1.724 1.690 1.639 1.570 1.484 1.385 1.271 1.144 1.000 0.841 0.672 0.503 0.348 0.221 0.128 0.067 0.032 0.014 0.004
0.005 0.014 0.039 0.085 0.158 0.255 0.372 0.502 0.640 0.779 0.913 1.040 1.155 1.255 1.339 1.406 1.457 1.495 1.521 1.538 1.549 1.557 1.562 1.565 1.568 1.571 1.574 1.577 1.580 1.583 1.586 1.589 1.592 1.596 1.599 1.603 1.607 1.610 1.614 1.618 1.622 1.627 1.631 1.635 1.640 1.645 1.650 1.655 1.660 1.665 1.671 1.676 1.682 1.688 1.694 1.700 1.707 1.713 1.719 1.723 1.723 1.715 1.696 1.661 1.609 1.539 1.454 1.354 1.241 1.115 0.974 0.818 0.653 0.489 0.339 0.215 0.124 0.065 0.031 0.013 0.004
0.005 0.014 0.039 0.086 0.158 0.255 0.372 0.502 0.640 0.778 0.913 1.039 1.153 1.253 1.337 1.403 1.455 1.492 1.517 1.534 1.545 1.552 1.557 1.561 1.564 1.566 1.569 1.572 1.574 1.577 1.580 1.583 1.586 1.589 1.592 1.595 1.599 1.602 1.606 1.610 1.614 1.617 1.621 1.626 1.630 1.634 1.639 1.644 1.648 1.653 1.658 1.663 1.669 1.674 1.680 1.686 1.692 1.697 1.703 1.706 1.706 1.697 1.678 1.643 1.591 1.522 1.437 1.339 1.228 1.103 0.964 0.810 0.647 0.484 0.335 0.213 0.123 0.064 0.030 0.013 0.003
0.005 0.014 0.039 0.086 0.159 0.256 0.373 0.503 0.640 0.779 0.913 1.039 1.153 1.253 1.336 1.403 1.454 1.491 1.516 1.533 1.544 1.551 1.556 1.560 1.563 1.565 1.568 1.570 1.573 1.576 1.579 1.582 1.585 1.588 1.591 1.594 1.597 1.601 1.604 1.608 1.612 1.616 1.619 1.624 1.628 1.632 1.636 1.641 1.646 1.650 1.655 1.660 1.665 1.671 1.676 1.682 1.687 1.693 1.698 1.701 1.700 1.692 1.672 1.636 1.584 1.515 1.431 1.333 1.222 1.097 0.958 0.805 0.642 0.480 0.332 0.210 0.121 0.063 0.030 0.013 0.003
0.005 0.014 0.039 0.087 0.159 0.257 0.374 0.504 0.642 0.780 0.915 1.041 1.155 1.255 1.338 1.404 1.455 1.492 1.517 1.534 1.545 1.552 1.557 1.560 1.563 1.565 1.568 1.570 1.573 1.575 1.578 1.581 1.583 1.586 1.589 1.592 1.596 1.599 1.602 1.606 1.609 1.613 1.617 1.621 1.625 1.629 1.633 1.638 1.642 1.647 1.652 1.657 1.662 1.667 1.672 1.677 1.683 1.688 1.693 1.696 1.694 1.685 1.665 1.629 1.576 1.507 1.423 1.325 1.214 1.090 0.951 0.798 0.636 0.474 0.327 0.206 0.118 0.062 0.029 0.012 0.003
0.005 0.014 0.040 0.087 0.160 0.258 0.375 0.505 0.642 0.780 0.914 1.039 1.152 1.251 1.334 1.399 1.450 1.486 1.511 1.528 1.539 1.546 1.551 1.555 1.558 1.560 1.563 1.566 1.569 1.571 1.574 1.577 1.580 1.583 1.587 1.590 1.593 1.597 1.600 1.603 1.607 1.611 1.614 1.618 1.622 1.626 1.630 1.634 1.638 1.642 1.647 1.651 1.655 1.660 1.665 1.669 1.674 1.679 1.683 1.685 1.683 1.673 1.651 1.614 1.561 1.491 1.406 1.309 1.199 1.076 0.938 0.786 0.625 0.465 0.320 0.201 0.115 0.060 0.028 0.012 0.003
0.005 0.014 0.040 0.088 0.161 0.259 0.377 0.508 0.645 0.784 0.918 1.045 1.159 1.259 1.342 1.408 1.459 1.495 1.520 1.536 1.546 1.553 1.556 1.559 1.561 1.562 1.564 1.565 1.567 1.568 1.570 1.571 1.573 1.575 1.576 1.578 1.580 1.582 1.584 1.587 1.589 1.592 1.594 1.597 1.600 1.603 1.607 1.610 1.613 1.617 1.620 1.624 1.628 1.632 1.636 1.640 1.644 1.648 1.651 1.652 1.649 1.639 1.616 1.579 1.526 1.457 1.374 1.278 1.170 1.049 0.914 0.766 0.608 0.451 0.310 0.194 0.111 0.057 0.027 0.011 0.002
0.005 0.014 0.040 0.088 0.162 0.259 0.375 0.504 0.638 0.773 0.902 1.023 1.132 1.226 1.305 1.367 1.414 1.448 1.472 1.487 1.497 1.504 1.508 1.512 1.515 1.517 1.520 1.523 1.526 1.530 1.533 1.537 1.541 1.544 1.548 1.552 1.556 1.560 1.564 1.568 1.572 1.576 1.580 1.583 1.586 1.590 1.593 1.596 1.599 1.601 1.604 1.606 1.609 1.611 1.613 1.615 1.617 1.618 1.619 1.618 1.612 1.599 1.574 1.535 1.480 1.410 1.327 1.231 1.125 1.008 0.876 0.732 0.580 0.429 0.294 0.184 0.104 0.054 0.025 0.011 0.002
0.005 0.015 0.041 0.089 0.163 0.262 0.380 0.511 0.649 0.787 0.921 1.046 1.160 1.259 1.341 1.408 1.458 1.495 1.520 1.536 1.546 1.553 1.556 1.558 1.559 1.559 1.558 1.557 1.556 1.555 1.552 1.550 1.547 1.544 1.541 1.537 1.534 1.530 1.526 1.522 1.518 1.515 1.512 1.509 1.506 1.504 1.502 1.501 1.500 1.499 1.498 1.498 1.498 1.498 1.499 1.500 1.501 1.501 1.502 1.501 1.495 1.483 1.461 1.426 1.377 1.313 1.237 1.149 1.050 0.940 0.816 0.681 0.537 0.396 0.270 0.168 0.095 0.049 0.023 0.010 0.001
0.005 0.015 0.040 0.088 0.159 0.252 0.362 0.483 0.609 0.735 0.856 0.969 1.070 1.156 1.227 1.281 1.320 1.346 1.362 1.369 1.371 1.371 1.368 1.365 1.362 1.360 1.358 1.357 1.357 1.357 1.359 1.361 1.364 1.368 1.374 1.380 1.386 1.394 1.403 1.412 1.422 1.432 1.442 1.452 1.461 1.469 1.476 1.482 1.487 1.491 1.494 1.497 1.498 1.499 1.499 1.498 1.496 1.494 1.490 1.483 1.472 1.453 1.423 1.379 1.320 1.248 1.164 1.071 0.970 0.860 0.741 0.612 0.479 0.351 0.237 0.146 0.082 0.042 0.019 0.008 0.001
0.005 0.015 0.041 0.090 0.164 0.261 0.375 0.499 0.625 0.747 0.863 0.972 1.070 1.157 1.230 1.289 1.335 1.370 1.396 1.414 1.429 1.442 1.454 1.465 1.475 1.484 1.491 1.498 1.503 1.506 1.509 1.509 1.508 1.506 1.501 1.494 1.485 1.473 1.459 1.443 1.424 1.403 1.381 1.358 1.337 1.315 1.295 1.276 1.257 1.240 1.224 1.210 1.197 1.185 1.175 1.166 1.159 1.153 1.148 1.143 1.137 1.126 1.110 1.085 1.050 1.005 0.949 0.884 0.808 0.721 0.622 0.513 0.399 0.289 0.193 0.118 0.065 0.033 0.015 0.006 0.000
0.005 0.013 0.034 0.073 0.133 0.213 0.311 0.424 0.545 0.672 0.795 0.906 1.002 1.082 1.146 1.195 1.229 1.251 1.262 1.264 1.258 1.247 1.230 1.209 1.188 1.167 1.146 1.126 1.106 1.088 1.070 1.053 1.037 1.023 1.010 1.000 0.992 0.986 0.985 0.990 1.004 1.026 1.052 1.080 1.109 1.137 1.164 1.189 1.213 1.234 1.253 1.270 1.284 1.296 1.305 1.311 1.315 1.315 1.313 1.307 1.294 1.272 1.238 1.188 1.122 1.042 0.951 0.852 0.748 0.641 0.532 0.422 0.317 0.222 0.144 0.086 0.047 0.023 0.011 0.003 0.000
0.005 0.014 0.039 0.084 0.149 0.229 0.314 0.399 0.477 0.548 0.612 0.670 0.723 0.771 0.811 0.846 0.873 0.896 0.915 0.932 0.948 0.965 0.982 1.001 1.021 1.040 1.060 1.080 1.100 1.120 1.139 1.159 1.178 1.196 1.213 1.229 1.243 1.254 1.260 1.257 1.238 1.207 1.166 1.120 1.073 1.024 0.975 0.929 0.887 0.850 0.817 0.788 0.763 0.742 0.724 0.709 0.697 0.687 0.678 0.671 0.664 0.655 0.642 0.624 0.600 0.570 0.533 0.490 0.441 0.386 0.325 0.259 0.194 0.135 0.086 0.051 0.028 0.014 0.006 0.000 0.000
0.003 0.007 0.014 0.032 0.061 0.104 0.159 0.224 0.295 0.369 0.442 0.510 0.571 0.622 0.663 0.692 0.711 0.722 0.725 0.724 0.719 0.712 0.703 0.694 0.684 0.673 0.662 0.651 0.639 0.628 0.616 0.604 0.593 0.582 0.571 0.562 0.553 0.547 0.544 0.547 0.559 0.580 0.607 0.640 0.675 0.714 0.755 0.793 0.826 0.854 0.876 0.894 0.908 0.917 0.924 0.927 0.927 0.924 0.918 0.909 0.894 0.871 0.838 0.794 0.738 0.671 0.595 0.514 0.430 0.346 0.266 0.194 0.132 0.084 0.050 0.027 0.014 0.008 0.002 0.000 0.000
0.003 0.005 0.009 0.020 0.043 0.080 0.129 0.190 0.258 0.328 0.398 0.463 0.520 0.569 0.607 0.637 0.657 0.672 0.681 0.686 0.689 0.691 0.692 0.692 0.693 0.693 0.693 0.693 0.693 0.693 0.693 0.692 0.691 0.690 0.688 0.685 0.681 0.676 0.670 0.661 0.650 0.637 0.621 0.604 0.584 0.563 0.539 0.516 0.493 0.471 0.450 0.430 0.410 0.391 0.373 0.354 0.336 0.318 0.300 0.282 0.263 0.243 0.221 0.196 0.168 0.138 0.108 0.078 0.052 0.033 0.020 0.012 0.008 0.001 0.000 0.000 0.000 0.000 0.000 0.000 0.000
0.002 0.004 0.005 0.008 0.015 0.031 0.056 0.091 0.133 0.181 0.229 0.275 0.316 0.349 0.375 0.393 0.405 0.411 0.413 0.412 0.410 0.406 0.402 0.397 0.392 0.387 0.382 0.376 0.370 0.364 0.357 0.351 0.344 0.337 0.330 0.323 0.316 0.310 0.303 0.296 0.290 0.283 0.276 0.267 0.256 0.244 0.231 0.217 0.203 0.187 0.172 0.158 0.144 0.130 0.117 0.104 0.092 0.080 0.069 0.058 0.049 0.039 0.031 0.023 0.017 0.012 0.009 0.007 0.001 0.000 0.000 0.000 0.000 0.000 0.000 0.000 0.000 0.000 0.000 0.000 0.000
0.001 0.001 0.003 0.004 0.006 0.008 0.014 0.027 0.045 0.067 0.092 0.116 0.139 0.157 0.171 0.180 0.185 0.186 0.185 0.183 0.179 0.175 0.170 0.166 0.161 0.155 0.150 0.145 0.139 0.133 0.127 0.121 0.114 0.108 0.100 0.092 0.084 0.075 0.066 0.058 0.049 0.040 0.032 0.025 0.019 0.015 0.011 0.010 0.009 0.005 0.000 0.000 0.000 0.000 0.000 0.000 0.000 0.000 0.000 0.000 0.000 0.000 0.000 0.000 0.000 0.000 0.000 0.000 0.000 0.000 0.000 0.000 0.000 0.000 0.000 0.000 0.000 0.000 0.000 0.000 0.000
0.000 0.001 0.001 0.001 0.002 0.003 0.004 0.006 0.008 0.012 0.018 0.024 0.031 0.036 0.040 0.043 0.043 0.043 0.042 0.040 0.038 0.036 0.033 0.031 0.028 0.026 0.023 0.021 0.018 0.016 0.013 0.011 0.009 0.005 0.001 0.000 0.000 0.000 0.000 0.000 0.000 0.000 0.000 0.000 0.000 0.000 0.000 0.000 0.000 0.000 0.000 0.000 0.000 0.000 0.000 0.000 0.000 0.000 0.000 0.000 0.000 0.000 0.000 0.000 0.000 0.000 0.000 0.000 0.000 0.000 0.000 0.000 0.000 0.000 0.000 0.000 0.000 0.000 0.000 0.000 0.000
0.000 0.000 0.000 0.000 0.000 0.000 0.001 0.001 0.001 0.002 0.002 0.003 0.003 0.004 0.004 0.004 0.003 0.003 0.003 0.002 0.002 0.001 0.001 0.001 0.000 0.000 0.000 0.000 0.000 0.000 0.000 0.000 0.000 0.000 0.000 0.000 0.000 0.000 0.000 0.000 0.000 0.000 0.000 0.000 0.000 0.000 0.000 0.000 0.000 0.000 0.000 0.000 0.000 0.000 0.000 0.000 0.000 0.000 0.000 0.000 0.000 0.000 0.000 0.000 0.000 0.000 0.000 0.000 0.000 0.000 0.000 0.000 0.000 0.000 0.000 0.000 0.000 0.000 0.000 0.000 0.000
