Examples/2023_ISeeSnow/data/CoulombOnly/Results/curv77s/h/1HS_03_curv77s_MoT-Voellmy_h_0024.asc
ncols        121
nrows        29
xllcorner    1442.5
yllcorner    -4322.5
cellsize     5.00
NODATA_value -9999
[rows 0 to 28 of 29, columns 0 to 76 of 121]
0.003 0.004 0.004 0.005 0.005 0.005 0.005 0.005 0.005 0.005 0.005 0.005 0.005 0.006 0.006 0.006 0.006 0.007 0.007 0.007 0.008 0.008 0.009 0.009 0.010 0.010 0.010 0.010 0.009 0.009 0.008 0.008 0.007 0.007 0.006 0.005 0.003 0.003 0.003 0.004 0.005 0.005 0.001 0.000 0.000 0.000 0.000 0.000 0.000 0.000 0.000 0.000 0.000 0.000 0.000 0.000 0.000 0.000 0.000 0.000 0.000 0.000 0.000 0.000 0.000 0.000 0.000 0.000 0.000 0.000 0.000 0.000 0.000 0.000 0.000 0.000 0.000
0.003 0.005 0.005 0.006 0.006 0.006 0.006 0.006 0.006 0.007 0.007 0.007 0.008 0.009 0.011 0.014 0.016 0.019 0.021 0.024 0.026 0.029 0.031 0.032 0.033 0.033 0.033 0.033 0.032 0.030 0.029 0.027 0.024 0.022 0.020 0.017 0.015 0.013 0.011 0.010 0.008 0.006 0.004 0.004 0.004 0.005 0.006 0.002 0.000 0.000 0.000 0.000 0.000 0.000 0.000 0.000 0.000 0.000 0.000 0.000 0.000 0.000 0.000 0.000 0.000 0.000 0.000 0.000 0.000 0.000 0.000 0.000 0.000 0.000 0.000 0.000 0.000
0.004 0.005 0.006 0.006 0.006 0.007 0.007 0.007 0.008 0.009 0.011 0.015 0.020 0.025 0.030 0.036 0.043 0.049 0.056 0.062 0.068 0.073 0.078 0.082 0.085 0.086 0.087 0.087 0.085 0.083 0.080 0.075 0.070 0.065 0.059 0.054 0.048 0.042 0.036 0.031 0.026 0.022 0.018 0.015 0.012 0.010 0.007 0.005 0.004 0.005 0.006 0.006 0.002 0.000 0.000 0.000 0.000 0.000 0.000 0.000 0.000 0.000 0.000 0.000 0.000 0.000 0.000 0.000 0.000 0.000 0.000 0.000 0.000 0.000 0.000 0.000 0.000
0.004 0.005 0.006 0.006 0.007 0.007 0.008 0.010 0.014 0.019 0.026 0.034 0.043 0.053 0.064 0.076 0.088 0.100 0.113 0.125 0.137 0.148 0.158 0.166 0.174 0.179 0.182 0.184 0.183 0.181 0.177 0.170 0.163 0.154 0.143 0.132 0.121 0.109 0.097 0.086 0.075 0.064 0.055 0.046 0.038 0.032 0.026 0.020 0.016 0.013 0.010 0.007 0.005 0.004 0.005 0.006 0.006 0.001 0.000 0.000 0.000 0.000 0.000 0.000 0.000 0.000 0.000 0.000 0.000 0.000 0.000 0.000 0.000 0.000 0.000 0.000 0.000
0.004 0.005 0.006 0.007 0.008 0.009 0.013 0.020 0.028 0.038 0.049 0.062 0.077 0.093 0.111 0.130 0.149 0.170 0.190 0.211 0.231 0.250 0.268 0.284 0.298 0.310 0.319 0.326 0.330 0.330 0.327 0.322 0.314 0.302 0.289 0.273 0.256 0.237 0.218 0.198 0.178 0.158 0.139 0.121 0.104 0.089 0.075 0.062 0.051 0.042 0.034 0.027 0.021 0.017 0.013 0.010 0.007 0.005 0.005 0.005 0.007 0.004 0.000 0.000 0.000 0.000 0.000 0.000 0.000 0.000 0.000 0.000 0.000 0.000 0.000 0.000 0.000
0.004 0.006 0.007 0.008 0.010 0.015 0.023 0.034 0.046 0.060 0.077 0.096 0.118 0.141 0.166 0.193 0.222 0.251 0.281 0.311 0.341 0.370 0.398 0.424 0.448 0.469 0.488 0.503 0.515 0.523 0.527 0.527 0.523 0.514 0.502 0.486 0.467 0.444 0.419 0.392 0.363 0.333 0.302 0.272 0.242 0.214 0.187 0.161 0.138 0.117 0.098 0.081 0.067 0.054 0.044 0.035 0.027 0.021 0.017 0.014 0.010 0.007 0.005 0.005 0.006 0.007 0.004 0.000 0.000 0.000 0.000 0.000 0.000 0.000 0.000 0.000 0.000
0.004 0.006 0.007 0.009 0.015 0.024 0.035 0.049 0.066 0.085 0.107 0.133 0.161 0.191 0.224 0.260 0.297 0.336 0.376 0.416 0.457 0.497 0.536 0.574 0.609 0.643 0.673 0.701 0.725 0.744 0.760 0.771 0.776 0.777 0.773 0.764 0.750 0.731 0.707 0.679 0.647 0.611 0.573 0.533 0.491 0.449 0.406 0.364 0.324 0.285 0.249 0.215 0.184 0.156 0.131 0.109 0.090 0.073 0.059 0.048 0.038 0.029 0.023 0.018 0.014 0.010 0.007 0.005 0.005 0.006 0.007 0.004 0.000 0.000 0.000 0.000 0.000
0.004 0.006 0.008 0.013 0.021 0.033 0.047 0.064 0.085 0.109 0.136 0.167 0.201 0.239 0.279 0.323 0.368 0.416 0.466 0.516 0.567 0.618 0.669 0.719 0.768 0.814 0.859 0.901 0.939 0.974 1.005 1.032 1.053 1.070 1.081 1.087 1.087 1.080 1.068 1.050 1.026 0.996 0.961 0.920 0.876 0.828 0.776 0.722 0.667 0.611 0.555 0.500 0.447 0.396 0.347 0.302 0.261 0.223 0.188 0.158 0.131 0.108 0.088 0.071 0.057 0.045 0.035 0.027 0.021 0.017 0.013 0.008 0.006 0.005 0.006 0.007 0.005
0.004 0.007 0.009 0.017 0.027 0.041 0.058 0.078 0.102 0.130 0.162 0.198 0.238 0.282 0.330 0.381 0.434 0.491 0.550 0.610 0.672 0.734 0.797 0.859 0.921 0.982 1.041 1.099 1.154 1.206 1.255 1.300 1.341 1.378 1.410 1.437 1.458 1.473 1.482 1.484 1.481 1.470 1.453 1.429 1.398 1.361 1.318 1.269 1.215 1.157 1.094 1.028 0.960 0.890 0.820 0.749 0.679 0.611 0.545 0.483 0.423 0.368 0.317 0.270 0.228 0.191 0.158 0.129 0.105 0.084 0.067 0.052 0.040 0.031 0.025 0.019 0.013
0.004 0.007 0.011 0.020 0.032 0.048 0.067 0.090 0.117 0.148 0.185 0.225 0.270 0.320 0.374 0.431 0.492 0.557 0.623 0.693 0.764 0.837 0.910 0.984 1.059 1.133 1.207 1.280 1.352 1.422 1.491 1.556 1.620 1.679 1.736 1.788 1.837 1.880 1.919 1.952 1.980 2.002 2.017 2.027 2.030 2.026 2.016 2.000 1.976 1.947 1.911 1.868 1.820 1.766 1.706 1.642 1.572 1.497 1.419 1.337 1.252 1.164 1.074 0.984 0.893 0.803 0.715 0.630 0.548 0.472 0.401 0.336 0.278 0.226 0.182 0.145 0.113
0.004 0.007 0.013 0.022 0.036 0.053 0.074 0.099 0.129 0.164 0.203 0.248 0.298 0.354 0.413 0.478 0.546 0.619 0.695 0.773 0.855 0.939 1.024 1.112 1.200 1.289 1.379 1.469 1.559 1.648 1.737 1.824 1.910 1.995 2.077 2.157 2.234 2.309 2.380 2.447 2.511 2.571 2.627 2.679 2.727 2.770 2.809 2.844 2.875 2.901 2.924 2.942 2.956 2.966 2.973 2.975 2.973 2.967 2.955 2.939 2.917 2.889 2.854 2.812 2.760 2.699 2.626 2.542 2.446 2.336 2.212 2.079 1.951 1.833 1.726 1.629 1.538
0.004 0.008 0.014 0.024 0.039 0.057 0.079 0.107 0.139 0.177 0.221 0.270 0.325 0.386 0.452 0.523 0.599 0.680 0.764 0.852 0.943 1.036 1.133 1.231 1.330 1.432 1.534 1.638 1.742 1.846 1.951 2.056 2.160 2.264 2.366 2.468 2.568 2.667 2.764 2.858 2.950 3.040 3.127 3.211 3.292 3.370 3.445 3.517 3.585 3.651 3.713 3.771 3.826 3.878 3.926 3.970 4.010 4.046 4.078 4.106 4.130 4.150 4.168 4.183 4.196 4.209 4.223 4.239 4.258 4.282 4.310 4.335 4.327 4.275 4.180 4.046 3.878
0.004 0.008 0.015 0.026 0.041 0.060 0.084 0.113 0.148 0.189 0.237 0.291 0.352 0.419 0.492 0.572 0.657 0.747 0.842 0.942 1.044 1.150 1.259 1.369 1.481 1.595 1.709 1.824 1.940 2.055 2.170 2.284 2.398 2.511 2.624 2.735 2.844 2.953 3.060 3.165 3.268 3.370 3.470 3.568 3.664 3.758 3.849 3.938 4.023 4.106 4.185 4.261 4.332 4.399 4.460 4.516 4.566 4.608 4.643 4.669 4.686 4.693 4.688 4.672 4.642 4.598 4.540 4.467 4.382 4.287 4.181 4.068 3.962 3.870 3.793 3.731 3.686
0.005 0.008 0.016 0.028 0.045 0.066 0.092 0.125 0.164 0.211 0.264 0.326 0.395 0.471 0.554 0.643 0.738 0.838 0.941 1.048 1.156 1.267 1.378 1.489 1.601 1.713 1.825 1.937 2.049 2.162 2.275 2.389 2.503 2.619 2.736 2.854 2.974 3.094 3.216 3.338 3.461 3.584 3.707 3.830 3.951 4.072 4.191 4.307 4.420 4.530 4.636 4.737 4.833 4.923 5.006 5.082 5.150 5.210 5.263 5.307 5.343 5.370 5.391 5.404 5.411 5.411 5.406 5.392 5.364 5.316 5.249 5.168 5.074 4.968 4.850 4.719 4.576
0.005 0.011 0.023 0.040 0.061 0.089 0.123 0.164 0.212 0.268 0.331 0.402 0.480 0.564 0.655 0.750 0.850 0.953 1.059 1.168 1.279 1.392 1.506 1.622 1.739 1.857 1.977 2.097 2.219 2.341 2.464 2.588 2.712 2.837 2.961 3.085 3.209 3.331 3.453 3.573 3.692 3.808 3.922 4.032 4.140 4.243 4.343 4.438 4.527 4.611 4.689 4.761 4.825 4.883 4.933 4.975 5.009 5.035 5.052 5.061 5.061 5.052 5.033 5.005 4.968 4.921 4.865 4.804 4.745 4.695 4.652 4.615 4.582 4.552 4.525 4.501 4.477
0.005 0.008 0.016 0.028 0.045 0.066 0.092 0.125 0.164 0.211 0.264 0.326 0.395 0.471 0.554 0.643 0.738 0.838 0.941 1.048 1.156 1.266 1.377 1.489 1.601 1.713 1.825 1.937 2.049 2.161 2.274 2.388 2.503 2.619 2.736 2.854 2.973 3.094 3.215 3.337 3.460 3.583 3.706 3.829 3.951 4.071 4.190 4.306 4.420 4.529 4.635 4.736 4.832 4.922 5.005 5.081 5.149 5.210 5.262 5.306 5.342 5.370 5.390 5.403 5.410 5.411 5.406 5.392 5.364 5.315 5.249 5.168 5.074 4.968 4.850 4.720 4.576
0.004 0.008 0.015 0.026 0.041 0.060 0.084 0.113 0.148 0.189 0.237 0.291 0.352 0.419 0.492 0.572 0.657 0.747 0.842 0.941 1.044 1.150 1.258 1.369 1.481 1.595 1.709 1.824 1.939 2.054 2.169 2.284 2.398 2.511 2.623 2.734 2.844 2.952 3.059 3.164 3.268 3.370 3.469 3.567 3.663 3.757 3.848 3.937 4.022 4.105 4.184 4.260 4.331 4.398 4.459 4.515 4.565 4.607 4.642 4.668 4.685 4.692 4.688 4.671 4.641 4.598 4.539 4.466 4.381 4.286 4.180 4.067 3.961 3.869 3.792 3.731 3.686
0.004 0.008 0.014 0.024 0.039 0.057 0.079 0.107 0.139 0.177 0.221 0.270 0.325 0.386 0.452 0.523 0.599 0.679 0.764 0.852 0.942 1.036 1.132 1.230 1.330 1.431 1.534 1.637 1.741 1.846 1.950 2.055 2.159 2.263 2.365 2.467 2.567 2.666 2.762 2.857 2.949 3.039 3.125 3.209 3.290 3.368 3.443 3.515 3.584 3.649 3.711 3.770 3.825 3.877 3.924 3.968 4.009 4.045 4.077 4.105 4.129 4.150 4.167 4.183 4.196 4.209 4.223 4.239 4.258 4.282 4.310 4.335 4.327 4.275 4.180 4.045 3.877
0.004 0.007 0.013 0.022 0.036 0.053 0.074 0.099 0.129 0.163 0.203 0.248 0.298 0.353 0.413 0.478 0.546 0.619 0.694 0.773 0.855 0.938 1.024 1.111 1.200 1.289 1.379 1.468 1.558 1.648 1.736 1.824 1.910 1.994 2.076 2.156 2.233 2.308 2.379 2.446 2.510 2.570 2.626 2.678 2.725 2.769 2.808 2.843 2.873 2.900 2.922 2.940 2.955 2.965 2.971 2.974 2.972 2.965 2.954 2.938 2.916 2.888 2.853 2.811 2.759 2.698 2.626 2.542 2.445 2.335 2.211 2.078 1.951 1.833 1.726 1.629 1.538
0.004 0.007 0.011 0.020 0.032 0.048 0.067 0.090 0.117 0.148 0.184 0.225 0.270 0.320 0.374 0.431 0.492 0.556 0.623 0.693 0.764 0.836 0.910 0.984 1.059 1.133 1.207 1.280 1.352 1.422 1.490 1.556 1.619 1.679 1.735 1.788 1.836 1.879 1.918 1.951 1.979 2.001 2.017 2.026 2.029 2.026 2.016 1.999 1.976 1.946 1.910 1.868 1.820 1.766 1.706 1.642 1.572 1.498 1.419 1.337 1.252 1.164 1.075 0.984 0.893 0.803 0.715 0.630 0.549 0.472 0.401 0.336 0.278 0.227 0.183 0.145 0.113
0.004 0.007 0.009 0.017 0.027 0.041 0.058 0.078 0.102 0.130 0.162 0.198 0.238 0.282 0.330 0.380 0.434 0.491 0.549 0.610 0.671 0.734 0.796 0.859 0.921 0.982 1.041 1.099 1.153 1.206 1.255 1.300 1.341 1.378 1.410 1.436 1.457 1.473 1.482 1.484 1.480 1.470 1.453 1.429 1.398 1.361 1.318 1.269 1.215 1.157 1.094 1.029 0.961 0.891 0.820 0.750 0.680 0.612 0.546 0.483 0.424 0.368 0.317 0.270 0.228 0.191 0.158 0.129 0.105 0.084 0.067 0.052 0.040 0.031 0.025 0.019 0.013
0.004 0.006 0.008 0.013 0.021 0.033 0.047 0.064 0.085 0.109 0.136 0.167 0.201 0.239 0.279 0.323 0.368 0.416 0.466 0.516 0.567 0.618 0.669 0.719 0.768 0.814 0.859 0.901 0.939 0.974 1.005 1.032 1.053 1.070 1.081 1.087 1.087 1.080 1.068 1.050 1.026 0.996 0.961 0.921 0.876 0.828 0.777 0.723 0.668 0.612 0.556 0.501 0.447 0.396 0.348 0.303 0.261 0.223 0.189 0.158 0.132 0.108 0.088 0.071 0.057 0.045 0.035 0.027 0.022 0.017 0.013 0.008 0.006 0.005 0.006 0.007 0.006
0.004 0.006 0.007 0.009 0.015 0.024 0.035 0.049 0.066 0.085 0.107 0.133 0.161 0.191 0.224 0.260 0.297 0.336 0.376 0.416 0.457 0.497 0.536 0.574 0.609 0.643 0.673 0.701 0.725 0.744 0.760 0.771 0.777 0.778 0.774 0.764 0.750 0.731 0.707 0.679 0.647 0.612 0.574 0.533 0.492 0.449 0.407 0.365 0.324 0.286 0.249 0.215 0.184 0.156 0.131 0.109 0.090 0.073 0.059 0.048 0.038 0.029 0.023 0.018 0.014 0.010 0.007 0.005 0.005 0.006 0.007 0.004 0.000 0.000 0.000 0.000 0.000
0.004 0.006 0.007 0.008 0.010 0.015 0.023 0.034 0.046 0.060 0.077 0.096 0.118 0.141 0.166 0.193 0.222 0.251 0.281 0.311 0.341 0.370 0.398 0.424 0.448 0.470 0.488 0.503 0.515 0.523 0.527 0.527 0.523 0.515 0.502 0.486 0.467 0.444 0.419 0.392 0.363 0.333 0.303 0.272 0.243 0.214 0.187 0.162 0.138 0.117 0.098 0.081 0.067 0.054 0.044 0.035 0.027 0.021 0.017 0.014 0.010 0.007 0.005 0.005 0.006 0.007 0.004 0.000 0.000 0.000 0.000 0.000 0.000 0.000 0.000 0.000 0.000
0.004 0.005 0.006 0.007 0.008 0.009 0.013 0.020 0.028 0.038 0.049 0.062 0.077 0.093 0.111 0.130 0.149 0.170 0.190 0.211 0.231 0.250 0.268 0.284 0.298 0.310 0.320 0.326 0.330 0.330 0.328 0.322 0.314 0.303 0.289 0.274 0.256 0.238 0.218 0.198 0.178 0.158 0.139 0.121 0.104 0.089 0.075 0.062 0.051 0.042 0.034 0.027 0.021 0.017 0.013 0.010 0.007 0.005 0.005 0.005 0.007 0.004 0.000 0.000 0.000 0.000 0.000 0.000 0.000 0.000 0.000 0.000 0.000 0.000 0.000 0.000 0.000
0.004 0.005 0.006 0.006 0.007 0.007 0.008 0.010 0.014 0.019 0.026 0.034 0.043 0.053 0.064 0.076 0.088 0.100 0.113 0.125 0.137 0.148 0.158 0.167 0.174 0.179 0.183 0.184 0.184 0.181 0.177 0.171 0.163 0.154 0.144 0.133 0.121 0.109 0.097 0.086 0.075 0.065 0.055 0.046 0.039 0.032 0.026 0.020 0.016 0.013 0.010 0.007 0.005 0.004 0.005 0.006 0.006 0.001 0.000 0.000 0.000 0.000 0.000 0.000 0.000 0.000 0.000 0.000 0.000 0.000 0.000 0.000 0.000 0.000 0.000 0.000 0.000
0.004 0.005 0.006 0.006 0.006 0.007 0.007 0.007 0.008 0.009 0.011 0.015 0.020 0.025 0.030 0.036 0.043 0.049 0.056 0.062 0.068 0.073 0.078 0.082 0.085 0.087 0.087 0.087 0.086 0.083 0.080 0.075 0.071 0.065 0.060 0.054 0.048 0.042 0.036 0.031 0.026 0.022 0.018 0.015 0.012 0.010 0.007 0.005 0.004 0.005 0.006 0.006 0.002 0.000 0.000 0.000 0.000 0.000 0.000 0.000 0.000 0.000 0.000 0.000 0.000 0.000 0.000 0.000 0.000 0.000 0.000 0.000 0.000 0.000 0.000 0.000 0.000
0.003 0.005 0.005 0.006 0.006 0.006 0.006 0.006 0.006 0.007 0.007 0.007 0.008 0.009 0.011 0.014 0.016 0.019 0.021 0.024 0.026 0.029 0.031 0.032 0.033 0.033 0.033 0.033 0.032 0.030 0.029 0.027 0.024 0.022 0.020 0.018 0.015 0.013 0.011 0.010 0.008 0.006 0.004 0.004 0.004 0.005 0.006 0.002 0.000 0.000 0.000 0.000 0.000 0.000 0.000 0.000 0.000 0.000 0.000 0.000 0.000 0.000 0.000 0.000 0.000 0.000 0.000 0.000 0.000 0.000 0.000 0.000 0.000 0.000 0.000 0.000 0.000
0.003 0.004 0.004 0.005 0.005 0.005 0.005 0.005 0.005 0.005 0.005 0.005 0.006 0.006 0.006 0.006 0.006 0.007 0.007 0.007 0.008 0.008 0.009 0.009 0.010 0.010 0.010 0.010 0.009 0.009 0.008 0.008 0.007 0.007 0.006 0.005 0.003 0.003 0.003 0.004 0.005 0.005 0.001 0.000 0.000 0.000 0.000 0.000 0.000 0.000 0.000 0.000 0.000 0.000 0.000 0.000 0.000 0.000 0.000 0.000 0.000 0.000 0.000 0.000 0.000 0.000 0.000 0.000 0.000 0.000 0.000 0.000 0.000 0.000 0.000 0.000 0.000
