Examples/2023_ISeeSnow/data/CoulombOnly/Results/curv77s/h/1HS_03_curv77s_MoT-Voellmy_h_0005.asc
ncols        73
nrows        37
xllcorner    1037.5
yllcorner    -4342.5
cellsize     5.00
NODATA_value -9999
0.000 0.000 0.000 0.000 0.001 0.001 0.002 0.003 0.004 0.004 0.004 0.004 0.004 0.004 0.003 0.003 0.003 0.003 0.003 0.003 0.002 0.002 0.002 0.002 0.002 0.001 0.001 0.001 0.001 0.001 0.001 0.001 0.000 0.000 0.000 0.000 0.000 0.000 0.000 0.000 0.000 0.000 0.000 0.000 0.000 0.000 0.000 0.000 0.000 0.000 0.000 0.000 0.000 0.000 0.000 0.000 0.000 0.000 0.000 0.000 0.000 0.000 0.000 0.000 0.000 0.000 0.000 0.000 0.000 0.000 0.000 0.000 0.000
0.000 0.001 0.002 0.004 0.008 0.015 0.024 0.033 0.040 0.044 0.046 0.047 0.046 0.045 0.044 0.043 0.042 0.041 0.040 0.038 0.037 0.036 0.035 0.033 0.032 0.031 0.030 0.028 0.027 0.026 0.024 0.023 0.022 0.020 0.019 0.017 0.016 0.015 0.014 0.012 0.011 0.010 0.008 0.007 0.006 0.004 0.003 0.002 0.001 0.001 0.000 0.000 0.000 0.000 0.000 0.000 0.000 0.000 0.000 0.000 0.000 0.000 0.000 0.000 0.000 0.000 0.000 0.000 0.000 0.000 0.000 0.000 0.000
0.000 0.003 0.010 0.026 0.055 0.093 0.135 0.174 0.203 0.222 0.231 0.235 0.235 0.234 0.232 0.229 0.227 0.224 0.221 0.218 0.216 0.213 0.209 0.206 0.203 0.200 0.196 0.193 0.189 0.185 0.181 0.177 0.173 0.169 0.165 0.161 0.156 0.152 0.147 0.142 0.137 0.132 0.127 0.122 0.117 0.112 0.107 0.101 0.096 0.090 0.084 0.078 0.072 0.065 0.059 0.053 0.047 0.042 0.037 0.032 0.027 0.022 0.016 0.010 0.003 0.000 0.000 0.000 0.000 0.000 0.000 0.000 0.000
0.000 0.011 0.046 0.108 0.189 0.281 0.372 0.452 0.513 0.554 0.577 0.588 0.592 0.593 0.592 0.590 0.589 0.587 0.584 0.582 0.580 0.577 0.575 0.572 0.569 0.565 0.562 0.558 0.554 0.550 0.546 0.541 0.536 0.530 0.525 0.519 0.512 0.506 0.498 0.491 0.483 0.474 0.465 0.456 0.445 0.435 0.423 0.411 0.399 0.385 0.372 0.357 0.342 0.325 0.308 0.290 0.270 0.250 0.230 0.210 0.191 0.169 0.143 0.112 0.078 0.048 0.026 0.013 0.005 0.000 0.000 0.000 0.000
0.000 0.031 0.110 0.218 0.329 0.434 0.528 0.609 0.671 0.714 0.740 0.753 0.759 0.760 0.759 0.758 0.756 0.755 0.754 0.752 0.751 0.751 0.750 0.751 0.751 0.752 0.753 0.756 0.759 0.763 0.768 0.774 0.782 0.792 0.804 0.816 0.828 0.841 0.855 0.869 0.883 0.898 0.913 0.929 0.946 0.963 0.981 1.000 1.019 1.038 1.059 1.080 1.102 1.125 1.149 1.173 1.198 1.224 1.247 1.267 1.273 1.247 1.171 1.053 0.907 0.740 0.555 0.368 0.209 0.098 0.038 0.013 0.002
0.000 0.061 0.203 0.384 0.569 0.748 0.909 1.047 1.154 1.231 1.281 1.312 1.329 1.340 1.347 1.352 1.357 1.362 1.366 1.370 1.374 1.377 1.380 1.382 1.383 1.384 1.384 1.383 1.380 1.376 1.370 1.361 1.350 1.336 1.320 1.302 1.284 1.267 1.248 1.230 1.211 1.192 1.173 1.153 1.133 1.113 1.093 1.073 1.052 1.032 1.011 0.990 0.968 0.947 0.926 0.904 0.882 0.861 0.841 0.822 0.801 0.771 0.726 0.671 0.609 0.538 0.446 0.329 0.206 0.107 0.045 0.015 0.003
0.000 0.058 0.192 0.367 0.556 0.744 0.922 1.076 1.197 1.280 1.331 1.357 1.368 1.370 1.368 1.365 1.361 1.357 1.353 1.350 1.347 1.344 1.341 1.339 1.337 1.336 1.335 1.335 1.335 1.337 1.339 1.342 1.346 1.352 1.359 1.366 1.373 1.380 1.387 1.394 1.400 1.407 1.413 1.419 1.425 1.430 1.436 1.441 1.445 1.450 1.454 1.458 1.461 1.464 1.467 1.469 1.470 1.471 1.472 1.471 1.458 1.417 1.332 1.209 1.061 0.895 0.706 0.500 0.304 0.154 0.064 0.022 0.005
0.000 0.062 0.206 0.395 0.599 0.804 0.997 1.164 1.295 1.388 1.447 1.480 1.497 1.504 1.506 1.507 1.507 1.507 1.506 1.505 1.504 1.502 1.501 1.499 1.497 1.495 1.492 1.489 1.486 1.483 1.480 1.476 1.473 1.470 1.466 1.463 1.459 1.456 1.452 1.449 1.446 1.443 1.439 1.436 1.433 1.430 1.427 1.424 1.421 1.419 1.416 1.414 1.411 1.409 1.406 1.404 1.402 1.400 1.398 1.395 1.383 1.348 1.278 1.178 1.057 0.915 0.742 0.539 0.335 0.172 0.072 0.025 0.006
0.000 0.061 0.204 0.392 0.594 0.797 0.987 1.152 1.282 1.374 1.432 1.465 1.481 1.489 1.492 1.493 1.494 1.495 1.496 1.496 1.497 1.498 1.500 1.501 1.502 1.503 1.505 1.506 1.508 1.510 1.511 1.513 1.515 1.516 1.518 1.520 1.521 1.523 1.524 1.526 1.527 1.529 1.530 1.532 1.533 1.534 1.536 1.537 1.538 1.539 1.540 1.541 1.542 1.543 1.544 1.545 1.545 1.546 1.546 1.545 1.534 1.495 1.415 1.298 1.156 0.994 0.800 0.578 0.358 0.184 0.077 0.026 0.007
0.000 0.061 0.204 0.393 0.598 0.804 0.998 1.167 1.300 1.395 1.455 1.489 1.505 1.513 1.516 1.517 1.518 1.518 1.519 1.519 1.520 1.520 1.521 1.521 1.522 1.522 1.523 1.523 1.524 1.524 1.525 1.526 1.526 1.527 1.528 1.529 1.530 1.530 1.531 1.532 1.533 1.534 1.535 1.536 1.538 1.539 1.540 1.541 1.542 1.544 1.545 1.546 1.548 1.549 1.551 1.552 1.554 1.555 1.557 1.557 1.547 1.510 1.433 1.319 1.179 1.016 0.820 0.594 0.369 0.191 0.080 0.027 0.007
0.000 0.060 0.203 0.392 0.596 0.802 0.997 1.166 1.299 1.394 1.454 1.488 1.505 1.513 1.516 1.518 1.519 1.520 1.520 1.521 1.522 1.523 1.524 1.525 1.526 1.527 1.528 1.529 1.530 1.531 1.532 1.534 1.535 1.536 1.537 1.538 1.540 1.541 1.542 1.544 1.545 1.547 1.548 1.550 1.551 1.553 1.554 1.556 1.558 1.559 1.561 1.563 1.565 1.566 1.568 1.570 1.572 1.574 1.576 1.577 1.567 1.531 1.453 1.337 1.195 1.030 0.832 0.603 0.376 0.194 0.082 0.028 0.008
0.000 0.060 0.202 0.391 0.596 0.802 0.996 1.166 1.299 1.394 1.455 1.489 1.506 1.514 1.517 1.519 1.520 1.521 1.521 1.522 1.523 1.524 1.525 1.526 1.527 1.528 1.529 1.530 1.531 1.532 1.533 1.534 1.535 1.536 1.537 1.539 1.540 1.541 1.543 1.544 1.546 1.547 1.549 1.550 1.552 1.553 1.555 1.557 1.558 1.560 1.562 1.564 1.566 1.568 1.570 1.572 1.574 1.576 1.579 1.579 1.570 1.534 1.457 1.342 1.201 1.036 0.837 0.608 0.380 0.197 0.083 0.029 0.008
0.000 0.060 0.201 0.390 0.595 0.801 0.996 1.165 1.299 1.394 1.454 1.489 1.506 1.514 1.517 1.519 1.520 1.520 1.521 1.522 1.523 1.524 1.525 1.526 1.527 1.527 1.528 1.530 1.531 1.532 1.533 1.534 1.535 1.536 1.538 1.539 1.540 1.541 1.543 1.544 1.546 1.547 1.549 1.550 1.552 1.554 1.555 1.557 1.559 1.561 1.563 1.564 1.566 1.568 1.570 1.573 1.575 1.577 1.579 1.580 1.571 1.536 1.459 1.345 1.204 1.039 0.841 0.612 0.383 0.199 0.085 0.029 0.008
0.000 0.059 0.201 0.389 0.594 0.800 0.995 1.164 1.298 1.393 1.454 1.488 1.505 1.513 1.517 1.518 1.519 1.520 1.521 1.522 1.523 1.523 1.524 1.525 1.526 1.527 1.528 1.529 1.530 1.531 1.532 1.533 1.535 1.536 1.537 1.538 1.540 1.541 1.542 1.544 1.545 1.547 1.548 1.550 1.551 1.553 1.555 1.556 1.558 1.560 1.562 1.564 1.566 1.568 1.570 1.572 1.574 1.576 1.578 1.579 1.571 1.536 1.460 1.346 1.205 1.041 0.843 0.615 0.386 0.201 0.086 0.030 0.008
0.000 0.059 0.200 0.389 0.593 0.799 0.994 1.164 1.298 1.393 1.454 1.488 1.505 1.513 1.516 1.518 1.519 1.520 1.521 1.521 1.522 1.523 1.524 1.525 1.526 1.527 1.528 1.529 1.530 1.531 1.532 1.533 1.534 1.535 1.537 1.538 1.539 1.540 1.542 1.543 1.545 1.546 1.548 1.549 1.551 1.552 1.554 1.556 1.558 1.559 1.561 1.563 1.565 1.567 1.569 1.571 1.573 1.576 1.578 1.579 1.570 1.535 1.460 1.347 1.207 1.042 0.845 0.617 0.388 0.203 0.086 0.030 0.008
0.000 0.059 0.200 0.388 0.593 0.799 0.994 1.163 1.297 1.393 1.453 1.488 1.505 1.513 1.516 1.518 1.519 1.520 1.520 1.521 1.522 1.523 1.524 1.525 1.526 1.526 1.527 1.528 1.529 1.531 1.532 1.533 1.534 1.535 1.536 1.538 1.539 1.540 1.542 1.543 1.544 1.546 1.547 1.549 1.550 1.552 1.554 1.555 1.557 1.559 1.561 1.563 1.565 1.567 1.569 1.571 1.573 1.575 1.577 1.578 1.570 1.535 1.460 1.347 1.208 1.044 0.847 0.619 0.389 0.204 0.087 0.030 0.008
0.000 0.059 0.200 0.388 0.592 0.799 0.994 1.163 1.297 1.393 1.454 1.488 1.505 1.513 1.517 1.518 1.519 1.520 1.521 1.522 1.522 1.523 1.524 1.525 1.526 1.527 1.528 1.529 1.530 1.531 1.532 1.533 1.535 1.536 1.537 1.538 1.540 1.541 1.542 1.544 1.545 1.547 1.548 1.550 1.551 1.553 1.555 1.557 1.558 1.560 1.562 1.564 1.566 1.568 1.570 1.572 1.574 1.577 1.579 1.580 1.571 1.537 1.462 1.349 1.210 1.045 0.849 0.620 0.390 0.205 0.088 0.030 0.008
0.000 0.059 0.199 0.388 0.593 0.799 0.995 1.165 1.299 1.395 1.456 1.490 1.508 1.516 1.519 1.521 1.522 1.523 1.524 1.525 1.526 1.527 1.528 1.529 1.530 1.531 1.532 1.534 1.535 1.536 1.537 1.539 1.540 1.542 1.543 1.544 1.546 1.548 1.549 1.551 1.553 1.554 1.556 1.558 1.560 1.562 1.564 1.566 1.568 1.570 1.572 1.575 1.577 1.579 1.582 1.584 1.587 1.589 1.592 1.593 1.585 1.551 1.476 1.362 1.221 1.055 0.856 0.625 0.393 0.206 0.088 0.031 0.009
0.000 0.059 0.201 0.390 0.595 0.803 0.998 1.169 1.303 1.399 1.461 1.496 1.513 1.521 1.525 1.527 1.529 1.530 1.531 1.532 1.533 1.535 1.536 1.537 1.539 1.540 1.542 1.543 1.545 1.546 1.548 1.550 1.552 1.554 1.555 1.557 1.559 1.561 1.563 1.566 1.568 1.570 1.572 1.575 1.577 1.580 1.582 1.585 1.588 1.591 1.594 1.596 1.599 1.603 1.606 1.609 1.612 1.616 1.619 1.621 1.614 1.580 1.505 1.392 1.251 1.085 0.885 0.650 0.411 0.216 0.093 0.032 0.009
0.000 0.059 0.199 0.388 0.593 0.799 0.995 1.165 1.299 1.395 1.456 1.490 1.508 1.516 1.519 1.521 1.522 1.523 1.524 1.525 1.526 1.527 1.528 1.529 1.530 1.531 1.532 1.534 1.535 1.536 1.537 1.539 1.540 1.542 1.543 1.544 1.546 1.548 1.549 1.551 1.553 1.554 1.556 1.558 1.560 1.562 1.564 1.566 1.568 1.570 1.572 1.574 1.577 1.579 1.582 1.584 1.587 1.589 1.592 1.593 1.585 1.551 1.476 1.362 1.221 1.055 0.856 0.625 0.393 0.206 0.088 0.031 0.009
0.000 0.059 0.200 0.388 0.592 0.799 0.994 1.163 1.297 1.393 1.454 1.488 1.505 1.513 1.517 1.518 1.519 1.520 1.521 1.522 1.522 1.523 1.524 1.525 1.526 1.527 1.528 1.529 1.530 1.531 1.532 1.533 1.535 1.536 1.537 1.538 1.540 1.541 1.542 1.544 1.545 1.547 1.548 1.550 1.551 1.553 1.555 1.557 1.558 1.560 1.562 1.564 1.566 1.568 1.570 1.572 1.574 1.577 1.579 1.580 1.571 1.537 1.462 1.349 1.210 1.045 0.849 0.620 0.390 0.205 0.088 0.030 0.008
0.000 0.059 0.200 0.388 0.593 0.799 0.994 1.163 1.297 1.393 1.453 1.488 1.505 1.513 1.516 1.518 1.519 1.520 1.520 1.521 1.522 1.523 1.524 1.525 1.526 1.526 1.527 1.528 1.529 1.531 1.532 1.533 1.534 1.535 1.536 1.538 1.539 1.540 1.542 1.543 1.544 1.546 1.547 1.549 1.550 1.552 1.554 1.555 1.557 1.559 1.561 1.563 1.565 1.567 1.569 1.571 1.573 1.575 1.577 1.578 1.570 1.535 1.460 1.347 1.208 1.044 0.847 0.619 0.389 0.204 0.087 0.030 0.008
0.000 0.059 0.200 0.389 0.593 0.799 0.994 1.164 1.298 1.393 1.454 1.488 1.505 1.513 1.516 1.518 1.519 1.520 1.521 1.521 1.522 1.523 1.524 1.525 1.526 1.527 1.528 1.529 1.530 1.531 1.532 1.533 1.534 1.535 1.537 1.538 1.539 1.540 1.542 1.543 1.545 1.546 1.548 1.549 1.551 1.552 1.554 1.556 1.558 1.559 1.561 1.563 1.565 1.567 1.569 1.571 1.573 1.576 1.578 1.579 1.570 1.535 1.460 1.347 1.207 1.042 0.845 0.617 0.388 0.203 0.086 0.030 0.008
0.000 0.059 0.201 0.389 0.594 0.800 0.995 1.164 1.298 1.393 1.454 1.488 1.505 1.513 1.517 1.518 1.519 1.520 1.521 1.522 1.523 1.523 1.524 1.525 1.526 1.527 1.528 1.529 1.530 1.531 1.532 1.533 1.535 1.536 1.537 1.538 1.540 1.541 1.542 1.544 1.545 1.547 1.548 1.550 1.551 1.553 1.555 1.556 1.558 1.560 1.562 1.564 1.566 1.568 1.570 1.572 1.574 1.576 1.578 1.579 1.571 1.536 1.460 1.346 1.205 1.041 0.843 0.615 0.386 0.201 0.086 0.030 0.008
0.000 0.060 0.201 0.390 0.595 0.801 0.996 1.165 1.299 1.394 1.454 1.489 1.506 1.514 1.517 1.519 1.520 1.520 1.521 1.522 1.523 1.524 1.525 1.526 1.527 1.527 1.528 1.530 1.531 1.532 1.533 1.534 1.535 1.536 1.538 1.539 1.540 1.541 1.543 1.544 1.546 1.547 1.549 1.550 1.552 1.554 1.555 1.557 1.559 1.561 1.563 1.564 1.566 1.568 1.570 1.573 1.575 1.577 1.579 1.580 1.571 1.536 1.459 1.345 1.204 1.039 0.841 0.612 0.383 0.199 0.085 0.029 0.008
0.000 0.060 0.202 0.391 0.596 0.802 0.996 1.166 1.299 1.394 1.455 1.489 1.506 1.514 1.517 1.519 1.520 1.521 1.521 1.522 1.523 1.524 1.525 1.526 1.527 1.528 1.529 1.530 1.531 1.532 1.533 1.534 1.535 1.536 1.537 1.539 1.540 1.541 1.543 1.544 1.546 1.547 1.549 1.550 1.552 1.553 1.555 1.557 1.558 1.560 1.562 1.564 1.566 1.568 1.570 1.572 1.574 1.576 1.578 1.579 1.570 1.534 1.457 1.342 1.201 1.036 0.837 0.608 0.380 0.197 0.083 0.029 0.008
0.000 0.060 0.203 0.392 0.596 0.802 0.997 1.166 1.299 1.394 1.454 1.488 1.505 1.513 1.516 1.518 1.519 1.520 1.520 1.521 1.522 1.523 1.524 1.525 1.526 1.527 1.528 1.529 1.530 1.531 1.532 1.534 1.535 1.536 1.537 1.538 1.540 1.541 1.542 1.544 1.545 1.547 1.548 1.550 1.551 1.553 1.554 1.556 1.558 1.559 1.561 1.563 1.565 1.566 1.568 1.570 1.572 1.574 1.576 1.577 1.567 1.531 1.453 1.337 1.195 1.030 0.832 0.603 0.376 0.194 0.082 0.028 0.008
0.000 0.061 0.204 0.393 0.598 0.804 0.998 1.167 1.300 1.395 1.455 1.489 1.505 1.513 1.516 1.517 1.518 1.518 1.519 1.519 1.520 1.520 1.521 1.521 1.522 1.522 1.523 1.523 1.524 1.524 1.525 1.526 1.526 1.527 1.528 1.529 1.530 1.530 1.531 1.532 1.533 1.534 1.535 1.536 1.537 1.539 1.540 1.541 1.542 1.544 1.545 1.546 1.548 1.549 1.551 1.552 1.554 1.555 1.557 1.557 1.547 1.510 1.433 1.318 1.179 1.016 0.820 0.594 0.369 0.191 0.080 0.027 0.007
0.000 0.061 0.204 0.392 0.594 0.797 0.987 1.152 1.282 1.374 1.432 1.465 1.481 1.489 1.492 1.493 1.494 1.495 1.496 1.496 1.497 1.498 1.500 1.501 1.502 1.503 1.505 1.506 1.508 1.510 1.511 1.513 1.515 1.516 1.518 1.520 1.521 1.523 1.524 1.526 1.527 1.529 1.530 1.532 1.533 1.534 1.536 1.537 1.538 1.539 1.540 1.541 1.542 1.543 1.544 1.545 1.545 1.546 1.546 1.545 1.534 1.495 1.415 1.298 1.156 0.993 0.800 0.578 0.358 0.184 0.077 0.026 0.007
0.000 0.062 0.206 0.395 0.599 0.804 0.997 1.164 1.295 1.388 1.447 1.480 1.497 1.504 1.506 1.507 1.507 1.507 1.506 1.505 1.504 1.502 1.501 1.499 1.497 1.495 1.492 1.489 1.486 1.483 1.480 1.476 1.473 1.470 1.466 1.463 1.459 1.456 1.452 1.449 1.446 1.443 1.439 1.436 1.433 1.430 1.427 1.424 1.421 1.419 1.416 1.413 1.411 1.409 1.406 1.404 1.402 1.400 1.398 1.395 1.383 1.348 1.278 1.178 1.057 0.915 0.742 0.539 0.335 0.172 0.072 0.025 0.006
0.000 0.058 0.192 0.367 0.556 0.744 0.922 1.076 1.197 1.280 1.331 1.357 1.368 1.370 1.368 1.365 1.361 1.357 1.353 1.350 1.347 1.344 1.341 1.339 1.337 1.336 1.335 1.335 1.335 1.337 1.339 1.342 1.346 1.352 1.359 1.366 1.373 1.380 1.387 1.393 1.400 1.406 1.412 1.419 1.424 1.430 1.435 1.440 1.445 1.450 1.454 1.457 1.461 1.464 1.466 1.468 1.470 1.471 1.472 1.470 1.458 1.417 1.332 1.209 1.061 0.895 0.706 0.500 0.304 0.154 0.064 0.022 0.005
0.000 0.061 0.203 0.383 0.569 0.748 0.909 1.047 1.154 1.231 1.281 1.312 1.329 1.340 1.347 1.352 1.357 1.361 1.366 1.370 1.373 1.377 1.379 1.382 1.383 1.384 1.384 1.382 1.380 1.376 1.370 1.361 1.351 1.336 1.320 1.302 1.285 1.267 1.249 1.230 1.211 1.192 1.173 1.153 1.134 1.114 1.094 1.073 1.053 1.032 1.011 0.990 0.969 0.947 0.926 0.904 0.883 0.861 0.841 0.822 0.801 0.771 0.726 0.670 0.609 0.538 0.446 0.329 0.206 0.107 0.045 0.015 0.003
0.000 0.031 0.110 0.217 0.329 0.434 0.528 0.609 0.671 0.714 0.740 0.753 0.758 0.760 0.759 0.758 0.756 0.755 0.753 0.752 0.751 0.751 0.750 0.750 0.751 0.752 0.753 0.755 0.758 0.762 0.768 0.774 0.782 0.792 0.803 0.815 0.828 0.841 0.854 0.868 0.882 0.897 0.913 0.929 0.945 0.962 0.980 0.999 1.018 1.038 1.058 1.079 1.101 1.124 1.148 1.172 1.197 1.223 1.246 1.266 1.272 1.246 1.171 1.053 0.907 0.740 0.555 0.369 0.209 0.098 0.038 0.013 0.002
0.000 0.011 0.046 0.108 0.189 0.281 0.372 0.452 0.513 0.554 0.577 0.588 0.592 0.593 0.592 0.590 0.589 0.587 0.585 0.582 0.580 0.577 0.575 0.572 0.569 0.566 0.562 0.558 0.554 0.550 0.546 0.541 0.536 0.531 0.525 0.519 0.513 0.506 0.499 0.491 0.483 0.474 0.465 0.456 0.446 0.435 0.424 0.412 0.399 0.386 0.372 0.358 0.342 0.326 0.309 0.290 0.271 0.251 0.231 0.211 0.192 0.170 0.143 0.113 0.079 0.048 0.026 0.013 0.005 0.000 0.000 0.000 0.000
0.000 0.003 0.010 0.026 0.055 0.093 0.135 0.174 0.203 0.222 0.231 0.235 0.235 0.234 0.232 0.229 0.227 0.224 0.221 0.219 0.216 0.213 0.210 0.206 0.203 0.200 0.196 0.193 0.189 0.185 0.182 0.178 0.174 0.169 0.165 0.161 0.156 0.152 0.147 0.142 0.138 0.133 0.128 0.123 0.117 0.112 0.107 0.102 0.096 0.090 0.084 0.078 0.072 0.066 0.059 0.054 0.048 0.042 0.037 0.032 0.027 0.022 0.016 0.010 0.004 0.000 0.000 0.000 0.000 0.000 0.000 0.000 0.000
0.000 0.001 0.002 0.004 0.008 0.015 0.024 0.033 0.040 0.044 0.046 0.047 0.046 0.045 0.044 0.043 0.042 0.041 0.040 0.039 0.037 0.036 0.035 0.034 0.032 0.031 0.030 0.028 0.027 0.026 0.024 0.023 0.022 0.020 0.019 0.018 0.016 0.015 0.014 0.012 0.011 0.010 0.008 0.007 0.006 0.004 0.003 0.002 0.001 0.001 0.000 0.000 0.000 0.000 0.000 0.000 0.000 0.000 0.000 0.000 0.000 0.000 0.000 0.000 0.000 0.000 0.000 0.000 0.000 0.000 0.000 0.000 0.000
0.000 0.000 0.000 0.000 0.001 0.001 0.002 0.003 0.004 0.004 0.004 0.004 0.004 0.004 0.003 0.003 0.003 0.003 0.003 0.003 0.002 0.002 0.002 0.002 0.002 0.001 0.001 0.001 0.001 0.001 0.001 0.001 0.000 0.000 0.000 0.000 0.000 0.000 0.000 0.000 0.000 0.000 0.000 0.000 0.000 0.000 0.000 0.000 0.000 0.000 0.000 0.000 0.000 0.000 0.000 0.000 0.000 0.000 0.000 0.000 0.000 0.000 0.000 0.000 0.000 0.000 0.000 0.000 0.000 0.000 0.000 0.000 0.000
