Examples/2023_ISeeSnow/data/CoulombOnly/Results/curv77s/h/1HS_03_curv77s_MoT-Voellmy_h_0067.asc
ncols        83
nrows        71
xllcorner    3872.5
yllcorner    -4427.5
cellsize     5.00
NODATA_value -9999
[rows 34 to 67 of 71, columns 0 to 76 of 83]
0.002 0.002 0.003 0.003 0.003 0.003 0.003 0.003 0.003 0.003 0.003 0.003 0.003 0.003 0.003 0.002 0.002 0.003 0.003 0.003 0.003 0.003 0.003 0.003 0.003 0.002 0.002 0.003 0.004 0.008 0.012 0.018 0.026 0.035 0.045 0.055 0.066 0.078 0.090 0.103 0.116 0.127 0.135 0.139 0.137 0.128 0.112 0.094 0.078 0.068 0.064 0.064 0.064 0.065 0.066 0.068 0.068 0.069 0.068 0.066 0.062 0.056 0.048 0.039 0.029 0.019 0.013 0.010 0.009 0.007 0.005 0.002 0.001 0.000 0.000 0.000 0.000
0.005 0.006 0.006 0.007 0.008 0.013 0.022 0.037 0.058 0.091 0.139 0.211 0.317 0.472 0.688 0.980 1.353 1.806 2.327 2.898 3.497 4.107 4.715 5.312 5.895 6.458 7.003 7.526 8.028 8.507 8.962 9.391 9.793 10.167 10.511 10.824 11.105 11.356 11.575 11.763 11.921 12.051 12.153 12.228 12.277 12.302 12.303 12.283 12.241 12.178 12.096 11.994 11.874 11.736 11.580 11.407 11.217 11.010 10.787 10.547 10.291 10.018 9.728 9.422 9.098 8.757 8.398 8.019 7.620 7.200 6.755 6.284 5.782 5.244 4.660 4.020 3.307
0.002 0.002 0.003 0.003 0.003 0.003 0.003 0.003 0.003 0.003 0.003 0.003 0.003 0.003 0.003 0.002 0.002 0.003 0.003 0.003 0.003 0.003 0.003 0.003 0.003 0.002 0.002 0.003 0.004 0.008 0.012 0.018 0.026 0.035 0.045 0.055 0.066 0.078 0.090 0.103 0.116 0.127 0.135 0.139 0.136 0.128 0.112 0.094 0.078 0.068 0.064 0.064 0.064 0.065 0.066 0.068 0.068 0.069 0.068 0.066 0.062 0.056 0.048 0.039 0.029 0.019 0.013 0.010 0.009 0.007 0.005 0.002 0.001 0.000 0.000 0.000 0.000
0.010 0.018 0.028 0.041 0.056 0.075 0.100 0.132 0.173 0.229 0.303 0.402 0.536 0.713 0.944 1.234 1.584 1.984 2.416 2.861 3.301 3.721 4.115 4.479 4.815 5.124 5.411 5.678 5.930 6.169 6.398 6.622 6.843 7.062 7.280 7.499 7.718 7.935 8.149 8.356 8.552 8.736 8.903 9.051 9.179 9.284 9.361 9.404 9.412 9.383 9.316 9.220 9.103 8.969 8.822 8.662 8.490 8.304 8.102 7.884 7.646 7.389 7.110 6.809 6.486 6.138 5.760 5.340 4.871 4.347 3.757 3.086 2.324 1.489 0.534 0.084 0.034
0.002 0.002 0.003 0.003 0.003 0.003 0.003 0.003 0.003 0.003 0.003 0.003 0.003 0.003 0.003 0.003 0.003 0.003 0.003 0.003 0.002 0.002 0.002 0.002 0.002 0.003 0.003 0.005 0.007 0.009 0.014 0.019 0.025 0.032 0.041 0.052 0.067 0.085 0.108 0.135 0.164 0.193 0.220 0.241 0.255 0.260 0.257 0.247 0.236 0.224 0.213 0.201 0.184 0.164 0.142 0.118 0.096 0.077 0.060 0.045 0.033 0.025 0.019 0.016 0.014 0.012 0.010 0.009 0.008 0.008 0.006 0.002 0.001 0.000 0.000 0.000 0.000
0.007 0.007 0.008 0.008 0.008 0.008 0.009 0.013 0.018 0.025 0.035 0.049 0.068 0.094 0.130 0.179 0.244 0.330 0.441 0.578 0.742 0.929 1.135 1.357 1.587 1.820 2.050 2.271 2.481 2.681 2.872 3.054 3.229 3.395 3.551 3.696 3.828 3.946 4.050 4.138 4.214 4.278 4.333 4.380 4.422 4.458 4.489 4.515 4.536 4.551 4.557 4.550 4.526 4.485 4.425 4.343 4.239 4.113 3.970 3.812 3.640 3.452 3.248 3.027 2.790 2.534 2.258 1.959 1.636 1.291 0.938 0.605 0.329 0.140 0.040 0.008 0.000
0.006 0.006 0.006 0.006 0.006 0.006 0.007 0.007 0.007 0.007 0.007 0.007 0.007 0.007 0.007 0.007 0.007 0.007 0.007 0.007 0.007 0.008 0.008 0.008 0.008 0.008 0.008 0.008 0.008 0.010 0.016 0.024 0.035 0.048 0.066 0.089 0.120 0.161 0.214 0.276 0.344 0.411 0.471 0.518 0.548 0.558 0.550 0.525 0.486 0.438 0.385 0.330 0.277 0.228 0.186 0.153 0.129 0.113 0.103 0.097 0.085 0.060 0.042 0.035 0.029 0.022 0.018 0.013 0.010 0.002 0.000 0.000 0.000 0.000 0.000 0.000 0.000
0.005 0.006 0.006 0.006 0.006 0.006 0.006 0.006 0.007 0.007 0.007 0.007 0.008 0.008 0.010 0.015 0.021 0.028 0.035 0.044 0.055 0.067 0.080 0.097 0.116 0.139 0.166 0.197 0.232 0.268 0.306 0.352 0.409 0.485 0.587 0.722 0.891 1.087 1.297 1.501 1.681 1.828 1.942 2.025 2.079 2.111 2.126 2.133 2.139 2.152 2.166 2.178 2.182 2.175 2.151 2.100 2.012 1.877 1.673 1.374 1.027 0.633 0.361 0.196 0.111 0.066 0.042 0.028 0.018 0.013 0.007 0.001 0.000 0.000 0.000 0.000 0.000
0.005 0.005 0.006 0.006 0.006 0.006 0.006 0.006 0.006 0.007 0.007 0.007 0.008 0.009 0.013 0.019 0.026 0.034 0.043 0.053 0.064 0.076 0.090 0.105 0.121 0.138 0.156 0.174 0.192 0.212 0.236 0.264 0.296 0.337 0.388 0.450 0.522 0.605 0.695 0.791 0.890 0.989 1.082 1.158 1.214 1.246 1.251 1.223 1.159 1.058 0.941 0.819 0.702 0.599 0.483 0.388 0.315 0.258 0.235 0.205 0.184 0.158 0.132 0.106 0.081 0.062 0.044 0.032 0.024 0.018 0.012 0.008 0.002 0.000 0.000 0.000 0.000
0.005 0.006 0.006 0.006 0.006 0.006 0.006 0.006 0.007 0.007 0.007 0.008 0.009 0.012 0.018 0.025 0.033 0.041 0.051 0.062 0.075 0.089 0.105 0.122 0.141 0.163 0.188 0.216 0.248 0.286 0.332 0.387 0.455 0.538 0.638 0.762 0.913 1.092 1.296 1.513 1.729 1.920 2.072 2.187 2.268 2.318 2.341 2.342 2.322 2.278 2.201 2.093 1.958 1.798 1.616 1.413 1.182 0.968 0.765 0.578 0.411 0.301 0.206 0.145 0.103 0.076 0.052 0.039 0.030 0.022 0.016 0.012 0.008 0.001 0.000 0.000 0.000
0.005 0.006 0.006 0.006 0.006 0.006 0.006 0.006 0.007 0.007 0.007 0.008 0.011 0.017 0.023 0.031 0.039 0.049 0.060 0.072 0.086 0.102 0.119 0.138 0.159 0.183 0.209 0.237 0.268 0.302 0.338 0.377 0.419 0.464 0.511 0.561 0.614 0.675 0.745 0.824 0.910 1.001 1.092 1.170 1.225 1.248 1.237 1.192 1.119 1.030 0.934 0.838 0.741 0.643 0.564 0.513 0.475 0.436 0.383 0.334 0.285 0.230 0.181 0.137 0.108 0.079 0.059 0.045 0.031 0.027 0.018 0.014 0.011 0.006 0.000 0.000 0.000
0.005 0.006 0.006 0.006 0.006 0.006 0.006 0.007 0.007 0.007 0.008 0.010 0.014 0.021 0.028 0.036 0.045 0.056 0.068 0.081 0.097 0.113 0.132 0.153 0.177 0.202 0.231 0.263 0.298 0.338 0.383 0.436 0.500 0.578 0.677 0.803 0.958 1.137 1.333 1.536 1.734 1.917 2.073 2.197 2.282 2.328 2.336 2.308 2.247 2.157 2.041 1.901 1.741 1.564 1.369 1.132 0.937 0.733 0.571 0.439 0.332 0.250 0.190 0.148 0.110 0.081 0.066 0.048 0.037 0.028 0.020 0.016 0.013 0.009 0.002 0.000 0.000
0.005 0.006 0.006 0.006 0.006 0.006 0.006 0.007 0.007 0.008 0.009 0.012 0.018 0.024 0.032 0.041 0.051 0.062 0.075 0.090 0.106 0.124 0.145 0.167 0.193 0.220 0.251 0.286 0.324 0.366 0.413 0.466 0.524 0.587 0.654 0.721 0.785 0.846 0.900 0.947 0.989 1.028 1.062 1.089 1.105 1.109 1.099 1.077 1.044 1.006 0.966 0.930 0.885 0.834 0.782 0.722 0.633 0.553 0.481 0.388 0.311 0.235 0.193 0.145 0.111 0.087 0.066 0.049 0.039 0.030 0.023 0.018 0.013 0.010 0.005 0.000 0.000
0.005 0.006 0.006 0.006 0.006 0.006 0.007 0.007 0.007 0.008 0.010 0.014 0.020 0.028 0.036 0.045 0.056 0.068 0.081 0.097 0.114 0.134 0.156 0.180 0.207 0.237 0.270 0.307 0.348 0.393 0.444 0.501 0.566 0.641 0.729 0.833 0.957 1.106 1.280 1.476 1.677 1.865 2.027 2.154 2.238 2.277 2.271 2.223 2.135 2.012 1.858 1.681 1.488 1.295 1.080 0.902 0.741 0.605 0.476 0.380 0.309 0.238 0.188 0.141 0.111 0.088 0.064 0.055 0.039 0.030 0.024 0.018 0.014 0.011 0.006 0.000 0.000
0.005 0.006 0.006 0.006 0.006 0.006 0.007 0.007 0.007 0.008 0.011 0.016 0.023 0.030 0.039 0.049 0.060 0.072 0.087 0.103 0.122 0.142 0.165 0.191 0.220 0.252 0.287 0.326 0.369 0.417 0.471 0.531 0.598 0.672 0.754 0.843 0.935 1.028 1.115 1.189 1.250 1.297 1.330 1.350 1.358 1.357 1.348 1.331 1.306 1.273 1.229 1.173 1.108 1.012 0.907 0.791 0.671 0.560 0.457 0.372 0.284 0.235 0.181 0.143 0.107 0.087 0.067 0.053 0.041 0.030 0.024 0.019 0.014 0.011 0.007 0.001 0.000
0.005 0.006 0.006 0.006 0.006 0.006 0.007 0.007 0.008 0.009 0.012 0.018 0.025 0.032 0.041 0.051 0.063 0.076 0.091 0.109 0.128 0.150 0.174 0.201 0.231 0.265 0.302 0.343 0.389 0.439 0.495 0.558 0.627 0.704 0.790 0.886 0.991 1.105 1.228 1.357 1.488 1.613 1.724 1.812 1.870 1.891 1.876 1.824 1.740 1.630 1.502 1.362 1.217 1.072 0.921 0.780 0.655 0.526 0.442 0.352 0.281 0.221 0.173 0.142 0.111 0.083 0.065 0.051 0.040 0.031 0.024 0.019 0.014 0.011 0.006 0.000 0.000
0.006 0.006 0.006 0.006 0.006 0.007 0.007 0.007 0.008 0.009 0.013 0.019 0.026 0.034 0.043 0.054 0.066 0.080 0.095 0.113 0.133 0.156 0.181 0.209 0.241 0.276 0.315 0.358 0.405 0.458 0.516 0.580 0.651 0.730 0.815 0.908 1.006 1.108 1.211 1.308 1.397 1.471 1.529 1.567 1.587 1.587 1.568 1.532 1.478 1.408 1.322 1.223 1.112 0.994 0.862 0.733 0.614 0.509 0.413 0.334 0.268 0.214 0.165 0.133 0.108 0.082 0.065 0.049 0.039 0.030 0.023 0.018 0.014 0.011 0.006 0.000 0.000
0.006 0.006 0.006 0.006 0.006 0.007 0.007 0.007 0.008 0.009 0.014 0.020 0.027 0.035 0.044 0.055 0.068 0.082 0.098 0.117 0.137 0.161 0.187 0.216 0.249 0.286 0.326 0.370 0.419 0.474 0.533 0.599 0.671 0.750 0.835 0.926 1.023 1.123 1.223 1.320 1.411 1.491 1.555 1.600 1.624 1.623 1.598 1.551 1.482 1.396 1.295 1.184 1.065 0.943 0.815 0.691 0.578 0.476 0.389 0.318 0.247 0.206 0.164 0.126 0.098 0.080 0.062 0.049 0.036 0.029 0.022 0.017 0.013 0.010 0.004 0.000 0.000
0.006 0.006 0.006 0.006 0.006 0.007 0.007 0.007 0.008 0.010 0.014 0.020 0.027 0.036 0.045 0.056 0.069 0.084 0.100 0.119 0.140 0.165 0.192 0.222 0.256 0.293 0.334 0.380 0.430 0.486 0.546 0.613 0.685 0.763 0.847 0.935 1.027 1.121 1.213 1.300 1.378 1.444 1.495 1.527 1.540 1.532 1.504 1.456 1.390 1.308 1.212 1.107 0.995 0.879 0.760 0.643 0.538 0.444 0.364 0.295 0.240 0.186 0.154 0.121 0.092 0.075 0.058 0.046 0.035 0.027 0.021 0.016 0.012 0.009 0.002 0.000 0.000
0.006 0.006 0.006 0.006 0.006 0.007 0.007 0.007 0.008 0.010 0.014 0.020 0.028 0.036 0.045 0.057 0.069 0.084 0.101 0.120 0.142 0.167 0.194 0.225 0.260 0.298 0.340 0.387 0.438 0.494 0.555 0.621 0.692 0.769 0.850 0.935 1.022 1.109 1.194 1.272 1.342 1.400 1.442 1.467 1.474 1.461 1.428 1.377 1.309 1.227 1.133 1.030 0.922 0.813 0.702 0.595 0.497 0.411 0.337 0.274 0.221 0.178 0.138 0.114 0.089 0.067 0.054 0.042 0.033 0.025 0.019 0.015 0.011 0.007 0.001 0.000 0.000
0.006 0.006 0.006 0.006 0.006 0.007 0.007 0.007 0.008 0.010 0.014 0.020 0.027 0.035 0.045 0.056 0.069 0.084 0.101 0.120 0.142 0.167 0.195 0.226 0.261 0.300 0.343 0.390 0.441 0.497 0.558 0.623 0.693 0.768 0.845 0.926 1.007 1.087 1.163 1.233 1.293 1.341 1.375 1.392 1.392 1.374 1.338 1.285 1.217 1.137 1.046 0.948 0.846 0.743 0.642 0.544 0.455 0.376 0.309 0.251 0.203 0.162 0.129 0.102 0.081 0.064 0.048 0.038 0.029 0.022 0.017 0.013 0.010 0.003 0.000 0.000 0.000
0.006 0.006 0.006 0.006 0.006 0.007 0.007 0.007 0.008 0.009 0.014 0.019 0.026 0.034 0.044 0.055 0.067 0.082 0.099 0.118 0.140 0.165 0.194 0.225 0.260 0.299 0.341 0.388 0.439 0.495 0.554 0.618 0.686 0.758 0.831 0.906 0.981 1.053 1.121 1.182 1.233 1.273 1.298 1.308 1.302 1.280 1.241 1.187 1.120 1.042 0.956 0.863 0.768 0.673 0.581 0.492 0.411 0.340 0.279 0.227 0.183 0.146 0.116 0.092 0.070 0.057 0.043 0.033 0.025 0.019 0.015 0.011 0.007 0.001 0.000 0.000 0.000
0.006 0.006 0.006 0.006 0.006 0.006 0.007 0.007 0.008 0.009 0.013 0.018 0.025 0.033 0.042 0.052 0.065 0.079 0.096 0.115 0.137 0.162 0.189 0.221 0.255 0.294 0.336 0.382 0.432 0.487 0.545 0.606 0.671 0.739 0.808 0.877 0.945 1.009 1.069 1.121 1.164 1.195 1.212 1.216 1.205 1.179 1.138 1.084 1.019 0.944 0.862 0.776 0.688 0.602 0.518 0.439 0.367 0.303 0.248 0.201 0.162 0.129 0.102 0.080 0.063 0.047 0.037 0.029 0.021 0.017 0.012 0.009 0.002 0.000 0.000 0.000 0.000
0.006 0.006 0.006 0.006 0.006 0.006 0.007 0.007 0.008 0.009 0.011 0.017 0.023 0.030 0.039 0.049 0.061 0.075 0.091 0.110 0.131 0.155 0.182 0.213 0.247 0.284 0.326 0.371 0.419 0.472 0.527 0.586 0.647 0.710 0.774 0.837 0.898 0.955 1.006 1.050 1.084 1.108 1.119 1.117 1.101 1.072 1.031 0.978 0.915 0.844 0.768 0.689 0.609 0.530 0.456 0.386 0.322 0.265 0.216 0.175 0.140 0.111 0.087 0.068 0.053 0.041 0.030 0.024 0.018 0.013 0.010 0.004 0.000 0.000 0.000 0.000 0.000
0.006 0.006 0.006 0.006 0.006 0.006 0.007 0.007 0.007 0.008 0.010 0.015 0.020 0.027 0.035 0.045 0.056 0.069 0.085 0.102 0.123 0.146 0.172 0.201 0.234 0.270 0.310 0.353 0.400 0.450 0.502 0.558 0.615 0.672 0.730 0.787 0.841 0.890 0.934 0.969 0.996 1.013 1.018 1.011 0.993 0.962 0.920 0.869 0.809 0.744 0.673 0.601 0.529 0.459 0.393 0.332 0.276 0.226 0.184 0.148 0.117 0.092 0.072 0.056 0.043 0.033 0.025 0.018 0.014 0.011 0.005 0.000 0.000 0.000 0.000 0.000 0.000
0.006 0.006 0.006 0.006 0.006 0.006 0.007 0.007 0.007 0.008 0.009 0.012 0.018 0.024 0.031 0.040 0.050 0.062 0.077 0.093 0.112 0.134 0.158 0.186 0.217 0.251 0.289 0.329 0.373 0.420 0.469 0.520 0.572 0.625 0.677 0.727 0.774 0.816 0.852 0.881 0.901 0.911 0.912 0.901 0.880 0.849 0.808 0.759 0.703 0.643 0.579 0.515 0.451 0.389 0.331 0.278 0.230 0.187 0.151 0.120 0.095 0.074 0.057 0.044 0.034 0.025 0.019 0.014 0.010 0.005 0.000 0.000 0.000 0.000 0.000 0.000 0.000
0.006 0.006 0.006 0.006 0.006 0.006 0.006 0.007 0.007 0.007 0.008 0.010 0.015 0.020 0.027 0.034 0.043 0.054 0.067 0.082 0.099 0.119 0.141 0.167 0.195 0.227 0.261 0.299 0.340 0.383 0.427 0.474 0.521 0.568 0.614 0.657 0.697 0.732 0.762 0.784 0.799 0.804 0.801 0.787 0.765 0.734 0.695 0.649 0.598 0.543 0.486 0.429 0.373 0.320 0.270 0.225 0.185 0.149 0.119 0.094 0.073 0.057 0.043 0.033 0.025 0.019 0.014 0.010 0.004 0.000 0.000 0.000 0.000 0.000 0.000 0.000 0.000
0.006 0.006 0.006 0.006 0.006 0.006 0.006 0.007 0.007 0.007 0.008 0.009 0.011 0.016 0.022 0.028 0.036 0.045 0.056 0.069 0.084 0.102 0.121 0.144 0.170 0.198 0.229 0.263 0.299 0.338 0.378 0.419 0.461 0.502 0.541 0.579 0.612 0.641 0.665 0.681 0.691 0.692 0.686 0.671 0.648 0.618 0.581 0.540 0.494 0.445 0.395 0.346 0.298 0.253 0.211 0.174 0.141 0.113 0.089 0.069 0.053 0.041 0.031 0.023 0.017 0.013 0.009 0.002 0.000 0.000 0.000 0.000 0.000 0.000 0.000 0.000 0.000
0.006 0.006 0.006 0.006 0.006 0.006 0.006 0.006 0.007 0.007 0.007 0.008 0.009 0.012 0.017 0.022 0.028 0.036 0.045 0.056 0.068 0.083 0.100 0.119 0.141 0.165 0.192 0.222 0.253 0.287 0.321 0.357 0.393 0.428 0.461 0.492 0.520 0.543 0.561 0.573 0.579 0.577 0.569 0.553 0.531 0.503 0.469 0.432 0.392 0.350 0.307 0.266 0.226 0.190 0.156 0.127 0.102 0.080 0.062 0.048 0.036 0.027 0.020 0.015 0.011 0.006 0.001 0.000 0.000 0.000 0.000 0.000 0.000 0.000 0.000 0.000 0.000
0.006 0.006 0.006 0.006 0.006 0.006 0.006 0.006 0.007 0.007 0.007 0.007 0.008 0.009 0.012 0.016 0.021 0.027 0.034 0.042 0.052 0.064 0.077 0.093 0.111 0.130 0.153 0.177 0.203 0.231 0.260 0.290 0.319 0.348 0.376 0.401 0.422 0.440 0.454 0.462 0.464 0.460 0.451 0.436 0.415 0.389 0.360 0.328 0.294 0.259 0.225 0.192 0.161 0.133 0.108 0.086 0.068 0.053 0.040 0.030 0.023 0.017 0.012 0.008 0.002 0.000 0.000 0.000 0.000 0.000 0.000 0.000 0.000 0.000 0.000 0.000 0.000
0.003 0.004 0.005 0.006 0.007 0.007 0.007 0.007 0.007 0.007 0.007 0.007 0.008 0.008 0.009 0.011 0.015 0.019 0.024 0.030 0.037 0.046 0.056 0.067 0.081 0.096 0.113 0.132 0.152 0.174 0.197 0.220 0.243 0.266 0.287 0.307 0.323 0.336 0.345 0.350 0.350 0.345 0.336 0.322 0.304 0.282 0.258 0.232 0.205 0.178 0.152 0.127 0.105 0.085 0.068 0.053 0.041 0.031 0.024 0.018 0.013 0.009 0.003 0.000 0.000 0.000 0.000 0.000 0.000 0.000 0.000 0.000 0.000 0.000 0.000 0.000 0.000
0.002 0.002 0.002 0.003 0.003 0.003 0.004 0.005 0.006 0.007 0.008 0.008 0.008 0.008 0.008 0.009 0.010 0.012 0.016 0.020 0.025 0.030 0.037 0.045 0.054 0.065 0.077 0.090 0.104 0.120 0.136 0.153 0.170 0.187 0.202 0.216 0.227 0.236 0.242 0.244 0.243 0.238 0.229 0.218 0.203 0.186 0.167 0.148 0.129 0.110 0.092 0.075 0.061 0.048 0.038 0.029 0.022 0.017 0.012 0.008 0.002 0.000 0.000 0.000 0.000 0.000 0.000 0.000 0.000 0.000 0.000 0.000 0.000 0.000 0.000 0.000 0.000
0.003 0.002 0.002 0.002 0.002 0.002 0.002 0.003 0.003 0.003 0.003 0.004 0.005 0.006 0.007 0.009 0.009 0.010 0.010 0.012 0.015 0.018 0.022 0.027 0.033 0.039 0.047 0.055 0.064 0.074 0.085 0.096 0.107 0.117 0.127 0.136 0.143 0.149 0.152 0.152 0.150 0.146 0.139 0.130 0.120 0.108 0.096 0.083 0.071 0.059 0.049 0.039 0.031 0.024 0.019 0.014 0.010 0.005 0.001 0.000 0.000 0.000 0.000 0.000 0.000 0.000 0.000 0.000 0.000 0.000 0.000 0.000 0.000 0.000 0.000 0.000 0.000
0.000 0.001 0.001 0.001 0.002 0.002 0.003 0.003 0.003 0.003 0.003 0.003 0.003 0.003 0.004 0.004 0.004 0.005 0.007 0.008 0.010 0.011 0.013 0.015 0.018 0.021 0.025 0.029 0.035 0.040 0.046 0.052 0.058 0.064 0.070 0.074 0.078 0.081 0.082 0.082 0.080 0.077 0.073 0.067 0.061 0.054 0.047 0.040 0.033 0.027 0.022 0.017 0.013 0.010 0.005 0.002 0.000 0.000 0.000 0.000 0.000 0.000 0.000 0.000 0.000 0.000 0.000 0.000 0.000 0.000 0.000 0.000 0.000 0.000 0.000 0.000 0.000
