Examples/2023_ISeeSnow/data/CoulombOnly/Results/curv77s/h/1HS_03_curv77s_MoT-Voellmy_h_0056.asc
ncols        137
nrows        55
xllcorner    3442.5
yllcorner    -4387.5
cellsize     5.00
NODATA_value -9999
[rows 0 to 33 of 55, columns 0 to 76 of 137]
0.000 0.000 0.000 0.000 0.000 0.000 0.000 0.000 0.000 0.000 0.000 0.000 0.000 0.000 0.000 0.000 0.000 0.000 0.000 0.000 0.000 0.000 0.000 0.000 0.000 0.000 0.000 0.000 0.000 0.000 0.000 0.000 0.000 0.000 0.000 0.000 0.000 0.000 0.000 0.000 0.000 0.000 0.000 0.000 0.000 0.000 0.000 0.000 0.000 0.000 0.000 0.000 0.000 0.000 0.000 0.001 0.001 0.001 0.001 0.001 0.002 0.002 0.002 0.002 0.003 0.003 0.003 0.003 0.004 0.004 0.004 0.004 0.004 0.004 0.004 0.003 0.003
0.000 0.000 0.000 0.000 0.000 0.000 0.000 0.000 0.000 0.000 0.000 0.000 0.000 0.000 0.000 0.000 0.000 0.000 0.000 0.000 0.000 0.000 0.000 0.000 0.000 0.000 0.000 0.000 0.000 0.000 0.000 0.000 0.000 0.000 0.000 0.000 0.000 0.000 0.000 0.000 0.000 0.000 0.000 0.000 0.000 0.001 0.001 0.001 0.001 0.002 0.002 0.002 0.003 0.003 0.003 0.004 0.004 0.005 0.005 0.006 0.006 0.007 0.007 0.008 0.009 0.009 0.010 0.011 0.011 0.012 0.013 0.013 0.014 0.014 0.014 0.014 0.014
0.000 0.000 0.000 0.000 0.000 0.000 0.000 0.000 0.000 0.000 0.000 0.000 0.000 0.000 0.000 0.000 0.000 0.000 0.000 0.000 0.000 0.000 0.000 0.000 0.000 0.000 0.000 0.000 0.000 0.000 0.000 0.000 0.000 0.000 0.000 0.000 0.001 0.001 0.001 0.001 0.002 0.002 0.002 0.002 0.003 0.003 0.003 0.003 0.004 0.004 0.004 0.005 0.005 0.006 0.007 0.008 0.009 0.010 0.011 0.012 0.014 0.016 0.017 0.019 0.021 0.023 0.025 0.027 0.029 0.031 0.032 0.033 0.034 0.035 0.035 0.036 0.035
0.000 0.000 0.000 0.000 0.000 0.000 0.000 0.000 0.000 0.000 0.000 0.000 0.000 0.000 0.000 0.000 0.000 0.000 0.000 0.000 0.000 0.000 0.000 0.000 0.000 0.000 0.000 0.000 0.001 0.001 0.001 0.001 0.002 0.002 0.002 0.002 0.002 0.002 0.002 0.003 0.003 0.003 0.003 0.004 0.004 0.004 0.005 0.005 0.006 0.007 0.008 0.010 0.011 0.012 0.014 0.017 0.019 0.022 0.025 0.029 0.033 0.037 0.041 0.045 0.049 0.053 0.057 0.061 0.064 0.068 0.071 0.073 0.075 0.076 0.077 0.077 0.077
0.000 0.000 0.000 0.000 0.000 0.000 0.000 0.000 0.000 0.000 0.000 0.000 0.000 0.000 0.000 0.000 0.000 0.000 0.000 0.000 0.001 0.001 0.001 0.001 0.001 0.002 0.002 0.002 0.002 0.002 0.002 0.002 0.002 0.002 0.002 0.003 0.003 0.003 0.003 0.004 0.004 0.005 0.005 0.006 0.007 0.008 0.009 0.010 0.011 0.013 0.016 0.019 0.023 0.027 0.031 0.036 0.042 0.048 0.054 0.061 0.068 0.076 0.083 0.091 0.098 0.105 0.112 0.119 0.125 0.131 0.135 0.139 0.142 0.145 0.146 0.146 0.145
0.000 0.000 0.000 0.000 0.000 0.000 0.000 0.000 0.000 0.000 0.000 0.000 0.001 0.001 0.001 0.001 0.001 0.001 0.001 0.001 0.001 0.001 0.001 0.002 0.002 0.002 0.002 0.002 0.002 0.002 0.002 0.003 0.003 0.003 0.004 0.004 0.005 0.005 0.006 0.007 0.007 0.008 0.009 0.009 0.010 0.012 0.015 0.019 0.023 0.028 0.033 0.039 0.046 0.054 0.063 0.072 0.082 0.092 0.103 0.115 0.126 0.138 0.150 0.162 0.174 0.185 0.195 0.205 0.214 0.222 0.229 0.234 0.239 0.242 0.243 0.243 0.242
0.000 0.000 0.000 0.000 0.001 0.001 0.001 0.001 0.001 0.001 0.001 0.001 0.001 0.001 0.001 0.001 0.001 0.001 0.001 0.001 0.002 0.002 0.002 0.002 0.002 0.002 0.003 0.003 0.003 0.004 0.004 0.005 0.005 0.006 0.006 0.006 0.007 0.007 0.008 0.008 0.009 0.010 0.012 0.016 0.020 0.025 0.031 0.037 0.045 0.054 0.063 0.074 0.086 0.099 0.113 0.127 0.143 0.159 0.175 0.192 0.209 0.226 0.243 0.259 0.274 0.289 0.303 0.315 0.327 0.337 0.345 0.352 0.357 0.361 0.362 0.362 0.359
0.001 0.001 0.001 0.001 0.001 0.001 0.001 0.001 0.001 0.001 0.001 0.001 0.001 0.001 0.001 0.001 0.002 0.002 0.002 0.002 0.003 0.003 0.003 0.004 0.004 0.004 0.005 0.005 0.005 0.006 0.006 0.006 0.006 0.007 0.007 0.007 0.008 0.009 0.009 0.011 0.015 0.019 0.025 0.031 0.039 0.047 0.057 0.068 0.081 0.095 0.110 0.127 0.144 0.163 0.183 0.204 0.225 0.247 0.269 0.290 0.312 0.333 0.354 0.373 0.392 0.409 0.425 0.440 0.452 0.463 0.473 0.480 0.485 0.489 0.490 0.489 0.486
0.001 0.001 0.001 0.001 0.001 0.001 0.001 0.001 0.001 0.001 0.001 0.002 0.002 0.002 0.002 0.003 0.003 0.003 0.004 0.004 0.004 0.005 0.005 0.005 0.005 0.005 0.006 0.006 0.006 0.006 0.006 0.007 0.007 0.007 0.008 0.009 0.010 0.013 0.017 0.022 0.029 0.037 0.046 0.056 0.068 0.081 0.097 0.114 0.132 0.152 0.174 0.196 0.220 0.245 0.271 0.297 0.323 0.350 0.376 0.401 0.426 0.450 0.473 0.494 0.514 0.533 0.550 0.565 0.578 0.589 0.598 0.605 0.610 0.613 0.613 0.612 0.608
0.001 0.001 0.001 0.001 0.001 0.001 0.002 0.002 0.002 0.003 0.003 0.003 0.003 0.004 0.004 0.004 0.004 0.005 0.005 0.005 0.005 0.005 0.005 0.005 0.006 0.006 0.006 0.006 0.006 0.007 0.007 0.007 0.008 0.009 0.010 0.014 0.019 0.025 0.032 0.041 0.051 0.063 0.077 0.092 0.110 0.129 0.150 0.173 0.198 0.224 0.252 0.280 0.309 0.339 0.369 0.399 0.429 0.458 0.487 0.514 0.541 0.566 0.589 0.611 0.631 0.650 0.666 0.681 0.694 0.704 0.713 0.719 0.723 0.725 0.725 0.722 0.717
0.001 0.002 0.002 0.002 0.003 0.003 0.003 0.003 0.004 0.004 0.004 0.004 0.004 0.004 0.005 0.005 0.005 0.005 0.005 0.005 0.005 0.006 0.006 0.006 0.006 0.006 0.006 0.007 0.007 0.007 0.008 0.009 0.010 0.014 0.019 0.026 0.034 0.043 0.055 0.068 0.083 0.100 0.119 0.140 0.163 0.189 0.216 0.244 0.275 0.306 0.338 0.371 0.404 0.437 0.469 0.502 0.533 0.563 0.593 0.620 0.647 0.672 0.695 0.716 0.735 0.753 0.768 0.782 0.794 0.803 0.811 0.816 0.820 0.821 0.820 0.817 0.811
0.003 0.003 0.003 0.003 0.004 0.004 0.004 0.004 0.004 0.004 0.004 0.005 0.005 0.005 0.005 0.005 0.005 0.005 0.005 0.006 0.006 0.006 0.006 0.006 0.006 0.007 0.007 0.007 0.008 0.009 0.010 0.014 0.019 0.026 0.035 0.044 0.056 0.070 0.086 0.104 0.124 0.146 0.171 0.198 0.226 0.257 0.289 0.322 0.356 0.391 0.426 0.461 0.496 0.531 0.564 0.597 0.628 0.658 0.687 0.714 0.739 0.763 0.785 0.805 0.823 0.839 0.853 0.866 0.876 0.885 0.892 0.896 0.899 0.900 0.898 0.895 0.889
0.003 0.004 0.004 0.004 0.004 0.004 0.004 0.004 0.005 0.005 0.005 0.005 0.005 0.005 0.005 0.005 0.005 0.006 0.006 0.006 0.006 0.006 0.006 0.007 0.007 0.007 0.008 0.008 0.010 0.013 0.019 0.025 0.034 0.044 0.056 0.070 0.086 0.104 0.125 0.148 0.173 0.201 0.230 0.262 0.295 0.329 0.364 0.400 0.437 0.473 0.510 0.546 0.581 0.615 0.648 0.680 0.710 0.739 0.766 0.792 0.815 0.837 0.858 0.876 0.893 0.907 0.920 0.932 0.941 0.949 0.955 0.959 0.961 0.962 0.960 0.957 0.951
0.003 0.004 0.004 0.004 0.005 0.005 0.005 0.005 0.005 0.005 0.005 0.005 0.005 0.005 0.006 0.006 0.006 0.006 0.006 0.006 0.006 0.007 0.007 0.007 0.007 0.008 0.009 0.012 0.017 0.024 0.032 0.042 0.054 0.068 0.084 0.102 0.123 0.146 0.171 0.198 0.228 0.260 0.293 0.328 0.363 0.400 0.437 0.474 0.511 0.548 0.584 0.620 0.654 0.687 0.718 0.749 0.777 0.804 0.829 0.853 0.874 0.894 0.913 0.930 0.945 0.958 0.970 0.981 0.989 0.997 1.002 1.006 1.009 1.009 1.008 1.005 1.000
0.004 0.005 0.005 0.005 0.005 0.005 0.005 0.005 0.005 0.005 0.005 0.006 0.006 0.006 0.006 0.006 0.006 0.006 0.006 0.006 0.007 0.007 0.007 0.008 0.009 0.011 0.016 0.022 0.030 0.040 0.051 0.064 0.080 0.098 0.118 0.140 0.165 0.192 0.221 0.252 0.285 0.319 0.355 0.391 0.428 0.465 0.503 0.540 0.576 0.612 0.647 0.680 0.713 0.744 0.773 0.801 0.827 0.852 0.875 0.896 0.916 0.934 0.951 0.966 0.980 0.992 1.003 1.013 1.022 1.029 1.034 1.039 1.042 1.043 1.043 1.041 1.037
0.004 0.005 0.005 0.005 0.005 0.005 0.005 0.005 0.006 0.006 0.006 0.006 0.006 0.006 0.006 0.006 0.006 0.006 0.007 0.007 0.007 0.008 0.008 0.010 0.014 0.020 0.027 0.036 0.047 0.060 0.075 0.092 0.111 0.132 0.156 0.182 0.210 0.240 0.272 0.305 0.340 0.375 0.412 0.448 0.485 0.522 0.558 0.594 0.628 0.662 0.695 0.726 0.756 0.784 0.811 0.837 0.861 0.883 0.904 0.923 0.941 0.957 0.972 0.986 0.999 1.011 1.021 1.031 1.039 1.046 1.053 1.058 1.062 1.065 1.066 1.065 1.063
0.004 0.005 0.005 0.006 0.006 0.006 0.006 0.006 0.006 0.006 0.006 0.006 0.006 0.006 0.006 0.006 0.007 0.007 0.007 0.007 0.008 0.009 0.012 0.017 0.024 0.033 0.043 0.055 0.069 0.084 0.102 0.123 0.145 0.170 0.196 0.225 0.255 0.287 0.320 0.355 0.390 0.425 0.461 0.496 0.532 0.567 0.601 0.634 0.667 0.698 0.728 0.756 0.783 0.809 0.833 0.856 0.877 0.897 0.915 0.932 0.948 0.963 0.977 0.990 1.002 1.013 1.024 1.033 1.042 1.051 1.058 1.065 1.071 1.075 1.079 1.080 1.081
0.004 0.005 0.006 0.006 0.006 0.006 0.006 0.006 0.006 0.006 0.006 0.006 0.006 0.006 0.007 0.007 0.007 0.007 0.008 0.008 0.010 0.015 0.021 0.029 0.038 0.049 0.062 0.077 0.094 0.112 0.133 0.156 0.181 0.208 0.236 0.266 0.297 0.330 0.363 0.397 0.431 0.465 0.499 0.533 0.566 0.599 0.630 0.660 0.690 0.718 0.745 0.770 0.794 0.817 0.838 0.858 0.876 0.894 0.910 0.925 0.939 0.953 0.965 0.977 0.989 1.000 1.011 1.022 1.032 1.042 1.051 1.060 1.068 1.075 1.081 1.086 1.089
0.004 0.006 0.006 0.006 0.006 0.006 0.006 0.006 0.006 0.006 0.006 0.007 0.007 0.007 0.007 0.007 0.007 0.008 0.009 0.012 0.018 0.025 0.034 0.044 0.056 0.069 0.084 0.101 0.121 0.142 0.164 0.189 0.215 0.243 0.272 0.303 0.334 0.365 0.397 0.430 0.462 0.494 0.525 0.556 0.586 0.615 0.644 0.671 0.697 0.721 0.745 0.767 0.787 0.807 0.825 0.842 0.858 0.873 0.886 0.900 0.912 0.924 0.936 0.948 0.959 0.971 0.983 0.994 1.006 1.018 1.030 1.041 1.052 1.061 1.070 1.078 1.084
0.004 0.006 0.006 0.006 0.006 0.006 0.006 0.007 0.007 0.007 0.007 0.007 0.007 0.007 0.007 0.008 0.008 0.010 0.015 0.021 0.029 0.038 0.049 0.061 0.075 0.090 0.107 0.126 0.147 0.169 0.193 0.219 0.245 0.273 0.302 0.331 0.360 0.390 0.420 0.450 0.479 0.508 0.536 0.564 0.590 0.616 0.641 0.664 0.686 0.707 0.726 0.745 0.761 0.777 0.791 0.804 0.817 0.828 0.839 0.849 0.859 0.869 0.879 0.890 0.901 0.912 0.925 0.937 0.950 0.963 0.977 0.990 1.003 1.015 1.027 1.037 1.046
0.004 0.006 0.006 0.006 0.006 0.007 0.007 0.007 0.007 0.007 0.007 0.007 0.007 0.007 0.008 0.008 0.011 0.016 0.023 0.031 0.040 0.051 0.063 0.077 0.092 0.109 0.127 0.147 0.169 0.191 0.215 0.240 0.266 0.292 0.319 0.346 0.373 0.401 0.427 0.454 0.480 0.505 0.530 0.554 0.576 0.598 0.619 0.639 0.658 0.675 0.692 0.708 0.723 0.737 0.750 0.763 0.775 0.786 0.797 0.808 0.818 0.828 0.837 0.847 0.857 0.868 0.879 0.890 0.902 0.914 0.927 0.940 0.953 0.966 0.978 0.989 0.999
0.004 0.006 0.006 0.006 0.006 0.007 0.007 0.007 0.007 0.007 0.007 0.007 0.007 0.008 0.008 0.010 0.015 0.022 0.030 0.039 0.049 0.060 0.073 0.087 0.102 0.119 0.137 0.157 0.177 0.199 0.222 0.245 0.269 0.294 0.318 0.343 0.367 0.390 0.413 0.435 0.455 0.474 0.491 0.505 0.516 0.524 0.530 0.533 0.533 0.531 0.528 0.525 0.521 0.519 0.518 0.519 0.522 0.529 0.538 0.551 0.566 0.583 0.603 0.623 0.645 0.667 0.689 0.711 0.732 0.753 0.772 0.790 0.806 0.822 0.836 0.850 0.862
0.004 0.006 0.006 0.006 0.007 0.007 0.007 0.007 0.007 0.007 0.007 0.007 0.008 0.008 0.008 0.011 0.016 0.022 0.029 0.037 0.046 0.055 0.066 0.077 0.090 0.105 0.120 0.138 0.156 0.176 0.197 0.219 0.240 0.261 0.280 0.296 0.308 0.315 0.317 0.313 0.303 0.287 0.265 0.241 0.216 0.190 0.165 0.141 0.118 0.098 0.080 0.065 0.052 0.041 0.032 0.025 0.019 0.015 0.012 0.010 0.009 0.009 0.010 0.011 0.013 0.016 0.021 0.028 0.035 0.044 0.054 0.064 0.075 0.087 0.099 0.110 0.121
0.004 0.005 0.006 0.006 0.007 0.007 0.007 0.007 0.007 0.007 0.007 0.007 0.008 0.008 0.008 0.008 0.009 0.013 0.017 0.021 0.025 0.029 0.034 0.039 0.045 0.052 0.060 0.071 0.085 0.101 0.123 0.149 0.181 0.220 0.266 0.320 0.382 0.454 0.536 0.629 0.733 0.847 0.971 1.101 1.235 1.374 1.516 1.661 1.809 1.959 2.110 2.261 2.410 2.557 2.702 2.842 2.979 3.109 3.231 3.344 3.446 3.538 3.619 3.691 3.753 3.805 3.848 3.881 3.904 3.918 3.922 3.917 3.903 3.881 3.852 3.815 3.771
0.003 0.004 0.005 0.005 0.005 0.005 0.005 0.005 0.005 0.005 0.005 0.005 0.004 0.004 0.004 0.004 0.004 0.004 0.005 0.005 0.005 0.005 0.005 0.005 0.006 0.006 0.007 0.007 0.008 0.008 0.009 0.009 0.010 0.011 0.012 0.011 0.011 0.010 0.009 0.008 0.007 0.007 0.008 0.008 0.010 0.012 0.016 0.021 0.025 0.028 0.030 0.031 0.030 0.027 0.025 0.023 0.021 0.020 0.021 0.022 0.025 0.028 0.031 0.035 0.039 0.043 0.048 0.053 0.059 0.065 0.072 0.080 0.089 0.098 0.108 0.118 0.128
0.004 0.006 0.007 0.008 0.009 0.014 0.021 0.030 0.040 0.051 0.066 0.083 0.103 0.127 0.155 0.189 0.228 0.274 0.327 0.387 0.455 0.532 0.618 0.713 0.816 0.928 1.046 1.171 1.302 1.438 1.579 1.726 1.878 2.036 2.200 2.370 2.546 2.727 2.913 3.104 3.300 3.499 3.700 3.902 4.104 4.304 4.500 4.691 4.876 5.054 5.224 5.385 5.537 5.678 5.807 5.925 6.030 6.122 6.204 6.273 6.331 6.379 6.416 6.444 6.463 6.474 6.477 6.475 6.467 6.453 6.434 6.412 6.385 6.356 6.325 6.292 6.258
0.003 0.004 0.004 0.004 0.004 0.004 0.004 0.004 0.004 0.004 0.004 0.004 0.004 0.004 0.004 0.004 0.004 0.004 0.004 0.004 0.005 0.005 0.005 0.005 0.005 0.005 0.005 0.005 0.005 0.005 0.005 0.005 0.005 0.005 0.006 0.006 0.006 0.007 0.008 0.009 0.009 0.010 0.012 0.015 0.017 0.020 0.022 0.024 0.027 0.028 0.030 0.030 0.030 0.029 0.028 0.027 0.025 0.024 0.023 0.022 0.021 0.020 0.019 0.018 0.017 0.017 0.016 0.016 0.016 0.016 0.016 0.017 0.018 0.020 0.022 0.023 0.025
0.006 0.012 0.022 0.035 0.049 0.065 0.085 0.107 0.132 0.162 0.196 0.235 0.279 0.329 0.386 0.450 0.521 0.601 0.689 0.785 0.890 1.004 1.126 1.257 1.397 1.544 1.699 1.861 2.029 2.202 2.381 2.563 2.749 2.937 3.127 3.318 3.510 3.701 3.892 4.081 4.269 4.455 4.639 4.820 4.999 5.174 5.346 5.515 5.680 5.841 5.999 6.152 6.301 6.446 6.587 6.723 6.854 6.980 7.101 7.217 7.328 7.434 7.533 7.628 7.716 7.799 7.876 7.947 8.012 8.071 8.124 8.171 8.211 8.246 8.273 8.295 8.309
0.003 0.004 0.004 0.004 0.004 0.004 0.004 0.004 0.004 0.004 0.004 0.004 0.004 0.004 0.004 0.004 0.004 0.004 0.004 0.004 0.005 0.005 0.005 0.005 0.005 0.005 0.005 0.005 0.005 0.005 0.005 0.005 0.005 0.005 0.005 0.006 0.006 0.007 0.008 0.009 0.009 0.010 0.012 0.015 0.017 0.020 0.022 0.024 0.027 0.028 0.030 0.030 0.030 0.029 0.028 0.027 0.026 0.024 0.023 0.022 0.021 0.020 0.019 0.018 0.018 0.017 0.017 0.016 0.016 0.016 0.016 0.017 0.018 0.020 0.022 0.023 0.025
0.004 0.006 0.007 0.008 0.009 0.014 0.021 0.030 0.040 0.051 0.066 0.083 0.103 0.127 0.156 0.189 0.228 0.274 0.327 0.387 0.455 0.532 0.618 0.713 0.816 0.928 1.046 1.171 1.302 1.438 1.579 1.726 1.878 2.036 2.200 2.370 2.546 2.727 2.914 3.105 3.301 3.500 3.701 3.903 4.105 4.305 4.501 4.693 4.878 5.055 5.225 5.386 5.538 5.679 5.809 5.926 6.031 6.124 6.205 6.274 6.333 6.380 6.418 6.445 6.464 6.475 6.479 6.477 6.468 6.455 6.436 6.413 6.387 6.358 6.327 6.294 6.260
0.003 0.004 0.005 0.005 0.005 0.005 0.005 0.005 0.005 0.005 0.005 0.005 0.004 0.004 0.004 0.004 0.004 0.004 0.005 0.005 0.005 0.005 0.005 0.005 0.006 0.006 0.007 0.007 0.008 0.008 0.009 0.009 0.010 0.011 0.012 0.011 0.011 0.010 0.009 0.008 0.007 0.007 0.008 0.008 0.010 0.012 0.016 0.021 0.025 0.028 0.030 0.030 0.029 0.027 0.025 0.023 0.021 0.020 0.020 0.022 0.025 0.028 0.031 0.035 0.039 0.043 0.048 0.053 0.059 0.065 0.072 0.080 0.089 0.098 0.108 0.118 0.128
0.004 0.005 0.006 0.006 0.007 0.007 0.007 0.007 0.007 0.007 0.007 0.007 0.008 0.008 0.008 0.008 0.009 0.013 0.017 0.021 0.025 0.029 0.034 0.039 0.045 0.052 0.060 0.071 0.085 0.101 0.123 0.149 0.181 0.220 0.266 0.320 0.382 0.454 0.536 0.629 0.733 0.847 0.971 1.101 1.236 1.374 1.517 1.662 1.810 1.960 2.111 2.262 2.411 2.559 2.703 2.844 2.980 3.111 3.233 3.345 3.448 3.539 3.620 3.692 3.754 3.806 3.849 3.882 3.905 3.919 3.923 3.918 3.905 3.883 3.853 3.816 3.772
0.004 0.006 0.006 0.006 0.007 0.007 0.007 0.007 0.007 0.007 0.007 0.007 0.008 0.008 0.008 0.011 0.016 0.022 0.029 0.037 0.046 0.055 0.066 0.077 0.090 0.105 0.120 0.138 0.156 0.176 0.197 0.219 0.240 0.261 0.280 0.296 0.308 0.315 0.317 0.313 0.302 0.286 0.265 0.241 0.216 0.190 0.165 0.141 0.118 0.098 0.080 0.065 0.052 0.041 0.032 0.025 0.019 0.015 0.012 0.010 0.009 0.009 0.010 0.011 0.013 0.016 0.021 0.028 0.035 0.044 0.054 0.064 0.076 0.087 0.099 0.110 0.121
0.004 0.006 0.006 0.006 0.006 0.007 0.007 0.007 0.007 0.007 0.007 0.007 0.007 0.008 0.008 0.010 0.015 0.022 0.030 0.039 0.049 0.060 0.073 0.087 0.102 0.119 0.137 0.157 0.177 0.199 0.222 0.245 0.269 0.294 0.318 0.343 0.367 0.390 0.413 0.435 0.455 0.474 0.491 0.505 0.516 0.524 0.530 0.533 0.533 0.531 0.528 0.525 0.521 0.519 0.518 0.519 0.522 0.529 0.538 0.551 0.566 0.583 0.602 0.623 0.644 0.667 0.689 0.711 0.732 0.752 0.771 0.789 0.806 0.821 0.836 0.849 0.862
