Examples/2023_ISeeSnow/data/CoulombOnly/Results/curv77s/h/1HS_03_curv77s_MoT-Voellmy_h_0019.asc
ncols        107
nrows        37
xllcorner    1272.5
yllcorner    -4342.5
cellsize     5.00
NODATA_value -9999
[rows 0 to 33 of 37, columns 0 to 76 of 107]
0.002 0.003 0.003 0.003 0.003 0.003 0.003 0.003 0.003 0.003 0.003 0.004 0.004 0.004 0.004 0.004 0.004 0.004 0.004 0.005 0.005 0.005 0.005 0.004 0.004 0.004 0.004 0.005 0.005 0.006 0.007 0.007 0.003 0.000 0.000 0.000 0.000 0.000 0.000 0.000 0.000 0.000 0.000 0.000 0.000 0.000 0.000 0.000 0.000 0.000 0.000 0.000 0.000 0.000 0.000 0.000 0.000 0.000 0.000 0.000 0.000 0.000 0.000 0.000 0.000 0.000 0.000 0.000 0.000 0.000 0.000 0.000 0.000 0.000 0.000 0.000 0.000
0.003 0.004 0.005 0.005 0.005 0.005 0.006 0.006 0.006 0.006 0.007 0.007 0.008 0.010 0.014 0.019 0.023 0.027 0.032 0.036 0.040 0.044 0.047 0.049 0.050 0.050 0.049 0.047 0.045 0.042 0.039 0.035 0.029 0.024 0.020 0.016 0.011 0.008 0.007 0.007 0.007 0.008 0.006 0.001 0.000 0.000 0.000 0.000 0.000 0.000 0.000 0.000 0.000 0.000 0.000 0.000 0.000 0.000 0.000 0.000 0.000 0.000 0.000 0.000 0.000 0.000 0.000 0.000 0.000 0.000 0.000 0.000 0.000 0.000 0.000 0.000 0.000
0.003 0.005 0.005 0.006 0.006 0.007 0.007 0.007 0.008 0.010 0.016 0.022 0.030 0.039 0.050 0.062 0.075 0.089 0.103 0.116 0.129 0.140 0.150 0.158 0.164 0.167 0.167 0.165 0.160 0.154 0.145 0.135 0.124 0.111 0.099 0.086 0.073 0.061 0.051 0.043 0.037 0.031 0.024 0.018 0.012 0.008 0.006 0.006 0.006 0.007 0.007 0.003 0.000 0.000 0.000 0.000 0.000 0.000 0.000 0.000 0.000 0.000 0.000 0.000 0.000 0.000 0.000 0.000 0.000 0.000 0.000 0.000 0.000 0.000 0.000 0.000 0.000
0.003 0.005 0.006 0.006 0.007 0.007 0.009 0.012 0.019 0.027 0.038 0.052 0.067 0.085 0.105 0.126 0.148 0.171 0.195 0.217 0.239 0.258 0.275 0.290 0.301 0.310 0.314 0.315 0.313 0.307 0.298 0.286 0.271 0.255 0.236 0.216 0.195 0.175 0.154 0.135 0.118 0.102 0.086 0.072 0.059 0.047 0.038 0.031 0.025 0.021 0.017 0.011 0.007 0.005 0.005 0.005 0.006 0.007 0.003 0.000 0.000 0.000 0.000 0.000 0.000 0.000 0.000 0.000 0.000 0.000 0.000 0.000 0.000 0.000 0.000 0.000 0.000
0.003 0.005 0.006 0.007 0.008 0.010 0.016 0.025 0.036 0.050 0.066 0.086 0.107 0.131 0.157 0.185 0.214 0.243 0.271 0.300 0.327 0.352 0.376 0.397 0.415 0.430 0.442 0.450 0.455 0.455 0.453 0.446 0.436 0.422 0.405 0.385 0.363 0.339 0.314 0.288 0.262 0.236 0.211 0.186 0.163 0.140 0.120 0.102 0.086 0.072 0.060 0.049 0.039 0.031 0.025 0.020 0.017 0.013 0.008 0.006 0.005 0.005 0.006 0.006 0.002 0.000 0.000 0.000 0.000 0.000 0.000 0.000 0.000 0.000 0.000 0.000 0.000
0.004 0.006 0.007 0.009 0.014 0.022 0.033 0.047 0.064 0.084 0.107 0.134 0.163 0.195 0.228 0.263 0.299 0.336 0.372 0.407 0.441 0.473 0.504 0.531 0.556 0.578 0.596 0.610 0.620 0.627 0.629 0.627 0.622 0.612 0.598 0.581 0.560 0.536 0.510 0.482 0.452 0.421 0.389 0.357 0.325 0.294 0.263 0.234 0.206 0.180 0.157 0.135 0.114 0.096 0.080 0.067 0.055 0.045 0.036 0.028 0.022 0.018 0.014 0.010 0.007 0.005 0.005 0.006 0.006 0.002 0.000 0.000 0.000 0.000 0.000 0.000 0.000
0.004 0.006 0.008 0.012 0.020 0.032 0.046 0.064 0.084 0.108 0.136 0.166 0.199 0.234 0.271 0.310 0.349 0.389 0.428 0.467 0.504 0.540 0.574 0.606 0.635 0.662 0.685 0.705 0.722 0.736 0.746 0.752 0.755 0.754 0.750 0.742 0.731 0.716 0.698 0.677 0.653 0.626 0.597 0.566 0.534 0.499 0.464 0.428 0.393 0.357 0.323 0.289 0.257 0.226 0.198 0.171 0.147 0.125 0.105 0.087 0.072 0.059 0.048 0.038 0.029 0.023 0.018 0.015 0.010 0.007 0.005 0.006 0.007 0.005 0.001 0.000 0.000
0.004 0.006 0.009 0.017 0.027 0.041 0.058 0.078 0.102 0.129 0.160 0.194 0.231 0.270 0.312 0.356 0.400 0.446 0.493 0.539 0.584 0.629 0.672 0.713 0.751 0.787 0.820 0.849 0.875 0.896 0.913 0.926 0.935 0.939 0.939 0.935 0.928 0.917 0.903 0.886 0.866 0.843 0.819 0.792 0.762 0.731 0.698 0.663 0.627 0.589 0.550 0.510 0.471 0.431 0.391 0.352 0.315 0.279 0.245 0.213 0.183 0.156 0.131 0.109 0.090 0.073 0.059 0.047 0.037 0.028 0.022 0.017 0.013 0.008 0.006 0.006 0.007
0.004 0.007 0.012 0.022 0.035 0.052 0.073 0.097 0.126 0.158 0.195 0.235 0.278 0.324 0.372 0.421 0.472 0.522 0.572 0.621 0.669 0.716 0.761 0.804 0.845 0.884 0.920 0.954 0.985 1.013 1.039 1.061 1.079 1.094 1.104 1.111 1.114 1.112 1.107 1.098 1.085 1.069 1.051 1.029 1.005 0.979 0.950 0.919 0.886 0.851 0.815 0.776 0.735 0.693 0.650 0.605 0.560 0.514 0.468 0.423 0.379 0.336 0.295 0.257 0.221 0.187 0.158 0.131 0.107 0.087 0.070 0.055 0.043 0.033 0.025 0.019 0.015
0.004 0.008 0.015 0.026 0.041 0.060 0.082 0.109 0.139 0.173 0.210 0.250 0.293 0.338 0.385 0.433 0.481 0.530 0.580 0.629 0.678 0.726 0.773 0.819 0.864 0.907 0.948 0.986 1.022 1.056 1.087 1.116 1.141 1.164 1.184 1.201 1.215 1.227 1.235 1.240 1.242 1.241 1.236 1.229 1.218 1.205 1.188 1.168 1.146 1.120 1.092 1.060 1.026 0.989 0.949 0.907 0.862 0.814 0.765 0.713 0.661 0.607 0.553 0.499 0.446 0.395 0.345 0.299 0.256 0.216 0.180 0.148 0.121 0.097 0.077 0.060 0.047
0.005 0.009 0.017 0.030 0.046 0.067 0.092 0.121 0.156 0.194 0.238 0.285 0.336 0.390 0.447 0.506 0.567 0.629 0.691 0.753 0.815 0.875 0.935 0.992 1.047 1.100 1.149 1.196 1.238 1.277 1.312 1.342 1.368 1.390 1.408 1.422 1.432 1.440 1.444 1.446 1.446 1.444 1.440 1.435 1.429 1.421 1.411 1.400 1.386 1.371 1.353 1.333 1.309 1.283 1.253 1.220 1.184 1.144 1.100 1.052 1.001 0.946 0.889 0.828 0.765 0.701 0.636 0.571 0.508 0.446 0.387 0.332 0.282 0.235 0.194 0.158 0.127
0.005 0.009 0.019 0.032 0.050 0.072 0.099 0.130 0.167 0.208 0.253 0.302 0.353 0.407 0.462 0.518 0.574 0.630 0.684 0.738 0.791 0.843 0.893 0.943 0.991 1.039 1.085 1.131 1.176 1.220 1.264 1.306 1.347 1.386 1.423 1.458 1.491 1.520 1.547 1.570 1.590 1.606 1.619 1.628 1.635 1.639 1.640 1.639 1.635 1.629 1.621 1.610 1.597 1.581 1.562 1.540 1.514 1.485 1.451 1.413 1.371 1.323 1.271 1.213 1.151 1.084 1.014 0.940 0.863 0.785 0.707 0.630 0.554 0.482 0.414 0.351 0.293
0.005 0.009 0.019 0.033 0.051 0.074 0.102 0.135 0.174 0.217 0.266 0.318 0.375 0.435 0.498 0.563 0.630 0.698 0.766 0.835 0.903 0.971 1.038 1.103 1.166 1.226 1.284 1.338 1.389 1.436 1.479 1.519 1.554 1.586 1.615 1.641 1.664 1.685 1.705 1.723 1.740 1.756 1.771 1.785 1.799 1.811 1.823 1.834 1.843 1.850 1.856 1.860 1.862 1.861 1.857 1.850 1.839 1.825 1.806 1.782 1.753 1.719 1.678 1.631 1.578 1.518 1.451 1.379 1.301 1.217 1.129 1.038 0.945 0.851 0.758 0.667 0.580
0.005 0.010 0.020 0.034 0.053 0.077 0.106 0.141 0.182 0.228 0.280 0.336 0.397 0.461 0.528 0.596 0.666 0.735 0.805 0.873 0.941 1.007 1.071 1.135 1.196 1.256 1.315 1.372 1.428 1.483 1.536 1.588 1.638 1.686 1.731 1.774 1.814 1.851 1.885 1.916 1.945 1.970 1.994 2.015 2.034 2.052 2.069 2.085 2.100 2.114 2.127 2.139 2.150 2.160 2.168 2.174 2.178 2.178 2.174 2.166 2.153 2.135 2.110 2.078 2.039 1.992 1.937 1.874 1.803 1.724 1.638 1.544 1.445 1.340 1.230 1.119 1.006
0.005 0.010 0.019 0.034 0.053 0.077 0.106 0.141 0.182 0.229 0.281 0.339 0.400 0.466 0.534 0.605 0.677 0.749 0.823 0.896 0.968 1.040 1.111 1.180 1.247 1.312 1.375 1.435 1.493 1.548 1.600 1.649 1.696 1.740 1.782 1.822 1.860 1.897 1.933 1.968 2.002 2.036 2.070 2.104 2.137 2.171 2.204 2.237 2.269 2.302 2.333 2.364 2.394 2.423 2.450 2.476 2.499 2.519 2.536 2.548 2.556 2.558 2.555 2.544 2.525 2.499 2.464 2.419 2.365 2.301 2.227 2.143 2.049 1.946 1.833 1.713 1.585
0.005 0.010 0.020 0.034 0.053 0.077 0.108 0.144 0.187 0.236 0.292 0.353 0.420 0.492 0.567 0.645 0.725 0.807 0.889 0.972 1.054 1.136 1.217 1.296 1.373 1.449 1.523 1.594 1.664 1.731 1.795 1.856 1.915 1.970 2.022 2.071 2.117 2.161 2.201 2.239 2.275 2.309 2.342 2.374 2.406 2.438 2.470 2.503 2.536 2.571 2.607 2.643 2.680 2.718 2.756 2.794 2.831 2.866 2.899 2.929 2.956 2.978 2.995 3.007 3.011 3.009 2.999 2.980 2.952 2.915 2.867 2.808 2.738 2.656 2.561 2.452 2.331
0.005 0.009 0.019 0.034 0.053 0.077 0.107 0.144 0.186 0.235 0.291 0.352 0.418 0.488 0.561 0.637 0.715 0.794 0.873 0.952 1.031 1.108 1.185 1.260 1.333 1.405 1.475 1.543 1.609 1.673 1.736 1.796 1.855 1.913 1.968 2.023 2.076 2.129 2.181 2.232 2.283 2.334 2.385 2.436 2.487 2.538 2.589 2.641 2.693 2.745 2.797 2.849 2.901 2.952 3.004 3.054 3.102 3.149 3.194 3.235 3.274 3.308 3.338 3.363 3.383 3.397 3.406 3.409 3.406 3.397 3.381 3.358 3.327 3.288 3.239 3.179 3.105
0.005 0.010 0.020 0.034 0.054 0.079 0.110 0.148 0.193 0.245 0.304 0.369 0.441 0.517 0.599 0.684 0.772 0.863 0.955 1.047 1.140 1.232 1.324 1.414 1.502 1.589 1.673 1.754 1.832 1.906 1.978 2.045 2.109 2.169 2.225 2.278 2.327 2.374 2.417 2.458 2.498 2.536 2.573 2.609 2.646 2.683 2.721 2.759 2.799 2.840 2.882 2.926 2.970 3.016 3.061 3.107 3.152 3.196 3.239 3.280 3.318 3.353 3.384 3.411 3.434 3.452 3.466 3.474 3.478 3.478 3.473 3.464 3.451 3.434 3.413 3.390 3.362
0.005 0.011 0.022 0.038 0.059 0.086 0.119 0.159 0.205 0.258 0.318 0.383 0.454 0.528 0.606 0.686 0.768 0.850 0.932 1.013 1.094 1.173 1.250 1.326 1.400 1.472 1.543 1.612 1.679 1.745 1.809 1.872 1.934 1.994 2.053 2.112 2.169 2.226 2.282 2.338 2.394 2.449 2.504 2.559 2.614 2.669 2.725 2.780 2.836 2.892 2.949 3.005 3.062 3.119 3.175 3.230 3.285 3.337 3.388 3.436 3.480 3.521 3.557 3.588 3.614 3.634 3.648 3.655 3.655 3.649 3.635 3.613 3.584 3.546 3.500 3.444 3.380
0.005 0.010 0.020 0.034 0.054 0.079 0.110 0.148 0.193 0.245 0.304 0.369 0.440 0.517 0.599 0.684 0.772 0.863 0.955 1.047 1.140 1.232 1.324 1.414 1.502 1.589 1.673 1.754 1.832 1.906 1.977 2.045 2.109 2.169 2.225 2.278 2.327 2.374 2.417 2.458 2.498 2.536 2.573 2.609 2.646 2.683 2.721 2.759 2.799 2.840 2.882 2.926 2.970 3.015 3.061 3.107 3.152 3.196 3.239 3.280 3.318 3.352 3.384 3.411 3.434 3.452 3.465 3.474 3.478 3.478 3.473 3.463 3.450 3.434 3.413 3.390 3.362
0.005 0.009 0.019 0.034 0.053 0.077 0.107 0.144 0.186 0.235 0.291 0.352 0.417 0.488 0.561 0.637 0.715 0.794 0.873 0.952 1.030 1.108 1.184 1.259 1.333 1.405 1.475 1.543 1.609 1.673 1.736 1.796 1.855 1.912 1.968 2.022 2.076 2.128 2.180 2.232 2.283 2.334 2.385 2.435 2.486 2.537 2.589 2.640 2.692 2.744 2.796 2.848 2.900 2.952 3.003 3.053 3.101 3.148 3.193 3.234 3.273 3.307 3.337 3.362 3.382 3.396 3.405 3.408 3.405 3.396 3.380 3.357 3.326 3.287 3.238 3.177 3.103
0.005 0.010 0.020 0.034 0.053 0.077 0.108 0.144 0.187 0.236 0.292 0.353 0.420 0.492 0.567 0.645 0.725 0.807 0.889 0.972 1.054 1.136 1.216 1.296 1.373 1.449 1.523 1.594 1.663 1.730 1.794 1.856 1.914 1.970 2.022 2.071 2.117 2.160 2.201 2.239 2.274 2.309 2.342 2.374 2.405 2.437 2.469 2.502 2.536 2.570 2.606 2.642 2.679 2.717 2.755 2.793 2.829 2.865 2.898 2.928 2.955 2.977 2.994 3.005 3.010 3.007 2.997 2.978 2.951 2.913 2.865 2.807 2.737 2.654 2.559 2.451 2.330
0.005 0.010 0.019 0.034 0.053 0.077 0.106 0.141 0.182 0.229 0.281 0.339 0.400 0.466 0.534 0.605 0.677 0.749 0.823 0.896 0.968 1.040 1.111 1.180 1.247 1.312 1.375 1.435 1.493 1.548 1.600 1.649 1.696 1.740 1.782 1.821 1.860 1.897 1.932 1.967 2.002 2.036 2.070 2.103 2.137 2.170 2.203 2.236 2.269 2.301 2.332 2.363 2.393 2.422 2.449 2.475 2.498 2.518 2.534 2.547 2.555 2.557 2.553 2.543 2.524 2.498 2.462 2.418 2.364 2.300 2.226 2.142 2.048 1.945 1.832 1.712 1.584
0.005 0.010 0.020 0.034 0.053 0.077 0.106 0.141 0.182 0.228 0.280 0.336 0.397 0.461 0.528 0.596 0.666 0.735 0.805 0.873 0.941 1.007 1.071 1.134 1.196 1.256 1.315 1.372 1.428 1.483 1.536 1.588 1.637 1.685 1.731 1.773 1.813 1.851 1.885 1.916 1.944 1.970 1.993 2.014 2.034 2.052 2.068 2.084 2.099 2.113 2.126 2.138 2.150 2.159 2.168 2.174 2.177 2.177 2.174 2.166 2.153 2.134 2.109 2.077 2.038 1.991 1.937 1.874 1.803 1.724 1.638 1.544 1.444 1.339 1.230 1.119 1.006
0.005 0.009 0.019 0.033 0.051 0.074 0.102 0.135 0.174 0.217 0.266 0.318 0.375 0.435 0.498 0.563 0.630 0.698 0.766 0.835 0.903 0.971 1.038 1.103 1.166 1.226 1.284 1.338 1.389 1.436 1.479 1.519 1.554 1.586 1.615 1.641 1.664 1.685 1.704 1.722 1.739 1.755 1.770 1.785 1.798 1.811 1.822 1.833 1.842 1.850 1.856 1.859 1.861 1.860 1.856 1.849 1.839 1.824 1.805 1.782 1.753 1.718 1.678 1.631 1.577 1.518 1.451 1.379 1.301 1.217 1.129 1.038 0.945 0.851 0.758 0.667 0.580
0.005 0.009 0.019 0.032 0.050 0.072 0.099 0.130 0.167 0.208 0.253 0.302 0.353 0.407 0.462 0.518 0.574 0.629 0.684 0.738 0.791 0.843 0.893 0.942 0.991 1.038 1.085 1.131 1.176 1.220 1.263 1.305 1.346 1.385 1.423 1.458 1.490 1.520 1.546 1.569 1.589 1.605 1.618 1.628 1.635 1.639 1.640 1.639 1.635 1.629 1.621 1.610 1.596 1.580 1.562 1.539 1.514 1.484 1.451 1.413 1.370 1.323 1.271 1.213 1.151 1.085 1.014 0.940 0.864 0.786 0.708 0.630 0.555 0.482 0.414 0.351 0.294
0.005 0.009 0.017 0.030 0.046 0.067 0.092 0.121 0.155 0.194 0.238 0.285 0.336 0.390 0.447 0.506 0.567 0.629 0.691 0.753 0.814 0.875 0.934 0.992 1.047 1.100 1.149 1.196 1.238 1.277 1.312 1.342 1.368 1.390 1.408 1.422 1.432 1.439 1.444 1.446 1.446 1.444 1.440 1.435 1.429 1.421 1.411 1.400 1.386 1.371 1.353 1.332 1.309 1.283 1.253 1.220 1.184 1.144 1.100 1.052 1.001 0.947 0.889 0.828 0.766 0.702 0.637 0.572 0.508 0.447 0.388 0.333 0.282 0.236 0.195 0.158 0.127
0.004 0.008 0.015 0.026 0.041 0.060 0.082 0.109 0.139 0.173 0.210 0.250 0.293 0.338 0.385 0.433 0.481 0.530 0.580 0.629 0.678 0.726 0.773 0.819 0.864 0.907 0.948 0.986 1.022 1.056 1.087 1.115 1.141 1.164 1.184 1.201 1.215 1.226 1.234 1.239 1.241 1.240 1.236 1.229 1.218 1.205 1.188 1.168 1.146 1.120 1.092 1.060 1.026 0.989 0.949 0.907 0.862 0.815 0.765 0.714 0.661 0.608 0.554 0.500 0.447 0.395 0.346 0.299 0.256 0.216 0.180 0.149 0.121 0.097 0.077 0.060 0.047
0.004 0.007 0.012 0.022 0.035 0.052 0.073 0.097 0.126 0.158 0.195 0.235 0.278 0.324 0.372 0.421 0.472 0.522 0.572 0.621 0.669 0.716 0.761 0.804 0.845 0.883 0.920 0.954 0.985 1.013 1.038 1.060 1.079 1.093 1.104 1.111 1.114 1.112 1.107 1.098 1.085 1.069 1.051 1.029 1.005 0.979 0.950 0.919 0.887 0.852 0.815 0.776 0.736 0.694 0.650 0.606 0.560 0.515 0.469 0.424 0.379 0.337 0.296 0.257 0.221 0.188 0.158 0.131 0.108 0.087 0.070 0.055 0.043 0.033 0.025 0.019 0.015
0.004 0.006 0.009 0.017 0.027 0.041 0.058 0.078 0.102 0.129 0.160 0.194 0.231 0.270 0.312 0.356 0.400 0.446 0.493 0.539 0.584 0.629 0.672 0.713 0.751 0.787 0.820 0.849 0.875 0.896 0.913 0.926 0.935 0.939 0.939 0.935 0.928 0.917 0.903 0.886 0.866 0.844 0.819 0.792 0.763 0.731 0.698 0.663 0.627 0.589 0.550 0.511 0.471 0.431 0.392 0.353 0.315 0.279 0.245 0.213 0.183 0.156 0.132 0.110 0.090 0.073 0.059 0.047 0.037 0.029 0.022 0.017 0.013 0.008 0.006 0.006 0.007
0.004 0.006 0.008 0.012 0.020 0.032 0.046 0.064 0.084 0.108 0.136 0.166 0.199 0.234 0.271 0.310 0.349 0.389 0.428 0.467 0.504 0.540 0.574 0.606 0.635 0.662 0.685 0.705 0.722 0.736 0.746 0.752 0.755 0.754 0.750 0.742 0.731 0.716 0.698 0.677 0.653 0.627 0.598 0.567 0.534 0.500 0.465 0.429 0.393 0.358 0.323 0.290 0.257 0.227 0.198 0.171 0.147 0.125 0.105 0.087 0.072 0.059 0.048 0.038 0.030 0.023 0.018 0.015 0.010 0.007 0.005 0.006 0.007 0.005 0.001 0.000 0.000
0.004 0.006 0.007 0.009 0.014 0.022 0.033 0.047 0.064 0.084 0.107 0.134 0.163 0.195 0.228 0.263 0.299 0.336 0.372 0.407 0.441 0.473 0.504 0.531 0.556 0.577 0.596 0.610 0.620 0.627 0.629 0.627 0.622 0.612 0.598 0.581 0.560 0.536 0.510 0.482 0.452 0.421 0.390 0.358 0.326 0.294 0.264 0.234 0.207 0.181 0.157 0.135 0.115 0.097 0.081 0.067 0.055 0.045 0.036 0.028 0.022 0.018 0.015 0.010 0.007 0.005 0.005 0.006 0.007 0.003 0.000 0.000 0.000 0.000 0.000 0.000 0.000
0.003 0.005 0.006 0.007 0.008 0.010 0.016 0.025 0.036 0.050 0.066 0.086 0.107 0.131 0.157 0.185 0.214 0.243 0.272 0.300 0.327 0.353 0.376 0.397 0.415 0.430 0.442 0.450 0.455 0.456 0.453 0.446 0.436 0.422 0.406 0.386 0.364 0.340 0.314 0.288 0.262 0.236 0.211 0.187 0.163 0.141 0.120 0.102 0.086 0.073 0.060 0.049 0.039 0.031 0.025 0.020 0.017 0.013 0.008 0.006 0.005 0.005 0.006 0.006 0.002 0.000 0.000 0.000 0.000 0.000 0.000 0.000 0.000 0.000 0.000 0.000 0.000
0.003 0.005 0.006 0.006 0.007 0.007 0.009 0.012 0.019 0.027 0.038 0.052 0.067 0.085 0.105 0.126 0.148 0.172 0.195 0.217 0.239 0.258 0.276 0.290 0.302 0.310 0.314 0.315 0.313 0.307 0.298 0.286 0.272 0.255 0.236 0.216 0.196 0.175 0.155 0.136 0.118 0.102 0.087 0.072 0.059 0.048 0.038 0.031 0.026 0.021 0.017 0.012 0.007 0.005 0.005 0.005 0.006 0.007 0.004 0.000 0.000 0.000 0.000 0.000 0.000 0.000 0.000 0.000 0.000 0.000 0.000 0.000 0.000 0.000 0.000 0.000 0.000
