Examples/2023_ISeeSnow/data/CoulombOnly/Results/curv77s/h/1HS_03_curv77s_MoT-Voellmy_h_0044.asc
ncols        191
nrows        21
xllcorner    2497.5
yllcorner    -4302.5
cellsize     5.00
NODATA_value -9999
[rows 0 to 20 of 21, columns 0 to 76 of 191]
0.000 0.000 0.000 0.000 0.000 0.000 0.000 0.000 0.000 0.000 0.000 0.000 0.000 0.000 0.000 0.000 0.000 0.000 0.000 0.000 0.000 0.000 0.000 0.000 0.000 0.000 0.000 0.000 0.000 0.000 0.000 0.000 0.000 0.000 0.000 0.000 0.000 0.000 0.000 0.000 0.000 0.000 0.000 0.000 0.000 0.000 0.000 0.000 0.000 0.000 0.000 0.000 0.000 0.000 0.000 0.000 0.000 0.000 0.000 0.000 0.000 0.000 0.000 0.000 0.000 0.000 0.000 0.000 0.000 0.000 0.000 0.000 0.000 0.000 0.000 0.000 0.000
0.000 0.000 0.000 0.000 0.000 0.000 0.000 0.000 0.000 0.000 0.000 0.000 0.000 0.000 0.000 0.000 0.000 0.000 0.000 0.000 0.000 0.000 0.000 0.000 0.000 0.000 0.000 0.000 0.000 0.000 0.000 0.000 0.000 0.000 0.000 0.000 0.000 0.000 0.000 0.000 0.000 0.000 0.000 0.000 0.000 0.000 0.000 0.000 0.000 0.000 0.000 0.000 0.000 0.000 0.000 0.000 0.000 0.000 0.000 0.000 0.000 0.000 0.000 0.000 0.000 0.000 0.000 0.000 0.000 0.000 0.000 0.000 0.000 0.001 0.001 0.001 0.001
0.000 0.000 0.000 0.000 0.000 0.000 0.000 0.000 0.000 0.000 0.000 0.000 0.000 0.000 0.000 0.000 0.000 0.000 0.000 0.000 0.000 0.000 0.000 0.000 0.000 0.000 0.000 0.000 0.000 0.000 0.000 0.000 0.000 0.000 0.000 0.000 0.000 0.000 0.000 0.000 0.000 0.000 0.000 0.000 0.000 0.000 0.000 0.000 0.000 0.000 0.000 0.000 0.000 0.000 0.000 0.000 0.000 0.000 0.000 0.000 0.000 0.000 0.000 0.000 0.000 0.000 0.000 0.000 0.000 0.001 0.001 0.001 0.002 0.002 0.003 0.004 0.006
0.000 0.000 0.000 0.000 0.000 0.000 0.000 0.000 0.000 0.000 0.000 0.000 0.001 0.001 0.002 0.003 0.001 0.000 0.000 0.000 0.000 0.000 0.000 0.000 0.000 0.000 0.000 0.000 0.000 0.000 0.000 0.000 0.000 0.000 0.000 0.000 0.000 0.000 0.000 0.000 0.000 0.000 0.000 0.000 0.000 0.000 0.000 0.000 0.000 0.000 0.000 0.000 0.000 0.000 0.000 0.000 0.000 0.000 0.000 0.000 0.000 0.000 0.000 0.000 0.000 0.001 0.002 0.003 0.005 0.008 0.010 0.014 0.019 0.025 0.034 0.045 0.058
0.001 0.001 0.001 0.001 0.001 0.001 0.001 0.001 0.001 0.001 0.001 0.001 0.001 0.001 0.001 0.001 0.001 0.001 0.001 0.001 0.001 0.001 0.001 0.001 0.001 0.001 0.001 0.001 0.001 0.001 0.001 0.001 0.001 0.001 0.001 0.001 0.002 0.002 0.002 0.002 0.002 0.002 0.002 0.002 0.002 0.002 0.002 0.002 0.002 0.002 0.002 0.002 0.002 0.003 0.003 0.003 0.003 0.003 0.003 0.003 0.004 0.006 0.009 0.013 0.021 0.033 0.048 0.068 0.092 0.122 0.157 0.197 0.241 0.290 0.341 0.395 0.451
0.002 0.002 0.002 0.002 0.002 0.002 0.002 0.002 0.002 0.002 0.002 0.002 0.002 0.002 0.002 0.003 0.003 0.003 0.003 0.003 0.003 0.003 0.003 0.003 0.003 0.003 0.003 0.003 0.003 0.003 0.003 0.003 0.004 0.004 0.004 0.004 0.004 0.004 0.004 0.004 0.004 0.005 0.005 0.005 0.005 0.005 0.006 0.006 0.006 0.006 0.007 0.007 0.008 0.012 0.020 0.034 0.054 0.081 0.116 0.160 0.213 0.274 0.343 0.417 0.497 0.581 0.668 0.757 0.845 0.931 1.015 1.096 1.171 1.241 1.305 1.362 1.413
0.003 0.003 0.003 0.003 0.003 0.003 0.003 0.003 0.003 0.004 0.004 0.004 0.004 0.004 0.004 0.004 0.004 0.004 0.004 0.004 0.004 0.004 0.005 0.005 0.005 0.005 0.005 0.005 0.005 0.005 0.005 0.006 0.006 0.006 0.006 0.007 0.007 0.007 0.008 0.010 0.013 0.017 0.021 0.025 0.032 0.045 0.067 0.100 0.147 0.209 0.287 0.381 0.492 0.616 0.749 0.888 1.029 1.171 1.310 1.445 1.573 1.695 1.808 1.911 2.006 2.091 2.166 2.233 2.291 2.342 2.386 2.425 2.459 2.489 2.515 2.539 2.561
0.004 0.004 0.005 0.005 0.005 0.005 0.005 0.005 0.005 0.005 0.005 0.005 0.005 0.005 0.005 0.006 0.006 0.006 0.006 0.006 0.006 0.006 0.006 0.007 0.007 0.007 0.008 0.009 0.011 0.015 0.020 0.025 0.032 0.040 0.051 0.064 0.081 0.103 0.130 0.166 0.212 0.268 0.337 0.419 0.513 0.612 0.711 0.807 0.897 0.980 1.053 1.116 1.169 1.213 1.251 1.282 1.309 1.333 1.353 1.372 1.390 1.407 1.424 1.442 1.461 1.480 1.500 1.521 1.542 1.563 1.583 1.603 1.622 1.639 1.655 1.669 1.682
0.005 0.005 0.006 0.006 0.006 0.006 0.006 0.006 0.006 0.006 0.007 0.007 0.007 0.007 0.007 0.007 0.007 0.007 0.008 0.009 0.012 0.017 0.024 0.034 0.050 0.074 0.106 0.148 0.203 0.270 0.351 0.447 0.556 0.680 0.818 0.969 1.132 1.305 1.485 1.668 1.850 2.027 2.198 2.359 2.510 2.652 2.786 2.913 3.033 3.145 3.249 3.345 3.432 3.511 3.582 3.646 3.704 3.758 3.809 3.857 3.904 3.950 3.994 4.038 4.081 4.123 4.164 4.203 4.240 4.276 4.309 4.339 4.367 4.391 4.412 4.428 4.440
0.006 0.006 0.007 0.007 0.007 0.008 0.008 0.008 0.008 0.008 0.009 0.010 0.013 0.018 0.024 0.033 0.044 0.058 0.076 0.100 0.130 0.168 0.213 0.264 0.320 0.379 0.440 0.503 0.566 0.629 0.689 0.748 0.804 0.857 0.907 0.953 0.997 1.038 1.077 1.117 1.157 1.199 1.244 1.291 1.342 1.395 1.452 1.513 1.576 1.643 1.712 1.784 1.858 1.933 2.008 2.083 2.155 2.224 2.288 2.347 2.400 2.447 2.487 2.521 2.548 2.569 2.585 2.596 2.602 2.604 2.602 2.598 2.590 2.581 2.569 2.556 2.542
0.010 0.017 0.026 0.035 0.045 0.056 0.069 0.083 0.100 0.121 0.144 0.173 0.206 0.245 0.289 0.340 0.395 0.457 0.523 0.593 0.666 0.740 0.815 0.890 0.967 1.046 1.127 1.211 1.296 1.383 1.472 1.562 1.655 1.749 1.844 1.940 2.037 2.134 2.231 2.328 2.425 2.520 2.615 2.708 2.799 2.888 2.975 3.060 3.142 3.222 3.300 3.374 3.446 3.515 3.582 3.646 3.707 3.765 3.820 3.873 3.924 3.971 4.016 4.059 4.099 4.137 4.172 4.205 4.236 4.265 4.291 4.316 4.338 4.359 4.377 4.394 4.408
0.006 0.006 0.007 0.007 0.007 0.008 0.008 0.008 0.008 0.008 0.009 0.010 0.013 0.018 0.024 0.033 0.044 0.058 0.076 0.100 0.130 0.168 0.213 0.264 0.320 0.379 0.440 0.503 0.566 0.629 0.690 0.748 0.804 0.857 0.907 0.954 0.997 1.038 1.078 1.117 1.157 1.199 1.244 1.291 1.342 1.396 1.453 1.513 1.577 1.643 1.713 1.784 1.858 1.933 2.009 2.083 2.156 2.224 2.289 2.348 2.401 2.447 2.488 2.521 2.549 2.570 2.586 2.597 2.603 2.605 2.603 2.598 2.591 2.581 2.570 2.557 2.543
0.005 0.005 0.006 0.006 0.006 0.006 0.006 0.006 0.006 0.006 0.007 0.007 0.007 0.007 0.007 0.007 0.007 0.007 0.008 0.009 0.012 0.017 0.024 0.034 0.050 0.074 0.106 0.148 0.203 0.270 0.351 0.447 0.556 0.680 0.818 0.969 1.132 1.305 1.485 1.669 1.850 2.028 2.198 2.359 2.510 2.652 2.787 2.914 3.034 3.146 3.250 3.346 3.433 3.512 3.583 3.647 3.705 3.759 3.810 3.858 3.905 3.950 3.995 4.039 4.082 4.124 4.164 4.203 4.241 4.276 4.309 4.340 4.367 4.391 4.412 4.428 4.440
0.004 0.004 0.005 0.005 0.005 0.005 0.005 0.005 0.005 0.005 0.005 0.005 0.005 0.005 0.005 0.006 0.006 0.006 0.006 0.006 0.006 0.006 0.006 0.007 0.007 0.007 0.008 0.009 0.011 0.015 0.020 0.025 0.032 0.040 0.051 0.064 0.081 0.103 0.130 0.166 0.212 0.268 0.337 0.419 0.513 0.612 0.711 0.807 0.897 0.980 1.053 1.117 1.170 1.214 1.251 1.283 1.310 1.333 1.354 1.373 1.390 1.407 1.425 1.443 1.461 1.481 1.501 1.521 1.542 1.563 1.584 1.603 1.622 1.640 1.655 1.670 1.683
0.003 0.003 0.003 0.003 0.003 0.003 0.003 0.003 0.003 0.004 0.004 0.004 0.004 0.004 0.004 0.004 0.004 0.004 0.004 0.004 0.004 0.004 0.005 0.005 0.005 0.005 0.005 0.005 0.005 0.005 0.005 0.006 0.006 0.006 0.006 0.007 0.007 0.007 0.008 0.010 0.013 0.017 0.021 0.025 0.032 0.045 0.066 0.100 0.147 0.209 0.286 0.381 0.492 0.616 0.749 0.887 1.028 1.170 1.309 1.444 1.573 1.694 1.807 1.911 2.006 2.091 2.166 2.233 2.292 2.343 2.387 2.426 2.460 2.490 2.516 2.540 2.562
0.002 0.002 0.002 0.002 0.002 0.002 0.002 0.002 0.002 0.002 0.002 0.002 0.002 0.002 0.002 0.003 0.003 0.003 0.003 0.003 0.003 0.003 0.003 0.003 0.003 0.003 0.003 0.003 0.003 0.003 0.003 0.003 0.004 0.004 0.004 0.004 0.004 0.004 0.004 0.004 0.004 0.005 0.005 0.005 0.005 0.005 0.006 0.006 0.006 0.006 0.007 0.007 0.008 0.012 0.020 0.034 0.054 0.081 0.116 0.160 0.213 0.274 0.342 0.417 0.497 0.581 0.668 0.756 0.844 0.931 1.015 1.095 1.170 1.240 1.304 1.362 1.412
0.001 0.001 0.001 0.001 0.001 0.001 0.001 0.001 0.001 0.001 0.001 0.001 0.001 0.001 0.001 0.001 0.001 0.001 0.001 0.001 0.001 0.001 0.001 0.001 0.001 0.001 0.001 0.001 0.001 0.001 0.001 0.001 0.001 0.001 0.001 0.001 0.002 0.002 0.002 0.002 0.002 0.002 0.002 0.002 0.002 0.002 0.002 0.002 0.002 0.002 0.002 0.002 0.002 0.003 0.003 0.003 0.003 0.003 0.003 0.003 0.004 0.006 0.009 0.013 0.021 0.033 0.048 0.068 0.092 0.122 0.157 0.196 0.241 0.289 0.341 0.395 0.450
0.000 0.000 0.000 0.000 0.000 0.000 0.000 0.000 0.000 0.000 0.000 0.000 0.001 0.001 0.002 0.003 0.001 0.000 0.000 0.000 0.000 0.000 0.000 0.000 0.000 0.000 0.000 0.000 0.000 0.000 0.000 0.000 0.000 0.000 0.000 0.000 0.000 0.000 0.000 0.000 0.000 0.000 0.000 0.000 0.000 0.000 0.000 0.000 0.000 0.000 0.000 0.000 0.000 0.000 0.000 0.000 0.000 0.000 0.000 0.000 0.000 0.000 0.000 0.000 0.000 0.001 0.002 0.003 0.005 0.008 0.010 0.014 0.019 0.025 0.034 0.045 0.057
0.000 0.000 0.000 0.000 0.000 0.000 0.000 0.000 0.000 0.000 0.000 0.000 0.000 0.000 0.000 0.000 0.000 0.000 0.000 0.000 0.000 0.000 0.000 0.000 0.000 0.000 0.000 0.000 0.000 0.000 0.000 0.000 0.000 0.000 0.000 0.000 0.000 0.000 0.000 0.000 0.000 0.000 0.000 0.000 0.000 0.000 0.000 0.000 0.000 0.000 0.000 0.000 0.000 0.000 0.000 0.000 0.000 0.000 0.000 0.000 0.000 0.000 0.000 0.000 0.000 0.000 0.000 0.000 0.000 0.001 0.001 0.001 0.002 0.002 0.003 0.004 0.006
0.000 0.000 0.000 0.000 0.000 0.000 0.000 0.000 0.000 0.000 0.000 0.000 0.000 0.000 0.000 0.000 0.000 0.000 0.000 0.000 0.000 0.000 0.000 0.000 0.000 0.000 0.000 0.000 0.000 0.000 0.000 0.000 0.000 0.000 0.000 0.000 0.000 0.000 0.000 0.000 0.000 0.000 0.000 0.000 0.000 0.000 0.000 0.000 0.000 0.000 0.000 0.000 0.000 0.000 0.000 0.000 0.000 0.000 0.000 0.000 0.000 0.000 0.000 0.000 0.000 0.000 0.000 0.000 0.000 0.000 0.000 0.000 0.000 0.001 0.001 0.001 0.001
0.000 0.000 0.000 0.000 0.000 0.000 0.000 0.000 0.000 0.000 0.000 0.000 0.000 0.000 0.000 0.000 0.000 0.000 0.000 0.000 0.000 0.000 0.000 0.000 0.000 0.000 0.000 0.000 0.000 0.000 0.000 0.000 0.000 0.000 0.000 0.000 0.000 0.000 0.000 0.000 0.000 0.000 0.000 0.000 0.000 0.000 0.000 0.000 0.000 0.000 0.000 0.000 0.000 0.000 0.000 0.000 0.000 0.000 0.000 0.000 0.000 0.000 0.000 0.000 0.000 0.000 0.000 0.000 0.000 0.000 0.000 0.000 0.000 0.000 0.000 0.000 0.000
