Examples/2023_ISeeSnow/data/CoulombOnly/Results/curv77s/h/1HS_03_curv77s_MoT-Voellmy_h_0064.asc
ncols        94
nrows        69
xllcorner    3812.5
yllcorner    -4422.5
cellsize     5.00
NODATA_value -9999
[rows 0 to 33 of 69, columns 0 to 76 of 94]
0.000 0.000 0.000 0.000 0.000 0.000 0.000 0.000 0.000 0.000 0.000 0.000 0.000 0.000 0.000 0.000 0.000 0.000 0.000 0.000 0.000 0.000 0.000 0.000 0.000 0.000 0.000 0.000 0.000 0.000 0.001 0.001 0.001 0.001 0.002 0.002 0.002 0.003 0.003 0.003 0.003 0.003 0.004 0.003 0.003 0.003 0.003 0.003 0.002 0.002 0.001 0.001 0.000 0.000 0.000 0.000 0.000 0.000 0.000 0.000 0.000 0.000 0.000 0.000 0.000 0.000 0.000 0.000 0.000 0.000 0.000 0.000 0.000 0.000 0.000 0.000 0.000
0.000 0.000 0.000 0.000 0.000 0.000 0.000 0.000 0.000 0.000 0.000 0.000 0.000 0.000 0.000 0.000 0.000 0.000 0.000 0.000 0.000 0.001 0.001 0.001 0.002 0.002 0.002 0.003 0.003 0.004 0.004 0.005 0.005 0.006 0.006 0.007 0.008 0.009 0.010 0.010 0.011 0.012 0.013 0.013 0.014 0.014 0.014 0.013 0.013 0.012 0.011 0.010 0.008 0.006 0.004 0.003 0.002 0.001 0.000 0.000 0.000 0.000 0.000 0.000 0.000 0.000 0.000 0.000 0.000 0.000 0.000 0.000 0.000 0.000 0.000 0.000 0.000
0.000 0.000 0.000 0.000 0.000 0.000 0.000 0.000 0.000 0.000 0.000 0.000 0.000 0.001 0.001 0.001 0.002 0.002 0.002 0.002 0.003 0.003 0.003 0.003 0.004 0.004 0.005 0.005 0.006 0.007 0.008 0.009 0.011 0.012 0.014 0.016 0.019 0.021 0.024 0.026 0.028 0.030 0.032 0.034 0.034 0.035 0.035 0.034 0.033 0.031 0.029 0.027 0.024 0.021 0.018 0.016 0.013 0.011 0.009 0.005 0.002 0.001 0.000 0.000 0.000 0.000 0.000 0.000 0.000 0.000 0.000 0.000 0.000 0.000 0.000 0.000 0.000
0.000 0.000 0.000 0.000 0.000 0.000 0.001 0.001 0.001 0.002 0.002 0.002 0.002 0.002 0.002 0.003 0.003 0.003 0.003 0.003 0.004 0.004 0.005 0.005 0.006 0.007 0.009 0.010 0.011 0.013 0.016 0.019 0.022 0.026 0.031 0.035 0.040 0.045 0.050 0.055 0.060 0.064 0.068 0.071 0.073 0.074 0.074 0.073 0.071 0.068 0.064 0.059 0.054 0.049 0.043 0.037 0.032 0.027 0.023 0.019 0.015 0.012 0.009 0.005 0.002 0.001 0.000 0.000 0.000 0.000 0.000 0.000 0.000 0.000 0.000 0.000 0.000
0.001 0.002 0.002 0.002 0.002 0.002 0.002 0.002 0.002 0.002 0.002 0.002 0.003 0.003 0.003 0.004 0.004 0.004 0.005 0.006 0.006 0.007 0.008 0.009 0.010 0.012 0.014 0.017 0.021 0.025 0.030 0.036 0.043 0.050 0.058 0.066 0.075 0.084 0.093 0.102 0.110 0.118 0.125 0.130 0.134 0.136 0.137 0.135 0.132 0.127 0.121 0.113 0.104 0.095 0.085 0.075 0.066 0.056 0.048 0.040 0.033 0.027 0.021 0.017 0.013 0.010 0.006 0.002 0.000 0.000 0.000 0.000 0.000 0.000 0.000 0.000 0.000
0.002 0.002 0.002 0.002 0.002 0.002 0.002 0.003 0.003 0.003 0.003 0.004 0.004 0.005 0.005 0.006 0.007 0.007 0.007 0.008 0.008 0.009 0.010 0.012 0.016 0.020 0.024 0.030 0.036 0.044 0.052 0.062 0.072 0.084 0.096 0.110 0.123 0.138 0.152 0.165 0.179 0.190 0.201 0.209 0.216 0.220 0.221 0.220 0.216 0.209 0.200 0.189 0.176 0.162 0.147 0.132 0.117 0.102 0.088 0.074 0.062 0.051 0.042 0.034 0.027 0.021 0.016 0.013 0.009 0.004 0.001 0.000 0.000 0.000 0.000 0.000 0.000
0.002 0.002 0.003 0.003 0.003 0.003 0.004 0.004 0.005 0.005 0.006 0.006 0.006 0.006 0.007 0.007 0.007 0.007 0.008 0.008 0.009 0.012 0.015 0.020 0.025 0.032 0.039 0.047 0.057 0.068 0.081 0.095 0.110 0.127 0.145 0.164 0.183 0.203 0.223 0.242 0.260 0.276 0.291 0.303 0.312 0.318 0.321 0.320 0.316 0.308 0.297 0.283 0.266 0.247 0.227 0.206 0.185 0.163 0.142 0.123 0.104 0.087 0.072 0.059 0.048 0.038 0.030 0.024 0.018 0.014 0.010 0.006 0.001 0.000 0.000 0.000 0.000
0.004 0.004 0.005 0.005 0.005 0.006 0.006 0.006 0.006 0.006 0.006 0.006 0.006 0.007 0.007 0.007 0.007 0.008 0.009 0.010 0.014 0.018 0.024 0.031 0.038 0.047 0.058 0.069 0.083 0.098 0.115 0.134 0.155 0.177 0.200 0.225 0.250 0.275 0.300 0.324 0.347 0.368 0.387 0.403 0.415 0.423 0.428 0.428 0.424 0.415 0.402 0.386 0.366 0.344 0.319 0.292 0.265 0.237 0.210 0.183 0.158 0.135 0.113 0.094 0.077 0.063 0.050 0.040 0.031 0.024 0.019 0.014 0.011 0.006 0.001 0.000 0.000
0.005 0.005 0.006 0.006 0.006 0.006 0.006 0.006 0.006 0.006 0.006 0.006 0.007 0.007 0.007 0.007 0.008 0.009 0.011 0.015 0.021 0.027 0.035 0.043 0.054 0.065 0.079 0.095 0.112 0.132 0.153 0.177 0.202 0.229 0.258 0.287 0.318 0.348 0.378 0.407 0.435 0.460 0.483 0.502 0.517 0.529 0.535 0.537 0.533 0.524 0.511 0.493 0.471 0.445 0.416 0.385 0.352 0.319 0.285 0.252 0.220 0.190 0.162 0.137 0.114 0.094 0.076 0.061 0.049 0.038 0.030 0.023 0.018 0.013 0.010 0.005 0.001
0.005 0.005 0.005 0.006 0.006 0.006 0.006 0.006 0.006 0.006 0.006 0.006 0.007 0.007 0.007 0.008 0.009 0.012 0.016 0.022 0.029 0.037 0.047 0.058 0.071 0.085 0.102 0.121 0.142 0.166 0.192 0.219 0.249 0.281 0.314 0.348 0.383 0.418 0.452 0.486 0.518 0.547 0.574 0.597 0.616 0.630 0.639 0.642 0.640 0.632 0.618 0.599 0.575 0.547 0.515 0.479 0.442 0.403 0.364 0.325 0.287 0.251 0.217 0.185 0.156 0.130 0.107 0.088 0.071 0.056 0.045 0.035 0.027 0.021 0.016 0.012 0.009
0.005 0.005 0.006 0.006 0.006 0.006 0.006 0.006 0.006 0.006 0.006 0.007 0.007 0.007 0.008 0.009 0.012 0.016 0.022 0.030 0.038 0.048 0.060 0.073 0.089 0.106 0.126 0.148 0.172 0.199 0.229 0.260 0.294 0.329 0.366 0.404 0.443 0.482 0.520 0.558 0.594 0.627 0.658 0.685 0.707 0.724 0.736 0.742 0.742 0.735 0.721 0.702 0.677 0.647 0.612 0.573 0.532 0.489 0.445 0.400 0.357 0.314 0.274 0.237 0.202 0.170 0.142 0.117 0.096 0.078 0.062 0.049 0.039 0.030 0.023 0.018 0.013
0.005 0.006 0.006 0.006 0.006 0.006 0.006 0.006 0.006 0.006 0.007 0.007 0.007 0.008 0.009 0.011 0.016 0.022 0.029 0.038 0.048 0.060 0.073 0.089 0.106 0.126 0.149 0.173 0.201 0.231 0.263 0.297 0.334 0.373 0.413 0.454 0.496 0.538 0.581 0.622 0.662 0.699 0.734 0.765 0.791 0.812 0.827 0.836 0.837 0.832 0.820 0.801 0.775 0.743 0.706 0.665 0.620 0.573 0.524 0.475 0.426 0.378 0.332 0.289 0.249 0.212 0.179 0.149 0.123 0.101 0.082 0.065 0.052 0.041 0.032 0.025 0.019
0.005 0.006 0.006 0.006 0.006 0.006 0.006 0.006 0.006 0.007 0.007 0.007 0.007 0.008 0.010 0.014 0.020 0.028 0.036 0.046 0.058 0.071 0.086 0.103 0.123 0.145 0.170 0.197 0.226 0.259 0.293 0.330 0.369 0.410 0.453 0.497 0.542 0.587 0.633 0.678 0.721 0.762 0.801 0.836 0.866 0.891 0.910 0.922 0.927 0.924 0.913 0.895 0.869 0.837 0.798 0.754 0.707 0.655 0.602 0.548 0.494 0.442 0.391 0.342 0.297 0.255 0.217 0.182 0.152 0.125 0.102 0.083 0.066 0.053 0.041 0.032 0.025
0.005 0.006 0.006 0.006 0.006 0.006 0.006 0.006 0.006 0.007 0.007 0.007 0.008 0.009 0.013 0.018 0.025 0.033 0.043 0.054 0.067 0.081 0.098 0.117 0.138 0.162 0.188 0.217 0.249 0.283 0.319 0.358 0.399 0.442 0.487 0.533 0.580 0.628 0.677 0.725 0.772 0.817 0.859 0.898 0.933 0.962 0.985 1.001 1.009 1.009 1.001 0.984 0.959 0.926 0.887 0.841 0.790 0.736 0.679 0.620 0.562 0.504 0.448 0.394 0.344 0.297 0.254 0.215 0.181 0.150 0.124 0.101 0.082 0.065 0.052 0.041 0.032
0.005 0.006 0.006 0.006 0.006 0.006 0.006 0.006 0.007 0.007 0.007 0.008 0.008 0.011 0.016 0.022 0.030 0.039 0.049 0.062 0.075 0.091 0.109 0.129 0.152 0.177 0.205 0.235 0.267 0.303 0.340 0.381 0.423 0.467 0.514 0.562 0.611 0.661 0.712 0.763 0.813 0.862 0.908 0.952 0.991 1.024 1.052 1.072 1.084 1.088 1.082 1.067 1.043 1.011 0.971 0.924 0.871 0.814 0.753 0.690 0.627 0.565 0.504 0.445 0.390 0.338 0.290 0.247 0.209 0.175 0.145 0.119 0.097 0.078 0.062 0.050 0.039
0.005 0.006 0.006 0.006 0.006 0.006 0.006 0.006 0.007 0.007 0.007 0.008 0.009 0.013 0.019 0.026 0.035 0.044 0.055 0.068 0.083 0.100 0.119 0.140 0.163 0.189 0.218 0.249 0.283 0.319 0.357 0.398 0.442 0.487 0.535 0.584 0.635 0.687 0.740 0.793 0.846 0.898 0.948 0.996 1.039 1.077 1.109 1.134 1.150 1.158 1.155 1.143 1.121 1.090 1.050 1.002 0.948 0.888 0.825 0.759 0.691 0.624 0.558 0.495 0.434 0.378 0.326 0.279 0.236 0.198 0.165 0.136 0.112 0.091 0.073 0.058 0.046
0.005 0.006 0.006 0.006 0.006 0.006 0.006 0.007 0.007 0.007 0.007 0.008 0.010 0.015 0.022 0.030 0.039 0.049 0.061 0.074 0.090 0.107 0.127 0.149 0.173 0.200 0.229 0.260 0.294 0.331 0.370 0.412 0.455 0.501 0.550 0.600 0.652 0.705 0.760 0.815 0.870 0.925 0.979 1.030 1.078 1.121 1.157 1.187 1.208 1.219 1.220 1.211 1.192 1.162 1.123 1.076 1.020 0.959 0.893 0.824 0.753 0.681 0.611 0.543 0.478 0.417 0.360 0.309 0.263 0.221 0.185 0.153 0.126 0.103 0.083 0.067 0.053
0.005 0.006 0.006 0.006 0.006 0.006 0.006 0.007 0.007 0.007 0.008 0.009 0.012 0.018 0.025 0.033 0.042 0.053 0.066 0.080 0.096 0.114 0.134 0.156 0.180 0.207 0.237 0.269 0.303 0.340 0.379 0.420 0.464 0.510 0.559 0.609 0.662 0.716 0.772 0.829 0.886 0.944 1.000 1.055 1.107 1.154 1.195 1.229 1.255 1.270 1.276 1.270 1.254 1.226 1.188 1.142 1.086 1.024 0.957 0.885 0.811 0.736 0.662 0.590 0.520 0.455 0.394 0.338 0.288 0.243 0.203 0.169 0.139 0.114 0.092 0.075 0.060
0.005 0.006 0.006 0.006 0.006 0.006 0.006 0.007 0.007 0.007 0.008 0.009 0.014 0.020 0.027 0.036 0.045 0.057 0.069 0.084 0.100 0.118 0.139 0.161 0.186 0.213 0.242 0.274 0.308 0.345 0.384 0.425 0.469 0.515 0.563 0.613 0.666 0.720 0.777 0.835 0.894 0.953 1.013 1.071 1.126 1.177 1.223 1.261 1.291 1.311 1.320 1.318 1.305 1.280 1.244 1.199 1.145 1.083 1.014 0.942 0.866 0.788 0.710 0.634 0.561 0.491 0.426 0.366 0.312 0.264 0.221 0.184 0.152 0.124 0.101 0.082 0.066
0.005 0.006 0.006 0.006 0.006 0.006 0.006 0.007 0.007 0.007 0.008 0.010 0.015 0.022 0.029 0.038 0.048 0.060 0.073 0.087 0.104 0.122 0.142 0.165 0.190 0.217 0.246 0.277 0.311 0.347 0.385 0.426 0.469 0.514 0.562 0.611 0.664 0.718 0.775 0.833 0.893 0.954 1.016 1.076 1.135 1.189 1.239 1.281 1.315 1.339 1.353 1.354 1.344 1.322 1.289 1.245 1.193 1.132 1.064 0.991 0.914 0.835 0.755 0.676 0.599 0.526 0.457 0.393 0.335 0.283 0.237 0.197 0.163 0.134 0.109 0.088 0.071
0.005 0.006 0.006 0.006 0.006 0.006 0.007 0.007 0.007 0.007 0.008 0.011 0.016 0.023 0.031 0.040 0.050 0.062 0.075 0.089 0.106 0.124 0.145 0.167 0.191 0.218 0.247 0.277 0.310 0.346 0.383 0.423 0.465 0.509 0.555 0.604 0.656 0.710 0.766 0.824 0.885 0.947 1.010 1.073 1.134 1.192 1.245 1.292 1.331 1.359 1.377 1.382 1.375 1.356 1.326 1.284 1.233 1.173 1.106 1.034 0.957 0.877 0.796 0.715 0.635 0.559 0.486 0.418 0.357 0.301 0.253 0.210 0.173 0.142 0.115 0.093 0.075
0.005 0.006 0.006 0.006 0.006 0.006 0.007 0.007 0.007 0.007 0.008 0.011 0.017 0.024 0.032 0.041 0.051 0.063 0.076 0.091 0.107 0.125 0.145 0.167 0.191 0.217 0.245 0.275 0.307 0.341 0.378 0.416 0.457 0.499 0.544 0.592 0.642 0.695 0.750 0.808 0.868 0.931 0.994 1.057 1.119 1.178 1.231 1.278 1.317 1.345 1.363 1.370 1.366 1.350 1.324 1.288 1.242 1.188 1.127 1.059 0.985 0.908 0.828 0.747 0.667 0.588 0.513 0.442 0.377 0.319 0.267 0.221 0.182 0.149 0.121 0.098 0.078
0.005 0.006 0.006 0.006 0.006 0.006 0.007 0.007 0.007 0.008 0.008 0.011 0.017 0.024 0.032 0.041 0.052 0.063 0.076 0.091 0.107 0.125 0.144 0.166 0.189 0.214 0.241 0.270 0.301 0.334 0.369 0.405 0.444 0.485 0.529 0.574 0.623 0.674 0.728 0.785 0.846 0.909 0.976 1.044 1.114 1.184 1.252 1.315 1.370 1.416 1.448 1.466 1.469 1.455 1.427 1.384 1.330 1.266 1.195 1.118 1.037 0.953 0.868 0.783 0.699 0.617 0.539 0.465 0.397 0.335 0.280 0.231 0.190 0.155 0.125 0.101 0.080
0.005 0.006 0.006 0.006 0.006 0.006 0.007 0.007 0.007 0.007 0.008 0.011 0.017 0.024 0.032 0.041 0.051 0.062 0.075 0.089 0.105 0.122 0.141 0.162 0.184 0.208 0.234 0.262 0.292 0.323 0.356 0.391 0.428 0.467 0.508 0.552 0.598 0.647 0.699 0.753 0.809 0.866 0.922 0.976 1.025 1.068 1.102 1.128 1.144 1.153 1.155 1.152 1.144 1.132 1.116 1.096 1.073 1.047 1.017 0.980 0.937 0.886 0.828 0.764 0.695 0.623 0.550 0.479 0.411 0.348 0.290 0.240 0.196 0.159 0.128 0.102 0.081
0.005 0.006 0.006 0.006 0.006 0.006 0.007 0.007 0.007 0.007 0.008 0.010 0.016 0.023 0.030 0.039 0.049 0.060 0.073 0.086 0.101 0.118 0.136 0.156 0.177 0.200 0.225 0.251 0.279 0.308 0.339 0.372 0.406 0.442 0.481 0.522 0.566 0.615 0.668 0.727 0.793 0.868 0.952 1.046 1.149 1.257 1.368 1.477 1.578 1.664 1.730 1.774 1.796 1.795 1.771 1.726 1.662 1.579 1.481 1.374 1.261 1.145 1.030 0.916 0.807 0.704 0.607 0.519 0.438 0.367 0.303 0.248 0.202 0.162 0.129 0.103 0.081
0.005 0.006 0.006 0.006 0.006 0.006 0.006 0.007 0.007 0.007 0.008 0.009 0.014 0.020 0.028 0.036 0.046 0.056 0.068 0.081 0.096 0.111 0.129 0.147 0.167 0.189 0.212 0.236 0.262 0.290 0.319 0.349 0.381 0.415 0.451 0.489 0.528 0.569 0.610 0.651 0.689 0.724 0.754 0.780 0.801 0.817 0.826 0.829 0.826 0.817 0.803 0.785 0.763 0.738 0.712 0.685 0.661 0.640 0.623 0.608 0.595 0.582 0.568 0.551 0.530 0.503 0.470 0.431 0.387 0.339 0.290 0.243 0.199 0.161 0.128 0.101 0.079
0.005 0.006 0.006 0.006 0.006 0.006 0.006 0.007 0.007 0.007 0.008 0.008 0.011 0.017 0.024 0.032 0.041 0.051 0.062 0.074 0.087 0.102 0.118 0.135 0.154 0.174 0.195 0.217 0.241 0.265 0.292 0.320 0.350 0.383 0.420 0.461 0.508 0.562 0.624 0.698 0.785 0.885 0.995 1.109 1.224 1.334 1.438 1.531 1.611 1.678 1.731 1.770 1.795 1.808 1.808 1.796 1.771 1.734 1.685 1.623 1.547 1.456 1.351 1.232 1.102 0.964 0.823 0.686 0.560 0.449 0.356 0.280 0.218 0.168 0.129 0.099 0.076
0.005 0.006 0.006 0.006 0.006 0.006 0.006 0.007 0.007 0.007 0.007 0.008 0.009 0.013 0.019 0.026 0.034 0.044 0.054 0.065 0.077 0.091 0.105 0.121 0.138 0.156 0.175 0.195 0.216 0.236 0.256 0.276 0.296 0.318 0.341 0.368 0.397 0.429 0.464 0.502 0.541 0.581 0.623 0.667 0.713 0.758 0.799 0.835 0.863 0.878 0.881 0.868 0.842 0.803 0.752 0.694 0.631 0.566 0.502 0.441 0.387 0.339 0.301 0.272 0.252 0.240 0.233 0.229 0.222 0.212 0.196 0.176 0.154 0.130 0.106 0.085 0.066
0.005 0.006 0.006 0.006 0.006 0.006 0.006 0.007 0.007 0.007 0.007 0.007 0.008 0.009 0.014 0.020 0.027 0.035 0.044 0.054 0.066 0.078 0.092 0.107 0.123 0.140 0.159 0.180 0.203 0.229 0.259 0.292 0.328 0.364 0.400 0.440 0.485 0.538 0.603 0.680 0.770 0.872 0.981 1.094 1.204 1.307 1.400 1.481 1.551 1.612 1.664 1.711 1.754 1.795 1.833 1.869 1.899 1.923 1.936 1.935 1.918 1.879 1.818 1.732 1.619 1.481 1.320 1.141 0.952 0.764 0.590 0.439 0.316 0.221 0.153 0.105 0.071
0.005 0.006 0.006 0.007 0.007 0.007 0.007 0.007 0.007 0.007 0.007 0.008 0.008 0.008 0.009 0.012 0.015 0.018 0.021 0.023 0.025 0.026 0.026 0.026 0.026 0.024 0.023 0.023 0.023 0.025 0.026 0.026 0.027 0.029 0.033 0.040 0.052 0.067 0.085 0.103 0.122 0.140 0.159 0.177 0.195 0.213 0.230 0.247 0.260 0.271 0.277 0.279 0.276 0.269 0.258 0.243 0.228 0.212 0.197 0.185 0.174 0.166 0.159 0.152 0.145 0.134 0.122 0.107 0.090 0.074 0.061 0.051 0.045 0.040 0.036 0.032 0.027
0.006 0.007 0.007 0.007 0.007 0.008 0.008 0.008 0.008 0.009 0.010 0.015 0.021 0.030 0.042 0.059 0.081 0.110 0.147 0.195 0.256 0.334 0.430 0.547 0.686 0.845 1.022 1.214 1.418 1.629 1.846 2.065 2.282 2.495 2.702 2.897 3.080 3.252 3.413 3.565 3.707 3.840 3.963 4.077 4.181 4.273 4.354 4.423 4.478 4.518 4.545 4.556 4.553 4.535 4.504 4.460 4.403 4.333 4.251 4.157 4.051 3.934 3.805 3.666 3.515 3.352 3.178 2.990 2.790 2.577 2.351 2.115 1.870 1.618 1.360 1.102 0.853
0.002 0.003 0.003 0.003 0.003 0.003 0.004 0.004 0.004 0.004 0.004 0.004 0.004 0.004 0.004 0.004 0.004 0.005 0.005 0.006 0.006 0.007 0.008 0.008 0.008 0.009 0.009 0.009 0.010 0.011 0.011 0.011 0.010 0.009 0.009 0.010 0.015 0.022 0.032 0.043 0.055 0.068 0.083 0.097 0.112 0.125 0.138 0.149 0.157 0.164 0.169 0.173 0.176 0.179 0.180 0.180 0.179 0.176 0.172 0.165 0.156 0.145 0.131 0.114 0.096 0.076 0.057 0.040 0.025 0.016 0.010 0.008 0.007 0.007 0.008 0.009 0.009
0.010 0.019 0.030 0.042 0.057 0.075 0.096 0.122 0.154 0.194 0.242 0.302 0.374 0.464 0.572 0.702 0.859 1.045 1.262 1.512 1.795 2.108 2.447 2.806 3.177 3.552 3.924 4.286 4.635 4.967 5.280 5.573 5.845 6.096 6.327 6.540 6.739 6.926 7.103 7.272 7.433 7.589 7.739 7.884 8.025 8.163 8.296 8.424 8.546 8.657 8.753 8.832 8.889 8.925 8.938 8.928 8.896 8.840 8.762 8.661 8.536 8.389 8.216 8.019 7.796 7.546 7.269 6.965 6.634 6.275 5.886 5.467 5.018 4.539 4.031 3.501 2.958
0.002 0.002 0.002 0.002 0.002 0.003 0.003 0.003 0.003 0.003 0.003 0.003 0.003 0.004 0.004 0.004 0.004 0.004 0.005 0.005 0.005 0.006 0.006 0.006 0.006 0.005 0.005 0.005 0.005 0.005 0.005 0.006 0.006 0.007 0.007 0.008 0.011 0.016 0.021 0.026 0.029 0.032 0.034 0.035 0.034 0.033 0.032 0.030 0.029 0.027 0.027 0.029 0.032 0.036 0.039 0.042 0.043 0.043 0.041 0.037 0.033 0.028 0.023 0.019 0.016 0.014 0.013 0.012 0.012 0.012 0.012 0.013 0.013 0.013 0.011 0.010 0.008
