Examples/2023_ISeeSnow/data/CoulombOnly/Results/curv77s/h/1HS_03_curv77s_MoT-Voellmy_h_0018.asc
ncols        104
nrows        39
xllcorner    1247.5
yllcorner    -4347.5
cellsize     5.00
NODATA_value -9999
[rows 0 to 33 of 39, columns 0 to 76 of 104]
0.003 0.000 0.000 0.000 0.000 0.000 0.000 0.000 0.000 0.000 0.000 0.000 0.000 0.000 0.000 0.000 0.000 0.000 0.000 0.000 0.000 0.000 0.000 0.000 0.000 0.000 0.000 0.000 0.000 0.000 0.000 0.000 0.000 0.000 0.000 0.000 0.000 0.000 0.000 0.000 0.000 0.000 0.000 0.000 0.000 0.000 0.000 0.000 0.000 0.000 0.000 0.000 0.000 0.000 0.000 0.000 0.000 0.000 0.000 0.000 0.000 0.000 0.000 0.000 0.000 0.000 0.000 0.000 0.000 0.000 0.000 0.000 0.000 0.000 0.000 0.000 0.000
0.003 0.004 0.004 0.004 0.004 0.004 0.004 0.004 0.004 0.004 0.004 0.005 0.005 0.005 0.005 0.006 0.006 0.007 0.007 0.008 0.010 0.011 0.012 0.012 0.012 0.011 0.010 0.008 0.008 0.007 0.007 0.008 0.008 0.007 0.002 0.000 0.000 0.000 0.000 0.000 0.000 0.000 0.000 0.000 0.000 0.000 0.000 0.000 0.000 0.000 0.000 0.000 0.000 0.000 0.000 0.000 0.000 0.000 0.000 0.000 0.000 0.000 0.000 0.000 0.000 0.000 0.000 0.000 0.000 0.000 0.000 0.000 0.000 0.000 0.000 0.000 0.000
0.004 0.005 0.005 0.006 0.006 0.006 0.006 0.007 0.007 0.008 0.010 0.014 0.020 0.026 0.033 0.041 0.049 0.058 0.067 0.076 0.084 0.090 0.094 0.097 0.097 0.095 0.091 0.086 0.079 0.072 0.065 0.058 0.051 0.043 0.035 0.028 0.022 0.016 0.011 0.008 0.007 0.008 0.008 0.008 0.003 0.000 0.000 0.000 0.000 0.000 0.000 0.000 0.000 0.000 0.000 0.000 0.000 0.000 0.000 0.000 0.000 0.000 0.000 0.000 0.000 0.000 0.000 0.000 0.000 0.000 0.000 0.000 0.000 0.000 0.000 0.000 0.000
0.005 0.005 0.006 0.006 0.007 0.007 0.008 0.010 0.016 0.023 0.033 0.045 0.059 0.074 0.092 0.111 0.131 0.151 0.171 0.190 0.207 0.222 0.235 0.244 0.250 0.252 0.251 0.247 0.240 0.229 0.217 0.203 0.187 0.170 0.152 0.134 0.116 0.099 0.084 0.070 0.059 0.049 0.041 0.034 0.026 0.019 0.014 0.009 0.006 0.006 0.006 0.007 0.007 0.004 0.000 0.000 0.000 0.000 0.000 0.000 0.000 0.000 0.000 0.000 0.000 0.000 0.000 0.000 0.000 0.000 0.000 0.000 0.000 0.000 0.000 0.000 0.000
0.005 0.006 0.006 0.007 0.008 0.010 0.016 0.025 0.036 0.051 0.068 0.088 0.111 0.136 0.163 0.192 0.221 0.250 0.279 0.306 0.330 0.353 0.371 0.387 0.398 0.406 0.410 0.409 0.405 0.397 0.386 0.372 0.355 0.336 0.314 0.291 0.267 0.243 0.218 0.195 0.172 0.151 0.132 0.114 0.097 0.082 0.067 0.055 0.044 0.036 0.030 0.025 0.021 0.015 0.010 0.007 0.005 0.005 0.005 0.006 0.007 0.003 0.000 0.000 0.000 0.000 0.000 0.000 0.000 0.000 0.000 0.000 0.000 0.000 0.000 0.000 0.000
0.005 0.006 0.007 0.008 0.012 0.020 0.030 0.044 0.061 0.080 0.103 0.128 0.156 0.186 0.217 0.249 0.282 0.314 0.345 0.375 0.403 0.430 0.453 0.475 0.493 0.509 0.521 0.529 0.535 0.536 0.534 0.529 0.520 0.507 0.491 0.473 0.451 0.428 0.402 0.376 0.348 0.320 0.293 0.265 0.239 0.212 0.187 0.163 0.141 0.121 0.103 0.088 0.074 0.061 0.050 0.040 0.032 0.025 0.021 0.017 0.013 0.009 0.006 0.005 0.005 0.006 0.006 0.002 0.000 0.000 0.000 0.000 0.000 0.000 0.000 0.000 0.000
0.005 0.007 0.010 0.016 0.026 0.039 0.056 0.075 0.099 0.126 0.156 0.190 0.226 0.264 0.303 0.344 0.384 0.424 0.464 0.501 0.537 0.571 0.602 0.631 0.656 0.678 0.696 0.709 0.719 0.725 0.726 0.723 0.716 0.705 0.690 0.672 0.652 0.628 0.602 0.575 0.546 0.516 0.486 0.455 0.423 0.392 0.360 0.328 0.298 0.268 0.239 0.212 0.186 0.162 0.140 0.120 0.101 0.084 0.070 0.058 0.047 0.037 0.029 0.023 0.019 0.015 0.010 0.007 0.005 0.006 0.006 0.006 0.001 0.000 0.000 0.000 0.000
0.006 0.008 0.013 0.022 0.035 0.050 0.070 0.093 0.119 0.149 0.183 0.219 0.258 0.299 0.341 0.384 0.426 0.469 0.510 0.550 0.587 0.623 0.656 0.686 0.713 0.737 0.758 0.776 0.791 0.803 0.813 0.819 0.823 0.824 0.822 0.817 0.809 0.798 0.784 0.767 0.747 0.724 0.700 0.672 0.643 0.613 0.580 0.546 0.512 0.476 0.441 0.405 0.370 0.335 0.302 0.269 0.238 0.208 0.180 0.155 0.132 0.111 0.092 0.076 0.062 0.050 0.039 0.030 0.023 0.019 0.015 0.009 0.007 0.006 0.006 0.007 0.003
0.006 0.010 0.017 0.029 0.043 0.062 0.083 0.109 0.138 0.170 0.206 0.245 0.286 0.330 0.375 0.422 0.469 0.518 0.566 0.614 0.661 0.706 0.750 0.791 0.829 0.864 0.895 0.922 0.945 0.964 0.978 0.989 0.995 0.997 0.996 0.992 0.986 0.976 0.965 0.952 0.937 0.920 0.901 0.881 0.858 0.834 0.808 0.779 0.749 0.717 0.682 0.646 0.609 0.570 0.530 0.490 0.449 0.409 0.369 0.330 0.292 0.257 0.223 0.191 0.162 0.136 0.113 0.092 0.074 0.059 0.047 0.036 0.027 0.021 0.017 0.011 0.007
0.007 0.012 0.022 0.036 0.054 0.076 0.103 0.134 0.170 0.210 0.254 0.301 0.351 0.403 0.457 0.511 0.565 0.618 0.670 0.721 0.770 0.817 0.861 0.904 0.944 0.982 1.017 1.049 1.078 1.104 1.127 1.146 1.161 1.172 1.179 1.182 1.181 1.176 1.168 1.158 1.145 1.130 1.114 1.096 1.077 1.056 1.034 1.011 0.986 0.959 0.930 0.900 0.867 0.831 0.794 0.754 0.713 0.669 0.624 0.578 0.531 0.483 0.436 0.389 0.344 0.300 0.259 0.221 0.186 0.155 0.127 0.103 0.082 0.065 0.051 0.039 0.029
0.007 0.014 0.026 0.042 0.061 0.085 0.113 0.145 0.181 0.221 0.263 0.308 0.354 0.401 0.449 0.497 0.545 0.592 0.640 0.686 0.732 0.776 0.819 0.861 0.901 0.939 0.975 1.010 1.042 1.073 1.102 1.129 1.154 1.178 1.199 1.219 1.236 1.251 1.264 1.273 1.280 1.283 1.284 1.281 1.276 1.267 1.256 1.243 1.226 1.207 1.186 1.162 1.135 1.106 1.075 1.040 1.003 0.963 0.920 0.874 0.825 0.773 0.720 0.664 0.607 0.550 0.493 0.437 0.383 0.331 0.283 0.238 0.198 0.163 0.132 0.105 0.083
0.008 0.016 0.028 0.045 0.067 0.093 0.124 0.161 0.202 0.248 0.299 0.354 0.412 0.473 0.536 0.601 0.667 0.733 0.799 0.864 0.928 0.989 1.049 1.106 1.159 1.208 1.254 1.294 1.330 1.360 1.385 1.405 1.421 1.432 1.439 1.444 1.446 1.447 1.446 1.445 1.443 1.441 1.440 1.438 1.435 1.433 1.429 1.425 1.419 1.411 1.401 1.390 1.375 1.358 1.338 1.315 1.288 1.257 1.223 1.185 1.142 1.095 1.043 0.988 0.928 0.865 0.800 0.732 0.664 0.595 0.527 0.462 0.399 0.341 0.287 0.238 0.195
0.008 0.017 0.030 0.048 0.071 0.099 0.132 0.171 0.215 0.263 0.315 0.370 0.428 0.486 0.544 0.602 0.659 0.715 0.769 0.821 0.871 0.920 0.967 1.014 1.059 1.103 1.147 1.190 1.233 1.276 1.317 1.358 1.398 1.436 1.471 1.504 1.534 1.560 1.583 1.602 1.618 1.630 1.640 1.646 1.650 1.652 1.653 1.652 1.649 1.645 1.640 1.633 1.625 1.615 1.602 1.588 1.570 1.549 1.524 1.495 1.462 1.423 1.379 1.330 1.275 1.215 1.150 1.080 1.006 0.929 0.850 0.769 0.688 0.608 0.531 0.458 0.389
0.008 0.017 0.031 0.049 0.072 0.101 0.135 0.175 0.220 0.271 0.327 0.386 0.449 0.515 0.582 0.651 0.721 0.791 0.861 0.930 0.997 1.064 1.128 1.189 1.247 1.301 1.351 1.397 1.438 1.475 1.508 1.536 1.561 1.583 1.603 1.620 1.636 1.652 1.666 1.681 1.696 1.711 1.726 1.741 1.756 1.770 1.784 1.797 1.809 1.820 1.829 1.837 1.843 1.847 1.848 1.846 1.841 1.832 1.820 1.803 1.780 1.753 1.719 1.680 1.634 1.581 1.522 1.457 1.385 1.308 1.225 1.138 1.047 0.955 0.861 0.767 0.675
0.008 0.017 0.031 0.050 0.074 0.104 0.140 0.182 0.231 0.285 0.345 0.409 0.477 0.547 0.619 0.693 0.766 0.839 0.911 0.981 1.050 1.117 1.183 1.246 1.307 1.366 1.424 1.479 1.532 1.583 1.632 1.678 1.720 1.760 1.796 1.829 1.858 1.884 1.906 1.926 1.944 1.959 1.973 1.986 1.998 2.009 2.021 2.032 2.044 2.055 2.067 2.078 2.089 2.099 2.108 2.116 2.121 2.123 2.122 2.117 2.107 2.091 2.069 2.041 2.006 1.964 1.914 1.856 1.791 1.719 1.639 1.553 1.460 1.362 1.259 1.153 1.044
0.008 0.017 0.031 0.049 0.073 0.103 0.139 0.181 0.229 0.283 0.342 0.406 0.474 0.544 0.616 0.689 0.762 0.835 0.908 0.979 1.049 1.117 1.183 1.247 1.308 1.366 1.421 1.474 1.523 1.569 1.612 1.652 1.690 1.726 1.760 1.793 1.825 1.856 1.887 1.917 1.947 1.978 2.008 2.038 2.068 2.098 2.128 2.157 2.186 2.215 2.243 2.271 2.297 2.323 2.347 2.369 2.389 2.406 2.420 2.429 2.434 2.434 2.427 2.414 2.393 2.364 2.328 2.283 2.229 2.166 2.095 2.014 1.925 1.828 1.723 1.611 1.492
0.008 0.017 0.031 0.049 0.074 0.104 0.141 0.185 0.235 0.292 0.356 0.425 0.498 0.576 0.656 0.739 0.822 0.907 0.991 1.075 1.158 1.239 1.318 1.395 1.470 1.542 1.611 1.677 1.739 1.797 1.852 1.902 1.949 1.992 2.031 2.067 2.099 2.128 2.156 2.181 2.205 2.228 2.251 2.274 2.297 2.321 2.346 2.372 2.400 2.428 2.458 2.489 2.521 2.554 2.586 2.618 2.649 2.678 2.705 2.728 2.748 2.763 2.772 2.776 2.772 2.762 2.743 2.716 2.680 2.635 2.580 2.515 2.440 2.354 2.257 2.149 2.030
0.008 0.017 0.031 0.049 0.073 0.103 0.140 0.183 0.234 0.290 0.353 0.420 0.491 0.566 0.643 0.721 0.800 0.879 0.957 1.034 1.109 1.183 1.254 1.324 1.391 1.457 1.520 1.581 1.639 1.696 1.750 1.802 1.853 1.902 1.950 1.997 2.042 2.087 2.131 2.175 2.219 2.262 2.305 2.348 2.391 2.434 2.478 2.521 2.565 2.609 2.654 2.699 2.743 2.788 2.831 2.874 2.916 2.955 2.992 3.026 3.056 3.082 3.102 3.118 3.127 3.130 3.127 3.117 3.100 3.076 3.044 3.003 2.953 2.894 2.823 2.739 2.641
0.008 0.017 0.031 0.050 0.074 0.105 0.143 0.188 0.241 0.300 0.366 0.438 0.515 0.597 0.683 0.771 0.860 0.952 1.043 1.134 1.225 1.314 1.402 1.487 1.570 1.650 1.727 1.799 1.868 1.933 1.994 2.050 2.102 2.151 2.195 2.237 2.275 2.311 2.345 2.378 2.409 2.440 2.472 2.503 2.535 2.568 2.603 2.638 2.675 2.714 2.753 2.794 2.836 2.878 2.920 2.962 3.004 3.044 3.081 3.117 3.149 3.178 3.202 3.223 3.238 3.249 3.255 3.256 3.253 3.244 3.231 3.213 3.191 3.163 3.129 3.088 3.039
0.009 0.019 0.034 0.054 0.080 0.112 0.152 0.198 0.252 0.312 0.378 0.449 0.525 0.604 0.685 0.767 0.849 0.931 1.013 1.092 1.171 1.247 1.321 1.393 1.462 1.529 1.595 1.658 1.718 1.777 1.834 1.889 1.943 1.995 2.045 2.094 2.142 2.190 2.236 2.282 2.327 2.372 2.417 2.461 2.506 2.551 2.596 2.642 2.687 2.734 2.780 2.827 2.874 2.920 2.966 3.012 3.056 3.098 3.138 3.176 3.209 3.239 3.264 3.283 3.298 3.306 3.309 3.306 3.296 3.281 3.259 3.231 3.196 3.155 3.108 3.055 2.997
0.008 0.017 0.031 0.050 0.074 0.105 0.143 0.188 0.241 0.300 0.366 0.438 0.515 0.597 0.683 0.771 0.860 0.951 1.043 1.134 1.225 1.314 1.402 1.487 1.570 1.650 1.727 1.799 1.868 1.933 1.994 2.050 2.102 2.151 2.195 2.237 2.275 2.311 2.345 2.378 2.409 2.440 2.472 2.503 2.535 2.568 2.603 2.638 2.675 2.714 2.753 2.794 2.836 2.878 2.920 2.962 3.003 3.043 3.081 3.117 3.149 3.178 3.202 3.222 3.238 3.249 3.255 3.256 3.252 3.244 3.231 3.213 3.190 3.162 3.129 3.088 3.039
0.008 0.017 0.031 0.049 0.073 0.103 0.140 0.183 0.234 0.290 0.352 0.420 0.491 0.566 0.643 0.721 0.800 0.879 0.957 1.033 1.109 1.182 1.254 1.324 1.391 1.456 1.520 1.580 1.639 1.695 1.750 1.802 1.853 1.902 1.950 1.996 2.042 2.087 2.131 2.175 2.218 2.261 2.304 2.347 2.390 2.433 2.477 2.521 2.564 2.609 2.653 2.698 2.742 2.787 2.830 2.873 2.915 2.954 2.991 3.025 3.055 3.081 3.101 3.117 3.126 3.129 3.126 3.116 3.099 3.075 3.042 3.002 2.952 2.892 2.821 2.738 2.640
0.008 0.017 0.031 0.049 0.074 0.104 0.141 0.185 0.235 0.292 0.356 0.425 0.498 0.576 0.656 0.739 0.822 0.907 0.991 1.075 1.157 1.239 1.318 1.395 1.470 1.542 1.611 1.676 1.738 1.797 1.851 1.902 1.949 1.992 2.031 2.066 2.099 2.128 2.155 2.181 2.205 2.228 2.250 2.273 2.296 2.320 2.345 2.372 2.399 2.428 2.458 2.489 2.520 2.553 2.585 2.617 2.648 2.677 2.704 2.727 2.747 2.762 2.771 2.775 2.771 2.760 2.742 2.714 2.679 2.634 2.579 2.514 2.439 2.353 2.256 2.148 2.029
0.008 0.017 0.031 0.049 0.073 0.103 0.139 0.181 0.229 0.283 0.342 0.406 0.474 0.544 0.616 0.689 0.762 0.835 0.908 0.979 1.049 1.117 1.183 1.247 1.308 1.366 1.421 1.473 1.522 1.568 1.611 1.652 1.690 1.726 1.760 1.793 1.824 1.855 1.886 1.916 1.947 1.977 2.007 2.037 2.067 2.097 2.127 2.156 2.186 2.214 2.242 2.270 2.296 2.322 2.346 2.368 2.388 2.405 2.419 2.428 2.433 2.433 2.426 2.412 2.392 2.363 2.327 2.282 2.228 2.165 2.094 2.013 1.925 1.827 1.723 1.610 1.492
0.008 0.017 0.031 0.050 0.074 0.104 0.140 0.182 0.231 0.285 0.345 0.409 0.477 0.547 0.619 0.693 0.766 0.839 0.911 0.981 1.050 1.117 1.182 1.245 1.307 1.366 1.423 1.479 1.532 1.583 1.631 1.677 1.720 1.759 1.795 1.828 1.857 1.883 1.906 1.926 1.943 1.959 1.973 1.985 1.997 2.009 2.020 2.031 2.043 2.055 2.066 2.077 2.088 2.099 2.108 2.115 2.120 2.122 2.121 2.116 2.106 2.090 2.069 2.040 2.005 1.963 1.913 1.856 1.791 1.718 1.639 1.552 1.460 1.362 1.259 1.153 1.044
0.008 0.017 0.031 0.049 0.072 0.101 0.135 0.175 0.220 0.271 0.327 0.386 0.449 0.515 0.582 0.651 0.721 0.791 0.861 0.930 0.997 1.064 1.128 1.189 1.247 1.301 1.351 1.397 1.438 1.475 1.508 1.536 1.561 1.583 1.602 1.620 1.636 1.651 1.666 1.681 1.695 1.710 1.725 1.740 1.755 1.769 1.783 1.796 1.809 1.819 1.829 1.836 1.842 1.846 1.847 1.845 1.840 1.832 1.819 1.802 1.780 1.752 1.719 1.679 1.633 1.581 1.522 1.456 1.385 1.307 1.225 1.138 1.047 0.955 0.861 0.767 0.675
0.008 0.017 0.030 0.048 0.071 0.099 0.132 0.171 0.215 0.263 0.315 0.370 0.427 0.486 0.544 0.602 0.659 0.715 0.768 0.821 0.871 0.920 0.967 1.013 1.058 1.103 1.146 1.190 1.233 1.275 1.317 1.358 1.397 1.435 1.471 1.504 1.533 1.560 1.583 1.602 1.618 1.630 1.639 1.646 1.650 1.652 1.652 1.651 1.649 1.645 1.639 1.633 1.625 1.614 1.602 1.587 1.570 1.549 1.524 1.495 1.461 1.423 1.379 1.330 1.275 1.215 1.150 1.080 1.007 0.929 0.850 0.769 0.688 0.609 0.531 0.458 0.389
0.008 0.016 0.028 0.045 0.067 0.093 0.124 0.161 0.202 0.248 0.299 0.354 0.412 0.473 0.536 0.601 0.667 0.733 0.799 0.864 0.927 0.989 1.049 1.106 1.159 1.208 1.254 1.294 1.330 1.360 1.385 1.405 1.421 1.432 1.440 1.444 1.446 1.447 1.446 1.445 1.443 1.441 1.439 1.437 1.435 1.432 1.429 1.424 1.418 1.411 1.401 1.389 1.375 1.358 1.338 1.315 1.288 1.257 1.223 1.185 1.142 1.095 1.043 0.988 0.929 0.866 0.800 0.733 0.664 0.595 0.528 0.462 0.400 0.341 0.287 0.238 0.195
0.007 0.014 0.026 0.042 0.061 0.085 0.113 0.145 0.181 0.221 0.263 0.308 0.354 0.401 0.449 0.497 0.545 0.592 0.639 0.686 0.732 0.776 0.819 0.861 0.901 0.939 0.975 1.010 1.042 1.073 1.101 1.128 1.154 1.177 1.199 1.219 1.236 1.251 1.263 1.273 1.280 1.283 1.284 1.281 1.275 1.267 1.256 1.242 1.226 1.207 1.186 1.162 1.135 1.106 1.075 1.040 1.003 0.963 0.920 0.874 0.825 0.774 0.720 0.665 0.608 0.550 0.493 0.437 0.383 0.331 0.283 0.239 0.199 0.163 0.132 0.105 0.083
0.007 0.012 0.022 0.036 0.054 0.076 0.103 0.134 0.170 0.210 0.254 0.301 0.351 0.403 0.457 0.511 0.565 0.618 0.670 0.721 0.770 0.816 0.861 0.903 0.944 0.981 1.016 1.049 1.078 1.104 1.127 1.146 1.161 1.172 1.179 1.182 1.181 1.176 1.168 1.158 1.145 1.130 1.114 1.096 1.077 1.056 1.034 1.011 0.986 0.959 0.931 0.900 0.867 0.832 0.794 0.755 0.713 0.670 0.625 0.578 0.531 0.484 0.436 0.390 0.344 0.301 0.260 0.222 0.187 0.155 0.127 0.103 0.082 0.065 0.051 0.039 0.029
0.006 0.010 0.017 0.029 0.043 0.062 0.083 0.109 0.138 0.170 0.206 0.245 0.286 0.330 0.375 0.422 0.469 0.518 0.566 0.614 0.661 0.706 0.750 0.791 0.829 0.864 0.895 0.922 0.945 0.964 0.979 0.989 0.995 0.997 0.996 0.992 0.986 0.976 0.965 0.952 0.937 0.920 0.901 0.881 0.858 0.834 0.808 0.780 0.749 0.717 0.682 0.646 0.609 0.570 0.531 0.490 0.450 0.409 0.370 0.331 0.293 0.257 0.223 0.191 0.162 0.136 0.113 0.092 0.074 0.060 0.047 0.036 0.028 0.021 0.017 0.011 0.007
0.006 0.008 0.013 0.022 0.035 0.050 0.070 0.093 0.119 0.149 0.183 0.219 0.258 0.299 0.341 0.384 0.426 0.469 0.510 0.550 0.587 0.623 0.656 0.686 0.713 0.737 0.758 0.776 0.791 0.803 0.812 0.819 0.823 0.824 0.822 0.817 0.809 0.798 0.784 0.767 0.747 0.725 0.700 0.673 0.644 0.613 0.580 0.547 0.512 0.477 0.441 0.406 0.370 0.336 0.302 0.269 0.238 0.208 0.181 0.155 0.132 0.111 0.092 0.076 0.062 0.050 0.039 0.030 0.024 0.019 0.015 0.010 0.007 0.006 0.006 0.007 0.003
0.005 0.007 0.010 0.016 0.026 0.039 0.055 0.075 0.099 0.126 0.156 0.190 0.226 0.264 0.303 0.344 0.384 0.424 0.463 0.501 0.537 0.571 0.602 0.631 0.656 0.677 0.695 0.709 0.719 0.725 0.726 0.723 0.716 0.705 0.690 0.673 0.652 0.628 0.603 0.575 0.546 0.517 0.486 0.455 0.424 0.392 0.360 0.329 0.298 0.268 0.239 0.212 0.187 0.163 0.140 0.120 0.101 0.085 0.070 0.058 0.047 0.038 0.029 0.023 0.019 0.015 0.010 0.007 0.005 0.006 0.006 0.006 0.001 0.000 0.000 0.000 0.000
0.005 0.006 0.007 0.008 0.012 0.020 0.030 0.044 0.061 0.080 0.103 0.128 0.156 0.186 0.217 0.249 0.282 0.314 0.345 0.375 0.403 0.430 0.453 0.475 0.493 0.509 0.521 0.529 0.535 0.536 0.534 0.529 0.520 0.507 0.492 0.473 0.452 0.428 0.403 0.376 0.349 0.321 0.293 0.266 0.239 0.213 0.188 0.164 0.142 0.121 0.104 0.088 0.074 0.062 0.050 0.040 0.032 0.025 0.021 0.017 0.013 0.009 0.006 0.005 0.005 0.006 0.006 0.002 0.000 0.000 0.000 0.000 0.000 0.000 0.000 0.000 0.000
