Examples/2023_ISeeSnow/data/CoulombOnly/Results/curv77s/h/1HS_03_curv77s_MoT-Voellmy_h_0036.asc
ncols        166
nrows        17
xllcorner    1972.5
yllcorner    -4292.5
cellsize     5.00
NODATA_value -9999
0.000 0.000 0.000 0.000 0.000 0.000 0.000 0.000 0.000 0.000 0.000 0.000 0.000 0.000 0.000 0.000 0.000 0.000 0.000 0.000 0.000 0.000 0.000 0.000 0.000 0.000 0.000 0.000 0.000 0.000 0.000 0.000 0.000 0.000 0.000 0.000 0.000 0.000 0.000 0.000 0.000 0.000 0.000 0.000 0.000 0.000 0.000 0.000 0.000 0.000 0.000 0.000 0.000 0.000 0.000 0.000 0.000 0.000 0.000 0.000 0.000 0.000 0.000 0.000 0.000 0.000 0.000 0.000 0.000 0.000 0.000 0.000 0.000 0.000 0.000 0.000 0.000 0.000 0.000 0.000 0.000 0.000 0.000 0.000 0.000 0.000 0.000 0.000 0.000 0.000 0.000 0.000 0.000 0.000 0.000 0.000 0.000 0.000 0.000 0.000 0.000 0.000 0.000 0.000 0.000 0.000 0.000 0.000 0.000 0.000 0.000 0.000 0.000 0.000 0.000 0.000 0.000 0.000 0.000 0.000 0.000 0.000 0.000 0.000 0.000 0.000 0.000 0.000 0.000 0.000 0.000 0.000 0.000 0.000 0.000 0.000 0.000 0.000 0.000 0.000 0.000 0.000 0.000 0.000 0.000 0.000 0.000 0.000 0.000 0.000 0.000 0.000 0.000 0.000 0.000 0.000 0.000 0.000 0.000 0.000 0.000 0.000 0.000 0.000 0.000 0.000
0.000 0.000 0.000 0.000 0.000 0.000 0.000 0.000 0.000 0.000 0.000 0.000 0.001 0.001 0.001 0.001 0.001 0.001 0.001 0.002 0.002 0.002 0.002 0.002 0.002 0.002 0.002 0.002 0.003 0.003 0.003 0.003 0.003 0.003 0.003 0.003 0.004 0.004 0.004 0.004 0.004 0.005 0.005 0.005 0.006 0.006 0.007 0.009 0.014 0.020 0.026 0.032 0.039 0.046 0.053 0.060 0.068 0.075 0.081 0.087 0.092 0.096 0.100 0.102 0.103 0.103 0.102 0.100 0.097 0.093 0.088 0.083 0.077 0.071 0.065 0.059 0.053 0.046 0.041 0.035 0.030 0.025 0.021 0.017 0.012 0.009 0.009 0.009 0.009 0.009 0.009 0.004 0.000 0.000 0.000 0.000 0.000 0.000 0.000 0.000 0.000 0.000 0.000 0.000 0.000 0.000 0.000 0.000 0.000 0.000 0.000 0.000 0.000 0.000 0.000 0.000 0.000 0.000 0.000 0.000 0.000 0.000 0.000 0.000 0.000 0.000 0.000 0.000 0.000 0.000 0.000 0.000 0.000 0.000 0.000 0.000 0.000 0.000 0.000 0.000 0.000 0.000 0.000 0.000 0.000 0.000 0.000 0.000 0.000 0.000 0.000 0.000 0.000 0.000 0.000 0.000 0.000 0.000 0.000 0.000 0.000 0.000 0.000 0.000 0.000 0.000
0.000 0.000 0.000 0.000 0.000 0.000 0.001 0.001 0.001 0.001 0.001 0.002 0.002 0.002 0.002 0.003 0.003 0.003 0.003 0.004 0.004 0.004 0.004 0.004 0.005 0.005 0.005 0.005 0.005 0.006 0.006 0.006 0.007 0.008 0.012 0.019 0.029 0.043 0.061 0.084 0.113 0.148 0.190 0.239 0.295 0.357 0.425 0.498 0.575 0.654 0.734 0.814 0.893 0.969 1.043 1.112 1.178 1.239 1.294 1.345 1.389 1.428 1.461 1.488 1.509 1.524 1.533 1.535 1.532 1.523 1.509 1.490 1.465 1.436 1.402 1.364 1.323 1.277 1.228 1.176 1.120 1.062 1.002 0.939 0.874 0.809 0.744 0.679 0.616 0.553 0.491 0.431 0.374 0.321 0.273 0.229 0.191 0.157 0.127 0.102 0.081 0.064 0.049 0.038 0.028 0.021 0.015 0.010 0.009 0.009 0.009 0.008 0.002 0.000 0.000 0.000 0.000 0.000 0.000 0.000 0.000 0.000 0.000 0.000 0.000 0.000 0.000 0.000 0.000 0.000 0.000 0.000 0.000 0.000 0.000 0.000 0.000 0.000 0.000 0.000 0.000 0.000 0.000 0.000 0.000 0.000 0.000 0.000 0.000 0.000 0.000 0.000 0.000 0.000 0.000 0.000 0.000 0.000 0.000 0.000 0.000 0.000 0.000 0.000 0.000 0.000
0.001 0.001 0.001 0.001 0.001 0.002 0.002 0.002 0.002 0.003 0.003 0.003 0.003 0.004 0.004 0.004 0.004 0.005 0.005 0.005 0.005 0.006 0.006 0.006 0.007 0.007 0.008 0.011 0.019 0.030 0.046 0.068 0.098 0.137 0.186 0.246 0.318 0.399 0.488 0.584 0.684 0.786 0.889 0.990 1.088 1.183 1.274 1.360 1.443 1.521 1.594 1.664 1.731 1.793 1.853 1.910 1.963 2.015 2.064 2.110 2.154 2.195 2.234 2.270 2.304 2.334 2.361 2.383 2.402 2.417 2.427 2.432 2.432 2.428 2.418 2.402 2.382 2.358 2.329 2.295 2.259 2.219 2.176 2.131 2.083 2.034 1.982 1.929 1.873 1.814 1.751 1.685 1.614 1.538 1.459 1.375 1.288 1.197 1.104 1.011 0.917 0.824 0.733 0.646 0.564 0.487 0.416 0.353 0.297 0.248 0.205 0.166 0.133 0.105 0.083 0.065 0.050 0.038 0.029 0.021 0.015 0.011 0.009 0.009 0.009 0.008 0.002 0.000 0.000 0.000 0.000 0.000 0.000 0.000 0.000 0.000 0.000 0.000 0.000 0.000 0.000 0.000 0.000 0.000 0.000 0.000 0.000 0.000 0.000 0.000 0.000 0.000 0.000 0.000 0.000 0.000 0.000 0.000 0.000 0.000 0.000 0.000 0.000 0.000 0.000 0.000
0.002 0.002 0.002 0.002 0.003 0.003 0.003 0.003 0.004 0.004 0.004 0.004 0.005 0.005 0.005 0.005 0.006 0.006 0.006 0.007 0.007 0.008 0.012 0.020 0.033 0.051 0.077 0.111 0.156 0.212 0.278 0.354 0.440 0.532 0.630 0.732 0.836 0.941 1.048 1.154 1.262 1.370 1.478 1.586 1.693 1.799 1.903 2.005 2.104 2.199 2.289 2.374 2.453 2.525 2.589 2.645 2.692 2.729 2.757 2.775 2.782 2.780 2.768 2.747 2.719 2.687 2.652 2.614 2.574 2.533 2.492 2.450 2.409 2.369 2.329 2.290 2.252 2.215 2.179 2.144 2.110 2.076 2.043 2.010 1.978 1.947 1.918 1.889 1.862 1.836 1.812 1.790 1.770 1.751 1.733 1.715 1.698 1.679 1.658 1.633 1.605 1.570 1.529 1.481 1.425 1.361 1.289 1.211 1.127 1.039 0.948 0.855 0.763 0.673 0.586 0.505 0.430 0.362 0.301 0.248 0.202 0.163 0.131 0.105 0.083 0.065 0.049 0.037 0.027 0.020 0.014 0.011 0.010 0.009 0.009 0.006 0.001 0.000 0.000 0.000 0.000 0.000 0.000 0.000 0.000 0.000 0.000 0.000 0.000 0.000 0.000 0.000 0.000 0.000 0.000 0.000 0.000 0.000 0.000 0.000 0.000 0.000 0.000 0.000 0.000 0.000
0.003 0.003 0.004 0.004 0.004 0.004 0.004 0.005 0.005 0.005 0.005 0.006 0.006 0.006 0.006 0.007 0.007 0.009 0.015 0.026 0.041 0.062 0.090 0.125 0.168 0.216 0.269 0.323 0.377 0.429 0.478 0.523 0.564 0.600 0.632 0.660 0.685 0.707 0.727 0.745 0.761 0.776 0.790 0.805 0.820 0.836 0.853 0.872 0.893 0.917 0.944 0.976 1.012 1.055 1.104 1.161 1.227 1.301 1.386 1.480 1.584 1.698 1.821 1.954 2.090 2.227 2.361 2.493 2.621 2.744 2.863 2.975 3.081 3.180 3.272 3.357 3.434 3.503 3.563 3.615 3.659 3.693 3.718 3.733 3.739 3.735 3.721 3.697 3.664 3.622 3.572 3.513 3.447 3.375 3.297 3.215 3.129 3.042 2.954 2.867 2.782 2.700 2.622 2.549 2.479 2.415 2.354 2.297 2.241 2.186 2.129 2.069 2.005 1.934 1.856 1.770 1.676 1.574 1.465 1.351 1.233 1.114 0.995 0.879 0.767 0.661 0.562 0.472 0.391 0.321 0.260 0.208 0.166 0.131 0.102 0.078 0.059 0.044 0.032 0.023 0.017 0.013 0.010 0.010 0.009 0.004 0.000 0.000 0.000 0.000 0.000 0.000 0.000 0.000 0.000 0.000 0.000 0.000 0.000 0.000 0.000 0.000 0.000 0.000 0.000 0.000
0.004 0.004 0.005 0.005 0.005 0.005 0.006 0.006 0.006 0.006 0.007 0.007 0.008 0.009 0.013 0.022 0.034 0.051 0.072 0.099 0.132 0.171 0.217 0.271 0.331 0.401 0.479 0.568 0.668 0.780 0.902 1.031 1.166 1.304 1.444 1.583 1.721 1.855 1.985 2.110 2.228 2.340 2.445 2.543 2.633 2.715 2.790 2.857 2.918 2.972 3.020 3.062 3.099 3.132 3.160 3.185 3.207 3.225 3.240 3.252 3.261 3.267 3.269 3.267 3.264 3.260 3.256 3.251 3.245 3.239 3.230 3.220 3.209 3.195 3.181 3.165 3.148 3.132 3.116 3.101 3.088 3.078 3.071 3.068 3.069 3.075 3.084 3.098 3.116 3.137 3.160 3.186 3.213 3.240 3.267 3.291 3.313 3.331 3.345 3.353 3.355 3.351 3.339 3.321 3.295 3.262 3.223 3.179 3.129 3.075 3.018 2.960 2.900 2.841 2.782 2.725 2.670 2.615 2.561 2.506 2.450 2.390 2.325 2.253 2.172 2.082 1.982 1.872 1.752 1.624 1.489 1.350 1.208 1.067 0.928 0.795 0.669 0.553 0.448 0.355 0.275 0.209 0.154 0.111 0.078 0.053 0.035 0.024 0.017 0.012 0.010 0.009 0.004 0.000 0.000 0.000 0.000 0.000 0.000 0.000 0.000 0.000 0.000 0.000 0.000 0.000
0.004 0.005 0.006 0.006 0.006 0.006 0.007 0.007 0.007 0.007 0.007 0.008 0.008 0.010 0.015 0.020 0.025 0.029 0.034 0.038 0.042 0.045 0.047 0.049 0.050 0.051 0.051 0.052 0.052 0.053 0.054 0.059 0.067 0.080 0.099 0.123 0.152 0.187 0.228 0.273 0.323 0.378 0.436 0.499 0.565 0.635 0.709 0.787 0.867 0.951 1.038 1.127 1.218 1.310 1.404 1.498 1.593 1.688 1.782 1.877 1.971 2.064 2.158 2.251 2.345 2.440 2.535 2.631 2.728 2.827 2.926 3.025 3.125 3.225 3.323 3.420 3.513 3.603 3.689 3.768 3.841 3.907 3.964 4.012 4.051 4.081 4.101 4.112 4.113 4.106 4.090 4.067 4.037 4.000 3.957 3.909 3.856 3.799 3.739 3.677 3.612 3.545 3.476 3.406 3.335 3.263 3.190 3.117 3.042 2.965 2.888 2.809 2.728 2.645 2.559 2.472 2.383 2.291 2.198 2.104 2.009 1.915 1.822 1.730 1.641 1.556 1.474 1.397 1.323 1.255 1.190 1.128 1.069 1.011 0.955 0.898 0.841 0.783 0.723 0.662 0.600 0.537 0.475 0.413 0.352 0.294 0.241 0.193 0.151 0.117 0.089 0.067 0.049 0.036 0.026 0.019 0.014 0.011 0.008 0.001 0.000 0.000 0.000 0.000 0.000 0.000
0.008 0.014 0.021 0.028 0.035 0.044 0.054 0.067 0.083 0.103 0.127 0.159 0.197 0.243 0.298 0.363 0.439 0.526 0.624 0.733 0.852 0.981 1.118 1.262 1.412 1.566 1.722 1.879 2.036 2.191 2.343 2.492 2.636 2.775 2.909 3.037 3.160 3.277 3.389 3.496 3.598 3.695 3.787 3.876 3.961 4.042 4.119 4.194 4.266 4.334 4.400 4.463 4.524 4.582 4.638 4.691 4.741 4.789 4.835 4.877 4.917 4.955 4.989 5.020 5.048 5.074 5.095 5.114 5.129 5.140 5.148 5.152 5.153 5.150 5.144 5.134 5.120 5.103 5.083 5.060 5.034 5.005 4.973 4.939 4.902 4.863 4.822 4.778 4.733 4.685 4.635 4.584 4.531 4.476 4.420 4.362 4.303 4.243 4.182 4.119 4.056 3.993 3.928 3.864 3.800 3.735 3.671 3.607 3.544 3.480 3.417 3.355 3.293 3.230 3.168 3.106 3.044 2.981 2.917 2.852 2.786 2.719 2.650 2.579 2.506 2.430 2.353 2.273 2.191 2.108 2.022 1.934 1.845 1.755 1.664 1.573 1.482 1.391 1.301 1.213 1.126 1.041 0.958 0.878 0.800 0.726 0.654 0.585 0.518 0.454 0.392 0.334 0.281 0.233 0.190 0.153 0.122 0.095 0.073 0.056 0.042 0.031 0.023 0.017 0.013 0.009
0.004 0.005 0.006 0.006 0.006 0.006 0.007 0.007 0.007 0.007 0.007 0.008 0.008 0.010 0.015 0.020 0.025 0.029 0.034 0.038 0.042 0.045 0.047 0.049 0.050 0.051 0.051 0.052 0.052 0.053 0.054 0.059 0.067 0.080 0.099 0.122 0.152 0.187 0.227 0.273 0.323 0.377 0.436 0.499 0.565 0.635 0.709 0.786 0.867 0.951 1.037 1.126 1.217 1.310 1.403 1.498 1.592 1.687 1.782 1.876 1.970 2.064 2.157 2.251 2.345 2.439 2.535 2.631 2.728 2.826 2.925 3.025 3.125 3.224 3.323 3.420 3.513 3.603 3.689 3.768 3.841 3.907 3.964 4.012 4.051 4.081 4.101 4.112 4.114 4.107 4.091 4.068 4.037 4.000 3.957 3.909 3.857 3.800 3.740 3.678 3.613 3.546 3.477 3.407 3.336 3.264 3.191 3.117 3.042 2.966 2.889 2.809 2.728 2.645 2.560 2.473 2.383 2.292 2.198 2.104 2.010 1.915 1.822 1.730 1.641 1.556 1.474 1.397 1.324 1.255 1.190 1.128 1.069 1.012 0.955 0.899 0.841 0.783 0.723 0.662 0.600 0.538 0.475 0.413 0.352 0.294 0.241 0.193 0.151 0.117 0.089 0.067 0.049 0.036 0.026 0.019 0.014 0.011 0.008 0.001 0.000 0.000 0.000 0.000 0.000 0.000
0.004 0.004 0.005 0.005 0.005 0.005 0.006 0.006 0.006 0.006 0.007 0.007 0.008 0.009 0.013 0.022 0.034 0.051 0.072 0.099 0.132 0.171 0.217 0.271 0.331 0.401 0.479 0.568 0.668 0.780 0.902 1.031 1.166 1.304 1.444 1.583 1.721 1.855 1.985 2.110 2.228 2.340 2.445 2.543 2.633 2.715 2.790 2.858 2.918 2.972 3.020 3.062 3.100 3.132 3.161 3.186 3.207 3.226 3.241 3.253 3.262 3.268 3.270 3.268 3.265 3.261 3.257 3.252 3.246 3.239 3.230 3.220 3.209 3.195 3.181 3.165 3.148 3.132 3.116 3.101 3.088 3.078 3.071 3.068 3.070 3.075 3.085 3.098 3.116 3.137 3.161 3.186 3.213 3.240 3.266 3.291 3.312 3.331 3.344 3.352 3.354 3.350 3.338 3.320 3.294 3.261 3.222 3.177 3.128 3.074 3.017 2.959 2.900 2.840 2.782 2.725 2.669 2.615 2.561 2.506 2.450 2.390 2.325 2.253 2.173 2.083 1.982 1.872 1.752 1.624 1.489 1.350 1.208 1.067 0.928 0.795 0.669 0.553 0.448 0.355 0.275 0.209 0.154 0.111 0.078 0.053 0.035 0.024 0.017 0.012 0.010 0.009 0.004 0.000 0.000 0.000 0.000 0.000 0.000 0.000 0.000 0.000 0.000 0.000 0.000 0.000
0.003 0.003 0.004 0.004 0.004 0.004 0.004 0.005 0.005 0.005 0.005 0.006 0.006 0.006 0.006 0.007 0.007 0.009 0.015 0.026 0.041 0.062 0.090 0.126 0.168 0.216 0.269 0.323 0.377 0.429 0.478 0.523 0.564 0.600 0.632 0.660 0.685 0.707 0.727 0.745 0.761 0.776 0.790 0.805 0.820 0.836 0.853 0.872 0.893 0.917 0.944 0.975 1.012 1.055 1.104 1.161 1.226 1.301 1.385 1.479 1.583 1.697 1.821 1.954 2.090 2.226 2.361 2.493 2.621 2.744 2.862 2.975 3.081 3.180 3.272 3.356 3.433 3.502 3.563 3.615 3.658 3.692 3.717 3.732 3.738 3.734 3.720 3.696 3.664 3.622 3.571 3.513 3.447 3.375 3.297 3.215 3.130 3.043 2.955 2.868 2.783 2.702 2.624 2.550 2.481 2.416 2.356 2.298 2.242 2.187 2.130 2.071 2.006 1.935 1.857 1.770 1.676 1.574 1.465 1.351 1.234 1.114 0.995 0.879 0.767 0.661 0.562 0.472 0.391 0.321 0.260 0.208 0.166 0.131 0.102 0.078 0.059 0.044 0.032 0.023 0.017 0.013 0.010 0.010 0.009 0.004 0.000 0.000 0.000 0.000 0.000 0.000 0.000 0.000 0.000 0.000 0.000 0.000 0.000 0.000 0.000 0.000 0.000 0.000 0.000 0.000
0.002 0.002 0.002 0.002 0.003 0.003 0.003 0.003 0.004 0.004 0.004 0.004 0.005 0.005 0.005 0.005 0.006 0.006 0.006 0.007 0.007 0.008 0.012 0.020 0.033 0.051 0.077 0.111 0.156 0.212 0.278 0.354 0.440 0.532 0.630 0.732 0.836 0.941 1.048 1.154 1.262 1.370 1.478 1.586 1.693 1.799 1.903 2.005 2.104 2.199 2.289 2.374 2.453 2.525 2.589 2.645 2.692 2.729 2.757 2.775 2.782 2.780 2.768 2.747 2.719 2.687 2.652 2.614 2.574 2.534 2.492 2.451 2.410 2.369 2.329 2.290 2.253 2.216 2.180 2.145 2.111 2.077 2.044 2.011 1.979 1.948 1.918 1.890 1.863 1.837 1.813 1.791 1.771 1.752 1.733 1.716 1.698 1.679 1.658 1.634 1.605 1.570 1.529 1.481 1.425 1.361 1.289 1.211 1.127 1.039 0.948 0.855 0.763 0.672 0.586 0.505 0.430 0.362 0.301 0.248 0.202 0.163 0.131 0.105 0.083 0.065 0.049 0.037 0.027 0.020 0.014 0.011 0.010 0.009 0.009 0.006 0.001 0.000 0.000 0.000 0.000 0.000 0.000 0.000 0.000 0.000 0.000 0.000 0.000 0.000 0.000 0.000 0.000 0.000 0.000 0.000 0.000 0.000 0.000 0.000 0.000 0.000 0.000 0.000 0.000 0.000
0.001 0.001 0.001 0.001 0.001 0.002 0.002 0.002 0.002 0.003 0.003 0.003 0.003 0.004 0.004 0.004 0.004 0.005 0.005 0.005 0.005 0.006 0.006 0.006 0.007 0.007 0.008 0.011 0.019 0.030 0.046 0.068 0.098 0.137 0.186 0.246 0.318 0.399 0.488 0.584 0.684 0.786 0.889 0.990 1.088 1.183 1.274 1.360 1.443 1.521 1.594 1.664 1.730 1.793 1.853 1.909 1.963 2.015 2.064 2.110 2.154 2.195 2.234 2.271 2.304 2.334 2.361 2.384 2.403 2.417 2.427 2.432 2.433 2.428 2.418 2.403 2.383 2.358 2.329 2.296 2.259 2.219 2.176 2.131 2.084 2.034 1.983 1.929 1.873 1.814 1.751 1.684 1.613 1.538 1.458 1.375 1.287 1.197 1.104 1.010 0.916 0.823 0.733 0.646 0.563 0.486 0.416 0.352 0.296 0.247 0.204 0.166 0.133 0.105 0.083 0.065 0.050 0.038 0.029 0.021 0.015 0.011 0.009 0.009 0.009 0.008 0.002 0.000 0.000 0.000 0.000 0.000 0.000 0.000 0.000 0.000 0.000 0.000 0.000 0.000 0.000 0.000 0.000 0.000 0.000 0.000 0.000 0.000 0.000 0.000 0.000 0.000 0.000 0.000 0.000 0.000 0.000 0.000 0.000 0.000 0.000 0.000 0.000 0.000 0.000 0.000
0.000 0.000 0.000 0.000 0.000 0.000 0.001 0.001 0.001 0.001 0.001 0.002 0.002 0.002 0.002 0.003 0.003 0.003 0.003 0.004 0.004 0.004 0.004 0.004 0.005 0.005 0.005 0.005 0.005 0.006 0.006 0.006 0.007 0.008 0.012 0.019 0.029 0.043 0.061 0.084 0.113 0.148 0.190 0.239 0.295 0.357 0.425 0.498 0.575 0.654 0.735 0.814 0.893 0.969 1.043 1.112 1.178 1.239 1.294 1.345 1.389 1.428 1.461 1.488 1.509 1.524 1.532 1.535 1.532 1.523 1.509 1.489 1.465 1.436 1.402 1.364 1.322 1.277 1.227 1.175 1.120 1.062 1.001 0.938 0.874 0.808 0.743 0.679 0.615 0.552 0.491 0.430 0.374 0.321 0.273 0.229 0.190 0.156 0.127 0.102 0.081 0.064 0.049 0.038 0.028 0.021 0.015 0.010 0.009 0.009 0.009 0.008 0.002 0.000 0.000 0.000 0.000 0.000 0.000 0.000 0.000 0.000 0.000 0.000 0.000 0.000 0.000 0.000 0.000 0.000 0.000 0.000 0.000 0.000 0.000 0.000 0.000 0.000 0.000 0.000 0.000 0.000 0.000 0.000 0.000 0.000 0.000 0.000 0.000 0.000 0.000 0.000 0.000 0.000 0.000 0.000 0.000 0.000 0.000 0.000 0.000 0.000 0.000 0.000 0.000 0.000
0.000 0.000 0.000 0.000 0.000 0.000 0.000 0.000 0.000 0.000 0.000 0.000 0.001 0.001 0.001 0.001 0.001 0.001 0.001 0.002 0.002 0.002 0.002 0.002 0.002 0.002 0.002 0.002 0.003 0.003 0.003 0.003 0.003 0.003 0.003 0.003 0.004 0.004 0.004 0.004 0.004 0.005 0.005 0.005 0.006 0.006 0.007 0.009 0.014 0.020 0.026 0.032 0.039 0.046 0.053 0.060 0.068 0.075 0.081 0.087 0.092 0.096 0.100 0.102 0.103 0.103 0.102 0.100 0.097 0.093 0.088 0.083 0.077 0.071 0.065 0.059 0.053 0.046 0.041 0.035 0.030 0.025 0.021 0.017 0.012 0.009 0.009 0.009 0.009 0.009 0.009 0.004 0.000 0.000 0.000 0.000 0.000 0.000 0.000 0.000 0.000 0.000 0.000 0.000 0.000 0.000 0.000 0.000 0.000 0.000 0.000 0.000 0.000 0.000 0.000 0.000 0.000 0.000 0.000 0.000 0.000 0.000 0.000 0.000 0.000 0.000 0.000 0.000 0.000 0.000 0.000 0.000 0.000 0.000 0.000 0.000 0.000 0.000 0.000 0.000 0.000 0.000 0.000 0.000 0.000 0.000 0.000 0.000 0.000 0.000 0.000 0.000 0.000 0.000 0.000 0.000 0.000 0.000 0.000 0.000 0.000 0.000 0.000 0.000 0.000 0.000
0.000 0.000 0.000 0.000 0.000 0.000 0.000 0.000 0.000 0.000 0.000 0.000 0.000 0.000 0.000 0.000 0.000 0.000 0.000 0.000 0.000 0.000 0.000 0.000 0.000 0.000 0.000 0.000 0.000 0.000 0.000 0.000 0.000 0.000 0.000 0.000 0.000 0.000 0.000 0.000 0.000 0.000 0.000 0.000 0.000 0.000 0.000 0.000 0.000 0.000 0.000 0.000 0.000 0.000 0.000 0.000 0.000 0.000 0.000 0.000 0.000 0.000 0.000 0.000 0.000 0.000 0.000 0.000 0.000 0.000 0.000 0.000 0.000 0.000 0.000 0.000 0.000 0.000 0.000 0.000 0.000 0.000 0.000 0.000 0.000 0.000 0.000 0.000 0.000 0.000 0.000 0.000 0.000 0.000 0.000 0.000 0.000 0.000 0.000 0.000 0.000 0.000 0.000 0.000 0.000 0.000 0.000 0.000 0.000 0.000 0.000 0.000 0.000 0.000 0.000 0.000 0.000 0.000 0.000 0.000 0.000 0.000 0.000 0.000 0.000 0.000 0.000 0.000 0.000 0.000 0.000 0.000 0.000 0.000 0.000 0.000 0.000 0.000 0.000 0.000 0.000 0.000 0.000 0.000 0.000 0.000 0.000 0.000 0.000 0.000 0.000 0.000 0.000 0.000 0.000 0.000 0.000 0.000 0.000 0.000 0.000 0.000 0.000 0.000 0.000 0.000
