Examples/2023_ISeeSnow/data/CoulombOnly/Results/curv77s/h/1HS_03_curv77s_MoT-Voellmy_h_0032.asc
ncols        150
nrows        17
xllcorner    1772.5
yllcorner    -4292.5
cellsize     5.00
NODATA_value -9999
0.000 0.000 0.000 0.000 0.000 0.000 0.000 0.000 0.000 0.000 0.000 0.000 0.000 0.000 0.000 0.000 0.001 0.002 0.002 0.000 0.000 0.000 0.000 0.000 0.000 0.000 0.000 0.000 0.000 0.000 0.000 0.000 0.000 0.000 0.000 0.000 0.000 0.000 0.000 0.000 0.000 0.000 0.000 0.000 0.000 0.000 0.000 0.000 0.000 0.000 0.000 0.000 0.000 0.000 0.000 0.000 0.000 0.000 0.000 0.000 0.000 0.000 0.000 0.000 0.000 0.000 0.000 0.000 0.000 0.000 0.000 0.000 0.000 0.000 0.000 0.000 0.000 0.000 0.000 0.000 0.000 0.000 0.000 0.000 0.000 0.000 0.000 0.000 0.000 0.000 0.000 0.000 0.000 0.000 0.000 0.000 0.000 0.000 0.000 0.000 0.000 0.000 0.000 0.000 0.000 0.000 0.000 0.000 0.000 0.000 0.000 0.000 0.000 0.000 0.000 0.000 0.000 0.000 0.000 0.000 0.000 0.000 0.000 0.000 0.000 0.000 0.000 0.000 0.000 0.000 0.000 0.000 0.000 0.000 0.000 0.000 0.000 0.000 0.000 0.000 0.000 0.000 0.000 0.000 0.000 0.000 0.000 0.000 0.000 0.000
0.000 0.001 0.001 0.001 0.001 0.001 0.000 0.000 0.000 0.000 0.000 0.000 0.000 0.000 0.000 0.000 0.000 0.000 0.000 0.000 0.000 0.000 0.001 0.001 0.002 0.003 0.001 0.000 0.000 0.000 0.000 0.000 0.000 0.000 0.000 0.000 0.000 0.000 0.000 0.001 0.002 0.003 0.005 0.007 0.009 0.011 0.015 0.021 0.028 0.038 0.049 0.063 0.080 0.098 0.119 0.142 0.166 0.192 0.218 0.243 0.268 0.291 0.312 0.330 0.345 0.355 0.361 0.361 0.357 0.347 0.332 0.312 0.288 0.259 0.230 0.202 0.175 0.149 0.126 0.105 0.086 0.070 0.056 0.045 0.035 0.027 0.020 0.015 0.011 0.010 0.009 0.009 0.004 0.000 0.000 0.000 0.000 0.000 0.000 0.000 0.000 0.000 0.000 0.000 0.000 0.000 0.000 0.000 0.000 0.000 0.000 0.000 0.000 0.000 0.000 0.000 0.000 0.000 0.000 0.000 0.000 0.000 0.000 0.000 0.000 0.000 0.000 0.000 0.000 0.000 0.000 0.000 0.000 0.000 0.000 0.000 0.000 0.000 0.000 0.000 0.000 0.000 0.000 0.000 0.000 0.000 0.000 0.000 0.000 0.000
0.001 0.002 0.002 0.002 0.002 0.002 0.002 0.001 0.001 0.001 0.001 0.001 0.001 0.001 0.001 0.001 0.001 0.001 0.001 0.001 0.001 0.001 0.001 0.001 0.001 0.001 0.000 0.000 0.000 0.000 0.000 0.000 0.000 0.000 0.001 0.002 0.004 0.006 0.009 0.014 0.021 0.033 0.048 0.068 0.095 0.127 0.166 0.211 0.263 0.321 0.384 0.452 0.523 0.598 0.674 0.751 0.828 0.905 0.980 1.054 1.124 1.193 1.258 1.319 1.377 1.431 1.480 1.525 1.565 1.600 1.629 1.652 1.669 1.678 1.675 1.658 1.627 1.582 1.526 1.460 1.385 1.304 1.218 1.129 1.038 0.948 0.860 0.775 0.693 0.615 0.541 0.471 0.405 0.344 0.289 0.240 0.196 0.158 0.125 0.098 0.075 0.057 0.042 0.031 0.022 0.016 0.011 0.010 0.009 0.007 0.001 0.000 0.000 0.000 0.000 0.000 0.000 0.000 0.000 0.000 0.000 0.000 0.000 0.000 0.000 0.000 0.000 0.000 0.000 0.000 0.000 0.000 0.000 0.000 0.000 0.000 0.000 0.000 0.000 0.000 0.000 0.000 0.000 0.000 0.000 0.000 0.000 0.000 0.000 0.000
0.002 0.003 0.003 0.003 0.003 0.003 0.003 0.003 0.003 0.003 0.003 0.003 0.003 0.003 0.003 0.003 0.003 0.003 0.002 0.002 0.002 0.002 0.002 0.002 0.002 0.002 0.002 0.002 0.002 0.002 0.002 0.002 0.005 0.008 0.014 0.026 0.044 0.072 0.109 0.157 0.217 0.288 0.369 0.461 0.560 0.667 0.778 0.892 1.006 1.120 1.231 1.337 1.438 1.533 1.621 1.702 1.775 1.841 1.901 1.954 2.001 2.042 2.078 2.109 2.136 2.159 2.178 2.193 2.205 2.213 2.217 2.218 2.216 2.210 2.202 2.194 2.184 2.177 2.172 2.167 2.159 2.147 2.130 2.105 2.073 2.031 1.981 1.922 1.857 1.784 1.707 1.625 1.538 1.449 1.357 1.262 1.166 1.068 0.969 0.871 0.774 0.680 0.590 0.505 0.427 0.356 0.293 0.238 0.190 0.149 0.114 0.087 0.065 0.048 0.035 0.025 0.018 0.013 0.010 0.010 0.008 0.001 0.000 0.000 0.000 0.000 0.000 0.000 0.000 0.000 0.000 0.000 0.000 0.000 0.000 0.000 0.000 0.000 0.000 0.000 0.000 0.000 0.000 0.000 0.000 0.000 0.000 0.000 0.000 0.000
0.003 0.004 0.004 0.004 0.004 0.004 0.004 0.004 0.004 0.004 0.004 0.004 0.004 0.004 0.004 0.004 0.004 0.004 0.004 0.004 0.004 0.004 0.004 0.004 0.004 0.005 0.005 0.005 0.006 0.011 0.024 0.050 0.092 0.152 0.231 0.331 0.448 0.582 0.726 0.879 1.034 1.189 1.341 1.486 1.623 1.751 1.869 1.979 2.079 2.172 2.257 2.336 2.409 2.476 2.540 2.599 2.654 2.705 2.754 2.800 2.844 2.885 2.926 2.965 3.003 3.040 3.077 3.114 3.150 3.186 3.221 3.255 3.287 3.317 3.345 3.371 3.392 3.399 3.390 3.365 3.328 3.279 3.219 3.149 3.071 2.986 2.894 2.796 2.694 2.587 2.477 2.364 2.251 2.137 2.025 1.917 1.813 1.715 1.620 1.530 1.443 1.358 1.276 1.194 1.114 1.033 0.952 0.871 0.789 0.708 0.629 0.552 0.479 0.410 0.346 0.288 0.236 0.191 0.152 0.119 0.091 0.068 0.050 0.036 0.026 0.019 0.014 0.011 0.010 0.006 0.001 0.000 0.000 0.000 0.000 0.000 0.000 0.000 0.000 0.000 0.000 0.000 0.000 0.000 0.000 0.000 0.000 0.000 0.000 0.000
0.003 0.004 0.005 0.005 0.005 0.006 0.006 0.006 0.006 0.006 0.006 0.006 0.006 0.006 0.006 0.006 0.006 0.006 0.007 0.007 0.007 0.007 0.008 0.008 0.015 0.036 0.075 0.140 0.235 0.357 0.507 0.679 0.868 1.069 1.275 1.480 1.680 1.871 2.050 2.215 2.366 2.502 2.622 2.728 2.820 2.898 2.963 3.018 3.062 3.099 3.128 3.152 3.172 3.189 3.204 3.217 3.227 3.235 3.240 3.240 3.235 3.225 3.208 3.184 3.153 3.114 3.068 3.015 2.955 2.890 2.820 2.746 2.669 2.591 2.511 2.434 2.364 2.309 2.271 2.247 2.239 2.243 2.259 2.285 2.319 2.359 2.402 2.446 2.488 2.527 2.561 2.588 2.606 2.615 2.613 2.596 2.565 2.520 2.463 2.395 2.318 2.234 2.143 2.047 1.948 1.846 1.744 1.640 1.537 1.435 1.332 1.231 1.130 1.029 0.930 0.833 0.738 0.646 0.559 0.476 0.400 0.331 0.270 0.216 0.171 0.133 0.102 0.077 0.057 0.041 0.029 0.021 0.015 0.011 0.010 0.004 0.000 0.000 0.000 0.000 0.000 0.000 0.000 0.000 0.000 0.000 0.000 0.000 0.000 0.000
0.003 0.005 0.006 0.006 0.006 0.007 0.007 0.007 0.007 0.007 0.007 0.007 0.008 0.008 0.008 0.010 0.013 0.018 0.026 0.046 0.088 0.161 0.274 0.432 0.633 0.865 1.116 1.376 1.631 1.873 2.095 2.289 2.452 2.584 2.687 2.763 2.817 2.856 2.885 2.910 2.935 2.966 3.003 3.050 3.105 3.169 3.240 3.317 3.396 3.477 3.557 3.634 3.708 3.777 3.842 3.902 3.959 4.012 4.063 4.111 4.159 4.206 4.253 4.299 4.346 4.393 4.439 4.484 4.529 4.573 4.614 4.654 4.692 4.727 4.760 4.786 4.797 4.792 4.769 4.731 4.678 4.612 4.533 4.444 4.346 4.241 4.130 4.014 3.895 3.774 3.651 3.528 3.406 3.286 3.168 3.055 2.948 2.847 2.751 2.660 2.572 2.489 2.407 2.327 2.247 2.166 2.083 1.997 1.909 1.818 1.724 1.628 1.530 1.431 1.331 1.232 1.133 1.035 0.939 0.844 0.753 0.665 0.582 0.503 0.432 0.367 0.308 0.256 0.210 0.170 0.136 0.107 0.083 0.063 0.048 0.035 0.025 0.019 0.014 0.011 0.009 0.004 0.000 0.000 0.000 0.000 0.000 0.000 0.000 0.000
0.004 0.005 0.006 0.007 0.007 0.008 0.008 0.008 0.009 0.013 0.018 0.026 0.037 0.053 0.077 0.113 0.165 0.240 0.340 0.462 0.596 0.733 0.867 0.991 1.103 1.205 1.300 1.391 1.480 1.571 1.667 1.771 1.883 2.002 2.129 2.260 2.392 2.521 2.643 2.754 2.853 2.936 3.003 3.054 3.090 3.112 3.122 3.122 3.113 3.098 3.078 3.053 3.025 2.994 2.961 2.926 2.889 2.851 2.811 2.769 2.727 2.684 2.640 2.595 2.551 2.507 2.462 2.418 2.374 2.331 2.287 2.244 2.200 2.156 2.112 2.070 2.034 2.004 1.981 1.964 1.953 1.948 1.947 1.951 1.959 1.971 1.986 2.005 2.026 2.049 2.074 2.100 2.126 2.151 2.174 2.194 2.209 2.219 2.224 2.222 2.213 2.197 2.175 2.146 2.112 2.073 2.029 1.981 1.930 1.875 1.818 1.757 1.693 1.627 1.558 1.486 1.411 1.334 1.254 1.173 1.090 1.006 0.920 0.834 0.746 0.659 0.575 0.495 0.421 0.353 0.293 0.240 0.194 0.155 0.122 0.095 0.073 0.056 0.042 0.031 0.023 0.016 0.012 0.008 0.001 0.000 0.000 0.000 0.000 0.000
0.005 0.011 0.019 0.030 0.045 0.064 0.089 0.124 0.171 0.234 0.315 0.417 0.543 0.693 0.867 1.063 1.274 1.491 1.705 1.912 2.114 2.310 2.497 2.673 2.839 2.994 3.138 3.272 3.396 3.512 3.621 3.723 3.820 3.912 4.000 4.085 4.168 4.248 4.327 4.405 4.482 4.558 4.633 4.707 4.781 4.853 4.923 4.991 5.057 5.119 5.178 5.233 5.284 5.331 5.373 5.409 5.441 5.468 5.490 5.506 5.517 5.524 5.525 5.521 5.513 5.500 5.482 5.460 5.433 5.403 5.369 5.331 5.290 5.245 5.198 5.148 5.096 5.041 4.985 4.926 4.866 4.803 4.740 4.675 4.609 4.542 4.474 4.406 4.337 4.268 4.198 4.129 4.061 3.992 3.924 3.857 3.791 3.725 3.659 3.594 3.529 3.464 3.399 3.332 3.265 3.197 3.126 3.054 2.979 2.902 2.821 2.737 2.650 2.558 2.463 2.365 2.262 2.156 2.047 1.935 1.821 1.705 1.590 1.476 1.365 1.257 1.152 1.048 0.946 0.847 0.751 0.660 0.574 0.493 0.419 0.352 0.292 0.239 0.194 0.154 0.121 0.094 0.071 0.053 0.039 0.029 0.021 0.015 0.011 0.005
0.004 0.005 0.006 0.007 0.007 0.008 0.008 0.008 0.009 0.013 0.018 0.026 0.037 0.053 0.077 0.113 0.165 0.240 0.340 0.462 0.596 0.733 0.867 0.991 1.103 1.205 1.300 1.391 1.480 1.571 1.667 1.771 1.883 2.002 2.129 2.260 2.392 2.521 2.643 2.755 2.853 2.936 3.003 3.054 3.090 3.112 3.122 3.122 3.113 3.098 3.078 3.053 3.025 2.994 2.961 2.926 2.889 2.851 2.810 2.769 2.727 2.683 2.640 2.595 2.551 2.507 2.462 2.418 2.374 2.330 2.287 2.243 2.200 2.156 2.112 2.070 2.033 2.004 1.980 1.963 1.952 1.946 1.946 1.950 1.958 1.970 1.985 2.004 2.025 2.049 2.074 2.100 2.126 2.151 2.174 2.194 2.210 2.220 2.224 2.222 2.213 2.198 2.175 2.147 2.113 2.074 2.030 1.982 1.930 1.876 1.818 1.757 1.694 1.627 1.558 1.486 1.411 1.334 1.254 1.173 1.090 1.006 0.920 0.834 0.746 0.659 0.575 0.495 0.421 0.353 0.293 0.240 0.194 0.155 0.122 0.095 0.073 0.056 0.042 0.031 0.023 0.016 0.012 0.008 0.001 0.000 0.000 0.000 0.000 0.000
0.003 0.005 0.006 0.006 0.006 0.007 0.007 0.007 0.007 0.007 0.007 0.007 0.008 0.008 0.008 0.010 0.013 0.018 0.026 0.046 0.088 0.161 0.274 0.432 0.633 0.865 1.116 1.376 1.631 1.873 2.095 2.289 2.452 2.584 2.687 2.763 2.817 2.856 2.885 2.910 2.935 2.966 3.003 3.050 3.105 3.169 3.240 3.317 3.396 3.477 3.557 3.634 3.708 3.777 3.842 3.902 3.959 4.012 4.063 4.111 4.159 4.206 4.253 4.299 4.346 4.392 4.438 4.483 4.528 4.571 4.613 4.652 4.690 4.725 4.758 4.784 4.795 4.790 4.768 4.730 4.677 4.611 4.533 4.444 4.347 4.242 4.131 4.015 3.896 3.775 3.653 3.530 3.408 3.287 3.169 3.057 2.949 2.848 2.752 2.660 2.573 2.489 2.407 2.327 2.247 2.166 2.083 1.997 1.909 1.818 1.724 1.628 1.530 1.431 1.331 1.232 1.133 1.035 0.939 0.845 0.753 0.665 0.582 0.504 0.432 0.367 0.309 0.256 0.210 0.170 0.136 0.107 0.083 0.063 0.048 0.035 0.025 0.019 0.014 0.011 0.009 0.004 0.000 0.000 0.000 0.000 0.000 0.000 0.000 0.000
0.003 0.004 0.005 0.005 0.005 0.006 0.006 0.006 0.006 0.006 0.006 0.006 0.006 0.006 0.006 0.006 0.006 0.006 0.007 0.007 0.007 0.007 0.008 0.008 0.015 0.036 0.075 0.140 0.235 0.357 0.507 0.679 0.868 1.069 1.275 1.480 1.680 1.871 2.050 2.215 2.366 2.501 2.622 2.728 2.819 2.898 2.963 3.018 3.062 3.098 3.128 3.152 3.172 3.189 3.204 3.216 3.227 3.235 3.239 3.240 3.235 3.225 3.208 3.184 3.153 3.114 3.068 3.015 2.956 2.891 2.821 2.747 2.670 2.592 2.512 2.435 2.366 2.311 2.272 2.249 2.240 2.244 2.260 2.286 2.320 2.359 2.402 2.445 2.488 2.526 2.560 2.587 2.605 2.613 2.612 2.595 2.564 2.519 2.463 2.395 2.318 2.233 2.142 2.047 1.948 1.846 1.743 1.640 1.537 1.435 1.332 1.231 1.130 1.030 0.931 0.833 0.738 0.646 0.559 0.476 0.400 0.331 0.270 0.216 0.171 0.133 0.102 0.077 0.057 0.041 0.029 0.021 0.015 0.011 0.010 0.004 0.000 0.000 0.000 0.000 0.000 0.000 0.000 0.000 0.000 0.000 0.000 0.000 0.000 0.000
0.003 0.004 0.004 0.004 0.004 0.004 0.004 0.004 0.004 0.004 0.004 0.004 0.004 0.004 0.004 0.004 0.004 0.004 0.004 0.004 0.004 0.004 0.004 0.004 0.004 0.005 0.005 0.005 0.006 0.011 0.024 0.050 0.092 0.152 0.231 0.331 0.448 0.581 0.726 0.879 1.034 1.189 1.341 1.486 1.623 1.751 1.869 1.978 2.079 2.171 2.257 2.335 2.408 2.476 2.539 2.598 2.653 2.705 2.754 2.800 2.843 2.885 2.925 2.965 3.003 3.040 3.077 3.114 3.150 3.186 3.221 3.255 3.287 3.318 3.346 3.372 3.393 3.400 3.390 3.366 3.328 3.279 3.219 3.150 3.072 2.986 2.894 2.796 2.694 2.587 2.477 2.364 2.251 2.137 2.025 1.917 1.813 1.715 1.620 1.530 1.443 1.358 1.276 1.194 1.114 1.033 0.952 0.871 0.789 0.709 0.629 0.552 0.479 0.410 0.346 0.288 0.236 0.191 0.152 0.119 0.091 0.068 0.050 0.036 0.026 0.019 0.014 0.011 0.010 0.006 0.001 0.000 0.000 0.000 0.000 0.000 0.000 0.000 0.000 0.000 0.000 0.000 0.000 0.000 0.000 0.000 0.000 0.000 0.000 0.000
0.002 0.003 0.003 0.003 0.003 0.003 0.003 0.003 0.003 0.003 0.003 0.003 0.003 0.003 0.003 0.003 0.003 0.003 0.002 0.002 0.002 0.002 0.002 0.002 0.002 0.002 0.002 0.002 0.002 0.002 0.002 0.002 0.005 0.008 0.014 0.026 0.044 0.072 0.109 0.157 0.217 0.288 0.369 0.461 0.560 0.667 0.778 0.892 1.006 1.120 1.231 1.337 1.438 1.533 1.621 1.702 1.775 1.841 1.901 1.954 2.001 2.042 2.078 2.109 2.136 2.159 2.178 2.193 2.204 2.212 2.217 2.218 2.215 2.209 2.201 2.193 2.183 2.176 2.171 2.166 2.158 2.146 2.129 2.104 2.072 2.031 1.981 1.922 1.856 1.784 1.707 1.625 1.538 1.449 1.357 1.262 1.166 1.068 0.969 0.871 0.774 0.680 0.590 0.505 0.427 0.356 0.293 0.238 0.190 0.149 0.114 0.087 0.065 0.048 0.035 0.025 0.018 0.013 0.010 0.010 0.008 0.001 0.000 0.000 0.000 0.000 0.000 0.000 0.000 0.000 0.000 0.000 0.000 0.000 0.000 0.000 0.000 0.000 0.000 0.000 0.000 0.000 0.000 0.000 0.000 0.000 0.000 0.000 0.000 0.000
0.001 0.002 0.002 0.002 0.002 0.002 0.002 0.001 0.001 0.001 0.001 0.001 0.001 0.001 0.001 0.001 0.001 0.001 0.001 0.001 0.001 0.001 0.001 0.001 0.001 0.001 0.000 0.000 0.000 0.000 0.000 0.000 0.000 0.000 0.001 0.002 0.004 0.006 0.009 0.014 0.021 0.033 0.048 0.068 0.095 0.127 0.166 0.211 0.263 0.321 0.384 0.452 0.523 0.598 0.674 0.751 0.829 0.905 0.980 1.054 1.124 1.193 1.258 1.319 1.377 1.431 1.480 1.525 1.565 1.600 1.629 1.652 1.669 1.679 1.676 1.658 1.627 1.583 1.527 1.460 1.385 1.304 1.218 1.129 1.038 0.948 0.860 0.775 0.693 0.615 0.541 0.471 0.405 0.344 0.289 0.240 0.196 0.158 0.125 0.098 0.075 0.057 0.042 0.031 0.022 0.016 0.011 0.010 0.009 0.007 0.001 0.000 0.000 0.000 0.000 0.000 0.000 0.000 0.000 0.000 0.000 0.000 0.000 0.000 0.000 0.000 0.000 0.000 0.000 0.000 0.000 0.000 0.000 0.000 0.000 0.000 0.000 0.000 0.000 0.000 0.000 0.000 0.000 0.000 0.000 0.000 0.000 0.000 0.000 0.000
0.000 0.001 0.001 0.001 0.001 0.001 0.000 0.000 0.000 0.000 0.000 0.000 0.000 0.000 0.000 0.000 0.000 0.000 0.000 0.000 0.000 0.000 0.001 0.001 0.002 0.003 0.001 0.000 0.000 0.000 0.000 0.000 0.000 0.000 0.000 0.000 0.000 0.000 0.000 0.001 0.002 0.003 0.005 0.007 0.009 0.011 0.015 0.021 0.028 0.038 0.049 0.063 0.080 0.098 0.119 0.142 0.167 0.192 0.218 0.243 0.268 0.292 0.313 0.331 0.345 0.355 0.361 0.362 0.357 0.347 0.332 0.313 0.288 0.259 0.230 0.202 0.175 0.149 0.126 0.105 0.087 0.070 0.056 0.045 0.035 0.027 0.020 0.015 0.011 0.010 0.009 0.009 0.004 0.000 0.000 0.000 0.000 0.000 0.000 0.000 0.000 0.000 0.000 0.000 0.000 0.000 0.000 0.000 0.000 0.000 0.000 0.000 0.000 0.000 0.000 0.000 0.000 0.000 0.000 0.000 0.000 0.000 0.000 0.000 0.000 0.000 0.000 0.000 0.000 0.000 0.000 0.000 0.000 0.000 0.000 0.000 0.000 0.000 0.000 0.000 0.000 0.000 0.000 0.000 0.000 0.000 0.000 0.000 0.000 0.000
0.000 0.000 0.000 0.000 0.000 0.000 0.000 0.000 0.000 0.000 0.000 0.000 0.000 0.000 0.000 0.000 0.001 0.002 0.002 0.000 0.000 0.000 0.000 0.000 0.000 0.000 0.000 0.000 0.000 0.000 0.000 0.000 0.000 0.000 0.000 0.000 0.000 0.000 0.000 0.000 0.000 0.000 0.000 0.000 0.000 0.000 0.000 0.000 0.000 0.000 0.000 0.000 0.000 0.000 0.000 0.000 0.000 0.000 0.000 0.000 0.000 0.000 0.000 0.000 0.000 0.000 0.000 0.000 0.000 0.000 0.000 0.000 0.000 0.000 0.000 0.000 0.000 0.000 0.000 0.000 0.000 0.000 0.000 0.000 0.000 0.000 0.000 0.000 0.000 0.000 0.000 0.000 0.000 0.000 0.000 0.000 0.000 0.000 0.000 0.000 0.000 0.000 0.000 0.000 0.000 0.000 0.000 0.000 0.000 0.000 0.000 0.000 0.000 0.000 0.000 0.000 0.000 0.000 0.000 0.000 0.000 0.000 0.000 0.000 0.000 0.000 0.000 0.000 0.000 0.000 0.000 0.000 0.000 0.000 0.000 0.000 0.000 0.000 0.000 0.000 0.000 0.000 0.000 0.000 0.000 0.000 0.000 0.000 0.000 0.000
