Examples/2023_ISeeSnow/data/CoulombOnly/Results/curv77s/h/1HS_03_curv77s_MoT-Voellmy_h_0054.asc
ncols        150
nrows        49
xllcorner    3302.5
yllcorner    -4372.5
cellsize     5.00
NODATA_value -9999
[rows 0 to 33 of 49, columns 0 to 76 of 150]
0.000 0.000 0.000 0.000 0.000 0.000 0.000 0.000 0.000 0.000 0.000 0.000 0.000 0.000 0.000 0.000 0.000 0.000 0.000 0.000 0.000 0.000 0.000 0.000 0.000 0.000 0.000 0.000 0.000 0.000 0.000 0.000 0.000 0.000 0.000 0.000 0.000 0.000 0.000 0.000 0.000 0.000 0.000 0.000 0.000 0.000 0.000 0.000 0.000 0.000 0.000 0.000 0.000 0.000 0.000 0.000 0.000 0.000 0.000 0.001 0.001 0.001 0.001 0.001 0.002 0.002 0.002 0.003 0.003 0.004 0.004 0.004 0.005 0.005 0.006 0.006 0.006
0.000 0.000 0.000 0.000 0.000 0.000 0.000 0.000 0.000 0.000 0.000 0.000 0.000 0.000 0.000 0.000 0.000 0.000 0.000 0.000 0.000 0.000 0.000 0.000 0.000 0.000 0.000 0.000 0.000 0.000 0.000 0.000 0.000 0.000 0.000 0.000 0.000 0.000 0.000 0.000 0.000 0.000 0.000 0.000 0.000 0.000 0.000 0.000 0.000 0.000 0.001 0.001 0.001 0.001 0.002 0.002 0.002 0.003 0.003 0.003 0.004 0.004 0.004 0.005 0.005 0.006 0.007 0.007 0.008 0.009 0.010 0.011 0.012 0.013 0.014 0.016 0.017
0.000 0.000 0.000 0.000 0.000 0.000 0.000 0.000 0.000 0.000 0.000 0.000 0.000 0.000 0.000 0.000 0.000 0.000 0.000 0.000 0.000 0.000 0.000 0.000 0.000 0.000 0.000 0.000 0.000 0.000 0.000 0.000 0.000 0.000 0.000 0.000 0.000 0.000 0.000 0.000 0.000 0.001 0.001 0.001 0.001 0.002 0.002 0.002 0.002 0.002 0.002 0.003 0.003 0.003 0.003 0.004 0.004 0.005 0.005 0.006 0.007 0.008 0.009 0.010 0.012 0.013 0.015 0.018 0.020 0.023 0.025 0.028 0.031 0.034 0.037 0.040 0.043
0.000 0.000 0.000 0.000 0.000 0.000 0.000 0.000 0.000 0.000 0.000 0.000 0.000 0.000 0.000 0.000 0.000 0.000 0.000 0.000 0.000 0.000 0.000 0.000 0.000 0.000 0.000 0.000 0.000 0.000 0.000 0.000 0.000 0.001 0.001 0.001 0.001 0.001 0.002 0.002 0.002 0.002 0.002 0.002 0.002 0.002 0.002 0.003 0.003 0.003 0.004 0.004 0.005 0.006 0.007 0.008 0.009 0.010 0.011 0.013 0.015 0.018 0.021 0.025 0.029 0.033 0.038 0.043 0.048 0.053 0.059 0.065 0.071 0.077 0.082 0.088 0.094
0.000 0.000 0.000 0.000 0.000 0.000 0.000 0.000 0.000 0.000 0.000 0.000 0.000 0.000 0.000 0.000 0.000 0.000 0.000 0.000 0.000 0.000 0.000 0.000 0.000 0.001 0.001 0.001 0.001 0.001 0.001 0.001 0.001 0.001 0.001 0.001 0.002 0.002 0.002 0.002 0.002 0.002 0.003 0.003 0.003 0.004 0.004 0.005 0.006 0.007 0.007 0.008 0.009 0.010 0.012 0.015 0.018 0.021 0.025 0.030 0.036 0.042 0.048 0.056 0.064 0.072 0.081 0.091 0.100 0.110 0.120 0.130 0.140 0.150 0.160 0.169 0.178
0.000 0.000 0.000 0.000 0.000 0.000 0.000 0.000 0.000 0.000 0.000 0.000 0.000 0.000 0.000 0.000 0.000 0.001 0.001 0.001 0.001 0.001 0.001 0.001 0.001 0.001 0.001 0.001 0.001 0.001 0.001 0.001 0.001 0.002 0.002 0.002 0.002 0.003 0.003 0.003 0.004 0.004 0.005 0.006 0.006 0.007 0.007 0.008 0.009 0.010 0.012 0.014 0.018 0.022 0.027 0.033 0.039 0.047 0.056 0.065 0.075 0.087 0.099 0.112 0.125 0.140 0.154 0.169 0.185 0.200 0.215 0.230 0.244 0.258 0.271 0.284 0.295
0.000 0.000 0.000 0.000 0.000 0.000 0.000 0.000 0.000 0.000 0.001 0.001 0.001 0.001 0.001 0.001 0.001 0.001 0.001 0.001 0.001 0.001 0.001 0.001 0.001 0.001 0.001 0.001 0.001 0.002 0.002 0.002 0.003 0.003 0.003 0.004 0.004 0.005 0.005 0.006 0.006 0.007 0.007 0.008 0.008 0.009 0.010 0.012 0.016 0.020 0.025 0.032 0.039 0.047 0.057 0.068 0.080 0.094 0.108 0.124 0.141 0.160 0.178 0.198 0.218 0.238 0.259 0.280 0.300 0.320 0.339 0.358 0.376 0.393 0.408 0.423 0.436
0.000 0.000 0.000 0.001 0.001 0.001 0.001 0.001 0.001 0.001 0.001 0.001 0.001 0.001 0.001 0.001 0.001 0.001 0.001 0.001 0.001 0.001 0.001 0.001 0.002 0.002 0.002 0.003 0.003 0.004 0.004 0.004 0.005 0.005 0.005 0.006 0.006 0.006 0.007 0.007 0.007 0.008 0.009 0.010 0.012 0.016 0.021 0.027 0.034 0.043 0.053 0.064 0.077 0.092 0.108 0.126 0.145 0.166 0.188 0.212 0.236 0.261 0.286 0.312 0.337 0.363 0.388 0.412 0.436 0.459 0.481 0.501 0.520 0.538 0.554 0.569 0.582
0.000 0.000 0.000 0.000 0.000 0.000 0.000 0.000 0.000 0.000 0.000 0.001 0.001 0.001 0.001 0.001 0.001 0.001 0.002 0.002 0.002 0.003 0.003 0.003 0.004 0.004 0.004 0.004 0.005 0.005 0.005 0.005 0.006 0.006 0.006 0.006 0.007 0.007 0.008 0.008 0.009 0.011 0.015 0.020 0.027 0.035 0.044 0.055 0.067 0.082 0.099 0.117 0.137 0.160 0.184 0.209 0.236 0.264 0.293 0.323 0.353 0.383 0.413 0.443 0.472 0.500 0.527 0.553 0.577 0.601 0.622 0.642 0.661 0.678 0.693 0.707 0.718
0.000 0.000 0.000 0.000 0.000 0.000 0.001 0.001 0.001 0.001 0.001 0.001 0.002 0.002 0.002 0.002 0.003 0.003 0.003 0.004 0.004 0.004 0.004 0.004 0.005 0.005 0.005 0.005 0.005 0.006 0.006 0.006 0.006 0.007 0.007 0.007 0.008 0.009 0.010 0.014 0.018 0.025 0.033 0.042 0.054 0.067 0.082 0.100 0.119 0.141 0.166 0.192 0.220 0.249 0.281 0.313 0.346 0.380 0.413 0.447 0.480 0.513 0.545 0.576 0.605 0.634 0.660 0.685 0.709 0.731 0.751 0.769 0.785 0.800 0.813 0.825 0.834
0.000 0.001 0.001 0.001 0.001 0.001 0.002 0.002 0.002 0.002 0.003 0.003 0.003 0.003 0.004 0.004 0.004 0.004 0.004 0.004 0.005 0.005 0.005 0.005 0.005 0.005 0.006 0.006 0.006 0.006 0.006 0.007 0.007 0.008 0.008 0.009 0.011 0.016 0.022 0.029 0.038 0.049 0.063 0.078 0.096 0.116 0.138 0.163 0.191 0.220 0.252 0.285 0.319 0.355 0.391 0.427 0.464 0.500 0.536 0.571 0.605 0.638 0.669 0.699 0.727 0.753 0.778 0.800 0.821 0.841 0.858 0.874 0.888 0.900 0.910 0.920 0.927
0.001 0.002 0.002 0.002 0.003 0.003 0.003 0.003 0.004 0.004 0.004 0.004 0.004 0.004 0.004 0.005 0.005 0.005 0.005 0.005 0.005 0.005 0.005 0.006 0.006 0.006 0.006 0.006 0.007 0.007 0.007 0.008 0.008 0.009 0.013 0.018 0.025 0.033 0.044 0.056 0.071 0.088 0.107 0.130 0.154 0.182 0.212 0.244 0.277 0.313 0.350 0.387 0.426 0.464 0.503 0.541 0.578 0.615 0.650 0.684 0.716 0.747 0.776 0.803 0.828 0.852 0.873 0.893 0.911 0.927 0.942 0.954 0.966 0.975 0.984 0.991 0.996
0.003 0.003 0.004 0.004 0.004 0.004 0.004 0.004 0.005 0.005 0.005 0.005 0.005 0.005 0.005 0.005 0.005 0.005 0.006 0.006 0.006 0.006 0.006 0.006 0.006 0.006 0.007 0.007 0.007 0.008 0.009 0.010 0.014 0.020 0.027 0.037 0.048 0.062 0.077 0.096 0.117 0.141 0.167 0.196 0.228 0.261 0.297 0.334 0.372 0.411 0.450 0.490 0.529 0.568 0.606 0.644 0.679 0.714 0.747 0.778 0.807 0.835 0.861 0.884 0.906 0.927 0.945 0.961 0.976 0.990 1.001 1.012 1.020 1.028 1.034 1.039 1.043
0.003 0.004 0.005 0.005 0.005 0.005 0.005 0.005 0.005 0.005 0.005 0.006 0.006 0.006 0.006 0.006 0.006 0.006 0.006 0.006 0.006 0.006 0.006 0.007 0.007 0.007 0.007 0.008 0.009 0.011 0.015 0.022 0.030 0.040 0.052 0.066 0.083 0.102 0.124 0.149 0.176 0.206 0.238 0.273 0.309 0.347 0.385 0.425 0.465 0.505 0.544 0.583 0.622 0.659 0.695 0.729 0.762 0.793 0.823 0.850 0.876 0.900 0.922 0.942 0.961 0.978 0.993 1.006 1.018 1.029 1.038 1.046 1.052 1.058 1.063 1.066 1.069
0.004 0.005 0.005 0.005 0.006 0.006 0.006 0.006 0.006 0.006 0.006 0.006 0.006 0.006 0.006 0.006 0.006 0.006 0.006 0.007 0.007 0.007 0.007 0.007 0.008 0.008 0.009 0.012 0.017 0.023 0.032 0.042 0.055 0.070 0.087 0.107 0.129 0.154 0.182 0.212 0.244 0.279 0.315 0.352 0.391 0.430 0.469 0.509 0.548 0.586 0.624 0.661 0.696 0.730 0.762 0.793 0.822 0.850 0.875 0.899 0.921 0.941 0.960 0.976 0.991 1.005 1.017 1.028 1.037 1.045 1.052 1.058 1.063 1.067 1.071 1.074 1.076
0.004 0.005 0.006 0.006 0.006 0.006 0.006 0.006 0.006 0.006 0.006 0.006 0.006 0.007 0.007 0.007 0.007 0.007 0.007 0.007 0.007 0.007 0.008 0.008 0.009 0.012 0.018 0.025 0.034 0.045 0.057 0.072 0.090 0.110 0.132 0.157 0.185 0.214 0.246 0.280 0.315 0.351 0.389 0.427 0.465 0.503 0.541 0.578 0.615 0.650 0.684 0.717 0.749 0.778 0.807 0.833 0.858 0.881 0.903 0.923 0.941 0.957 0.972 0.985 0.997 1.008 1.017 1.025 1.032 1.038 1.044 1.048 1.053 1.057 1.060 1.064 1.067
0.004 0.006 0.006 0.006 0.006 0.006 0.007 0.007 0.007 0.007 0.007 0.007 0.007 0.007 0.007 0.007 0.007 0.007 0.007 0.007 0.008 0.008 0.009 0.013 0.019 0.026 0.035 0.046 0.059 0.074 0.092 0.111 0.133 0.158 0.184 0.213 0.243 0.276 0.309 0.344 0.379 0.415 0.451 0.488 0.523 0.559 0.593 0.627 0.659 0.691 0.720 0.749 0.776 0.801 0.825 0.847 0.868 0.887 0.904 0.920 0.934 0.947 0.958 0.968 0.977 0.985 0.991 0.997 1.003 1.008 1.012 1.017 1.021 1.026 1.031 1.037 1.042
0.004 0.006 0.006 0.006 0.007 0.007 0.007 0.007 0.007 0.007 0.007 0.007 0.007 0.007 0.007 0.007 0.007 0.007 0.008 0.008 0.010 0.013 0.019 0.027 0.036 0.047 0.060 0.075 0.092 0.111 0.132 0.155 0.181 0.208 0.236 0.266 0.298 0.330 0.363 0.396 0.429 0.462 0.495 0.528 0.560 0.591 0.620 0.649 0.676 0.702 0.727 0.750 0.772 0.793 0.812 0.829 0.845 0.860 0.874 0.886 0.897 0.908 0.917 0.925 0.932 0.939 0.945 0.951 0.957 0.962 0.969 0.975 0.982 0.990 0.999 1.009 1.019
0.004 0.006 0.006 0.007 0.007 0.007 0.007 0.007 0.007 0.007 0.007 0.007 0.007 0.007 0.007 0.007 0.008 0.008 0.009 0.013 0.019 0.027 0.036 0.046 0.058 0.072 0.088 0.106 0.126 0.148 0.171 0.196 0.222 0.250 0.278 0.307 0.337 0.367 0.396 0.426 0.455 0.484 0.512 0.538 0.564 0.588 0.611 0.632 0.651 0.668 0.683 0.695 0.706 0.713 0.719 0.722 0.723 0.723 0.721 0.719 0.716 0.713 0.712 0.711 0.712 0.715 0.720 0.727 0.736 0.747 0.759 0.774 0.789 0.806 0.823 0.841 0.859
0.004 0.006 0.006 0.007 0.007 0.007 0.007 0.007 0.007 0.007 0.007 0.007 0.007 0.007 0.008 0.008 0.009 0.012 0.017 0.024 0.032 0.041 0.052 0.064 0.077 0.091 0.107 0.125 0.144 0.164 0.186 0.210 0.234 0.260 0.286 0.313 0.340 0.366 0.392 0.416 0.439 0.458 0.474 0.486 0.493 0.495 0.491 0.482 0.467 0.448 0.423 0.395 0.364 0.330 0.297 0.263 0.231 0.202 0.176 0.153 0.133 0.116 0.103 0.093 0.085 0.080 0.077 0.076 0.075 0.075 0.076 0.077 0.078 0.080 0.081 0.084 0.087
0.004 0.006 0.006 0.006 0.007 0.007 0.007 0.007 0.007 0.007 0.007 0.007 0.008 0.008 0.008 0.009 0.012 0.017 0.023 0.030 0.036 0.043 0.051 0.058 0.066 0.074 0.082 0.090 0.099 0.109 0.121 0.134 0.151 0.170 0.193 0.220 0.251 0.288 0.330 0.377 0.430 0.489 0.554 0.626 0.704 0.789 0.880 0.977 1.081 1.192 1.308 1.429 1.554 1.683 1.814 1.947 2.078 2.209 2.336 2.462 2.584 2.702 2.814 2.921 3.020 3.113 3.199 3.277 3.349 3.413 3.469 3.519 3.560 3.594 3.620 3.637 3.646
0.004 0.005 0.006 0.006 0.007 0.007 0.007 0.007 0.007 0.007 0.008 0.008 0.008 0.008 0.008 0.008 0.009 0.011 0.014 0.016 0.017 0.018 0.018 0.018 0.017 0.017 0.015 0.014 0.013 0.012 0.011 0.012 0.013 0.015 0.019 0.023 0.028 0.032 0.037 0.041 0.045 0.048 0.049 0.050 0.050 0.049 0.048 0.046 0.043 0.040 0.037 0.035 0.032 0.030 0.028 0.027 0.025 0.025 0.024 0.024 0.023 0.021 0.020 0.018 0.017 0.015 0.014 0.013 0.011 0.010 0.009 0.009 0.010 0.012 0.016 0.022 0.029
0.005 0.006 0.007 0.008 0.008 0.008 0.009 0.012 0.017 0.024 0.032 0.042 0.054 0.069 0.087 0.109 0.135 0.166 0.202 0.243 0.291 0.346 0.408 0.478 0.556 0.643 0.737 0.840 0.949 1.065 1.184 1.307 1.432 1.557 1.684 1.811 1.939 2.068 2.199 2.332 2.468 2.606 2.749 2.895 3.045 3.199 3.356 3.515 3.675 3.836 3.997 4.155 4.311 4.463 4.611 4.754 4.892 5.023 5.149 5.267 5.379 5.483 5.580 5.669 5.750 5.822 5.887 5.943 5.991 6.032 6.065 6.089 6.104 6.109 6.105 6.093 6.073
0.002 0.003 0.003 0.003 0.003 0.003 0.003 0.003 0.003 0.004 0.004 0.004 0.004 0.004 0.004 0.005 0.005 0.005 0.006 0.007 0.007 0.008 0.008 0.009 0.009 0.010 0.011 0.012 0.012 0.011 0.010 0.008 0.008 0.007 0.007 0.006 0.006 0.005 0.005 0.005 0.005 0.005 0.004 0.004 0.004 0.004 0.003 0.003 0.003 0.003 0.003 0.003 0.004 0.005 0.006 0.007 0.009 0.010 0.012 0.014 0.016 0.018 0.020 0.023 0.026 0.028 0.031 0.033 0.036 0.038 0.039 0.041 0.043 0.046 0.050 0.054 0.059
0.006 0.012 0.022 0.034 0.048 0.064 0.081 0.102 0.125 0.150 0.178 0.210 0.245 0.285 0.329 0.378 0.432 0.492 0.558 0.630 0.709 0.794 0.886 0.984 1.090 1.201 1.319 1.442 1.571 1.705 1.844 1.987 2.133 2.283 2.435 2.590 2.745 2.902 3.060 3.218 3.375 3.532 3.688 3.842 3.995 4.147 4.296 4.443 4.587 4.729 4.869 5.005 5.139 5.270 5.398 5.522 5.644 5.762 5.876 5.988 6.095 6.199 6.300 6.396 6.489 6.577 6.662 6.742 6.818 6.890 6.957 7.020 7.078 7.132 7.181 7.226 7.266
0.002 0.003 0.003 0.003 0.003 0.003 0.003 0.003 0.003 0.004 0.004 0.004 0.004 0.004 0.004 0.005 0.005 0.005 0.006 0.007 0.007 0.008 0.008 0.009 0.009 0.010 0.011 0.012 0.012 0.011 0.010 0.008 0.008 0.007 0.006 0.006 0.006 0.005 0.005 0.005 0.005 0.005 0.005 0.004 0.004 0.004 0.004 0.003 0.003 0.003 0.003 0.003 0.004 0.005 0.006 0.007 0.009 0.010 0.012 0.014 0.016 0.018 0.020 0.023 0.025 0.028 0.030 0.033 0.035 0.037 0.039 0.040 0.043 0.046 0.049 0.054 0.059
0.005 0.006 0.007 0.008 0.008 0.008 0.009 0.012 0.017 0.024 0.032 0.042 0.054 0.069 0.087 0.109 0.135 0.166 0.202 0.243 0.291 0.346 0.408 0.478 0.556 0.643 0.738 0.840 0.949 1.065 1.185 1.308 1.432 1.558 1.684 1.811 1.939 2.068 2.199 2.332 2.468 2.607 2.749 2.896 3.046 3.199 3.356 3.515 3.676 3.837 3.998 4.156 4.312 4.464 4.612 4.755 4.893 5.025 5.150 5.269 5.381 5.485 5.582 5.671 5.751 5.824 5.889 5.945 5.993 6.034 6.067 6.091 6.106 6.111 6.107 6.095 6.074
0.004 0.005 0.006 0.006 0.007 0.007 0.007 0.007 0.007 0.007 0.008 0.008 0.008 0.008 0.008 0.008 0.009 0.011 0.014 0.016 0.017 0.018 0.018 0.018 0.017 0.017 0.015 0.014 0.013 0.012 0.011 0.012 0.013 0.015 0.019 0.023 0.028 0.032 0.037 0.041 0.045 0.048 0.049 0.050 0.050 0.049 0.048 0.046 0.043 0.040 0.037 0.035 0.032 0.030 0.028 0.027 0.025 0.025 0.024 0.024 0.023 0.021 0.020 0.018 0.017 0.015 0.014 0.013 0.011 0.010 0.009 0.009 0.010 0.012 0.016 0.022 0.029
0.004 0.006 0.006 0.006 0.007 0.007 0.007 0.007 0.007 0.007 0.007 0.007 0.008 0.008 0.008 0.009 0.012 0.017 0.023 0.030 0.036 0.043 0.051 0.058 0.066 0.074 0.082 0.090 0.099 0.109 0.121 0.134 0.151 0.170 0.193 0.220 0.251 0.288 0.330 0.377 0.430 0.489 0.555 0.626 0.704 0.789 0.880 0.978 1.082 1.192 1.308 1.429 1.555 1.684 1.815 1.948 2.080 2.210 2.338 2.463 2.585 2.703 2.816 2.922 3.022 3.114 3.200 3.279 3.350 3.414 3.471 3.520 3.561 3.595 3.621 3.638 3.647
0.004 0.006 0.006 0.007 0.007 0.007 0.007 0.007 0.007 0.007 0.007 0.007 0.007 0.007 0.008 0.008 0.009 0.012 0.017 0.024 0.032 0.041 0.052 0.064 0.077 0.091 0.107 0.125 0.144 0.164 0.186 0.210 0.234 0.260 0.286 0.313 0.340 0.366 0.392 0.416 0.439 0.458 0.474 0.486 0.493 0.495 0.491 0.482 0.467 0.448 0.423 0.395 0.363 0.330 0.296 0.263 0.231 0.202 0.176 0.153 0.133 0.116 0.103 0.093 0.086 0.081 0.078 0.076 0.075 0.076 0.076 0.077 0.078 0.080 0.081 0.084 0.087
0.004 0.006 0.006 0.007 0.007 0.007 0.007 0.007 0.007 0.007 0.007 0.007 0.007 0.007 0.007 0.007 0.008 0.008 0.009 0.013 0.019 0.027 0.036 0.046 0.058 0.072 0.088 0.106 0.126 0.148 0.171 0.196 0.222 0.250 0.278 0.307 0.337 0.367 0.396 0.426 0.455 0.484 0.512 0.538 0.564 0.588 0.611 0.632 0.651 0.668 0.683 0.695 0.706 0.713 0.719 0.722 0.723 0.723 0.721 0.718 0.716 0.713 0.711 0.711 0.712 0.715 0.720 0.727 0.736 0.747 0.759 0.774 0.789 0.806 0.823 0.841 0.859
0.004 0.006 0.006 0.006 0.007 0.007 0.007 0.007 0.007 0.007 0.007 0.007 0.007 0.007 0.007 0.007 0.007 0.007 0.008 0.008 0.010 0.013 0.019 0.027 0.036 0.047 0.060 0.075 0.092 0.111 0.132 0.155 0.181 0.208 0.236 0.266 0.298 0.330 0.363 0.396 0.429 0.462 0.495 0.528 0.560 0.591 0.620 0.649 0.676 0.702 0.727 0.750 0.772 0.792 0.811 0.829 0.845 0.860 0.874 0.886 0.897 0.907 0.916 0.925 0.932 0.939 0.945 0.951 0.957 0.962 0.969 0.975 0.982 0.990 0.999 1.009 1.019
0.004 0.006 0.006 0.006 0.006 0.006 0.007 0.007 0.007 0.007 0.007 0.007 0.007 0.007 0.007 0.007 0.007 0.007 0.007 0.007 0.008 0.008 0.009 0.013 0.019 0.026 0.035 0.046 0.059 0.074 0.092 0.111 0.133 0.158 0.184 0.213 0.243 0.276 0.309 0.344 0.379 0.415 0.451 0.488 0.523 0.559 0.593 0.627 0.659 0.691 0.720 0.749 0.776 0.801 0.825 0.847 0.867 0.886 0.904 0.920 0.934 0.947 0.958 0.968 0.977 0.984 0.991 0.997 1.003 1.007 1.012 1.017 1.021 1.026 1.031 1.037 1.042
0.004 0.005 0.006 0.006 0.006 0.006 0.006 0.006 0.006 0.006 0.006 0.006 0.006 0.007 0.007 0.007 0.007 0.007 0.007 0.007 0.007 0.007 0.008 0.008 0.009 0.012 0.018 0.025 0.034 0.045 0.057 0.072 0.090 0.110 0.132 0.157 0.185 0.214 0.246 0.280 0.315 0.351 0.389 0.427 0.465 0.503 0.541 0.578 0.615 0.650 0.684 0.717 0.749 0.778 0.807 0.833 0.858 0.881 0.903 0.923 0.941 0.957 0.972 0.985 0.997 1.007 1.017 1.025 1.032 1.038 1.043 1.048 1.053 1.056 1.060 1.064 1.067
