Examples/2023_ISeeSnow/data/CoulombOnly/Results/curv77s/h/1HS_03_curv77s_MoT-Voellmy_h_0048.asc
ncols        190
nrows        31
xllcorner    2787.5
yllcorner    -4327.5
cellsize     5.00
NODATA_value -9999
[rows 0 to 30 of 31, columns 0 to 76 of 190]
0.000 0.000 0.000 0.000 0.000 0.000 0.000 0.000 0.000 0.000 0.000 0.000 0.000 0.000 0.000 0.000 0.000 0.000 0.000 0.000 0.000 0.000 0.000 0.000 0.000 0.000 0.000 0.000 0.000 0.000 0.000 0.000 0.000 0.000 0.000 0.000 0.000 0.000 0.000 0.000 0.000 0.000 0.000 0.000 0.000 0.000 0.000 0.000 0.000 0.000 0.000 0.000 0.000 0.000 0.000 0.000 0.000 0.000 0.000 0.000 0.000 0.000 0.000 0.000 0.000 0.000 0.000 0.000 0.000 0.000 0.000 0.000 0.000 0.000 0.000 0.000 0.000
0.000 0.000 0.000 0.000 0.000 0.000 0.000 0.000 0.000 0.000 0.000 0.000 0.000 0.000 0.000 0.000 0.000 0.000 0.000 0.000 0.000 0.000 0.000 0.000 0.000 0.000 0.000 0.000 0.000 0.000 0.000 0.000 0.000 0.000 0.000 0.000 0.000 0.000 0.000 0.000 0.000 0.000 0.000 0.000 0.000 0.000 0.000 0.000 0.000 0.000 0.000 0.000 0.000 0.000 0.000 0.000 0.000 0.000 0.000 0.000 0.000 0.000 0.000 0.000 0.000 0.000 0.000 0.000 0.000 0.000 0.000 0.000 0.000 0.000 0.000 0.000 0.000
0.000 0.000 0.000 0.000 0.000 0.000 0.000 0.000 0.000 0.000 0.000 0.000 0.000 0.000 0.000 0.000 0.000 0.000 0.000 0.000 0.000 0.000 0.000 0.000 0.000 0.000 0.000 0.000 0.000 0.000 0.000 0.000 0.000 0.000 0.000 0.000 0.000 0.000 0.000 0.000 0.000 0.000 0.000 0.000 0.000 0.000 0.000 0.000 0.000 0.000 0.000 0.000 0.000 0.000 0.000 0.000 0.000 0.000 0.000 0.000 0.000 0.000 0.000 0.000 0.000 0.000 0.000 0.000 0.000 0.001 0.001 0.001 0.001 0.001 0.001 0.001 0.002
0.000 0.000 0.000 0.000 0.000 0.000 0.000 0.000 0.000 0.000 0.000 0.000 0.000 0.000 0.000 0.000 0.000 0.000 0.000 0.000 0.000 0.000 0.000 0.000 0.000 0.000 0.000 0.000 0.000 0.000 0.000 0.000 0.000 0.000 0.000 0.000 0.000 0.000 0.000 0.000 0.000 0.000 0.000 0.000 0.000 0.000 0.000 0.000 0.000 0.000 0.000 0.000 0.000 0.000 0.000 0.001 0.001 0.001 0.001 0.001 0.001 0.001 0.001 0.001 0.001 0.001 0.002 0.002 0.002 0.002 0.002 0.002 0.003 0.003 0.004 0.004 0.005
0.000 0.000 0.000 0.000 0.000 0.000 0.000 0.000 0.000 0.000 0.000 0.000 0.000 0.000 0.000 0.000 0.000 0.000 0.000 0.000 0.000 0.000 0.000 0.000 0.000 0.000 0.000 0.000 0.000 0.000 0.000 0.000 0.000 0.000 0.000 0.000 0.000 0.000 0.000 0.000 0.000 0.000 0.000 0.000 0.001 0.001 0.001 0.001 0.001 0.001 0.001 0.001 0.001 0.001 0.001 0.001 0.001 0.001 0.001 0.002 0.002 0.002 0.002 0.003 0.003 0.004 0.004 0.005 0.006 0.008 0.009 0.009 0.010 0.012 0.014 0.017 0.020
0.000 0.000 0.000 0.000 0.000 0.000 0.000 0.000 0.000 0.000 0.000 0.000 0.000 0.000 0.000 0.000 0.000 0.000 0.000 0.000 0.000 0.000 0.000 0.000 0.000 0.000 0.000 0.000 0.000 0.000 0.000 0.000 0.000 0.000 0.000 0.000 0.000 0.000 0.000 0.000 0.000 0.000 0.000 0.000 0.001 0.001 0.001 0.001 0.001 0.001 0.001 0.002 0.002 0.003 0.003 0.004 0.004 0.005 0.006 0.006 0.007 0.008 0.008 0.009 0.010 0.011 0.013 0.016 0.020 0.024 0.029 0.036 0.043 0.051 0.061 0.072 0.084
0.000 0.000 0.000 0.000 0.000 0.000 0.000 0.000 0.000 0.000 0.000 0.000 0.000 0.000 0.000 0.000 0.000 0.000 0.000 0.000 0.000 0.000 0.000 0.000 0.000 0.000 0.000 0.000 0.000 0.000 0.000 0.000 0.000 0.000 0.000 0.000 0.000 0.001 0.001 0.001 0.001 0.002 0.002 0.002 0.003 0.003 0.004 0.004 0.005 0.005 0.005 0.006 0.007 0.007 0.008 0.008 0.009 0.010 0.011 0.014 0.017 0.022 0.027 0.033 0.041 0.049 0.059 0.071 0.084 0.099 0.115 0.134 0.154 0.176 0.200 0.226 0.254
0.000 0.000 0.000 0.000 0.000 0.000 0.000 0.000 0.000 0.000 0.000 0.000 0.000 0.000 0.000 0.000 0.000 0.000 0.000 0.000 0.000 0.000 0.000 0.000 0.000 0.000 0.000 0.000 0.000 0.000 0.001 0.001 0.001 0.002 0.002 0.002 0.003 0.003 0.003 0.004 0.004 0.005 0.005 0.005 0.006 0.006 0.007 0.007 0.008 0.008 0.009 0.010 0.012 0.016 0.021 0.027 0.034 0.043 0.053 0.065 0.079 0.094 0.111 0.130 0.150 0.173 0.197 0.224 0.253 0.284 0.317 0.352 0.387 0.424 0.462 0.501 0.540
0.000 0.000 0.000 0.000 0.000 0.000 0.000 0.000 0.000 0.000 0.000 0.000 0.000 0.000 0.000 0.000 0.000 0.000 0.000 0.000 0.000 0.000 0.000 0.001 0.001 0.001 0.001 0.002 0.002 0.003 0.003 0.003 0.004 0.004 0.004 0.005 0.005 0.005 0.006 0.006 0.006 0.007 0.007 0.008 0.009 0.010 0.012 0.017 0.022 0.030 0.039 0.050 0.063 0.078 0.095 0.115 0.137 0.161 0.187 0.216 0.246 0.278 0.312 0.347 0.383 0.420 0.459 0.500 0.542 0.585 0.628 0.671 0.714 0.757 0.799 0.840 0.880
0.000 0.000 0.000 0.000 0.000 0.000 0.000 0.000 0.000 0.000 0.000 0.001 0.001 0.001 0.001 0.001 0.001 0.001 0.002 0.002 0.002 0.002 0.003 0.003 0.003 0.003 0.004 0.004 0.004 0.004 0.005 0.005 0.005 0.006 0.006 0.006 0.007 0.007 0.008 0.009 0.010 0.014 0.019 0.027 0.036 0.048 0.063 0.080 0.100 0.123 0.149 0.177 0.209 0.243 0.280 0.318 0.359 0.401 0.444 0.488 0.532 0.576 0.620 0.664 0.707 0.749 0.791 0.837 0.882 0.926 0.970 1.013 1.055 1.097 1.138 1.177 1.216
0.001 0.001 0.001 0.001 0.001 0.001 0.001 0.002 0.002 0.002 0.002 0.002 0.002 0.002 0.003 0.003 0.003 0.003 0.003 0.003 0.004 0.004 0.004 0.004 0.005 0.005 0.005 0.005 0.006 0.006 0.006 0.007 0.007 0.008 0.008 0.009 0.013 0.019 0.027 0.038 0.051 0.067 0.087 0.110 0.136 0.166 0.199 0.235 0.275 0.317 0.362 0.408 0.457 0.506 0.557 0.608 0.659 0.709 0.759 0.808 0.855 0.901 0.946 0.988 1.028 1.066 1.103 1.142 1.178 1.211 1.240 1.265 1.287 1.307 1.323 1.336 1.347
0.002 0.002 0.002 0.003 0.003 0.003 0.003 0.003 0.003 0.003 0.003 0.003 0.004 0.004 0.004 0.004 0.004 0.004 0.005 0.005 0.005 0.005 0.005 0.006 0.006 0.006 0.007 0.007 0.008 0.008 0.009 0.013 0.019 0.028 0.038 0.052 0.068 0.088 0.110 0.136 0.165 0.196 0.231 0.268 0.308 0.349 0.393 0.438 0.486 0.534 0.585 0.637 0.690 0.745 0.802 0.860 0.918 0.978 1.039 1.100 1.161 1.223 1.284 1.344 1.404 1.462 1.522 1.589 1.656 1.722 1.788 1.853 1.917 1.979 2.040 2.100 2.158
0.003 0.004 0.004 0.004 0.004 0.004 0.005 0.005 0.005 0.005 0.005 0.005 0.005 0.005 0.005 0.006 0.006 0.006 0.006 0.006 0.006 0.007 0.007 0.008 0.009 0.013 0.019 0.028 0.040 0.053 0.069 0.088 0.108 0.130 0.154 0.178 0.203 0.228 0.252 0.276 0.299 0.322 0.343 0.364 0.386 0.407 0.430 0.453 0.479 0.507 0.537 0.569 0.603 0.640 0.679 0.719 0.760 0.802 0.844 0.887 0.929 0.970 1.010 1.048 1.085 1.120 1.154 1.190 1.222 1.248 1.269 1.285 1.296 1.303 1.305 1.302 1.295
0.004 0.005 0.006 0.006 0.006 0.006 0.006 0.006 0.006 0.007 0.007 0.007 0.007 0.007 0.008 0.008 0.009 0.014 0.021 0.031 0.044 0.060 0.079 0.102 0.129 0.160 0.197 0.238 0.284 0.336 0.393 0.455 0.523 0.596 0.674 0.758 0.846 0.938 1.034 1.132 1.232 1.333 1.433 1.532 1.628 1.720 1.806 1.886 1.959 2.025 2.082 2.133 2.175 2.211 2.241 2.266 2.287 2.304 2.319 2.333 2.346 2.360 2.374 2.389 2.406 2.425 2.450 2.492 2.537 2.587 2.642 2.702 2.766 2.834 2.905 2.979 3.056
0.004 0.006 0.006 0.007 0.007 0.007 0.007 0.007 0.007 0.008 0.008 0.008 0.009 0.011 0.015 0.021 0.026 0.033 0.039 0.046 0.053 0.060 0.067 0.074 0.081 0.088 0.095 0.102 0.109 0.116 0.123 0.129 0.136 0.144 0.152 0.161 0.171 0.182 0.195 0.210 0.226 0.245 0.267 0.292 0.319 0.350 0.383 0.419 0.457 0.498 0.540 0.583 0.626 0.669 0.710 0.750 0.787 0.821 0.851 0.878 0.900 0.919 0.933 0.943 0.950 0.953 0.954 0.956 0.954 0.947 0.938 0.925 0.910 0.894 0.875 0.855 0.835
0.006 0.011 0.019 0.026 0.034 0.042 0.051 0.060 0.071 0.083 0.096 0.111 0.129 0.148 0.171 0.196 0.224 0.255 0.289 0.327 0.368 0.412 0.460 0.511 0.565 0.623 0.683 0.747 0.813 0.882 0.953 1.026 1.102 1.179 1.257 1.337 1.419 1.501 1.584 1.667 1.751 1.835 1.919 2.003 2.087 2.170 2.252 2.333 2.414 2.493 2.571 2.647 2.722 2.796 2.867 2.937 3.005 3.071 3.136 3.198 3.258 3.316 3.372 3.426 3.478 3.529 3.587 3.660 3.729 3.795 3.859 3.922 3.983 4.043 4.102 4.159 4.215
0.004 0.006 0.006 0.007 0.007 0.007 0.007 0.007 0.007 0.008 0.008 0.008 0.009 0.011 0.015 0.021 0.026 0.033 0.039 0.046 0.053 0.060 0.067 0.074 0.081 0.088 0.095 0.102 0.109 0.116 0.123 0.129 0.136 0.144 0.152 0.161 0.171 0.182 0.195 0.210 0.226 0.245 0.267 0.292 0.319 0.349 0.383 0.419 0.457 0.498 0.540 0.583 0.626 0.669 0.710 0.750 0.787 0.821 0.851 0.878 0.900 0.918 0.933 0.943 0.950 0.953 0.954 0.956 0.953 0.947 0.937 0.925 0.910 0.893 0.875 0.855 0.835
0.004 0.005 0.006 0.006 0.006 0.006 0.006 0.006 0.006 0.007 0.007 0.007 0.007 0.007 0.008 0.008 0.009 0.014 0.021 0.031 0.044 0.060 0.079 0.102 0.129 0.160 0.197 0.238 0.284 0.336 0.393 0.455 0.523 0.596 0.674 0.758 0.846 0.938 1.034 1.132 1.232 1.333 1.433 1.532 1.628 1.720 1.806 1.886 1.959 2.025 2.083 2.133 2.176 2.212 2.242 2.266 2.287 2.304 2.320 2.333 2.347 2.360 2.374 2.390 2.406 2.425 2.451 2.492 2.537 2.588 2.643 2.702 2.767 2.834 2.906 2.980 3.057
0.003 0.004 0.004 0.004 0.004 0.004 0.005 0.005 0.005 0.005 0.005 0.005 0.005 0.005 0.005 0.006 0.006 0.006 0.006 0.006 0.006 0.007 0.007 0.008 0.009 0.013 0.019 0.028 0.040 0.053 0.069 0.088 0.108 0.130 0.154 0.178 0.203 0.228 0.252 0.276 0.299 0.322 0.343 0.365 0.386 0.407 0.430 0.454 0.479 0.507 0.537 0.569 0.603 0.640 0.679 0.719 0.760 0.802 0.845 0.887 0.929 0.970 1.010 1.048 1.085 1.120 1.154 1.190 1.222 1.248 1.269 1.285 1.296 1.303 1.305 1.302 1.295
0.002 0.002 0.002 0.003 0.003 0.003 0.003 0.003 0.003 0.003 0.003 0.003 0.004 0.004 0.004 0.004 0.004 0.004 0.005 0.005 0.005 0.005 0.005 0.006 0.006 0.006 0.007 0.007 0.008 0.008 0.009 0.013 0.019 0.028 0.038 0.052 0.068 0.088 0.110 0.136 0.165 0.196 0.231 0.268 0.308 0.349 0.393 0.438 0.486 0.534 0.585 0.637 0.690 0.745 0.802 0.860 0.918 0.978 1.039 1.100 1.162 1.223 1.284 1.344 1.404 1.462 1.522 1.589 1.656 1.723 1.788 1.853 1.917 1.979 2.041 2.100 2.159
0.001 0.001 0.001 0.001 0.001 0.001 0.001 0.002 0.002 0.002 0.002 0.002 0.002 0.002 0.003 0.003 0.003 0.003 0.003 0.003 0.004 0.004 0.004 0.004 0.005 0.005 0.005 0.005 0.006 0.006 0.006 0.007 0.007 0.008 0.008 0.009 0.013 0.019 0.027 0.038 0.051 0.067 0.087 0.110 0.136 0.166 0.199 0.235 0.275 0.317 0.362 0.408 0.457 0.506 0.557 0.608 0.659 0.709 0.759 0.808 0.855 0.901 0.946 0.988 1.028 1.066 1.103 1.142 1.178 1.211 1.240 1.265 1.288 1.307 1.323 1.336 1.347
0.000 0.000 0.000 0.000 0.000 0.000 0.000 0.000 0.000 0.000 0.000 0.001 0.001 0.001 0.001 0.001 0.001 0.001 0.002 0.002 0.002 0.002 0.003 0.003 0.003 0.003 0.004 0.004 0.004 0.004 0.005 0.005 0.005 0.006 0.006 0.006 0.007 0.007 0.008 0.009 0.010 0.014 0.019 0.027 0.036 0.048 0.063 0.080 0.100 0.123 0.149 0.177 0.209 0.243 0.280 0.318 0.359 0.401 0.444 0.487 0.532 0.576 0.620 0.664 0.707 0.749 0.791 0.837 0.882 0.926 0.970 1.013 1.056 1.097 1.138 1.177 1.216
0.000 0.000 0.000 0.000 0.000 0.000 0.000 0.000 0.000 0.000 0.000 0.000 0.000 0.000 0.000 0.000 0.000 0.000 0.000 0.000 0.000 0.000 0.000 0.001 0.001 0.001 0.001 0.002 0.002 0.003 0.003 0.003 0.004 0.004 0.004 0.005 0.005 0.005 0.006 0.006 0.006 0.007 0.007 0.008 0.009 0.010 0.012 0.017 0.022 0.030 0.039 0.050 0.063 0.078 0.095 0.115 0.137 0.161 0.187 0.216 0.246 0.278 0.312 0.347 0.383 0.420 0.459 0.500 0.542 0.585 0.628 0.671 0.714 0.757 0.799 0.840 0.880
0.000 0.000 0.000 0.000 0.000 0.000 0.000 0.000 0.000 0.000 0.000 0.000 0.000 0.000 0.000 0.000 0.000 0.000 0.000 0.000 0.000 0.000 0.000 0.000 0.000 0.000 0.000 0.000 0.000 0.000 0.001 0.001 0.001 0.002 0.002 0.002 0.003 0.003 0.003 0.004 0.004 0.005 0.005 0.005 0.006 0.006 0.007 0.007 0.008 0.008 0.009 0.010 0.012 0.016 0.021 0.027 0.034 0.043 0.053 0.065 0.079 0.094 0.111 0.130 0.150 0.172 0.197 0.224 0.253 0.284 0.317 0.351 0.387 0.424 0.462 0.500 0.539
0.000 0.000 0.000 0.000 0.000 0.000 0.000 0.000 0.000 0.000 0.000 0.000 0.000 0.000 0.000 0.000 0.000 0.000 0.000 0.000 0.000 0.000 0.000 0.000 0.000 0.000 0.000 0.000 0.000 0.000 0.000 0.000 0.000 0.000 0.000 0.000 0.000 0.001 0.001 0.001 0.001 0.002 0.002 0.002 0.003 0.003 0.004 0.004 0.005 0.005 0.005 0.006 0.007 0.007 0.008 0.008 0.009 0.010 0.011 0.014 0.017 0.022 0.027 0.033 0.041 0.049 0.059 0.070 0.084 0.099 0.115 0.134 0.154 0.176 0.200 0.226 0.253
0.000 0.000 0.000 0.000 0.000 0.000 0.000 0.000 0.000 0.000 0.000 0.000 0.000 0.000 0.000 0.000 0.000 0.000 0.000 0.000 0.000 0.000 0.000 0.000 0.000 0.000 0.000 0.000 0.000 0.000 0.000 0.000 0.000 0.000 0.000 0.000 0.000 0.000 0.000 0.000 0.000 0.000 0.000 0.000 0.001 0.001 0.001 0.001 0.001 0.001 0.001 0.002 0.002 0.003 0.003 0.004 0.004 0.005 0.006 0.006 0.007 0.008 0.008 0.009 0.010 0.011 0.013 0.016 0.020 0.024 0.029 0.035 0.043 0.051 0.061 0.072 0.084
0.000 0.000 0.000 0.000 0.000 0.000 0.000 0.000 0.000 0.000 0.000 0.000 0.000 0.000 0.000 0.000 0.000 0.000 0.000 0.000 0.000 0.000 0.000 0.000 0.000 0.000 0.000 0.000 0.000 0.000 0.000 0.000 0.000 0.000 0.000 0.000 0.000 0.000 0.000 0.000 0.000 0.000 0.000 0.000 0.001 0.001 0.001 0.001 0.001 0.001 0.001 0.001 0.001 0.001 0.001 0.001 0.001 0.001 0.001 0.002 0.002 0.002 0.002 0.003 0.003 0.004 0.004 0.005 0.006 0.007 0.009 0.009 0.010 0.012 0.014 0.017 0.020
0.000 0.000 0.000 0.000 0.000 0.000 0.000 0.000 0.000 0.000 0.000 0.000 0.000 0.000 0.000 0.000 0.000 0.000 0.000 0.000 0.000 0.000 0.000 0.000 0.000 0.000 0.000 0.000 0.000 0.000 0.000 0.000 0.000 0.000 0.000 0.000 0.000 0.000 0.000 0.000 0.000 0.000 0.000 0.000 0.000 0.000 0.000 0.000 0.000 0.000 0.000 0.000 0.000 0.000 0.000 0.001 0.001 0.001 0.001 0.001 0.001 0.001 0.001 0.001 0.001 0.001 0.002 0.002 0.002 0.002 0.002 0.002 0.003 0.003 0.004 0.004 0.005
0.000 0.000 0.000 0.000 0.000 0.000 0.000 0.000 0.000 0.000 0.000 0.000 0.000 0.000 0.000 0.000 0.000 0.000 0.000 0.000 0.000 0.000 0.000 0.000 0.000 0.000 0.000 0.000 0.000 0.000 0.000 0.000 0.000 0.000 0.000 0.000 0.000 0.000 0.000 0.000 0.000 0.000 0.000 0.000 0.000 0.000 0.000 0.000 0.000 0.000 0.000 0.000 0.000 0.000 0.000 0.000 0.000 0.000 0.000 0.000 0.000 0.000 0.000 0.000 0.000 0.000 0.000 0.000 0.000 0.001 0.001 0.001 0.001 0.001 0.001 0.001 0.002
0.000 0.000 0.000 0.000 0.000 0.000 0.000 0.000 0.000 0.000 0.000 0.000 0.000 0.000 0.000 0.000 0.000 0.000 0.000 0.000 0.000 0.000 0.000 0.000 0.000 0.000 0.000 0.000 0.000 0.000 0.000 0.000 0.000 0.000 0.000 0.000 0.000 0.000 0.000 0.000 0.000 0.000 0.000 0.000 0.000 0.000 0.000 0.000 0.000 0.000 0.000 0.000 0.000 0.000 0.000 0.000 0.000 0.000 0.000 0.000 0.000 0.000 0.000 0.000 0.000 0.000 0.000 0.000 0.000 0.000 0.000 0.000 0.000 0.000 0.000 0.000 0.000
0.000 0.000 0.000 0.000 0.000 0.000 0.000 0.000 0.000 0.000 0.000 0.000 0.000 0.000 0.000 0.000 0.000 0.000 0.000 0.000 0.000 0.000 0.000 0.000 0.000 0.000 0.000 0.000 0.000 0.000 0.000 0.000 0.000 0.000 0.000 0.000 0.000 0.000 0.000 0.000 0.000 0.000 0.000 0.000 0.000 0.000 0.000 0.000 0.000 0.000 0.000 0.000 0.000 0.000 0.000 0.000 0.000 0.000 0.000 0.000 0.000 0.000 0.000 0.000 0.000 0.000 0.000 0.000 0.000 0.000 0.000 0.000 0.000 0.000 0.000 0.000 0.000
