Examples/2023_ISeeSnow/data/CoulombOnly/Results/curv77s/h/1HS_03_curv77s_MoT-Voellmy_h_0065.asc
ncols        91
nrows        69
xllcorner    3832.5
yllcorner    -4422.5
cellsize     5.00
NODATA_value -9999
[rows 0 to 33 of 69, columns 0 to 76 of 91]
0.000 0.000 0.000 0.000 0.000 0.000 0.000 0.000 0.000 0.000 0.000 0.000 0.000 0.000 0.000 0.000 0.000 0.000 0.000 0.000 0.000 0.000 0.000 0.000 0.000 0.001 0.001 0.001 0.002 0.002 0.002 0.003 0.003 0.004 0.004 0.005 0.005 0.006 0.006 0.007 0.007 0.007 0.007 0.007 0.007 0.007 0.006 0.005 0.004 0.003 0.002 0.002 0.001 0.000 0.000 0.000 0.000 0.000 0.000 0.000 0.000 0.000 0.000 0.000 0.000 0.000 0.000 0.000 0.000 0.000 0.000 0.000 0.000 0.000 0.000 0.000 0.000
0.000 0.000 0.000 0.000 0.000 0.000 0.000 0.000 0.000 0.000 0.000 0.000 0.000 0.000 0.000 0.000 0.000 0.001 0.001 0.001 0.002 0.002 0.003 0.003 0.003 0.004 0.004 0.005 0.005 0.006 0.007 0.007 0.008 0.010 0.011 0.012 0.014 0.016 0.017 0.019 0.020 0.021 0.022 0.022 0.022 0.022 0.021 0.020 0.018 0.016 0.015 0.013 0.011 0.009 0.006 0.003 0.002 0.001 0.000 0.000 0.000 0.000 0.000 0.000 0.000 0.000 0.000 0.000 0.000 0.000 0.000 0.000 0.000 0.000 0.000 0.000 0.000
0.000 0.000 0.000 0.000 0.000 0.000 0.000 0.000 0.000 0.001 0.001 0.001 0.002 0.002 0.002 0.002 0.003 0.003 0.003 0.003 0.003 0.004 0.004 0.005 0.005 0.006 0.007 0.009 0.010 0.012 0.014 0.016 0.019 0.022 0.025 0.029 0.033 0.036 0.040 0.043 0.046 0.049 0.051 0.052 0.052 0.051 0.050 0.047 0.045 0.041 0.037 0.033 0.029 0.025 0.021 0.018 0.014 0.011 0.009 0.004 0.002 0.001 0.000 0.000 0.000 0.000 0.000 0.000 0.000 0.000 0.000 0.000 0.000 0.000 0.000 0.000 0.000
0.000 0.000 0.001 0.001 0.002 0.002 0.002 0.002 0.002 0.002 0.002 0.002 0.002 0.003 0.003 0.003 0.003 0.004 0.004 0.005 0.005 0.006 0.008 0.009 0.010 0.011 0.013 0.016 0.019 0.023 0.027 0.032 0.038 0.044 0.051 0.058 0.065 0.072 0.079 0.086 0.092 0.097 0.100 0.103 0.104 0.103 0.101 0.097 0.092 0.086 0.079 0.071 0.063 0.055 0.047 0.040 0.033 0.027 0.022 0.018 0.014 0.011 0.007 0.002 0.001 0.000 0.000 0.000 0.000 0.000 0.000 0.000 0.000 0.000 0.000 0.000 0.000
0.002 0.002 0.002 0.002 0.002 0.002 0.002 0.002 0.002 0.003 0.003 0.003 0.004 0.004 0.004 0.005 0.006 0.007 0.007 0.008 0.008 0.009 0.010 0.012 0.015 0.019 0.023 0.028 0.034 0.041 0.049 0.058 0.067 0.078 0.089 0.101 0.113 0.125 0.136 0.147 0.157 0.165 0.172 0.176 0.178 0.178 0.175 0.170 0.163 0.153 0.142 0.130 0.117 0.104 0.091 0.078 0.066 0.055 0.046 0.037 0.029 0.023 0.018 0.014 0.010 0.006 0.002 0.000 0.000 0.000 0.000 0.000 0.000 0.000 0.000 0.000 0.000
0.002 0.002 0.002 0.002 0.003 0.003 0.003 0.003 0.004 0.004 0.005 0.006 0.006 0.007 0.007 0.007 0.007 0.007 0.008 0.009 0.010 0.012 0.016 0.020 0.025 0.031 0.038 0.046 0.056 0.066 0.078 0.092 0.106 0.122 0.139 0.156 0.174 0.192 0.209 0.224 0.239 0.251 0.261 0.268 0.272 0.273 0.270 0.264 0.254 0.242 0.227 0.210 0.192 0.172 0.153 0.134 0.115 0.098 0.082 0.067 0.055 0.044 0.035 0.027 0.021 0.016 0.012 0.009 0.003 0.000 0.000 0.000 0.000 0.000 0.000 0.000 0.000
0.002 0.003 0.004 0.004 0.005 0.005 0.006 0.006 0.006 0.006 0.006 0.006 0.006 0.007 0.007 0.007 0.007 0.008 0.009 0.011 0.014 0.019 0.024 0.031 0.038 0.047 0.057 0.069 0.082 0.097 0.114 0.133 0.153 0.174 0.197 0.220 0.243 0.267 0.289 0.310 0.330 0.346 0.360 0.370 0.376 0.378 0.376 0.369 0.359 0.344 0.326 0.304 0.281 0.256 0.230 0.204 0.178 0.154 0.131 0.109 0.090 0.074 0.059 0.047 0.037 0.029 0.022 0.017 0.013 0.009 0.004 0.000 0.000 0.000 0.000 0.000 0.000
0.005 0.006 0.006 0.006 0.006 0.006 0.006 0.006 0.006 0.006 0.006 0.006 0.007 0.007 0.007 0.007 0.008 0.009 0.012 0.016 0.022 0.028 0.035 0.044 0.054 0.066 0.079 0.095 0.112 0.132 0.154 0.177 0.203 0.229 0.257 0.286 0.315 0.344 0.372 0.398 0.422 0.444 0.461 0.475 0.484 0.488 0.486 0.480 0.469 0.452 0.432 0.407 0.379 0.349 0.317 0.284 0.252 0.220 0.190 0.162 0.136 0.112 0.092 0.074 0.059 0.047 0.036 0.028 0.021 0.016 0.012 0.009 0.003 0.000 0.000 0.000 0.000
0.005 0.005 0.006 0.006 0.006 0.006 0.006 0.006 0.006 0.006 0.006 0.006 0.007 0.007 0.007 0.008 0.009 0.012 0.017 0.023 0.030 0.038 0.048 0.059 0.072 0.086 0.103 0.123 0.144 0.168 0.194 0.222 0.252 0.284 0.317 0.351 0.385 0.419 0.452 0.483 0.512 0.538 0.560 0.577 0.589 0.595 0.596 0.591 0.579 0.562 0.540 0.512 0.481 0.446 0.409 0.371 0.332 0.293 0.256 0.221 0.188 0.158 0.131 0.107 0.087 0.070 0.055 0.043 0.033 0.026 0.019 0.015 0.011 0.007 0.001 0.000 0.000
0.005 0.005 0.006 0.006 0.006 0.006 0.006 0.006 0.006 0.006 0.006 0.007 0.007 0.007 0.008 0.009 0.012 0.017 0.023 0.030 0.039 0.049 0.061 0.074 0.090 0.107 0.127 0.150 0.175 0.203 0.233 0.265 0.299 0.335 0.373 0.411 0.450 0.489 0.526 0.562 0.596 0.626 0.652 0.674 0.689 0.699 0.702 0.698 0.687 0.670 0.647 0.617 0.583 0.544 0.503 0.459 0.415 0.370 0.326 0.284 0.245 0.208 0.175 0.145 0.119 0.097 0.077 0.061 0.048 0.037 0.029 0.022 0.017 0.013 0.009 0.003 0.000
0.005 0.005 0.006 0.006 0.006 0.006 0.006 0.006 0.006 0.006 0.007 0.007 0.007 0.008 0.009 0.011 0.016 0.022 0.030 0.038 0.048 0.060 0.074 0.089 0.107 0.127 0.150 0.176 0.204 0.234 0.268 0.303 0.341 0.381 0.423 0.465 0.508 0.551 0.593 0.634 0.672 0.707 0.738 0.763 0.783 0.797 0.803 0.801 0.792 0.775 0.751 0.721 0.684 0.642 0.597 0.548 0.498 0.448 0.398 0.350 0.304 0.261 0.221 0.186 0.154 0.126 0.102 0.082 0.065 0.051 0.040 0.031 0.024 0.018 0.014 0.010 0.005
0.005 0.005 0.006 0.006 0.006 0.006 0.006 0.006 0.006 0.007 0.007 0.007 0.007 0.008 0.010 0.015 0.021 0.028 0.036 0.046 0.058 0.071 0.086 0.104 0.123 0.146 0.171 0.199 0.229 0.263 0.299 0.337 0.378 0.421 0.465 0.511 0.558 0.605 0.652 0.697 0.740 0.779 0.815 0.846 0.870 0.888 0.897 0.899 0.892 0.877 0.853 0.821 0.783 0.739 0.689 0.636 0.581 0.525 0.470 0.415 0.363 0.314 0.269 0.227 0.190 0.158 0.129 0.105 0.084 0.067 0.052 0.041 0.032 0.024 0.019 0.014 0.011
0.004 0.006 0.006 0.006 0.006 0.006 0.006 0.006 0.006 0.007 0.007 0.007 0.008 0.009 0.013 0.018 0.025 0.033 0.043 0.053 0.066 0.081 0.097 0.117 0.138 0.162 0.189 0.219 0.251 0.286 0.324 0.365 0.408 0.454 0.501 0.550 0.600 0.651 0.701 0.751 0.798 0.843 0.884 0.920 0.949 0.971 0.985 0.991 0.987 0.973 0.950 0.919 0.879 0.833 0.780 0.724 0.664 0.602 0.541 0.481 0.422 0.367 0.316 0.269 0.227 0.189 0.156 0.128 0.103 0.083 0.066 0.052 0.040 0.031 0.024 0.018 0.014
0.004 0.006 0.006 0.006 0.006 0.006 0.006 0.006 0.007 0.007 0.007 0.007 0.008 0.011 0.016 0.022 0.029 0.038 0.048 0.060 0.074 0.090 0.107 0.128 0.151 0.176 0.204 0.235 0.269 0.306 0.345 0.388 0.433 0.480 0.530 0.581 0.634 0.688 0.742 0.796 0.848 0.898 0.944 0.985 1.020 1.047 1.066 1.076 1.075 1.065 1.043 1.013 0.973 0.924 0.869 0.809 0.745 0.678 0.611 0.545 0.481 0.420 0.363 0.311 0.263 0.221 0.183 0.151 0.123 0.099 0.079 0.063 0.049 0.039 0.030 0.023 0.018
0.004 0.005 0.006 0.006 0.006 0.006 0.006 0.006 0.007 0.007 0.007 0.008 0.009 0.012 0.018 0.025 0.033 0.043 0.054 0.066 0.081 0.097 0.116 0.137 0.161 0.187 0.216 0.248 0.283 0.321 0.361 0.405 0.451 0.500 0.551 0.605 0.660 0.717 0.774 0.832 0.888 0.943 0.994 1.041 1.081 1.114 1.139 1.153 1.157 1.149 1.131 1.101 1.061 1.012 0.955 0.892 0.824 0.753 0.681 0.609 0.539 0.472 0.409 0.351 0.299 0.251 0.210 0.173 0.142 0.115 0.093 0.074 0.058 0.046 0.036 0.028 0.021
0.004 0.005 0.006 0.006 0.006 0.006 0.006 0.006 0.007 0.007 0.007 0.008 0.010 0.014 0.021 0.028 0.036 0.046 0.058 0.071 0.086 0.103 0.123 0.145 0.169 0.196 0.225 0.258 0.293 0.332 0.373 0.417 0.464 0.514 0.566 0.621 0.678 0.738 0.798 0.859 0.920 0.979 1.035 1.087 1.134 1.172 1.202 1.222 1.230 1.227 1.211 1.184 1.145 1.096 1.037 0.972 0.901 0.825 0.748 0.671 0.596 0.523 0.455 0.391 0.333 0.281 0.235 0.195 0.160 0.130 0.105 0.084 0.067 0.053 0.041 0.032 0.025
0.004 0.005 0.006 0.006 0.006 0.006 0.006 0.006 0.007 0.007 0.007 0.008 0.011 0.016 0.023 0.030 0.039 0.050 0.062 0.075 0.091 0.108 0.128 0.150 0.175 0.202 0.232 0.265 0.300 0.339 0.380 0.424 0.472 0.522 0.575 0.631 0.690 0.751 0.813 0.877 0.942 1.005 1.066 1.124 1.176 1.221 1.256 1.282 1.295 1.296 1.284 1.259 1.221 1.173 1.114 1.047 0.973 0.895 0.814 0.732 0.651 0.573 0.499 0.430 0.367 0.310 0.260 0.216 0.177 0.145 0.117 0.094 0.075 0.060 0.047 0.037 0.029
0.004 0.005 0.006 0.006 0.006 0.006 0.006 0.007 0.007 0.007 0.008 0.009 0.012 0.017 0.024 0.032 0.042 0.052 0.064 0.078 0.094 0.112 0.132 0.154 0.179 0.206 0.236 0.268 0.304 0.342 0.383 0.428 0.475 0.525 0.579 0.635 0.695 0.757 0.821 0.888 0.955 1.022 1.088 1.151 1.208 1.259 1.300 1.331 1.349 1.355 1.346 1.324 1.289 1.242 1.184 1.116 1.041 0.960 0.876 0.790 0.704 0.621 0.542 0.467 0.399 0.338 0.283 0.235 0.194 0.158 0.128 0.103 0.083 0.066 0.052 0.041 0.032
0.004 0.005 0.006 0.006 0.006 0.006 0.006 0.007 0.007 0.007 0.008 0.009 0.013 0.019 0.026 0.034 0.043 0.054 0.066 0.080 0.096 0.114 0.134 0.156 0.181 0.208 0.237 0.270 0.305 0.342 0.383 0.427 0.474 0.524 0.577 0.633 0.693 0.756 0.821 0.890 0.959 1.030 1.100 1.167 1.230 1.286 1.333 1.369 1.393 1.404 1.399 1.381 1.348 1.302 1.245 1.177 1.102 1.019 0.933 0.844 0.755 0.667 0.583 0.504 0.431 0.364 0.305 0.253 0.209 0.170 0.138 0.111 0.089 0.071 0.056 0.044 0.034
0.004 0.005 0.006 0.006 0.006 0.006 0.006 0.007 0.007 0.007 0.008 0.009 0.013 0.019 0.026 0.035 0.044 0.055 0.068 0.081 0.097 0.115 0.135 0.157 0.181 0.207 0.237 0.268 0.303 0.340 0.380 0.423 0.468 0.518 0.570 0.626 0.685 0.748 0.814 0.884 0.955 1.028 1.101 1.173 1.240 1.300 1.352 1.393 1.422 1.436 1.436 1.420 1.391 1.348 1.293 1.227 1.152 1.070 0.983 0.893 0.801 0.710 0.622 0.539 0.461 0.390 0.326 0.271 0.222 0.181 0.147 0.118 0.094 0.075 0.059 0.047 0.036
0.004 0.005 0.006 0.006 0.006 0.006 0.006 0.007 0.007 0.007 0.008 0.009 0.013 0.020 0.027 0.035 0.045 0.056 0.068 0.082 0.097 0.115 0.134 0.156 0.179 0.205 0.234 0.265 0.298 0.334 0.373 0.415 0.459 0.507 0.559 0.613 0.672 0.734 0.800 0.870 0.943 1.019 1.096 1.172 1.245 1.314 1.374 1.424 1.461 1.482 1.488 1.477 1.449 1.406 1.350 1.282 1.205 1.120 1.031 0.938 0.844 0.751 0.659 0.572 0.489 0.414 0.346 0.287 0.235 0.191 0.155 0.124 0.099 0.078 0.062 0.049 0.038
0.004 0.005 0.006 0.006 0.006 0.006 0.006 0.007 0.007 0.007 0.008 0.009 0.013 0.019 0.027 0.035 0.044 0.055 0.067 0.081 0.096 0.113 0.132 0.153 0.176 0.201 0.229 0.259 0.291 0.326 0.363 0.404 0.447 0.493 0.543 0.596 0.653 0.714 0.780 0.849 0.921 0.996 1.070 1.143 1.211 1.272 1.324 1.363 1.391 1.406 1.408 1.399 1.378 1.346 1.304 1.251 1.190 1.119 1.042 0.958 0.870 0.779 0.689 0.600 0.515 0.437 0.365 0.302 0.247 0.200 0.161 0.129 0.102 0.081 0.063 0.050 0.039
0.004 0.005 0.006 0.006 0.006 0.006 0.006 0.007 0.007 0.007 0.008 0.009 0.013 0.019 0.026 0.034 0.044 0.054 0.066 0.079 0.094 0.111 0.129 0.149 0.171 0.196 0.222 0.251 0.282 0.315 0.351 0.389 0.430 0.475 0.522 0.573 0.629 0.689 0.754 0.825 0.903 0.986 1.077 1.173 1.272 1.372 1.467 1.552 1.622 1.671 1.697 1.697 1.672 1.624 1.555 1.471 1.374 1.269 1.160 1.050 0.941 0.835 0.733 0.636 0.544 0.460 0.384 0.316 0.258 0.208 0.166 0.132 0.104 0.082 0.064 0.050 0.039
0.004 0.005 0.006 0.006 0.006 0.006 0.006 0.007 0.007 0.007 0.008 0.009 0.012 0.018 0.025 0.033 0.042 0.052 0.063 0.076 0.090 0.106 0.124 0.143 0.165 0.188 0.213 0.240 0.269 0.301 0.335 0.371 0.410 0.452 0.498 0.546 0.599 0.655 0.715 0.776 0.838 0.898 0.951 0.996 1.031 1.057 1.076 1.086 1.089 1.086 1.076 1.063 1.045 1.025 1.003 0.979 0.953 0.923 0.889 0.850 0.803 0.749 0.686 0.616 0.541 0.466 0.393 0.326 0.266 0.214 0.170 0.134 0.105 0.082 0.064 0.049 0.038
0.004 0.005 0.006 0.006 0.006 0.006 0.006 0.006 0.007 0.007 0.007 0.008 0.010 0.016 0.022 0.030 0.039 0.049 0.059 0.072 0.085 0.101 0.117 0.136 0.156 0.178 0.201 0.227 0.254 0.284 0.315 0.349 0.386 0.425 0.468 0.515 0.569 0.629 0.699 0.781 0.877 0.990 1.119 1.264 1.416 1.562 1.694 1.807 1.896 1.960 1.999 2.012 2.001 1.967 1.911 1.833 1.736 1.620 1.489 1.346 1.195 1.041 0.895 0.760 0.636 0.527 0.431 0.349 0.279 0.221 0.173 0.135 0.104 0.080 0.062 0.047 0.036
0.004 0.005 0.006 0.006 0.006 0.006 0.006 0.006 0.007 0.007 0.007 0.008 0.009 0.013 0.019 0.027 0.035 0.044 0.054 0.066 0.079 0.093 0.109 0.126 0.145 0.165 0.187 0.211 0.236 0.264 0.293 0.324 0.358 0.393 0.431 0.471 0.513 0.555 0.597 0.637 0.675 0.711 0.743 0.771 0.794 0.817 0.838 0.854 0.864 0.865 0.854 0.832 0.800 0.760 0.715 0.669 0.626 0.589 0.559 0.535 0.518 0.503 0.485 0.463 0.433 0.396 0.354 0.306 0.258 0.211 0.168 0.131 0.101 0.077 0.058 0.044 0.033
0.004 0.005 0.006 0.006 0.006 0.006 0.006 0.006 0.007 0.007 0.007 0.007 0.008 0.010 0.015 0.022 0.030 0.038 0.048 0.059 0.070 0.083 0.098 0.114 0.131 0.150 0.170 0.191 0.215 0.240 0.268 0.298 0.332 0.370 0.413 0.464 0.524 0.595 0.682 0.784 0.899 1.024 1.157 1.293 1.426 1.550 1.661 1.755 1.829 1.884 1.920 1.939 1.940 1.926 1.898 1.855 1.799 1.729 1.645 1.548 1.436 1.310 1.170 1.020 0.864 0.711 0.567 0.439 0.332 0.248 0.184 0.135 0.100 0.073 0.054 0.039 0.029
0.003 0.005 0.006 0.006 0.006 0.006 0.006 0.006 0.006 0.007 0.007 0.007 0.008 0.008 0.011 0.017 0.024 0.032 0.040 0.050 0.061 0.073 0.086 0.100 0.116 0.132 0.150 0.169 0.188 0.207 0.227 0.246 0.267 0.290 0.316 0.345 0.377 0.414 0.455 0.500 0.550 0.607 0.669 0.734 0.800 0.864 0.922 0.969 1.003 1.019 1.016 0.993 0.952 0.894 0.824 0.746 0.665 0.584 0.508 0.437 0.375 0.323 0.283 0.253 0.232 0.218 0.205 0.191 0.173 0.152 0.128 0.103 0.080 0.061 0.044 0.032 0.024
0.004 0.005 0.006 0.006 0.006 0.006 0.006 0.006 0.006 0.007 0.007 0.007 0.007 0.008 0.009 0.012 0.018 0.025 0.033 0.041 0.051 0.062 0.074 0.088 0.103 0.119 0.138 0.159 0.184 0.212 0.245 0.280 0.315 0.352 0.391 0.438 0.493 0.563 0.650 0.754 0.876 1.010 1.148 1.284 1.409 1.518 1.610 1.686 1.747 1.798 1.842 1.881 1.919 1.954 1.987 2.016 2.039 2.050 2.047 2.024 1.975 1.898 1.788 1.644 1.467 1.261 1.036 0.807 0.592 0.409 0.269 0.171 0.107 0.066 0.041 0.027 0.018
0.004 0.006 0.006 0.006 0.007 0.007 0.007 0.007 0.007 0.007 0.007 0.007 0.008 0.008 0.008 0.008 0.009 0.011 0.013 0.015 0.017 0.018 0.018 0.018 0.018 0.017 0.017 0.019 0.020 0.022 0.023 0.024 0.024 0.027 0.033 0.043 0.057 0.073 0.091 0.111 0.132 0.156 0.182 0.210 0.240 0.269 0.296 0.318 0.334 0.342 0.342 0.334 0.318 0.297 0.272 0.244 0.216 0.189 0.166 0.147 0.132 0.122 0.115 0.109 0.102 0.092 0.080 0.067 0.055 0.045 0.038 0.032 0.028 0.023 0.018 0.013 0.009
0.005 0.007 0.007 0.007 0.008 0.008 0.008 0.008 0.008 0.009 0.011 0.016 0.023 0.033 0.046 0.064 0.087 0.119 0.160 0.214 0.283 0.371 0.480 0.612 0.766 0.941 1.133 1.338 1.553 1.774 1.998 2.221 2.439 2.648 2.844 3.030 3.206 3.373 3.530 3.680 3.821 3.953 4.076 4.190 4.292 4.382 4.459 4.523 4.574 4.611 4.634 4.644 4.640 4.622 4.589 4.542 4.479 4.401 4.306 4.196 4.071 3.932 3.781 3.619 3.447 3.266 3.077 2.877 2.665 2.439 2.196 1.935 1.661 1.376 1.091 0.817 0.568
0.002 0.002 0.003 0.003 0.003 0.003 0.003 0.003 0.003 0.003 0.003 0.004 0.004 0.004 0.004 0.004 0.004 0.004 0.005 0.005 0.006 0.006 0.007 0.007 0.006 0.006 0.006 0.006 0.005 0.005 0.005 0.005 0.005 0.007 0.009 0.014 0.023 0.032 0.042 0.053 0.063 0.073 0.081 0.089 0.096 0.103 0.108 0.113 0.116 0.117 0.117 0.116 0.113 0.110 0.106 0.103 0.101 0.101 0.102 0.105 0.107 0.109 0.108 0.104 0.095 0.082 0.067 0.051 0.036 0.025 0.018 0.014 0.012 0.010 0.009 0.009 0.007
0.005 0.010 0.019 0.030 0.042 0.057 0.076 0.098 0.126 0.161 0.204 0.259 0.327 0.413 0.520 0.653 0.818 1.017 1.255 1.532 1.848 2.196 2.570 2.960 3.354 3.745 4.124 4.487 4.831 5.153 5.453 5.731 5.989 6.229 6.454 6.666 6.870 7.066 7.258 7.445 7.628 7.807 7.982 8.152 8.316 8.471 8.614 8.743 8.855 8.946 9.016 9.062 9.084 9.082 9.055 9.005 8.933 8.839 8.725 8.592 8.441 8.272 8.083 7.874 7.642 7.385 7.101 6.787 6.441 6.059 5.643 5.191 4.702 4.175 3.610 3.016 2.411
0.002 0.002 0.002 0.002 0.003 0.003 0.003 0.003 0.003 0.003 0.003 0.003 0.003 0.003 0.004 0.004 0.004 0.004 0.004 0.004 0.004 0.005 0.004 0.004 0.004 0.003 0.003 0.003 0.004 0.004 0.004 0.004 0.005 0.005 0.005 0.006 0.007 0.009 0.010 0.013 0.016 0.019 0.024 0.029 0.036 0.045 0.056 0.069 0.084 0.099 0.114 0.129 0.142 0.152 0.160 0.164 0.165 0.162 0.155 0.145 0.131 0.115 0.096 0.076 0.057 0.040 0.025 0.015 0.010 0.007 0.006 0.006 0.006 0.006 0.007 0.006 0.003
