Examples/2023_ISeeSnow/data/CoulombOnly/Results/curv77s/h/1HS_03_curv77s_MoT-Voellmy_h_0002.asc
ncols        66
nrows        35
xllcorner    1037.5
yllcorner    -4337.5
cellsize     5.00
NODATA_value -9999
0.000 0.000 0.000 0.000 0.000 0.000 0.000 0.000 0.000 0.000 0.000 0.000 0.000 0.000 0.000 0.000 0.000 0.000 0.000 0.000 0.000 0.000 0.000 0.000 0.000 0.000 0.000 0.000 0.000 0.000 0.000 0.000 0.000 0.000 0.000 0.000 0.000 0.000 0.000 0.000 0.000 0.000 0.000 0.000 0.000 0.000 0.000 0.000 0.000 0.000 0.000 0.000 0.000 0.000 0.000 0.000 0.000 0.000 0.000 0.000 0.000 0.000 0.000 0.000 0.000 0.000
0.000 0.005 0.010 0.014 0.016 0.016 0.016 0.016 0.016 0.015 0.015 0.015 0.015 0.015 0.014 0.014 0.014 0.014 0.014 0.013 0.013 0.013 0.012 0.012 0.012 0.012 0.011 0.011 0.011 0.011 0.010 0.010 0.010 0.009 0.009 0.009 0.008 0.008 0.008 0.007 0.007 0.007 0.006 0.006 0.006 0.005 0.005 0.005 0.005 0.004 0.004 0.004 0.003 0.003 0.003 0.002 0.002 0.002 0.002 0.002 0.001 0.001 0.000 0.000 0.000 0.000
0.000 0.100 0.155 0.208 0.228 0.232 0.232 0.231 0.229 0.228 0.227 0.225 0.224 0.222 0.221 0.219 0.218 0.216 0.214 0.212 0.210 0.209 0.207 0.205 0.202 0.200 0.198 0.196 0.193 0.191 0.188 0.186 0.183 0.181 0.178 0.175 0.172 0.169 0.166 0.163 0.159 0.156 0.152 0.149 0.145 0.141 0.137 0.134 0.129 0.125 0.121 0.117 0.112 0.108 0.103 0.098 0.093 0.088 0.083 0.077 0.072 0.056 0.024 0.006 0.000 0.000
0.000 0.824 0.939 1.136 1.221 1.246 1.252 1.255 1.256 1.258 1.259 1.261 1.263 1.264 1.266 1.268 1.270 1.272 1.274 1.276 1.278 1.280 1.283 1.285 1.287 1.290 1.292 1.295 1.298 1.300 1.303 1.306 1.309 1.312 1.315 1.319 1.322 1.325 1.329 1.332 1.336 1.340 1.344 1.348 1.352 1.356 1.360 1.364 1.369 1.373 1.378 1.382 1.387 1.392 1.397 1.402 1.407 1.413 1.418 1.424 1.419 1.191 0.843 0.341 0.070 0.007
0.000 0.958 1.083 1.342 1.446 1.474 1.479 1.478 1.477 1.476 1.474 1.473 1.471 1.470 1.468 1.466 1.465 1.463 1.461 1.459 1.457 1.455 1.453 1.451 1.449 1.446 1.444 1.442 1.439 1.437 1.434 1.432 1.429 1.426 1.423 1.420 1.417 1.414 1.411 1.408 1.405 1.401 1.398 1.394 1.391 1.387 1.383 1.379 1.375 1.371 1.367 1.363 1.359 1.354 1.350 1.345 1.341 1.336 1.331 1.326 1.311 1.086 0.776 0.328 0.071 0.007
0.000 0.962 1.091 1.352 1.457 1.487 1.493 1.494 1.494 1.495 1.495 1.495 1.495 1.496 1.496 1.496 1.496 1.497 1.497 1.497 1.497 1.498 1.498 1.498 1.499 1.499 1.499 1.499 1.500 1.500 1.500 1.501 1.501 1.501 1.502 1.502 1.502 1.503 1.503 1.503 1.504 1.504 1.505 1.505 1.505 1.506 1.506 1.506 1.507 1.507 1.507 1.508 1.508 1.508 1.509 1.509 1.509 1.510 1.510 1.510 1.500 1.265 0.899 0.373 0.079 0.008
0.000 0.964 1.096 1.358 1.465 1.495 1.501 1.502 1.502 1.502 1.502 1.502 1.502 1.502 1.502 1.502 1.502 1.502 1.503 1.503 1.503 1.503 1.503 1.503 1.503 1.503 1.503 1.503 1.503 1.504 1.504 1.504 1.504 1.504 1.504 1.504 1.504 1.505 1.505 1.505 1.505 1.505 1.505 1.505 1.506 1.506 1.506 1.506 1.506 1.506 1.507 1.507 1.507 1.507 1.507 1.508 1.508 1.508 1.508 1.508 1.498 1.266 0.904 0.377 0.080 0.008
0.000 0.963 1.096 1.359 1.466 1.496 1.502 1.503 1.503 1.503 1.503 1.503 1.503 1.504 1.504 1.504 1.504 1.504 1.504 1.504 1.505 1.505 1.505 1.505 1.505 1.505 1.506 1.506 1.506 1.506 1.506 1.507 1.507 1.507 1.507 1.507 1.508 1.508 1.508 1.508 1.509 1.509 1.509 1.509 1.510 1.510 1.510 1.511 1.511 1.511 1.512 1.512 1.512 1.513 1.513 1.513 1.514 1.514 1.514 1.515 1.505 1.273 0.909 0.380 0.081 0.009
0.000 0.962 1.096 1.359 1.466 1.496 1.502 1.503 1.503 1.503 1.503 1.503 1.503 1.503 1.504 1.504 1.504 1.504 1.504 1.504 1.504 1.505 1.505 1.505 1.505 1.505 1.505 1.506 1.506 1.506 1.506 1.506 1.507 1.507 1.507 1.507 1.508 1.508 1.508 1.508 1.509 1.509 1.509 1.509 1.510 1.510 1.510 1.511 1.511 1.511 1.512 1.512 1.512 1.513 1.513 1.513 1.514 1.514 1.514 1.515 1.505 1.274 0.911 0.381 0.082 0.009
0.000 0.960 1.096 1.359 1.465 1.496 1.502 1.503 1.503 1.503 1.503 1.503 1.503 1.503 1.504 1.504 1.504 1.504 1.504 1.504 1.504 1.505 1.505 1.505 1.505 1.505 1.505 1.506 1.506 1.506 1.506 1.506 1.507 1.507 1.507 1.507 1.507 1.508 1.508 1.508 1.508 1.509 1.509 1.509 1.510 1.510 1.510 1.510 1.511 1.511 1.511 1.512 1.512 1.512 1.513 1.513 1.513 1.514 1.514 1.515 1.505 1.275 0.912 0.383 0.082 0.009
0.000 0.959 1.096 1.358 1.465 1.496 1.502 1.503 1.503 1.503 1.503 1.503 1.503 1.503 1.503 1.504 1.504 1.504 1.504 1.504 1.504 1.504 1.505 1.505 1.505 1.505 1.505 1.505 1.506 1.506 1.506 1.506 1.506 1.507 1.507 1.507 1.507 1.508 1.508 1.508 1.508 1.509 1.509 1.509 1.509 1.510 1.510 1.510 1.511 1.511 1.511 1.512 1.512 1.512 1.513 1.513 1.513 1.514 1.514 1.514 1.505 1.275 0.914 0.384 0.083 0.009
0.000 0.959 1.096 1.358 1.465 1.496 1.502 1.503 1.503 1.503 1.503 1.503 1.503 1.503 1.503 1.503 1.504 1.504 1.504 1.504 1.504 1.504 1.504 1.505 1.505 1.505 1.505 1.505 1.506 1.506 1.506 1.506 1.506 1.507 1.507 1.507 1.507 1.507 1.508 1.508 1.508 1.508 1.509 1.509 1.509 1.510 1.510 1.510 1.510 1.511 1.511 1.511 1.512 1.512 1.512 1.513 1.513 1.513 1.514 1.514 1.504 1.276 0.915 0.385 0.083 0.009
0.000 0.958 1.096 1.358 1.465 1.495 1.502 1.502 1.503 1.503 1.503 1.503 1.503 1.503 1.503 1.503 1.504 1.504 1.504 1.504 1.504 1.504 1.504 1.505 1.505 1.505 1.505 1.505 1.505 1.506 1.506 1.506 1.506 1.506 1.507 1.507 1.507 1.507 1.508 1.508 1.508 1.508 1.509 1.509 1.509 1.509 1.510 1.510 1.510 1.511 1.511 1.511 1.512 1.512 1.512 1.513 1.513 1.513 1.514 1.514 1.504 1.276 0.916 0.386 0.083 0.009
0.000 0.957 1.096 1.358 1.465 1.495 1.502 1.502 1.503 1.503 1.503 1.503 1.503 1.503 1.503 1.503 1.504 1.504 1.504 1.504 1.504 1.504 1.504 1.505 1.505 1.505 1.505 1.505 1.505 1.506 1.506 1.506 1.506 1.506 1.507 1.507 1.507 1.507 1.508 1.508 1.508 1.508 1.509 1.509 1.509 1.509 1.510 1.510 1.510 1.511 1.511 1.511 1.511 1.512 1.512 1.513 1.513 1.513 1.514 1.514 1.504 1.276 0.916 0.387 0.084 0.009
0.000 0.957 1.096 1.358 1.465 1.495 1.501 1.502 1.503 1.503 1.503 1.503 1.503 1.503 1.503 1.503 1.503 1.504 1.504 1.504 1.504 1.504 1.504 1.504 1.505 1.505 1.505 1.505 1.505 1.506 1.506 1.506 1.506 1.506 1.507 1.507 1.507 1.507 1.507 1.508 1.508 1.508 1.508 1.509 1.509 1.509 1.510 1.510 1.510 1.510 1.511 1.511 1.511 1.512 1.512 1.512 1.513 1.513 1.514 1.514 1.504 1.277 0.917 0.388 0.084 0.009
0.000 0.957 1.096 1.358 1.465 1.495 1.501 1.502 1.503 1.503 1.503 1.503 1.503 1.503 1.503 1.503 1.503 1.504 1.504 1.504 1.504 1.504 1.504 1.504 1.505 1.505 1.505 1.505 1.505 1.505 1.506 1.506 1.506 1.506 1.506 1.507 1.507 1.507 1.507 1.508 1.508 1.508 1.508 1.509 1.509 1.509 1.509 1.510 1.510 1.510 1.511 1.511 1.511 1.512 1.512 1.512 1.513 1.513 1.513 1.514 1.504 1.277 0.917 0.388 0.084 0.009
0.000 0.956 1.096 1.358 1.465 1.495 1.502 1.502 1.503 1.503 1.503 1.503 1.503 1.503 1.503 1.503 1.504 1.504 1.504 1.504 1.504 1.504 1.504 1.505 1.505 1.505 1.505 1.505 1.505 1.506 1.506 1.506 1.506 1.506 1.507 1.507 1.507 1.507 1.508 1.508 1.508 1.508 1.509 1.509 1.509 1.510 1.510 1.510 1.510 1.511 1.511 1.511 1.512 1.512 1.512 1.513 1.513 1.514 1.514 1.514 1.505 1.277 0.918 0.388 0.084 0.009
0.000 0.957 1.098 1.360 1.467 1.497 1.504 1.505 1.505 1.505 1.505 1.505 1.506 1.506 1.506 1.506 1.507 1.507 1.507 1.507 1.508 1.508 1.508 1.509 1.509 1.509 1.509 1.510 1.510 1.511 1.511 1.511 1.512 1.512 1.512 1.513 1.513 1.514 1.514 1.515 1.515 1.516 1.516 1.517 1.517 1.518 1.518 1.519 1.519 1.520 1.521 1.521 1.522 1.522 1.523 1.524 1.524 1.525 1.526 1.527 1.517 1.289 0.927 0.392 0.085 0.009
0.000 0.956 1.096 1.358 1.465 1.495 1.502 1.502 1.503 1.503 1.503 1.503 1.503 1.503 1.503 1.503 1.504 1.504 1.504 1.504 1.504 1.504 1.504 1.505 1.505 1.505 1.505 1.505 1.505 1.506 1.506 1.506 1.506 1.506 1.507 1.507 1.507 1.507 1.508 1.508 1.508 1.508 1.509 1.509 1.509 1.510 1.510 1.510 1.510 1.511 1.511 1.511 1.512 1.512 1.512 1.513 1.513 1.514 1.514 1.514 1.505 1.277 0.918 0.388 0.084 0.009
0.000 0.957 1.096 1.358 1.465 1.495 1.501 1.502 1.503 1.503 1.503 1.503 1.503 1.503 1.503 1.503 1.503 1.504 1.504 1.504 1.504 1.504 1.504 1.504 1.505 1.505 1.505 1.505 1.505 1.505 1.506 1.506 1.506 1.506 1.506 1.507 1.507 1.507 1.507 1.508 1.508 1.508 1.508 1.509 1.509 1.509 1.509 1.510 1.510 1.510 1.511 1.511 1.511 1.512 1.512 1.512 1.513 1.513 1.513 1.514 1.504 1.277 0.917 0.388 0.084 0.009
0.000 0.957 1.096 1.358 1.465 1.495 1.501 1.502 1.503 1.503 1.503 1.503 1.503 1.503 1.503 1.503 1.503 1.504 1.504 1.504 1.504 1.504 1.504 1.504 1.505 1.505 1.505 1.505 1.505 1.506 1.506 1.506 1.506 1.506 1.507 1.507 1.507 1.507 1.507 1.508 1.508 1.508 1.508 1.509 1.509 1.509 1.510 1.510 1.510 1.510 1.511 1.511 1.511 1.512 1.512 1.512 1.513 1.513 1.514 1.514 1.504 1.277 0.917 0.388 0.084 0.009
0.000 0.957 1.096 1.358 1.465 1.495 1.502 1.502 1.503 1.503 1.503 1.503 1.503 1.503 1.503 1.503 1.504 1.504 1.504 1.504 1.504 1.504 1.504 1.505 1.505 1.505 1.505 1.505 1.505 1.506 1.506 1.506 1.506 1.506 1.507 1.507 1.507 1.507 1.508 1.508 1.508 1.508 1.509 1.509 1.509 1.509 1.510 1.510 1.510 1.511 1.511 1.511 1.511 1.512 1.512 1.513 1.513 1.513 1.514 1.514 1.504 1.276 0.916 0.387 0.084 0.009
0.000 0.958 1.096 1.358 1.465 1.495 1.502 1.502 1.503 1.503 1.503 1.503 1.503 1.503 1.503 1.503 1.504 1.504 1.504 1.504 1.504 1.504 1.504 1.505 1.505 1.505 1.505 1.505 1.505 1.506 1.506 1.506 1.506 1.506 1.507 1.507 1.507 1.507 1.508 1.508 1.508 1.508 1.509 1.509 1.509 1.509 1.510 1.510 1.510 1.511 1.511 1.511 1.512 1.512 1.512 1.513 1.513 1.513 1.514 1.514 1.504 1.276 0.916 0.386 0.083 0.009
0.000 0.959 1.096 1.358 1.465 1.496 1.502 1.503 1.503 1.503 1.503 1.503 1.503 1.503 1.503 1.503 1.504 1.504 1.504 1.504 1.504 1.504 1.504 1.505 1.505 1.505 1.505 1.505 1.506 1.506 1.506 1.506 1.506 1.507 1.507 1.507 1.507 1.507 1.508 1.508 1.508 1.508 1.509 1.509 1.509 1.510 1.510 1.510 1.510 1.511 1.511 1.511 1.512 1.512 1.512 1.513 1.513 1.513 1.514 1.514 1.504 1.276 0.915 0.385 0.083 0.009
0.000 0.959 1.096 1.358 1.465 1.496 1.502 1.503 1.503 1.503 1.503 1.503 1.503 1.503 1.503 1.504 1.504 1.504 1.504 1.504 1.504 1.504 1.505 1.505 1.505 1.505 1.505 1.505 1.506 1.506 1.506 1.506 1.506 1.507 1.507 1.507 1.507 1.508 1.508 1.508 1.508 1.509 1.509 1.509 1.509 1.510 1.510 1.510 1.511 1.511 1.511 1.512 1.512 1.512 1.513 1.513 1.513 1.514 1.514 1.514 1.505 1.275 0.914 0.384 0.083 0.009
0.000 0.960 1.096 1.359 1.465 1.496 1.502 1.503 1.503 1.503 1.503 1.503 1.503 1.503 1.504 1.504 1.504 1.504 1.504 1.504 1.504 1.505 1.505 1.505 1.505 1.505 1.505 1.506 1.506 1.506 1.506 1.506 1.507 1.507 1.507 1.507 1.507 1.508 1.508 1.508 1.508 1.509 1.509 1.509 1.510 1.510 1.510 1.510 1.511 1.511 1.511 1.512 1.512 1.512 1.513 1.513 1.513 1.514 1.514 1.515 1.505 1.275 0.912 0.383 0.082 0.009
0.000 0.962 1.096 1.359 1.466 1.496 1.502 1.503 1.503 1.503 1.503 1.503 1.503 1.503 1.504 1.504 1.504 1.504 1.504 1.504 1.504 1.505 1.505 1.505 1.505 1.505 1.505 1.506 1.506 1.506 1.506 1.506 1.507 1.507 1.507 1.507 1.508 1.508 1.508 1.508 1.509 1.509 1.509 1.509 1.510 1.510 1.510 1.511 1.511 1.511 1.512 1.512 1.512 1.513 1.513 1.513 1.514 1.514 1.514 1.515 1.505 1.274 0.911 0.381 0.082 0.009
0.000 0.963 1.096 1.359 1.466 1.496 1.502 1.503 1.503 1.503 1.503 1.503 1.503 1.504 1.504 1.504 1.504 1.504 1.504 1.504 1.505 1.505 1.505 1.505 1.505 1.505 1.506 1.506 1.506 1.506 1.506 1.507 1.507 1.507 1.507 1.507 1.508 1.508 1.508 1.508 1.509 1.509 1.509 1.509 1.510 1.510 1.510 1.511 1.511 1.511 1.512 1.512 1.512 1.513 1.513 1.513 1.514 1.514 1.514 1.515 1.505 1.273 0.909 0.380 0.081 0.009
0.000 0.964 1.096 1.358 1.465 1.495 1.501 1.502 1.502 1.502 1.502 1.502 1.502 1.502 1.502 1.502 1.502 1.502 1.503 1.503 1.503 1.503 1.503 1.503 1.503 1.503 1.503 1.503 1.503 1.504 1.504 1.504 1.504 1.504 1.504 1.504 1.504 1.505 1.505 1.505 1.505 1.505 1.505 1.505 1.506 1.506 1.506 1.506 1.506 1.506 1.507 1.507 1.507 1.507 1.507 1.508 1.508 1.508 1.508 1.508 1.498 1.266 0.904 0.377 0.080 0.008
0.000 0.962 1.091 1.352 1.457 1.487 1.493 1.494 1.494 1.495 1.495 1.495 1.495 1.496 1.496 1.496 1.496 1.497 1.497 1.497 1.497 1.498 1.498 1.498 1.499 1.499 1.499 1.499 1.500 1.500 1.500 1.501 1.501 1.501 1.502 1.502 1.502 1.503 1.503 1.503 1.504 1.504 1.505 1.505 1.505 1.506 1.506 1.506 1.507 1.507 1.507 1.508 1.508 1.508 1.509 1.509 1.509 1.510 1.510 1.510 1.500 1.265 0.899 0.373 0.079 0.008
0.000 0.958 1.083 1.342 1.446 1.474 1.479 1.478 1.477 1.476 1.474 1.473 1.471 1.470 1.468 1.466 1.465 1.463 1.461 1.459 1.457 1.455 1.453 1.451 1.449 1.446 1.444 1.442 1.439 1.437 1.434 1.432 1.429 1.426 1.423 1.420 1.417 1.414 1.411 1.408 1.405 1.401 1.398 1.394 1.391 1.387 1.383 1.379 1.375 1.371 1.367 1.363 1.359 1.354 1.350 1.345 1.341 1.336 1.331 1.326 1.311 1.086 0.776 0.328 0.071 0.007
0.000 0.823 0.939 1.136 1.221 1.246 1.252 1.254 1.256 1.258 1.259 1.261 1.262 1.264 1.266 1.268 1.270 1.272 1.274 1.276 1.278 1.280 1.282 1.285 1.287 1.290 1.292 1.295 1.298 1.300 1.303 1.306 1.309 1.312 1.315 1.318 1.322 1.325 1.329 1.332 1.336 1.340 1.343 1.347 1.351 1.355 1.360 1.364 1.368 1.373 1.377 1.382 1.387 1.392 1.397 1.402 1.407 1.412 1.418 1.423 1.418 1.191 0.843 0.341 0.070 0.007
0.000 0.100 0.155 0.208 0.228 0.232 0.232 0.231 0.229 0.228 0.227 0.225 0.224 0.222 0.221 0.219 0.218 0.216 0.214 0.212 0.211 0.209 0.207 0.205 0.203 0.200 0.198 0.196 0.194 0.191 0.189 0.186 0.183 0.181 0.178 0.175 0.172 0.169 0.166 0.163 0.159 0.156 0.153 0.149 0.145 0.142 0.138 0.134 0.130 0.126 0.121 0.117 0.112 0.108 0.103 0.098 0.093 0.088 0.083 0.078 0.072 0.056 0.024 0.006 0.000 0.000
0.000 0.005 0.010 0.014 0.016 0.016 0.016 0.016 0.016 0.016 0.015 0.015 0.015 0.015 0.014 0.014 0.014 0.014 0.014 0.013 0.013 0.013 0.013 0.012 0.012 0.012 0.011 0.011 0.011 0.011 0.010 0.010 0.010 0.009 0.009 0.009 0.008 0.008 0.008 0.007 0.007 0.007 0.006 0.006 0.006 0.006 0.005 0.005 0.005 0.004 0.004 0.004 0.003 0.003 0.003 0.003 0.002 0.002 0.002 0.002 0.001 0.001 0.000 0.000 0.000 0.000
0.000 0.000 0.000 0.000 0.000 0.000 0.000 0.000 0.000 0.000 0.000 0.000 0.000 0.000 0.000 0.000 0.000 0.000 0.000 0.000 0.000 0.000 0.000 0.000 0.000 0.000 0.000 0.000 0.000 0.000 0.000 0.000 0.000 0.000 0.000 0.000 0.000 0.000 0.000 0.000 0.000 0.000 0.000 0.000 0.000 0.000 0.000 0.000 0.000 0.000 0.000 0.000 0.000 0.000 0.000 0.000 0.000 0.000 0.000 0.000 0.000 0.000 0.000 0.000 0.000 0.000
