Examples/2023_ISeeSnow/data/CoulombOnly/Results/curv77s/1HS_03_curv77s_MoT-Voellmy_s_max.asc
ncols        1001
nrows        301
xllcorner    997.5
yllcorner    -5002.5
cellsize     5.00
NODATA_value -9999
[rows 160 to 191 of 301, columns 511 to 583 of 1001]
66.928 66.705 66.429 66.138 66.006 65.765 65.438 65.312 65.027 64.806 64.570 64.314 64.084 63.846 63.564 63.381 63.073 62.860 62.639 62.346 62.067 61.883 61.637 61.362 61.081 60.801 60.528 60.295 60.052 59.794 59.497 59.252 59.004 58.749 58.485 58.206 57.908 57.596 57.378 57.104 56.774 56.537 56.253 55.930 55.685 55.341 55.106 54.771 54.509 54.205 53.878 53.624 53.306 52.956 52.693 52.398 52.076 51.742 51.405 51.068 50.808 50.495 50.168 49.831 49.486 49.133 48.773 48.483 48.157 47.809 47.444 47.065 46.746
66.668 66.447 66.214 65.964 65.692 65.490 65.323 65.085 64.778 64.593 64.390 64.063 63.912 63.645 63.406 63.170 62.920 62.668 62.450 62.123 61.972 61.696 61.389 61.215 60.959 60.664 60.359 60.169 59.934 59.673 59.404 59.134 58.865 58.597 58.328 58.058 57.782 57.498 57.202 56.945 56.701 56.419 56.102 55.830 55.575 55.249 54.987 54.699 54.384 54.116 53.793 53.517 53.211 52.892 52.624 52.284 51.984 51.697 51.360 51.031 50.751 50.414 50.037 49.779 49.439 49.053 48.789 48.437 48.085 47.778 47.399 47.077 46.727
66.389 66.169 65.943 65.712 65.476 65.232 64.975 64.799 64.614 64.388 64.121 63.811 63.672 63.450 63.128 62.964 62.715 62.440 62.243 61.942 61.754 61.470 61.236 61.005 60.675 60.508 60.252 59.943 59.704 59.487 59.226 58.944 58.660 58.379 58.104 57.836 57.573 57.314 57.057 56.799 56.536 56.265 55.981 55.681 55.352 55.129 54.854 54.529 54.253 53.982 53.618 53.394 53.067 52.790 52.469 52.183 51.854 51.570 51.229 50.947 50.599 50.314 49.964 49.669 49.321 49.012 48.672 48.340 48.012 47.649 47.341 46.936 46.652
66.016 65.809 65.573 65.332 65.097 64.872 64.657 64.450 64.247 64.045 63.837 63.618 63.380 63.117 62.822 62.674 62.462 62.166 61.944 61.739 61.400 61.264 60.955 60.769 60.451 60.278 59.962 59.757 59.506 59.186 58.985 58.746 58.460 58.157 57.910 57.684 57.428 57.157 56.882 56.607 56.331 56.053 55.773 55.487 55.193 54.887 54.648 54.380 54.083 53.758 53.486 53.218 52.893 52.590 52.322 51.990 51.683 51.405 51.069 50.753 50.471 50.134 49.796 49.516 49.182 48.807 48.534 48.211 47.851 47.508 47.204 46.861 46.496
65.521 65.270 65.092 64.919 64.672 64.422 64.275 64.090 63.873 63.648 63.423 63.200 62.979 62.756 62.527 62.287 62.028 61.790 61.625 61.402 61.118 60.879 60.691 60.390 60.192 59.939 59.685 59.446 59.196 58.922 58.713 58.400 58.186 57.944 57.645 57.366 57.158 56.900 56.619 56.332 56.046 55.765 55.488 55.216 54.946 54.678 54.408 54.134 53.854 53.565 53.266 52.958 52.631 52.376 52.096 51.798 51.488 51.169 50.844 50.541 50.256 49.950 49.634 49.309 48.979 48.645 48.293 47.994 47.677 47.350 47.016 46.678 46.336
64.915 64.708 64.507 64.297 64.138 63.894 63.729 63.533 63.275 63.112 62.934 62.710 62.471 62.235 62.007 61.789 61.580 61.377 61.175 60.968 60.750 60.512 60.248 59.963 59.807 59.574 59.256 59.092 58.829 58.574 58.343 58.073 57.832 57.588 57.282 57.094 56.809 56.508 56.308 56.043 55.747 55.441 55.203 54.960 54.693 54.414 54.131 53.846 53.560 53.271 52.981 52.689 52.396 52.101 51.804 51.504 51.203 50.899 50.592 50.283 49.971 49.656 49.338 49.016 48.690 48.419 48.112 47.795 47.470 47.138 46.800 46.454 46.101
64.308 64.097 63.887 63.678 63.471 63.266 63.062 62.861 62.655 62.479 62.252 62.080 61.883 61.629 61.482 61.291 61.060 60.820 60.584 60.371 60.176 59.958 59.724 59.526 59.322 59.103 58.863 58.593 58.328 58.153 57.900 57.609 57.428 57.122 56.928 56.632 56.425 56.091 55.918 55.627 55.353 55.130 54.839 54.514 54.319 54.055 53.751 53.425 53.206 52.943 52.643 52.320 52.039 51.793 51.504 51.187 50.851 50.584 50.317 50.010 49.676 49.324 49.076 48.783 48.451 48.092 47.795 47.508 47.171 46.796 46.496 46.191 45.826
63.619 63.414 63.208 63.000 62.792 62.583 62.375 62.166 61.958 61.751 61.547 61.344 61.142 60.943 60.739 60.561 60.343 60.146 59.975 59.732 59.515 59.357 59.153 58.930 58.704 58.480 58.259 58.040 57.816 57.584 57.337 57.069 56.865 56.662 56.398 56.116 55.930 55.643 55.415 55.159 54.895 54.648 54.377 54.120 53.856 53.576 53.331 53.015 52.799 52.460 52.241 51.934 51.653 51.389 51.024 50.824 50.493 50.214 49.929 49.550 49.344 48.997 48.711 48.408 48.054 47.799 47.422 47.155 46.806 46.491 46.168 45.806 45.516
62.695 62.523 62.345 62.162 61.973 61.780 61.584 61.386 61.184 60.982 60.778 60.573 60.368 60.164 59.960 59.756 59.552 59.351 59.151 58.952 58.760 58.556 58.362 58.182 57.933 57.764 57.577 57.353 57.117 56.883 56.656 56.437 56.223 56.010 55.795 55.571 55.335 55.081 54.808 54.554 54.354 54.109 53.822 53.552 53.344 53.073 52.748 52.556 52.284 51.952 51.751 51.460 51.151 50.922 50.597 50.337 50.063 49.710 49.489 49.162 48.872 48.594 48.218 47.992 47.660 47.340 47.062 46.688 46.420 46.080 45.778 45.401 45.121
61.159 61.096 61.011 60.907 60.787 60.653 60.508 60.353 60.189 60.018 59.840 59.657 59.469 59.278 59.083 58.886 58.687 58.487 58.286 58.084 57.883 57.681 57.481 57.286 57.089 56.892 56.707 56.494 56.311 56.114 55.862 55.713 55.499 55.247 55.020 54.840 54.626 54.392 54.150 53.906 53.663 53.420 53.178 52.936 52.693 52.448 52.199 51.946 51.687 51.422 51.148 50.866 50.574 50.325 50.081 49.812 49.525 49.222 48.906 48.627 48.374 48.089 47.780 47.455 47.108 46.859 46.573 46.235 45.946 45.613 45.334 44.992 44.642
58.059 58.217 58.324 58.482 58.593 58.654 58.675 58.660 58.616 58.548 58.458 58.350 58.226 58.090 57.942 57.786 57.621 57.449 57.271 57.089 56.901 56.711 56.517 56.321 56.125 55.928 55.730 55.533 55.337 55.145 54.950 54.740 54.562 54.379 54.125 53.984 53.722 53.564 53.278 53.134 52.878 52.648 52.451 52.187 51.926 51.740 51.499 51.225 50.935 50.722 50.497 50.243 49.973 49.695 49.412 49.126 48.838 48.568 48.327 48.062 47.784 47.498 47.198 46.887 46.544 46.318 46.035 45.667 45.417 45.079 44.760 44.469 44.121
40.724 43.602 46.297 48.824 51.207 53.460 54.754 55.300 55.689 55.777 55.964 56.019 56.056 56.099 56.105 56.077 56.023 55.945 55.847 55.733 55.605 55.465 55.314 55.155 54.987 54.813 54.633 54.450 54.263 54.074 53.883 53.690 53.495 53.298 53.103 52.913 52.719 52.515 52.319 52.155 51.965 51.735 51.472 51.322 51.091 50.837 50.653 50.350 50.193 49.877 49.715 49.412 49.207 48.939 48.654 48.445 48.135 47.886 47.639 47.341 47.053 46.775 46.511 46.247 45.962 45.638 45.358 45.075 44.723 44.456 44.104 43.823 43.504
14.145 17.062 20.149 23.350 26.616 29.948 33.192 36.273 39.173 41.895 44.447 46.844 49.107 51.207 52.296 52.856 53.073 53.241 53.328 53.434 53.465 53.487 53.474 53.431 53.364 53.275 53.169 53.048 52.914 52.769 52.614 52.451 52.282 52.107 51.925 51.741 51.553 51.365 51.171 50.989 50.813 50.608 50.395 50.198 50.020 49.821 49.607 49.379 49.177 48.985 48.773 48.535 48.264 48.011 47.817 47.517 47.337 47.039 46.799 46.563 46.295 46.021 45.744 45.463 45.171 44.864 44.572 44.316 44.013 43.676 43.417 43.071 42.791
0.847 1.489 2.410 3.629 5.144 6.950 9.039 11.396 13.986 16.780 19.725 22.768 25.869 29.018 32.071 34.970 37.700 40.266 42.677 44.945 47.088 48.932 49.878 50.363 50.534 50.779 50.728 50.789 50.822 50.819 50.783 50.722 50.637 50.534 50.417 50.288 50.149 49.998 49.838 49.671 49.499 49.319 49.133 48.955 48.766 48.590 48.385 48.223 48.009 47.790 47.582 47.389 47.206 47.009 46.773 46.504 46.320 46.038 45.837 45.579 45.273 45.072 44.820 44.551 44.275 43.998 43.720 43.436 43.148 42.853 42.548 42.239 41.904
0.002 0.010 0.010 0.011 0.029 0.087 0.223 0.480 0.914 1.581 2.521 3.748 5.258 7.042 9.092 11.388 13.898 16.591 19.413 22.319 25.272 28.245 31.109 33.818 36.372 38.776 41.039 43.171 45.185 46.690 47.333 47.761 47.969 48.077 48.080 48.110 48.091 48.059 47.998 47.917 47.819 47.705 47.581 47.441 47.286 47.123 46.956 46.795 46.620 46.438 46.252 46.090 45.890 45.681 45.477 45.283 45.087 44.882 44.644 44.405 44.205 43.916 43.729 43.438 43.221 42.952 42.659 42.434 42.144 41.835 41.600 41.296 40.969
0.000 0.000 0.000 0.000 0.000 0.000 0.000 0.001 0.003 0.010 0.010 0.012 0.034 0.102 0.253 0.532 0.994 1.691 2.657 3.902 5.417 7.192 9.217 11.466 13.909 16.509 19.217 21.989 24.811 27.610 30.272 32.770 35.117 37.328 39.420 41.404 43.269 44.277 44.769 45.116 45.194 45.332 45.343 45.300 45.255 45.194 45.105 45.010 44.914 44.769 44.638 44.488 44.325 44.144 43.977 43.812 43.612 43.428 43.251 43.043 42.821 42.599 42.377 42.157 41.935 41.711 41.479 41.238 40.986 40.722 40.441 40.136 39.890
0.000 0.000 0.000 0.000 0.000 0.000 0.000 0.000 0.000 0.000 0.000 0.000 0.000 0.000 0.000 0.001 0.005 0.010 0.010 0.014 0.042 0.122 0.293 0.600 1.097 1.833 2.834 4.104 5.631 7.404 9.405 11.605 13.978 16.480 19.066 21.702 24.366 26.943 29.388 31.692 33.860 35.899 37.822 39.644 41.059 41.729 42.045 42.349 42.351 42.398 42.368 42.353 42.285 42.225 42.117 41.985 41.853 41.709 41.569 41.397 41.219 41.040 40.847 40.618 40.447 40.243 40.024 39.795 39.600 39.349 39.080 38.825 38.599
0.000 0.000 0.000 0.000 0.000 0.000 0.000 0.000 0.000 0.000 0.000 0.000 0.000 0.000 0.000 0.000 0.000 0.000 0.000 0.000 0.000 0.000 0.000 0.001 0.006 0.010 0.010 0.017 0.054 0.151 0.347 0.689 1.230 2.012 3.055 4.355 5.900 7.673 9.650 11.805 14.104 16.502 18.963 21.474 23.951 26.300 28.507 30.581 32.539 34.392 36.150 37.732 38.597 39.024 39.187 39.350 39.306 39.353 39.290 39.270 39.156 39.049 38.938 38.773 38.644 38.454 38.261 38.079 37.903 37.714 37.484 37.272 37.049
0.000 0.000 0.000 0.000 0.000 0.000 0.000 0.000 0.000 0.000 0.000 0.000 0.000 0.000 0.000 0.000 0.000 0.000 0.000 0.000 0.000 0.000 0.000 0.000 0.000 0.000 0.000 0.000 0.000 0.000 0.000 0.002 0.009 0.010 0.011 0.023 0.073 0.192 0.420 0.807 1.401 2.239 3.333 4.673 6.243 8.020 9.975 12.082 14.296 16.582 18.910 21.235 23.465 25.570 27.551 29.414 31.170 32.825 34.378 35.291 35.738 35.893 36.103 36.116 36.117 36.047 36.030 35.918 35.800 35.654 35.506 35.297 35.158
0.000 0.000 0.000 0.000 0.000 0.000 0.000 0.000 0.000 0.000 0.000 0.000 0.000 0.000 0.000 0.000 0.000 0.000 0.000 0.000 0.000 0.000 0.000 0.000 0.000 0.000 0.000 0.000 0.000 0.000 0.000 0.000 0.000 0.000 0.000 0.000 0.000 0.000 0.000 0.003 0.010 0.010 0.011 0.033 0.102 0.250 0.523 0.968 1.632 2.540 3.695 5.083 6.677 8.450 10.372 12.404 14.509 16.659 18.811 20.879 22.834 24.673 26.401 28.024 29.552 30.987 31.868 32.350 32.530 32.598 32.681 32.659 32.604
0.000 0.000 0.000 0.000 0.000 0.000 0.000 0.000 0.000 0.000 0.000 0.000 0.000 0.000 0.000 0.000 0.000 0.000 0.000 0.000 0.000 0.000 0.000 0.000 0.000 0.000 0.000 0.000 0.000 0.000 0.000 0.000 0.000 0.000 0.000 0.000 0.000 0.000 0.000 0.000 0.000 0.000 0.000 0.000 0.000 0.000 0.001 0.005 0.010 0.011 0.015 0.054 0.149 0.340 0.672 1.192 1.939 2.928 4.147 5.572 7.173 8.918 10.766 12.685 14.648 16.603 18.474 20.239 21.897 23.449 24.906 26.279 27.544
0.000 0.000 0.000 0.000 0.000 0.000 0.000 0.000 0.000 0.000 0.000 0.000 0.000 0.000 0.000 0.000 0.000 0.000 0.000 0.000 0.000 0.000 0.000 0.000 0.000 0.000 0.000 0.000 0.000 0.000 0.000 0.000 0.000 0.000 0.000 0.000 0.000 0.000 0.000 0.000 0.000 0.000 0.000 0.000 0.000 0.000 0.000 0.000 0.000 0.000 0.000 0.000 0.000 0.000 0.002 0.009 0.010 0.011 0.030 0.091 0.225 0.472 0.879 1.488 2.324 3.385 4.646 6.076 7.637 9.291 11.009 12.771 14.482
0.000 0.000 0.000 0.000 0.000 0.000 0.000 0.000 0.000 0.000 0.000 0.000 0.000 0.000 0.000 0.000 0.000 0.000 0.000 0.000 0.000 0.000 0.000 0.000 0.000 0.000 0.000 0.000 0.000 0.000 0.000 0.000 0.000 0.000 0.000 0.000 0.000 0.000 0.000 0.000 0.000 0.000 0.000 0.000 0.000 0.000 0.000 0.000 0.000 0.000 0.000 0.000 0.000 0.000 0.000 0.000 0.000 0.000 0.000 0.000 0.000 0.001 0.004 0.010 0.011 0.020 0.060 0.153 0.337 0.651 1.139 1.829 2.727
0.000 0.000 0.000 0.000 0.000 0.000 0.000 0.000 0.000 0.000 0.000 0.000 0.000 0.000 0.000 0.000 0.000 0.000 0.000 0.000 0.000 0.000 0.000 0.000 0.000 0.000 0.000 0.000 0.000 0.000 0.000 0.000 0.000 0.000 0.000 0.000 0.000 0.000 0.000 0.000 0.000 0.000 0.000 0.000 0.000 0.000 0.000 0.000 0.000 0.000 0.000 0.000 0.000 0.000 0.000 0.000 0.000 0.000 0.000 0.000 0.000 0.000 0.000 0.000 0.000 0.000 0.000 0.000 0.000 0.002 0.009 0.010 0.018
0.000 0.000 0.000 0.000 0.000 0.000 0.000 0.000 0.000 0.000 0.000 0.000 0.000 0.000 0.000 0.000 0.000 0.000 0.000 0.000 0.000 0.000 0.000 0.000 0.000 0.000 0.000 0.000 0.000 0.000 0.000 0.000 0.000 0.000 0.000 0.000 0.000 0.000 0.000 0.000 0.000 0.000 0.000 0.000 0.000 0.000 0.000 0.000 0.000 0.000 0.000 0.000 0.000 0.000 0.000 0.000 0.000 0.000 0.000 0.000 0.000 0.000 0.000 0.000 0.000 0.000 0.000 0.000 0.000 0.000 0.000 0.000 0.000
0.000 0.000 0.000 0.000 0.000 0.000 0.000 0.000 0.000 0.000 0.000 0.000 0.000 0.000 0.000 0.000 0.000 0.000 0.000 0.000 0.000 0.000 0.000 0.000 0.000 0.000 0.000 0.000 0.000 0.000 0.000 0.000 0.000 0.000 0.000 0.000 0.000 0.000 0.000 0.000 0.000 0.000 0.000 0.000 0.000 0.000 0.000 0.000 0.000 0.000 0.000 0.000 0.000 0.000 0.000 0.000 0.000 0.000 0.000 0.000 0.000 0.000 0.000 0.000 0.000 0.000 0.000 0.000 0.000 0.000 0.000 0.000 0.000
0.000 0.000 0.000 0.000 0.000 0.000 0.000 0.000 0.000 0.000 0.000 0.000 0.000 0.000 0.000 0.000 0.000 0.000 0.000 0.000 0.000 0.000 0.000 0.000 0.000 0.000 0.000 0.000 0.000 0.000 0.000 0.000 0.000 0.000 0.000 0.000 0.000 0.000 0.000 0.000 0.000 0.000 0.000 0.000 0.000 0.000 0.000 0.000 0.000 0.000 0.000 0.000 0.000 0.000 0.000 0.000 0.000 0.000 0.000 0.000 0.000 0.000 0.000 0.000 0.000 0.000 0.000 0.000 0.000 0.000 0.000 0.000 0.000
0.000 0.000 0.000 0.000 0.000 0.000 0.000 0.000 0.000 0.000 0.000 0.000 0.000 0.000 0.000 0.000 0.000 0.000 0.000 0.000 0.000 0.000 0.000 0.000 0.000 0.000 0.000 0.000 0.000 0.000 0.000 0.000 0.000 0.000 0.000 0.000 0.000 0.000 0.000 0.000 0.000 0.000 0.000 0.000 0.000 0.000 0.000 0.000 0.000 0.000 0.000 0.000 0.000 0.000 0.000 0.000 0.000 0.000 0.000 0.000 0.000 0.000 0.000 0.000 0.000 0.000 0.000 0.000 0.000 0.000 0.000 0.000 0.000
0.000 0.000 0.000 0.000 0.000 0.000 0.000 0.000 0.000 0.000 0.000 0.000 0.000 0.000 0.000 0.000 0.000 0.000 0.000 0.000 0.000 0.000 0.000 0.000 0.000 0.000 0.000 0.000 0.000 0.000 0.000 0.000 0.000 0.000 0.000 0.000 0.000 0.000 0.000 0.000 0.000 0.000 0.000 0.000 0.000 0.000 0.000 0.000 0.000 0.000 0.000 0.000 0.000 0.000 0.000 0.000 0.000 0.000 0.000 0.000 0.000 0.000 0.000 0.000 0.000 0.000 0.000 0.000 0.000 0.000 0.000 0.000 0.000
0.000 0.000 0.000 0.000 0.000 0.000 0.000 0.000 0.000 0.000 0.000 0.000 0.000 0.000 0.000 0.000 0.000 0.000 0.000 0.000 0.000 0.000 0.000 0.000 0.000 0.000 0.000 0.000 0.000 0.000 0.000 0.000 0.000 0.000 0.000 0.000 0.000 0.000 0.000 0.000 0.000 0.000 0.000 0.000 0.000 0.000 0.000 0.000 0.000 0.000 0.000 0.000 0.000 0.000 0.000 0.000 0.000 0.000 0.000 0.000 0.000 0.000 0.000 0.000 0.000 0.000 0.000 0.000 0.000 0.000 0.000 0.000 0.000
0.000 0.000 0.000 0.000 0.000 0.000 0.000 0.000 0.000 0.000 0.000 0.000 0.000 0.000 0.000 0.000 0.000 0.000 0.000 0.000 0.000 0.000 0.000 0.000 0.000 0.000 0.000 0.000 0.000 0.000 0.000 0.000 0.000 0.000 0.000 0.000 0.000 0.000 0.000 0.000 0.000 0.000 0.000 0.000 0.000 0.000 0.000 0.000 0.000 0.000 0.000 0.000 0.000 0.000 0.000 0.000 0.000 0.000 0.000 0.000 0.000 0.000 0.000 0.000 0.000 0.000 0.000 0.000 0.000 0.000 0.000 0.000 0.000
0.000 0.000 0.000 0.000 0.000 0.000 0.000 0.000 0.000 0.000 0.000 0.000 0.000 0.000 0.000 0.000 0.000 0.000 0.000 0.000 0.000 0.000 0.000 0.000 0.000 0.000 0.000 0.000 0.000 0.000 0.000 0.000 0.000 0.000 0.000 0.000 0.000 0.000 0.000 0.000 0.000 0.000 0.000 0.000 0.000 0.000 0.000 0.000 0.000 0.000 0.000 0.000 0.000 0.000 0.000 0.000 0.000 0.000 0.000 0.000 0.000 0.000 0.000 0.000 0.000 0.000 0.000 0.000 0.000 0.000 0.000 0.000 0.000
