Examples/2023_ISeeSnow/data/CoulombOnly/Results/curv77s/1HS_03_curv77s_MoT-Voellmy_h_max.asc
ncols        1001
nrows        301
xllcorner    997.5
yllcorner    -5002.5
cellsize     5.00
NODATA_value -9999
[rows 136 to 169 of 301, columns 539 to 615 of 1001]
0.938 0.942 0.946 0.950 0.954 0.958 0.962 0.965 0.968 0.972 0.975 0.978 0.981 0.984 0.987 0.990 0.992 0.995 0.998 1.001 1.004 1.006 1.009 1.012 1.015 1.018 1.020 1.023 1.026 1.029 1.033 1.036 1.039 1.042 1.046 1.049 1.053 1.057 1.060 1.064 1.068 1.073 1.077 1.081 1.086 1.091 1.096 1.101 1.106 1.111 1.117 1.122 1.128 1.134 1.140 1.147 1.154 1.161 1.168 1.176 1.184 1.192 1.201 1.211 1.221 1.231 1.243 1.255 1.268 1.282 1.298 1.316 1.336 1.360 1.388 1.478 1.679
1.003 1.005 1.007 1.009 1.011 1.013 1.015 1.016 1.018 1.020 1.021 1.023 1.024 1.026 1.028 1.029 1.031 1.033 1.034 1.036 1.038 1.040 1.042 1.044 1.046 1.048 1.050 1.052 1.055 1.057 1.060 1.062 1.065 1.068 1.071 1.074 1.077 1.080 1.084 1.087 1.091 1.095 1.098 1.102 1.106 1.110 1.115 1.119 1.124 1.128 1.133 1.138 1.143 1.149 1.154 1.160 1.166 1.172 1.179 1.186 1.193 1.201 1.209 1.218 1.227 1.237 1.247 1.259 1.271 1.284 1.299 1.314 1.330 1.347 1.364 1.381 1.395
1.047 1.048 1.048 1.048 1.049 1.049 1.050 1.050 1.051 1.051 1.052 1.052 1.053 1.053 1.054 1.055 1.056 1.057 1.058 1.059 1.060 1.062 1.063 1.065 1.066 1.068 1.070 1.072 1.074 1.076 1.078 1.080 1.083 1.085 1.087 1.090 1.093 1.096 1.098 1.101 1.104 1.107 1.110 1.114 1.117 1.120 1.124 1.127 1.131 1.135 1.139 1.143 1.147 1.151 1.156 1.161 1.166 1.171 1.177 1.183 1.190 1.197 1.205 1.213 1.222 1.233 1.245 1.258 1.274 1.292 1.314 1.341 1.374 1.418 1.475 1.555 1.810
1.073 1.072 1.072 1.071 1.070 1.070 1.069 1.069 1.069 1.069 1.069 1.069 1.069 1.069 1.070 1.070 1.071 1.071 1.072 1.073 1.074 1.075 1.076 1.078 1.079 1.081 1.082 1.084 1.085 1.087 1.089 1.091 1.092 1.094 1.096 1.098 1.100 1.102 1.104 1.106 1.108 1.110 1.112 1.115 1.117 1.119 1.121 1.124 1.126 1.128 1.131 1.134 1.137 1.140 1.143 1.147 1.151 1.155 1.159 1.163 1.168 1.173 1.179 1.184 1.190 1.195 1.200 1.205 1.208 1.211 1.212 1.211 1.208 1.202 1.192 1.180 1.164
1.084 1.083 1.082 1.081 1.080 1.079 1.079 1.078 1.078 1.078 1.078 1.078 1.078 1.078 1.079 1.079 1.080 1.081 1.081 1.082 1.083 1.084 1.085 1.086 1.087 1.088 1.089 1.090 1.091 1.092 1.093 1.094 1.095 1.096 1.097 1.097 1.098 1.099 1.099 1.100 1.100 1.101 1.101 1.102 1.102 1.103 1.104 1.104 1.105 1.107 1.108 1.110 1.112 1.115 1.118 1.122 1.127 1.133 1.141 1.150 1.161 1.173 1.189 1.207 1.228 1.253 1.282 1.316 1.356 1.401 1.453 1.514 1.585 1.665 1.744 1.822 1.896
1.087 1.086 1.086 1.085 1.085 1.085 1.085 1.085 1.085 1.085 1.085 1.086 1.086 1.087 1.087 1.088 1.088 1.089 1.089 1.090 1.090 1.091 1.091 1.091 1.091 1.091 1.091 1.091 1.091 1.090 1.090 1.089 1.089 1.088 1.087 1.085 1.084 1.083 1.081 1.080 1.078 1.077 1.075 1.073 1.071 1.070 1.068 1.066 1.064 1.062 1.060 1.058 1.056 1.054 1.052 1.049 1.046 1.042 1.038 1.033 1.028 1.021 1.014 1.005 0.996 0.985 0.974 0.961 0.947 0.932 0.916 0.900 0.882 0.864 0.845 0.867 0.954
1.094 1.094 1.094 1.095 1.095 1.095 1.096 1.096 1.096 1.096 1.097 1.097 1.097 1.097 1.097 1.096 1.096 1.095 1.094 1.093 1.092 1.091 1.089 1.087 1.085 1.083 1.080 1.077 1.074 1.071 1.068 1.064 1.061 1.057 1.053 1.049 1.045 1.041 1.038 1.034 1.031 1.028 1.026 1.025 1.025 1.027 1.031 1.038 1.046 1.055 1.067 1.080 1.095 1.112 1.131 1.152 1.175 1.201 1.228 1.258 1.291 1.327 1.365 1.405 1.443 1.481 1.517 1.551 1.583 1.614 1.642 1.669 1.693 1.717 1.740 1.771 1.831
1.121 1.122 1.122 1.123 1.123 1.123 1.123 1.123 1.123 1.122 1.122 1.121 1.119 1.118 1.116 1.114 1.112 1.109 1.106 1.103 1.099 1.096 1.091 1.087 1.082 1.076 1.070 1.064 1.058 1.051 1.043 1.036 1.027 1.019 1.010 1.001 0.991 0.981 0.971 0.960 0.950 0.938 0.927 0.915 0.903 0.890 0.878 0.865 0.851 0.838 0.824 0.810 0.796 0.781 0.766 0.751 0.736 0.721 0.705 0.700 0.700 0.700 0.702 0.705 0.712 0.720 0.732 0.746 0.764 0.785 0.809 0.836 0.866 0.899 0.933 0.970 1.008
1.091 1.089 1.088 1.086 1.083 1.081 1.078 1.076 1.073 1.069 1.066 1.062 1.058 1.054 1.050 1.045 1.041 1.036 1.031 1.026 1.020 1.015 1.009 1.004 0.998 0.992 0.987 0.981 0.975 0.970 0.964 0.959 0.954 0.949 0.966 0.983 1.001 1.020 1.039 1.059 1.080 1.102 1.124 1.147 1.171 1.195 1.220 1.245 1.271 1.297 1.324 1.350 1.376 1.402 1.427 1.452 1.476 1.500 1.522 1.543 1.563 1.581 1.599 1.614 1.629 1.642 1.653 1.663 1.672 1.680 1.687 1.694 1.701 1.710 1.722 1.738 1.833
0.678 0.673 0.667 0.660 0.654 0.648 0.641 0.634 0.627 0.619 0.612 0.604 0.597 0.589 0.581 0.573 0.565 0.557 0.549 0.540 0.532 0.524 0.515 0.507 0.499 0.490 0.482 0.474 0.465 0.457 0.449 0.441 0.432 0.424 0.416 0.408 0.400 0.391 0.383 0.375 0.367 0.359 0.351 0.343 0.335 0.328 0.320 0.312 0.311 0.310 0.308 0.305 0.301 0.297 0.291 0.284 0.277 0.269 0.261 0.252 0.242 0.233 0.223 0.214 0.216 0.221 0.226 0.231 0.236 0.241 0.247 0.253 0.260 0.275 0.296 0.325 0.362
3.673 3.685 3.697 3.710 3.723 3.736 3.750 3.765 3.779 3.794 3.808 3.822 3.835 3.848 3.861 3.873 3.885 3.897 3.907 3.918 3.927 3.937 3.946 3.954 3.962 3.969 3.977 3.984 3.991 3.998 4.006 4.014 4.022 4.031 4.041 4.052 4.064 4.077 4.090 4.100 4.110 4.117 4.124 4.129 4.133 4.136 4.138 4.139 4.141 4.142 4.144 4.147 4.151 4.157 4.164 4.174 4.185 4.200 4.216 4.235 4.257 4.280 4.305 4.330 4.356 4.382 4.406 4.427 4.446 4.462 4.476 4.488 4.503 4.522 4.546 4.571 4.595
0.206 0.193 0.181 0.169 0.158 0.147 0.136 0.137 0.151 0.164 0.177 0.189 0.201 0.213 0.224 0.234 0.243 0.252 0.260 0.266 0.272 0.277 0.281 0.284 0.285 0.286 0.285 0.283 0.281 0.277 0.272 0.267 0.260 0.253 0.246 0.237 0.229 0.221 0.212 0.203 0.195 0.187 0.179 0.172 0.164 0.157 0.150 0.143 0.137 0.131 0.134 0.144 0.152 0.159 0.165 0.168 0.169 0.168 0.165 0.159 0.152 0.145 0.144 0.142 0.139 0.136 0.133 0.129 0.127 0.141 0.154 0.166 0.177 0.185 0.190 0.193 0.194
6.211 6.228 6.245 6.262 6.279 6.296 6.314 6.332 6.350 6.368 6.387 6.406 6.425 6.444 6.465 6.485 6.506 6.528 6.549 6.572 6.594 6.617 6.641 6.664 6.688 6.711 6.735 6.759 6.783 6.807 6.832 6.857 6.882 6.908 6.934 6.961 6.988 7.015 7.043 7.071 7.100 7.129 7.158 7.188 7.217 7.246 7.275 7.304 7.332 7.361 7.389 7.419 7.450 7.482 7.516 7.552 7.589 7.626 7.665 7.705 7.745 7.786 7.828 7.873 7.936 8.020 8.105 8.188 8.268 8.346 8.421 8.496 8.574 8.661 8.753 8.836 8.906
0.298 0.294 0.289 0.283 0.277 0.269 0.262 0.253 0.245 0.236 0.227 0.217 0.208 0.199 0.189 0.180 0.171 0.162 0.153 0.145 0.136 0.128 0.120 0.112 0.105 0.098 0.091 0.084 0.078 0.072 0.066 0.061 0.059 0.065 0.072 0.078 0.085 0.091 0.098 0.103 0.109 0.114 0.118 0.121 0.124 0.126 0.128 0.128 0.128 0.127 0.126 0.124 0.121 0.118 0.115 0.131 0.147 0.163 0.177 0.189 0.198 0.204 0.207 0.206 0.202 0.194 0.184 0.172 0.158 0.143 0.130 0.117 0.106 0.096 0.097 0.109 0.121
7.336 7.371 7.406 7.441 7.478 7.514 7.551 7.589 7.627 7.665 7.704 7.744 7.784 7.824 7.866 7.907 7.950 7.993 8.036 8.081 8.125 8.171 8.217 8.264 8.312 8.360 8.409 8.459 8.510 8.561 8.613 8.666 8.720 8.774 8.830 8.886 8.943 9.002 9.061 9.121 9.182 9.244 9.307 9.371 9.436 9.502 9.569 9.637 9.706 9.777 9.848 9.921 9.995 10.070 10.146 10.223 10.301 10.381 10.462 10.544 10.627 10.711 10.796 10.882 10.970 11.058 11.147 11.238 11.328 11.420 11.512 11.604 11.696 11.787 11.877 11.965 12.049
0.297 0.293 0.288 0.282 0.276 0.269 0.261 0.253 0.244 0.235 0.226 0.217 0.207 0.198 0.189 0.180 0.171 0.162 0.153 0.144 0.136 0.128 0.120 0.112 0.105 0.098 0.091 0.084 0.078 0.072 0.066 0.061 0.059 0.065 0.072 0.078 0.085 0.091 0.098 0.103 0.109 0.114 0.118 0.122 0.124 0.127 0.128 0.128 0.128 0.128 0.126 0.124 0.121 0.119 0.115 0.130 0.147 0.162 0.177 0.188 0.198 0.204 0.207 0.206 0.202 0.194 0.184 0.172 0.158 0.143 0.130 0.117 0.106 0.096 0.097 0.109 0.121
6.212 6.230 6.247 6.264 6.281 6.298 6.316 6.334 6.351 6.370 6.388 6.407 6.426 6.446 6.466 6.487 6.508 6.529 6.551 6.573 6.596 6.619 6.642 6.665 6.689 6.712 6.736 6.760 6.784 6.808 6.833 6.858 6.883 6.909 6.935 6.962 6.989 7.016 7.044 7.072 7.101 7.130 7.159 7.189 7.218 7.247 7.276 7.305 7.333 7.362 7.391 7.420 7.451 7.484 7.518 7.553 7.590 7.627 7.666 7.706 7.746 7.787 7.829 7.874 7.937 8.021 8.106 8.188 8.269 8.346 8.422 8.497 8.574 8.661 8.754 8.836 8.906
0.206 0.193 0.181 0.169 0.157 0.146 0.136 0.138 0.151 0.164 0.177 0.189 0.201 0.213 0.224 0.234 0.244 0.252 0.260 0.267 0.273 0.277 0.281 0.284 0.286 0.286 0.286 0.284 0.281 0.277 0.273 0.267 0.261 0.253 0.246 0.238 0.229 0.221 0.212 0.204 0.195 0.187 0.179 0.172 0.164 0.157 0.150 0.143 0.137 0.131 0.133 0.143 0.152 0.159 0.164 0.168 0.169 0.168 0.165 0.159 0.152 0.145 0.143 0.142 0.139 0.136 0.133 0.129 0.127 0.141 0.154 0.167 0.177 0.185 0.191 0.194 0.194
3.674 3.686 3.699 3.711 3.724 3.738 3.751 3.766 3.781 3.795 3.809 3.823 3.836 3.850 3.862 3.875 3.886 3.898 3.909 3.919 3.929 3.938 3.947 3.955 3.963 3.971 3.978 3.985 3.992 4.000 4.007 4.015 4.023 4.033 4.043 4.054 4.066 4.079 4.091 4.102 4.111 4.119 4.125 4.130 4.134 4.137 4.139 4.141 4.142 4.144 4.146 4.149 4.153 4.158 4.166 4.175 4.187 4.201 4.217 4.236 4.258 4.281 4.306 4.331 4.357 4.382 4.406 4.428 4.447 4.462 4.476 4.489 4.503 4.523 4.546 4.571 4.596
0.677 0.672 0.666 0.659 0.653 0.646 0.640 0.633 0.626 0.618 0.611 0.603 0.596 0.588 0.580 0.572 0.564 0.556 0.548 0.539 0.531 0.523 0.514 0.506 0.498 0.489 0.481 0.473 0.465 0.456 0.448 0.440 0.432 0.424 0.415 0.407 0.399 0.391 0.383 0.375 0.367 0.359 0.351 0.343 0.335 0.327 0.319 0.312 0.312 0.311 0.309 0.306 0.302 0.297 0.292 0.285 0.278 0.270 0.261 0.252 0.243 0.234 0.224 0.214 0.216 0.221 0.226 0.231 0.236 0.242 0.247 0.253 0.261 0.275 0.296 0.325 0.362
1.090 1.089 1.087 1.085 1.083 1.080 1.078 1.075 1.072 1.069 1.065 1.061 1.057 1.053 1.049 1.045 1.040 1.035 1.030 1.025 1.020 1.014 1.009 1.003 0.997 0.992 0.986 0.980 0.975 0.969 0.963 0.958 0.953 0.948 0.965 0.983 1.001 1.020 1.039 1.059 1.080 1.102 1.124 1.147 1.171 1.195 1.220 1.246 1.272 1.298 1.324 1.351 1.377 1.403 1.428 1.453 1.477 1.501 1.523 1.544 1.564 1.583 1.600 1.616 1.630 1.643 1.654 1.664 1.673 1.681 1.688 1.695 1.702 1.711 1.723 1.738 1.833
1.121 1.122 1.122 1.123 1.123 1.123 1.123 1.123 1.123 1.122 1.121 1.120 1.119 1.118 1.116 1.114 1.111 1.109 1.106 1.103 1.099 1.095 1.091 1.086 1.081 1.076 1.070 1.064 1.057 1.050 1.043 1.035 1.027 1.018 1.010 1.000 0.991 0.981 0.971 0.960 0.949 0.938 0.926 0.915 0.903 0.890 0.877 0.864 0.851 0.838 0.824 0.810 0.796 0.781 0.766 0.751 0.736 0.721 0.705 0.700 0.700 0.700 0.702 0.706 0.712 0.720 0.732 0.746 0.764 0.785 0.809 0.836 0.866 0.899 0.933 0.970 1.008
1.094 1.094 1.094 1.094 1.095 1.095 1.095 1.096 1.096 1.096 1.096 1.096 1.096 1.096 1.096 1.096 1.095 1.095 1.094 1.093 1.092 1.090 1.089 1.087 1.085 1.082 1.080 1.077 1.074 1.071 1.068 1.064 1.060 1.057 1.053 1.049 1.045 1.041 1.037 1.034 1.030 1.028 1.026 1.024 1.025 1.027 1.031 1.037 1.045 1.055 1.067 1.080 1.095 1.112 1.131 1.152 1.175 1.200 1.228 1.258 1.290 1.326 1.365 1.404 1.443 1.480 1.516 1.551 1.583 1.613 1.642 1.668 1.693 1.717 1.740 1.770 1.830
1.087 1.086 1.086 1.085 1.085 1.084 1.084 1.084 1.084 1.085 1.085 1.085 1.086 1.086 1.087 1.087 1.088 1.088 1.089 1.089 1.090 1.090 1.091 1.091 1.091 1.091 1.091 1.091 1.091 1.090 1.090 1.089 1.088 1.087 1.086 1.085 1.084 1.083 1.081 1.080 1.078 1.076 1.075 1.073 1.071 1.069 1.068 1.066 1.064 1.062 1.060 1.058 1.056 1.054 1.052 1.049 1.046 1.042 1.038 1.033 1.028 1.021 1.014 1.005 0.996 0.985 0.974 0.961 0.947 0.932 0.917 0.900 0.882 0.864 0.845 0.868 0.954
1.084 1.083 1.081 1.081 1.080 1.079 1.078 1.078 1.078 1.078 1.078 1.078 1.078 1.078 1.079 1.079 1.080 1.080 1.081 1.082 1.083 1.084 1.085 1.086 1.087 1.088 1.089 1.090 1.091 1.092 1.093 1.094 1.095 1.096 1.097 1.097 1.098 1.099 1.099 1.100 1.100 1.101 1.101 1.102 1.102 1.103 1.103 1.104 1.105 1.106 1.108 1.110 1.112 1.115 1.118 1.122 1.127 1.133 1.141 1.150 1.160 1.173 1.188 1.206 1.228 1.253 1.282 1.316 1.355 1.400 1.453 1.513 1.584 1.664 1.744 1.821 1.896
1.073 1.072 1.071 1.071 1.070 1.070 1.069 1.069 1.069 1.069 1.069 1.069 1.069 1.069 1.070 1.070 1.071 1.071 1.072 1.073 1.074 1.075 1.076 1.078 1.079 1.080 1.082 1.083 1.085 1.087 1.089 1.090 1.092 1.094 1.096 1.098 1.100 1.102 1.104 1.106 1.108 1.110 1.112 1.114 1.117 1.119 1.121 1.123 1.126 1.128 1.131 1.134 1.137 1.140 1.143 1.147 1.150 1.154 1.159 1.163 1.168 1.173 1.179 1.184 1.189 1.195 1.200 1.204 1.208 1.211 1.212 1.211 1.208 1.202 1.192 1.180 1.164
1.047 1.048 1.048 1.048 1.049 1.049 1.050 1.050 1.050 1.051 1.051 1.052 1.053 1.053 1.054 1.055 1.056 1.057 1.058 1.059 1.060 1.062 1.063 1.064 1.066 1.068 1.070 1.071 1.073 1.076 1.078 1.080 1.082 1.085 1.087 1.090 1.093 1.095 1.098 1.101 1.104 1.107 1.110 1.114 1.117 1.120 1.124 1.127 1.131 1.135 1.139 1.143 1.147 1.151 1.156 1.161 1.166 1.171 1.177 1.183 1.189 1.197 1.204 1.213 1.222 1.233 1.245 1.258 1.274 1.292 1.314 1.341 1.374 1.417 1.475 1.554 1.809
1.003 1.005 1.007 1.009 1.011 1.013 1.015 1.016 1.018 1.020 1.021 1.023 1.024 1.026 1.028 1.029 1.031 1.032 1.034 1.036 1.038 1.040 1.041 1.043 1.046 1.048 1.050 1.052 1.055 1.057 1.060 1.062 1.065 1.068 1.071 1.074 1.077 1.080 1.084 1.087 1.091 1.094 1.098 1.102 1.106 1.110 1.115 1.119 1.124 1.128 1.133 1.138 1.143 1.149 1.154 1.160 1.166 1.172 1.179 1.186 1.193 1.201 1.209 1.218 1.227 1.237 1.247 1.259 1.271 1.284 1.299 1.314 1.330 1.347 1.364 1.381 1.395
0.938 0.942 0.946 0.950 0.954 0.958 0.962 0.965 0.968 0.972 0.975 0.978 0.981 0.984 0.987 0.990 0.992 0.995 0.998 1.001 1.003 1.006 1.009 1.012 1.015 1.017 1.020 1.023 1.026 1.029 1.032 1.036 1.039 1.042 1.046 1.049 1.053 1.057 1.060 1.064 1.068 1.073 1.077 1.081 1.086 1.091 1.095 1.100 1.106 1.111 1.116 1.122 1.128 1.134 1.140 1.147 1.154 1.161 1.168 1.176 1.184 1.192 1.201 1.210 1.220 1.231 1.242 1.255 1.268 1.282 1.298 1.316 1.336 1.359 1.388 1.478 1.678
0.850 0.857 0.864 0.870 0.877 0.883 0.889 0.894 0.900 0.905 0.910 0.915 0.920 0.925 0.930 0.934 0.938 0.943 0.947 0.951 0.955 0.959 0.963 0.967 0.971 0.975 0.979 0.983 0.987 0.991 0.995 0.999 1.003 1.007 1.011 1.015 1.019 1.023 1.028 1.032 1.037 1.042 1.046 1.051 1.056 1.062 1.067 1.072 1.078 1.084 1.090 1.096 1.103 1.109 1.116 1.123 1.130 1.138 1.146 1.154 1.163 1.172 1.181 1.191 1.202 1.213 1.225 1.237 1.251 1.266 1.281 1.299 1.318 1.340 1.365 1.394 1.454
0.739 0.749 0.759 0.768 0.777 0.786 0.795 0.803 0.811 0.819 0.826 0.834 0.841 0.848 0.855 0.861 0.867 0.874 0.880 0.886 0.891 0.897 0.903 0.908 0.914 0.919 0.924 0.929 0.934 0.940 0.945 0.950 0.955 0.960 0.965 0.970 0.975 0.980 0.985 0.990 0.996 1.001 1.006 1.012 1.018 1.023 1.029 1.035 1.041 1.048 1.054 1.061 1.068 1.075 1.082 1.090 1.098 1.106 1.114 1.123 1.132 1.141 1.151 1.162 1.173 1.184 1.196 1.209 1.223 1.238 1.254 1.272 1.292 1.314 1.339 1.403 1.530
0.609 0.622 0.634 0.646 0.658 0.670 0.681 0.692 0.702 0.713 0.723 0.733 0.743 0.752 0.761 0.770 0.779 0.787 0.795 0.803 0.811 0.819 0.826 0.834 0.841 0.848 0.855 0.862 0.868 0.875 0.881 0.888 0.894 0.900 0.907 0.913 0.919 0.925 0.931 0.938 0.944 0.950 0.956 0.963 0.969 0.976 0.982 0.989 0.995 1.002 1.009 1.017 1.024 1.032 1.039 1.047 1.056 1.064 1.073 1.082 1.091 1.101 1.112 1.122 1.134 1.145 1.158 1.171 1.185 1.200 1.217 1.235 1.255 1.277 1.302 1.366 1.467
0.467 0.482 0.496 0.510 0.524 0.538 0.551 0.564 0.577 0.590 0.603 0.615 0.627 0.639 0.650 0.662 0.673 0.683 0.694 0.704 0.714 0.724 0.734 0.743 0.753 0.762 0.771 0.779 0.788 0.796 0.804 0.812 0.820 0.828 0.836 0.844 0.851 0.859 0.866 0.873 0.881 0.888 0.895 0.903 0.910 0.918 0.925 0.932 0.940 0.948 0.955 0.963 0.971 0.979 0.988 0.996 1.005 1.014 1.023 1.033 1.042 1.053 1.063 1.074 1.086 1.098 1.111 1.124 1.139 1.154 1.171 1.189 1.208 1.231 1.257 1.344 1.434
0.328 0.342 0.357 0.371 0.386 0.400 0.415 0.429 0.443 0.457 0.471 0.485 0.499 0.513 0.526 0.539 0.552 0.565 0.578 0.590 0.603 0.615 0.626 0.638 0.649 0.660 0.671 0.682 0.693 0.703 0.713 0.723 0.733 0.742 0.752 0.761 0.770 0.780 0.789 0.797 0.806 0.815 0.823 0.832 0.841 0.849 0.858 0.866 0.875 0.883 0.892 0.901 0.909 0.918 0.927 0.936 0.946 0.955 0.965 0.975 0.985 0.996 1.007 1.018 1.030 1.043 1.056 1.069 1.084 1.099 1.116 1.134 1.154 1.177 1.213 1.297 1.374
