Examples/2023_ISeeSnow/data/CoulombOnly/Results/curv77s/1HS_03_curv77s_MoT-Voellmy_s_max.asc
ncols        1001
nrows        301
xllcorner    997.5
yllcorner    -5002.5
cellsize     5.00
NODATA_value -9999
[rows 128 to 159 of 301, columns 438 to 510 of 1001]
0.000 0.000 0.000 0.000 0.000 0.000 0.000 0.000 0.000 0.000 0.000 0.000 0.000 0.000 0.000 0.000 0.000 0.000 0.000 0.000 0.000 0.000 0.000 0.000 0.000 0.000 0.000 0.000 0.000 0.000 0.000 0.000 0.000 0.000 0.000 0.000 0.000 0.000 0.000 0.000 0.000 0.000 0.000 0.000 0.000 0.000 0.000 0.000 0.000 0.000 0.000 0.000 0.000 0.000 0.000 0.000 0.000 0.001 0.006 0.010 0.010 0.020 0.063 0.170 0.388 0.774 1.390 2.290 3.502 5.030 6.867 9.011 11.445
0.000 0.000 0.000 0.000 0.000 0.000 0.000 0.000 0.000 0.000 0.000 0.000 0.000 0.000 0.000 0.000 0.000 0.000 0.000 0.000 0.000 0.000 0.000 0.000 0.000 0.000 0.000 0.000 0.000 0.000 0.000 0.000 0.000 0.000 0.000 0.000 0.000 0.000 0.000 0.000 0.000 0.000 0.000 0.000 0.000 0.000 0.000 0.000 0.000 0.001 0.003 0.010 0.010 0.016 0.049 0.141 0.333 0.687 1.268 2.139 3.338 4.876 6.750 8.956 11.481 14.289 17.344 20.589 23.961 27.407 30.924 34.375 37.643
0.000 0.000 0.000 0.000 0.000 0.000 0.000 0.000 0.000 0.000 0.000 0.000 0.000 0.000 0.000 0.000 0.000 0.000 0.000 0.000 0.000 0.000 0.000 0.000 0.000 0.000 0.000 0.000 0.000 0.000 0.000 0.000 0.000 0.000 0.000 0.000 0.000 0.000 0.000 0.000 0.000 0.000 0.001 0.008 0.010 0.012 0.035 0.106 0.268 0.578 1.109 1.931 3.098 4.631 6.533 8.801 11.422 14.359 17.572 20.998 24.566 28.217 31.940 35.612 39.083 42.339 45.384 48.228 50.888 53.392 55.762 57.157 57.695
0.000 0.000 0.000 0.000 0.000 0.000 0.000 0.000 0.000 0.000 0.000 0.000 0.000 0.000 0.000 0.000 0.000 0.000 0.000 0.000 0.000 0.000 0.000 0.000 0.000 0.000 0.000 0.000 0.000 0.000 0.000 0.000 0.000 0.000 0.000 0.003 0.010 0.010 0.022 0.072 0.196 0.450 0.910 1.656 2.759 4.259 6.167 8.485 11.201 14.276 17.663 21.295 25.089 28.977 32.946 36.858 40.551 44.006 47.231 50.237 53.042 55.672 58.156 59.577 60.144 60.491 60.753 60.792 60.976 61.100 61.173 61.202 61.196
0.000 0.000 0.000 0.000 0.000 0.000 0.000 0.000 0.000 0.000 0.000 0.000 0.000 0.000 0.000 0.000 0.000 0.000 0.000 0.000 0.000 0.000 0.000 0.000 0.000 0.000 0.000 0.001 0.007 0.010 0.015 0.044 0.131 0.324 0.696 1.336 2.334 3.755 5.629 7.967 10.759 13.969 17.546 21.409 25.464 29.633 33.897 38.079 42.017 45.698 49.124 52.313 55.281 58.051 60.651 62.029 62.675 62.894 63.103 63.269 63.456 63.588 63.666 63.700 63.696 63.661 63.599 63.515 63.412 63.293 63.160 63.014 62.859
0.000 0.000 0.000 0.000 0.000 0.000 0.000 0.000 0.000 0.000 0.000 0.000 0.000 0.000 0.000 0.000 0.000 0.000 0.000 0.001 0.006 0.010 0.019 0.054 0.141 0.320 0.650 1.211 2.092 3.373 5.113 7.364 10.170 13.479 17.232 21.335 25.679 30.165 34.775 39.253 43.472 47.407 51.064 54.462 57.615 60.547 63.237 64.548 65.028 65.442 65.618 65.728 65.924 66.056 66.134 66.166 66.161 66.124 66.060 65.974 65.869 65.748 65.613 65.466 65.308 65.143 64.969 64.790 64.604 64.414 64.220 64.023 63.822
0.000 0.000 0.000 0.000 0.000 0.000 0.000 0.000 0.000 0.000 0.000 0.003 0.010 0.017 0.046 0.113 0.247 0.493 0.911 1.573 2.556 3.928 5.747 8.057 10.880 14.200 17.980 22.133 26.554 31.144 35.858 40.486 45.006 49.223 53.123 56.729 60.079 63.199 65.904 67.077 67.484 67.875 67.992 68.181 68.373 68.499 68.570 68.597 68.586 68.544 68.475 68.384 68.275 68.150 68.011 67.861 67.701 67.532 67.356 67.174 66.986 66.794 66.598 66.399 66.196 65.991 65.784 65.575 65.365 65.154 64.943 64.731 64.520
0.000 0.001 0.004 0.013 0.036 0.085 0.179 0.344 0.619 1.057 1.716 2.663 3.960 5.673 7.860 10.558 13.770 17.475 21.607 26.069 30.759 35.651 40.534 45.163 49.493 53.512 57.224 60.643 63.786 66.673 68.591 69.389 69.869 70.098 70.318 70.538 70.739 70.870 70.942 70.966 70.952 70.905 70.832 70.737 70.623 70.493 70.351 70.196 70.033 69.861 69.682 69.497 69.307 69.113 68.915 68.713 68.509 68.302 68.093 67.883 67.671 67.458 67.244 67.030 66.815 66.601 66.387 66.174 65.961 65.750 65.540 65.331 65.122
1.949 2.837 4.001 5.506 7.444 9.869 12.807 16.258 20.191 24.526 29.175 34.073 39.142 44.131 48.891 53.344 57.485 61.332 64.894 68.186 71.231 73.716 74.497 74.754 74.592 74.566 74.511 74.380 74.170 73.893 73.562 73.303 73.267 73.210 73.128 73.025 72.905 72.770 72.623 72.465 72.298 72.123 71.942 71.755 71.564 71.368 71.168 70.965 70.759 70.551 70.341 70.129 69.915 69.700 69.485 69.269 69.052 68.836 68.619 68.403 68.188 67.973 67.760 67.547 67.336 67.125 66.915 66.707 66.498 66.292 66.087 65.897 65.678
33.282 38.237 43.231 48.113 52.791 57.230 61.423 65.367 69.064 72.520 75.745 78.675 79.852 80.199 80.213 80.364 80.197 80.145 80.011 79.808 79.545 79.234 78.882 78.494 78.077 77.634 77.168 76.684 76.182 75.665 75.136 74.711 74.530 74.349 74.161 73.968 73.771 73.570 73.365 73.158 72.949 72.737 72.525 72.311 72.096 71.880 71.664 71.447 71.230 71.012 70.794 70.577 70.359 70.143 69.926 69.711 69.496 69.283 69.071 68.859 68.648 68.438 68.229 68.022 67.813 67.632 67.399 67.249 66.995 66.810 66.637 66.377 66.161
84.592 85.508 85.826 85.937 86.061 85.981 85.984 85.907 85.760 85.554 85.298 85.000 84.666 84.302 83.911 83.498 83.064 82.613 82.146 81.666 81.173 80.668 80.153 79.629 79.096 78.555 78.006 77.452 76.891 76.326 75.758 75.300 75.082 74.868 74.652 74.436 74.219 74.001 73.783 73.565 73.347 73.128 72.910 72.691 72.473 72.256 72.039 71.822 71.606 71.390 71.176 70.962 70.748 70.536 70.325 70.115 69.906 69.698 69.490 69.284 69.076 68.871 68.672 68.449 68.298 68.046 67.818 67.678 67.466 67.212 66.959 66.761 66.593
90.997 90.660 90.300 89.921 89.525 89.113 88.687 88.249 87.800 87.340 86.870 86.392 85.906 85.411 84.909 84.400 83.884 83.362 82.833 82.298 81.757 81.210 80.657 80.097 79.532 78.961 78.383 77.800 77.210 76.642 76.080 75.625 75.400 75.182 74.963 74.745 74.528 74.311 74.095 73.880 73.665 73.450 73.235 73.021 72.807 72.594 72.381 72.170 71.958 71.746 71.536 71.324 71.115 70.904 70.701 70.488 70.305 70.065 69.917 69.659 69.438 69.294 69.056 68.790 68.604 68.445 68.234 68.002 67.769 67.539 67.316 67.099 66.884
92.501 92.036 91.566 91.090 90.609 90.122 89.630 89.133 88.631 88.124 87.612 87.096 86.574 86.049 85.518 84.983 84.443 83.899 83.350 82.796 82.238 81.674 81.106 80.532 79.954 79.370 78.781 78.186 77.585 76.978 76.379 75.919 75.704 75.469 75.252 75.042 74.832 74.621 74.409 74.197 73.986 73.777 73.566 73.354 73.144 72.932 72.720 72.512 72.296 72.114 71.873 71.693 71.468 71.236 71.090 70.825 70.592 70.455 70.236 69.969 69.712 69.552 69.377 69.165 68.940 68.712 68.485 68.257 68.028 67.792 67.546 67.283 67.096
93.386 92.882 92.374 91.864 91.350 90.833 90.314 89.790 89.264 88.734 88.201 87.665 87.125 86.582 86.035 85.485 84.931 84.374 83.812 83.246 82.676 82.102 81.524 80.941 80.352 79.760 79.161 78.558 77.949 77.374 76.867 76.390 76.149 75.974 75.744 75.482 75.229 75.049 74.819 74.569 74.417 74.139 73.965 73.710 73.536 73.267 73.129 72.835 72.669 72.479 72.185 71.996 71.843 71.603 71.328 71.070 70.925 70.744 70.529 70.302 70.073 69.845 69.616 69.384 69.146 68.896 68.629 68.475 68.297 68.066 67.784 67.507 67.374
94.077 93.549 93.019 92.486 91.952 91.416 90.877 90.336 89.793 89.248 88.700 88.150 87.597 87.042 86.483 85.922 85.358 84.790 84.219 83.645 83.066 82.484 81.897 81.307 80.711 80.111 79.522 78.964 78.372 78.070 77.598 76.975 76.825 76.491 76.209 75.994 75.691 75.500 75.243 74.980 74.825 74.489 74.359 74.148 73.826 73.632 73.483 73.242 72.963 72.682 72.503 72.339 72.131 71.905 71.674 71.442 71.209 70.973 70.730 70.478 70.210 70.066 69.886 69.655 69.378 69.061 68.953 68.734 68.401 68.247 68.019 67.707 67.565
94.689 94.141 93.592 93.042 92.491 91.938 91.383 90.827 90.269 89.709 89.147 88.584 88.019 87.451 86.882 86.310 85.736 85.159 84.580 83.998 83.412 82.823 82.231 81.634 81.033 80.428 79.994 79.338 79.056 78.324 78.092 77.444 77.289 76.920 76.578 76.423 76.082 75.768 75.652 75.396 75.074 74.767 74.655 74.459 74.217 73.964 73.713 73.468 73.232 73.004 72.780 72.558 72.333 72.100 71.854 71.589 71.299 71.154 70.980 70.728 70.407 70.228 70.047 69.729 69.535 69.328 68.994 68.870 68.512 68.402 68.035 67.923 67.604
95.251 94.689 94.125 93.561 92.996 92.429 91.860 91.290 90.718 90.145 89.569 88.992 88.413 87.831 87.249 86.664 86.078 85.491 84.902 84.312 83.719 83.125 82.528 81.927 81.323 80.715 80.196 79.620 79.173 78.747 78.081 77.790 77.483 77.091 76.673 76.562 76.343 76.063 75.769 75.479 75.203 74.942 74.697 74.466 74.245 74.032 73.821 73.608 73.387 73.151 72.894 72.608 72.297 72.191 71.988 71.691 71.394 71.271 70.994 70.711 70.558 70.202 70.084 69.768 69.596 69.276 69.122 68.769 68.633 68.357 68.063 67.901 67.626
95.798 95.228 94.657 94.085 93.511 92.936 92.359 91.780 91.199 90.616 90.031 89.442 88.851 88.256 87.659 87.058 86.453 85.844 85.232 84.632 84.053 83.471 82.888 82.301 81.712 81.119 80.522 79.922 79.319 78.712 78.262 77.754 77.421 77.169 76.915 76.660 76.404 76.148 75.891 75.634 75.377 75.119 74.860 74.599 74.338 74.075 73.816 73.562 73.280 73.013 72.842 72.611 72.266 72.106 71.890 71.521 71.423 71.105 70.922 70.640 70.434 70.137 69.964 69.612 69.476 69.204 68.896 68.742 68.477 68.158 67.950 67.743 67.485
96.462 95.898 95.334 94.768 94.202 93.634 93.065 92.493 91.920 91.344 90.766 90.185 89.601 89.013 88.423 87.828 87.230 86.627 86.020 85.408 84.791 84.169 83.542 82.909 82.270 81.624 80.972 80.313 79.646 78.972 78.294 77.747 77.479 77.212 76.943 76.671 76.397 76.121 75.842 75.561 75.278 74.993 74.705 74.415 74.136 73.884 73.630 73.377 73.123 72.875 72.615 72.400 72.114 71.869 71.653 71.361 71.169 70.885 70.664 70.429 70.119 69.967 69.673 69.405 69.223 68.951 68.636 68.435 68.224 67.968 67.694 67.416 67.143
97.388 96.856 96.326 95.797 95.268 94.738 94.207 93.676 93.143 92.610 92.075 91.539 91.002 90.462 89.920 89.377 88.831 88.283 87.732 87.178 86.620 86.060 85.496 84.928 84.355 83.778 83.197 82.609 82.017 81.418 80.812 80.310 80.047 79.789 79.527 79.262 78.993 78.720 78.442 78.158 77.871 77.578 77.281 76.978 76.670 76.359 76.042 75.723 75.397 75.069 74.737 74.399 74.060 73.715 73.367 73.013 72.861 72.317 71.718 70.681 70.324 70.053 69.781 69.507 69.232 68.955 68.677 68.397 68.116 67.833 67.548 67.262 66.974
97.233 96.614 95.993 95.369 94.743 94.113 93.481 92.845 92.206 91.564 90.918 90.268 89.614 88.956 88.295 87.639 87.040 86.437 85.828 85.215 84.596 83.971 83.341 82.704 82.062 81.412 80.756 80.093 79.422 78.744 78.163 77.862 77.754 77.512 77.265 77.017 76.769 76.520 76.271 76.021 75.770 75.519 75.267 75.014 74.761 74.508 74.253 73.998 73.742 73.485 73.228 72.970 72.710 72.451 72.190 71.928 71.666 71.402 71.138 70.873 70.606 70.339 70.071 69.801 69.531 69.259 68.987 68.713 68.438 68.162 67.885 67.607 67.327
98.374 97.825 97.273 96.719 96.163 95.603 95.039 94.471 93.897 93.317 92.729 92.131 91.521 90.897 90.254 89.590 88.901 88.183 87.439 86.673 86.091 85.543 84.990 84.431 83.867 83.296 82.719 82.135 81.544 80.947 80.344 79.847 79.596 79.351 79.105 78.858 78.610 78.361 78.111 77.860 77.609 77.356 77.103 76.848 76.593 76.337 76.080 75.822 75.597 76.423 77.345 78.475 79.193 80.422 81.646 82.805 84.324 85.295 86.580 87.212 87.376 86.966 86.573 86.731 86.632 86.199 89.046 93.138 97.556 100.144 102.997 103.570 104.097
98.758 98.153 97.545 96.936 96.324 95.710 95.093 94.473 93.850 93.224 92.595 91.962 91.325 90.685 90.040 89.391 88.737 88.079 87.416 86.748 86.074 85.395 84.710 84.020 83.323 82.619 81.909 81.192 80.467 79.735 79.006 78.429 78.143 77.848 77.551 77.253 76.954 76.653 76.351 76.052 75.794 75.535 75.276 75.016 74.755 74.494 74.232 73.969 73.705 73.441 73.176 72.910 72.643 72.375 72.106 71.837 71.567 71.295 71.023 70.750 70.476 70.202 69.926 69.649 69.371 69.092 68.813 68.532 68.250 67.967 67.683 67.399 67.113
98.374 97.825 97.273 96.719 96.162 95.602 95.039 94.471 93.897 93.317 92.729 92.131 91.521 90.896 90.253 89.588 88.899 88.181 87.436 86.670 86.091 85.543 84.990 84.432 83.867 83.297 82.720 82.136 81.546 80.949 80.347 79.850 79.600 79.355 79.109 78.862 78.615 78.366 78.117 77.866 77.615 77.363 77.109 76.855 76.600 76.344 76.087 75.829 75.664 76.465 77.523 78.605 79.306 80.609 81.747 82.934 84.489 85.431 86.698 87.360 87.473 86.974 86.624 86.751 86.608 86.109 89.315 93.396 97.730 100.207 102.966 103.793 103.912
97.233 96.614 95.993 95.369 94.742 94.113 93.481 92.845 92.206 91.564 90.917 90.267 89.614 88.956 88.295 87.639 87.040 86.436 85.828 85.214 84.595 83.971 83.341 82.704 82.061 81.412 80.756 80.092 79.422 78.743 78.165 77.864 77.756 77.515 77.267 77.020 76.771 76.522 76.273 76.023 75.772 75.521 75.269 75.017 74.764 74.510 74.255 74.000 73.744 73.488 73.230 72.972 72.713 72.453 72.192 71.931 71.668 71.405 71.140 70.875 70.609 70.341 70.073 69.804 69.533 69.262 68.989 68.715 68.440 68.164 67.887 67.609 67.330
97.388 96.856 96.326 95.797 95.267 94.738 94.207 93.676 93.143 92.610 92.075 91.539 91.002 90.462 89.921 89.377 88.831 88.283 87.732 87.178 86.621 86.060 85.496 84.928 84.356 83.779 83.197 82.610 82.017 81.418 80.813 80.310 80.047 79.789 79.527 79.263 78.993 78.720 78.442 78.158 77.871 77.578 77.280 76.978 76.670 76.359 76.041 75.722 75.396 75.068 74.736 74.398 74.060 73.715 73.367 73.013 72.862 72.314 71.713 70.680 70.325 70.055 69.782 69.509 69.233 68.957 68.678 68.399 68.117 67.834 67.550 67.263 66.975
96.462 95.898 95.333 94.768 94.202 93.634 93.064 92.493 91.920 91.344 90.766 90.185 89.600 89.013 88.422 87.828 87.229 86.627 86.020 85.408 84.791 84.169 83.542 82.909 82.270 81.624 80.972 80.313 79.646 78.972 78.294 77.747 77.479 77.212 76.943 76.671 76.397 76.121 75.842 75.561 75.278 74.993 74.705 74.415 74.136 73.883 73.630 73.377 73.123 72.873 72.615 72.400 72.111 71.871 71.652 71.362 71.168 70.887 70.663 70.430 70.117 69.967 69.674 69.403 69.223 68.952 68.638 68.433 68.224 67.969 67.694 67.417 67.144
95.798 95.228 94.657 94.084 93.511 92.936 92.359 91.780 91.199 90.616 90.030 89.442 88.850 88.256 87.658 87.057 86.452 85.844 85.232 84.632 84.053 83.471 82.888 82.301 81.712 81.119 80.522 79.923 79.319 78.712 78.261 77.757 77.422 77.170 76.916 76.661 76.405 76.148 75.891 75.635 75.377 75.119 74.860 74.599 74.338 74.075 73.816 73.560 73.280 73.014 72.843 72.609 72.262 72.108 71.889 71.524 71.422 71.102 70.923 70.638 70.436 70.135 69.965 69.615 69.475 69.205 68.894 68.742 68.479 68.160 67.948 67.743 67.486
95.250 94.688 94.125 93.561 92.995 92.428 91.860 91.290 90.718 90.144 89.569 88.991 88.412 87.831 87.248 86.663 86.077 85.490 84.901 84.311 83.719 83.125 82.527 81.927 81.322 80.714 80.190 79.625 79.166 78.749 78.088 77.784 77.483 77.095 76.678 76.554 76.340 76.063 75.770 75.482 75.206 74.945 74.699 74.467 74.246 74.033 73.821 73.608 73.386 73.149 72.891 72.604 72.301 72.192 71.986 71.687 71.397 71.271 70.991 70.713 70.557 70.198 70.085 69.765 69.597 69.274 69.123 68.772 68.632 68.358 68.061 67.901 67.627
94.688 94.141 93.592 93.042 92.490 91.937 91.382 90.826 90.268 89.708 89.147 88.583 88.018 87.451 86.881 86.310 85.735 85.159 84.580 83.997 83.412 82.823 82.230 81.634 81.033 80.428 79.991 79.347 79.054 78.332 78.089 77.450 77.282 76.923 76.568 76.423 76.086 75.762 75.650 75.398 75.078 74.762 74.651 74.458 74.218 73.966 73.714 73.470 73.233 73.004 72.780 72.558 72.332 72.099 71.852 71.586 71.295 71.159 70.981 70.726 70.403 70.231 70.046 69.726 69.537 69.327 68.997 68.869 68.504 68.402 68.038 67.922 67.605
94.076 93.548 93.018 92.486 91.951 91.415 90.876 90.336 89.793 89.247 88.699 88.149 87.596 87.041 86.483 85.921 85.357 84.789 84.218 83.644 83.066 82.483 81.897 81.306 80.711 80.111 79.516 78.954 78.384 78.072 77.591 76.962 76.830 76.486 76.215 75.989 75.695 75.494 75.246 74.975 74.826 74.492 74.353 74.148 73.829 73.624 73.481 73.244 72.966 72.684 72.495 72.334 72.129 71.905 71.674 71.441 71.208 70.972 70.729 70.476 70.207 70.070 69.887 69.654 69.376 69.064 68.954 68.732 68.397 68.249 68.018 67.709 67.564
93.385 92.880 92.373 91.863 91.349 90.832 90.312 89.789 89.263 88.733 88.200 87.664 87.124 86.581 86.035 85.484 84.931 84.373 83.811 83.246 82.676 82.102 81.523 80.940 80.352 79.759 79.161 78.558 77.949 77.371 76.863 76.385 76.161 75.980 75.742 75.481 75.230 75.050 74.814 74.569 74.414 74.138 73.967 73.707 73.539 73.265 73.130 72.837 72.664 72.480 72.186 71.990 71.841 71.604 71.330 71.068 70.922 70.743 70.529 70.302 70.073 69.845 69.616 69.383 69.144 68.894 68.627 68.479 68.299 68.066 67.782 67.509 67.375
