Examples/2023_ISeeSnow/data/CoulombOnly/Results/curv77s/1HS_03_curv77s_MoT-Voellmy_h_dep.asc
ncols        1001
nrows        301
xllcorner    997.5
yllcorner    -5002.5
cellsize     5.00
NODATA_value -9999
[rows 136 to 169 of 301, columns 0 to 76 of 1001]
0.000 0.000 0.000 0.000 0.000 0.000 0.000 0.000 0.000 0.938 0.938 0.938 0.938 0.938 0.938 0.938 0.938 0.938 0.938 0.938 0.938 0.938 0.938 0.938 0.938 0.938 0.938 0.937 0.938 0.937 0.937 0.938 0.938 0.938 0.938 0.938 0.938 0.938 0.937 0.938 0.938 0.938 0.938 0.938 0.938 0.938 0.938 0.938 0.938 0.938 0.938 0.938 0.937 0.938 0.938 0.938 0.938 0.938 0.938 0.938 0.938 0.938 0.938 0.938 0.937 0.938 0.938 0.938 0.938 0.938 0.734 0.680 0.624 0.568 0.515 0.465 0.419
0.000 0.000 0.000 0.000 0.000 0.000 0.000 0.000 0.000 0.938 0.938 0.938 0.938 0.938 0.938 0.938 0.938 0.938 0.938 0.937 0.938 0.938 0.938 0.938 0.938 0.938 0.938 0.937 0.937 0.938 0.938 0.937 0.938 0.937 0.938 0.938 0.938 0.938 0.938 0.938 0.938 0.938 0.938 0.938 0.938 0.938 0.938 0.938 0.938 0.938 0.938 0.938 0.938 0.937 0.938 0.938 0.938 0.938 0.938 0.938 0.938 0.937 0.938 0.938 0.938 0.938 0.938 0.938 0.938 0.937 0.552 0.545 0.538 0.530 0.522 0.514 0.506
0.000 0.000 0.000 0.000 0.000 0.000 0.000 0.000 0.000 0.938 0.937 0.938 0.938 0.938 0.938 0.938 0.938 0.938 0.938 0.938 0.938 0.938 0.938 0.938 0.938 0.938 0.938 0.938 0.938 0.938 0.938 0.938 0.938 0.938 0.939 0.939 0.939 0.939 0.939 0.939 0.939 0.939 0.939 0.939 0.939 0.940 0.940 0.940 0.940 0.940 0.940 0.941 0.941 0.941 0.941 0.941 0.942 0.942 0.942 0.942 0.943 0.943 0.943 0.944 0.944 0.944 0.944 0.944 0.940 0.938 0.858 0.830 0.802 0.774 0.746 0.719 0.692
0.000 0.000 0.000 0.000 0.000 0.000 0.000 0.000 0.000 0.938 0.938 0.938 0.938 0.938 0.938 0.939 0.939 0.939 0.939 0.940 0.940 0.941 0.942 0.942 0.942 0.943 0.943 0.943 0.943 0.943 0.943 0.943 0.943 0.943 0.943 0.943 0.943 0.943 0.943 0.943 0.943 0.943 0.943 0.943 0.943 0.943 0.943 0.943 0.943 0.943 0.942 0.941 0.941 0.941 0.941 0.941 0.941 0.941 0.942 0.942 0.942 0.942 0.942 0.942 0.942 0.942 0.943 0.943 0.940 0.937 0.801 0.775 0.763 0.751 0.740 0.729 0.718
0.000 0.000 0.000 0.000 0.000 0.000 0.000 0.000 0.000 0.938 0.938 0.938 0.938 0.938 0.939 0.939 0.940 0.941 0.941 0.941 0.941 0.942 0.942 0.942 0.942 0.943 0.943 0.943 0.944 0.944 0.944 0.945 0.945 0.945 0.946 0.946 0.947 0.947 0.948 0.949 0.949 0.950 0.950 0.951 0.952 0.953 0.953 0.954 0.955 0.956 0.957 0.957 0.958 0.959 0.960 0.961 0.961 0.962 0.963 0.963 0.964 0.964 0.965 0.965 0.966 0.966 0.966 0.966 0.960 0.949 0.936 0.923 0.909 0.894 0.881 0.867 0.853
0.000 0.000 0.000 0.000 0.000 0.000 0.000 0.000 0.000 0.938 0.938 0.938 0.938 0.938 0.939 0.939 0.940 0.941 0.942 0.944 0.945 0.946 0.947 0.949 0.951 0.953 0.955 0.957 0.960 0.962 0.965 0.968 0.970 0.973 0.976 0.978 0.981 0.983 0.985 0.988 0.990 0.992 0.994 0.996 0.998 1.000 1.002 1.003 1.005 1.006 1.007 1.008 1.009 1.009 1.009 1.009 1.008 1.008 1.006 1.004 1.002 1.000 0.996 0.993 0.989 0.984 0.979 0.974 0.971 0.963 0.956 0.949 0.943 0.936 0.929 0.922 0.915
0.000 0.000 0.000 0.000 0.000 0.000 0.000 0.000 0.000 0.938 0.938 0.938 0.938 0.938 0.939 0.939 0.940 0.941 0.943 0.944 0.945 0.946 0.948 0.949 0.950 0.951 0.952 0.953 0.953 0.954 0.955 0.956 0.957 0.958 0.959 0.960 0.961 0.962 0.964 0.965 0.966 0.968 0.969 0.971 0.972 0.974 0.975 0.977 0.979 0.981 0.983 0.984 0.986 0.988 0.990 0.992 0.994 0.996 0.997 0.999 1.001 1.002 1.004 1.005 1.007 1.008 1.009 1.011 1.012 1.012 1.012 1.010 1.007 1.004 1.000 0.995 0.991
0.000 0.000 0.000 0.000 0.000 0.000 0.000 0.000 0.000 0.938 0.938 0.938 0.938 0.938 0.939 0.939 0.940 0.941 0.942 0.944 0.945 0.947 0.948 0.950 0.952 0.954 0.956 0.958 0.960 0.962 0.965 0.968 0.970 0.973 0.976 0.980 0.983 0.987 0.991 0.994 0.998 1.002 1.007 1.011 1.015 1.019 1.023 1.027 1.030 1.034 1.038 1.041 1.044 1.047 1.050 1.053 1.055 1.057 1.059 1.061 1.062 1.063 1.064 1.065 1.065 1.065 1.065 1.065 1.064 1.064 1.063 1.062 1.060 1.059 1.057 1.056 1.054
0.000 0.000 0.000 0.000 0.000 0.000 0.000 0.000 0.000 0.938 0.938 0.938 0.938 0.938 0.939 0.939 0.940 0.941 0.942 0.944 0.945 0.947 0.948 0.950 0.952 0.954 0.956 0.958 0.960 0.962 0.964 0.966 0.968 0.970 0.972 0.974 0.976 0.978 0.980 0.982 0.984 0.986 0.988 0.990 0.993 0.995 0.998 1.001 1.004 1.006 1.009 1.012 1.016 1.019 1.022 1.025 1.029 1.032 1.036 1.040 1.043 1.047 1.050 1.054 1.058 1.062 1.065 1.069 1.072 1.076 1.080 1.083 1.087 1.090 1.093 1.096 1.099
0.000 0.000 0.000 0.000 0.000 0.000 0.000 0.000 0.000 0.938 0.938 0.938 0.938 0.938 0.939 0.939 0.940 0.941 0.942 0.944 0.945 0.946 0.948 0.950 0.952 0.953 0.956 0.958 0.960 0.962 0.965 0.967 0.970 0.973 0.976 0.979 0.982 0.985 0.989 0.992 0.996 1.000 1.004 1.008 1.012 1.017 1.021 1.026 1.031 1.035 1.040 1.046 1.051 1.056 1.061 1.067 1.072 1.078 1.083 1.088 1.093 1.099 1.104 1.109 1.114 1.119 1.123 1.128 1.133 1.137 1.141 1.146 1.150 1.154 1.158 1.162 1.166
0.000 0.000 0.000 0.000 0.000 0.000 0.000 0.000 0.000 0.938 0.938 0.938 0.938 0.938 0.939 0.939 0.940 0.941 0.942 0.943 0.945 0.946 0.948 0.950 0.951 0.953 0.955 0.957 0.960 0.962 0.965 0.967 0.970 0.973 0.975 0.978 0.982 0.985 0.988 0.991 0.995 0.998 1.002 1.005 1.009 1.013 1.016 1.020 1.024 1.028 1.033 1.037 1.041 1.046 1.051 1.056 1.061 1.066 1.071 1.077 1.082 1.088 1.094 1.100 1.107 1.113 1.120 1.127 1.133 1.141 1.148 1.155 1.163 1.170 1.178 1.186 1.194
0.000 0.000 0.000 0.000 0.000 0.000 0.000 0.000 0.000 0.937 0.938 0.938 0.938 0.938 0.939 0.939 0.940 0.941 0.942 0.943 0.945 0.946 0.948 0.949 0.951 0.953 0.955 0.957 0.960 0.962 0.965 0.967 0.970 0.973 0.977 0.980 0.983 0.987 0.991 0.995 0.999 1.003 1.008 1.013 1.017 1.022 1.028 1.033 1.038 1.044 1.050 1.056 1.062 1.068 1.074 1.081 1.087 1.094 1.101 1.108 1.115 1.122 1.129 1.137 1.144 1.152 1.159 1.167 1.175 1.183 1.191 1.199 1.207 1.215 1.224 1.232 1.241
0.000 0.000 0.000 0.000 0.000 0.000 0.000 0.000 0.000 0.938 0.937 0.938 0.938 0.938 0.939 0.939 0.940 0.941 0.942 0.943 0.945 0.946 0.948 0.950 0.952 0.954 0.956 0.958 0.961 0.964 0.967 0.970 0.973 0.976 0.980 0.983 0.987 0.991 0.995 0.999 1.004 1.008 1.013 1.017 1.022 1.027 1.032 1.037 1.042 1.047 1.053 1.058 1.064 1.070 1.076 1.082 1.088 1.095 1.102 1.108 1.116 1.123 1.130 1.138 1.146 1.154 1.163 1.172 1.181 1.190 1.200 1.210 1.221 1.231 1.242 1.254 1.266
0.000 0.000 0.000 0.000 0.000 0.000 0.000 0.000 0.000 0.937 0.938 0.938 0.938 0.938 0.939 0.939 0.940 0.941 0.943 0.944 0.946 0.948 0.950 0.952 0.954 0.957 0.959 0.962 0.965 0.968 0.971 0.974 0.977 0.980 0.984 0.987 0.991 0.994 0.998 1.002 1.006 1.010 1.014 1.019 1.024 1.028 1.033 1.039 1.044 1.050 1.056 1.062 1.069 1.075 1.082 1.090 1.098 1.106 1.114 1.123 1.132 1.141 1.150 1.160 1.170 1.181 1.192 1.203 1.214 1.226 1.238 1.250 1.262 1.275 1.288 1.301 1.315
0.000 0.000 0.000 0.000 0.000 0.000 0.000 0.000 0.000 0.938 0.938 0.938 0.938 0.939 0.940 0.941 0.942 0.944 0.946 0.948 0.949 0.951 0.953 0.955 0.957 0.960 0.962 0.964 0.967 0.969 0.972 0.975 0.978 0.981 0.985 0.989 0.992 0.996 1.001 1.005 1.010 1.015 1.020 1.026 1.031 1.037 1.043 1.049 1.056 1.062 1.069 1.076 1.083 1.091 1.098 1.106 1.114 1.122 1.130 1.139 1.148 1.157 1.166 1.175 1.185 1.195 1.205 1.216 1.227 1.238 1.250 1.262 1.274 1.287 1.300 1.314 1.328
0.000 0.000 0.000 0.000 0.000 0.000 0.000 0.000 0.000 0.937 0.938 0.938 0.938 0.938 0.939 0.939 0.940 0.941 0.943 0.944 0.946 0.948 0.950 0.952 0.954 0.957 0.959 0.962 0.965 0.968 0.971 0.974 0.977 0.980 0.984 0.987 0.991 0.994 0.998 1.002 1.006 1.010 1.014 1.019 1.024 1.028 1.033 1.039 1.044 1.050 1.056 1.062 1.069 1.075 1.082 1.090 1.098 1.106 1.114 1.122 1.131 1.141 1.150 1.160 1.170 1.181 1.192 1.203 1.214 1.226 1.238 1.250 1.262 1.275 1.288 1.301 1.314
0.000 0.000 0.000 0.000 0.000 0.000 0.000 0.000 0.000 0.938 0.937 0.938 0.938 0.938 0.939 0.939 0.940 0.941 0.942 0.943 0.945 0.946 0.948 0.950 0.952 0.954 0.956 0.958 0.961 0.964 0.967 0.970 0.973 0.976 0.980 0.983 0.987 0.991 0.995 0.999 1.004 1.008 1.013 1.017 1.022 1.027 1.032 1.037 1.042 1.047 1.053 1.058 1.064 1.070 1.076 1.082 1.088 1.095 1.102 1.108 1.115 1.123 1.130 1.138 1.146 1.154 1.163 1.172 1.181 1.190 1.200 1.210 1.221 1.231 1.242 1.254 1.265
0.000 0.000 0.000 0.000 0.000 0.000 0.000 0.000 0.000 0.937 0.938 0.938 0.938 0.938 0.939 0.939 0.940 0.941 0.942 0.943 0.945 0.946 0.948 0.949 0.951 0.953 0.955 0.957 0.960 0.962 0.965 0.967 0.970 0.973 0.977 0.980 0.983 0.987 0.991 0.995 0.999 1.003 1.008 1.013 1.017 1.022 1.028 1.033 1.038 1.044 1.050 1.056 1.062 1.068 1.074 1.081 1.087 1.094 1.101 1.108 1.115 1.122 1.129 1.137 1.144 1.152 1.159 1.167 1.175 1.183 1.191 1.199 1.207 1.215 1.224 1.232 1.241
0.000 0.000 0.000 0.000 0.000 0.000 0.000 0.000 0.000 0.938 0.938 0.938 0.938 0.938 0.939 0.939 0.940 0.941 0.942 0.943 0.945 0.946 0.948 0.950 0.951 0.953 0.955 0.957 0.960 0.962 0.965 0.967 0.970 0.973 0.975 0.978 0.982 0.985 0.988 0.991 0.995 0.998 1.002 1.005 1.009 1.013 1.016 1.020 1.024 1.028 1.033 1.037 1.041 1.046 1.051 1.056 1.061 1.066 1.071 1.077 1.082 1.088 1.094 1.100 1.107 1.113 1.120 1.126 1.133 1.140 1.148 1.155 1.162 1.170 1.178 1.186 1.194
0.000 0.000 0.000 0.000 0.000 0.000 0.000 0.000 0.000 0.938 0.938 0.938 0.938 0.938 0.939 0.939 0.940 0.941 0.942 0.944 0.945 0.946 0.948 0.950 0.952 0.953 0.956 0.958 0.960 0.962 0.965 0.967 0.970 0.973 0.976 0.979 0.982 0.985 0.989 0.992 0.996 1.000 1.004 1.008 1.012 1.017 1.021 1.026 1.031 1.035 1.040 1.046 1.051 1.056 1.061 1.067 1.072 1.078 1.083 1.088 1.093 1.099 1.104 1.109 1.114 1.119 1.123 1.128 1.133 1.137 1.141 1.146 1.150 1.154 1.158 1.162 1.166
0.000 0.000 0.000 0.000 0.000 0.000 0.000 0.000 0.000 0.938 0.938 0.938 0.938 0.938 0.939 0.939 0.940 0.941 0.942 0.944 0.945 0.947 0.948 0.950 0.952 0.954 0.956 0.958 0.960 0.962 0.964 0.966 0.968 0.970 0.972 0.974 0.976 0.978 0.980 0.982 0.984 0.986 0.988 0.990 0.993 0.995 0.998 1.001 1.003 1.006 1.009 1.012 1.016 1.019 1.022 1.025 1.029 1.032 1.036 1.039 1.043 1.047 1.050 1.054 1.058 1.061 1.065 1.069 1.072 1.076 1.079 1.083 1.086 1.090 1.093 1.096 1.099
0.000 0.000 0.000 0.000 0.000 0.000 0.000 0.000 0.000 0.938 0.938 0.938 0.938 0.938 0.939 0.939 0.940 0.941 0.942 0.944 0.945 0.947 0.948 0.950 0.952 0.954 0.956 0.958 0.960 0.962 0.965 0.968 0.970 0.973 0.976 0.980 0.983 0.987 0.991 0.994 0.998 1.002 1.007 1.011 1.015 1.019 1.023 1.027 1.030 1.034 1.038 1.041 1.044 1.047 1.050 1.053 1.055 1.057 1.059 1.061 1.062 1.063 1.064 1.065 1.065 1.065 1.065 1.065 1.064 1.064 1.063 1.062 1.060 1.059 1.057 1.056 1.054
0.000 0.000 0.000 0.000 0.000 0.000 0.000 0.000 0.000 0.938 0.938 0.938 0.938 0.938 0.939 0.939 0.940 0.941 0.943 0.944 0.945 0.946 0.948 0.949 0.950 0.951 0.952 0.953 0.953 0.954 0.955 0.956 0.957 0.958 0.959 0.960 0.961 0.962 0.963 0.965 0.966 0.968 0.969 0.971 0.972 0.974 0.975 0.977 0.979 0.981 0.983 0.984 0.986 0.988 0.990 0.992 0.994 0.996 0.997 0.999 1.001 1.002 1.004 1.005 1.007 1.008 1.009 1.011 1.012 1.012 1.012 1.010 1.007 1.004 1.000 0.995 0.990
0.000 0.000 0.000 0.000 0.000 0.000 0.000 0.000 0.000 0.938 0.938 0.938 0.938 0.938 0.939 0.939 0.940 0.941 0.942 0.944 0.945 0.946 0.947 0.949 0.951 0.953 0.955 0.957 0.960 0.962 0.965 0.968 0.970 0.973 0.976 0.978 0.981 0.983 0.985 0.988 0.990 0.992 0.994 0.996 0.998 1.000 1.002 1.003 1.005 1.006 1.007 1.008 1.009 1.009 1.009 1.009 1.008 1.008 1.006 1.004 1.002 1.000 0.996 0.993 0.989 0.984 0.979 0.974 0.971 0.963 0.956 0.949 0.943 0.936 0.929 0.922 0.915
0.000 0.000 0.000 0.000 0.000 0.000 0.000 0.000 0.000 0.938 0.938 0.938 0.938 0.938 0.939 0.939 0.940 0.941 0.941 0.941 0.941 0.942 0.942 0.942 0.942 0.943 0.943 0.943 0.944 0.944 0.944 0.945 0.945 0.945 0.946 0.946 0.947 0.947 0.948 0.949 0.949 0.950 0.950 0.951 0.952 0.953 0.953 0.954 0.955 0.956 0.957 0.957 0.958 0.959 0.960 0.961 0.961 0.962 0.963 0.963 0.964 0.964 0.965 0.965 0.966 0.966 0.966 0.966 0.960 0.949 0.936 0.923 0.908 0.894 0.880 0.867 0.853
0.000 0.000 0.000 0.000 0.000 0.000 0.000 0.000 0.000 0.938 0.938 0.938 0.938 0.938 0.938 0.939 0.939 0.939 0.939 0.940 0.940 0.941 0.942 0.942 0.942 0.943 0.943 0.943 0.943 0.943 0.943 0.943 0.943 0.943 0.943 0.943 0.943 0.943 0.943 0.943 0.943 0.943 0.943 0.943 0.943 0.943 0.943 0.943 0.943 0.943 0.942 0.941 0.941 0.941 0.941 0.941 0.941 0.941 0.942 0.942 0.942 0.942 0.942 0.942 0.942 0.942 0.943 0.943 0.940 0.937 0.800 0.775 0.763 0.751 0.740 0.729 0.718
0.000 0.000 0.000 0.000 0.000 0.000 0.000 0.000 0.000 0.938 0.937 0.938 0.938 0.938 0.938 0.938 0.938 0.938 0.938 0.938 0.938 0.938 0.938 0.938 0.938 0.938 0.938 0.938 0.938 0.938 0.938 0.938 0.938 0.938 0.939 0.939 0.939 0.939 0.939 0.939 0.939 0.939 0.939 0.939 0.939 0.940 0.940 0.940 0.940 0.940 0.940 0.941 0.941 0.941 0.941 0.941 0.942 0.942 0.942 0.942 0.943 0.943 0.943 0.944 0.944 0.944 0.944 0.944 0.940 0.938 0.858 0.829 0.802 0.774 0.746 0.719 0.692
0.000 0.000 0.000 0.000 0.000 0.000 0.000 0.000 0.000 0.938 0.938 0.938 0.938 0.938 0.938 0.938 0.938 0.938 0.938 0.937 0.938 0.938 0.938 0.938 0.938 0.938 0.938 0.937 0.937 0.938 0.938 0.937 0.938 0.937 0.938 0.938 0.938 0.938 0.938 0.938 0.938 0.938 0.938 0.938 0.938 0.938 0.938 0.938 0.938 0.938 0.938 0.938 0.938 0.937 0.938 0.938 0.938 0.938 0.938 0.938 0.938 0.937 0.938 0.938 0.938 0.938 0.938 0.938 0.938 0.937 0.552 0.545 0.538 0.530 0.523 0.514 0.506
0.000 0.000 0.000 0.000 0.000 0.000 0.000 0.000 0.000 0.938 0.938 0.938 0.938 0.938 0.938 0.938 0.938 0.938 0.938 0.938 0.938 0.938 0.938 0.938 0.938 0.938 0.938 0.937 0.938 0.937 0.937 0.938 0.938 0.938 0.938 0.938 0.938 0.938 0.937 0.938 0.938 0.938 0.938 0.938 0.938 0.938 0.938 0.938 0.938 0.938 0.938 0.938 0.937 0.938 0.938 0.938 0.938 0.938 0.938 0.938 0.938 0.938 0.938 0.938 0.937 0.938 0.938 0.938 0.938 0.938 0.734 0.680 0.624 0.568 0.515 0.465 0.419
0.000 0.000 0.000 0.000 0.000 0.000 0.000 0.000 0.000 0.064 0.108 0.161 0.210 0.251 0.284 0.310 0.331 0.347 0.361 0.372 0.381 0.389 0.395 0.401 0.406 0.411 0.415 0.419 0.422 0.426 0.429 0.432 0.434 0.437 0.439 0.442 0.444 0.447 0.449 0.452 0.455 0.458 0.461 0.465 0.469 0.474 0.479 0.483 0.484 0.484 0.482 0.479 0.473 0.466 0.457 0.447 0.436 0.423 0.411 0.399 0.390 0.384 0.378 0.372 0.366 0.359 0.353 0.346 0.340 0.333 0.326 0.319 0.312 0.304 0.296 0.288 0.279
0.000 0.000 0.000 0.000 0.000 0.000 0.000 0.000 0.000 0.006 0.014 0.028 0.046 0.067 0.088 0.109 0.128 0.147 0.164 0.179 0.192 0.205 0.215 0.225 0.233 0.241 0.247 0.253 0.258 0.262 0.265 0.268 0.271 0.273 0.274 0.275 0.276 0.276 0.276 0.275 0.275 0.274 0.273 0.272 0.271 0.270 0.270 0.270 0.271 0.272 0.273 0.274 0.274 0.275 0.275 0.275 0.275 0.275 0.274 0.273 0.271 0.269 0.266 0.263 0.259 0.254 0.249 0.243 0.237 0.230 0.223 0.215 0.207 0.199 0.190 0.181 0.172
0.000 0.000 0.000 0.000 0.000 0.000 0.000 0.000 0.000 0.000 0.001 0.003 0.005 0.009 0.015 0.021 0.029 0.037 0.046 0.055 0.064 0.073 0.082 0.091 0.099 0.107 0.115 0.122 0.129 0.135 0.141 0.147 0.152 0.157 0.161 0.165 0.169 0.173 0.176 0.180 0.183 0.186 0.189 0.192 0.195 0.198 0.199 0.200 0.200 0.199 0.197 0.194 0.192 0.188 0.185 0.181 0.177 0.172 0.167 0.162 0.156 0.151 0.145 0.139 0.133 0.126 0.120 0.114 0.107 0.101 0.095 0.089 0.083 0.077 0.071 0.065 0.060
0.000 0.000 0.000 0.000 0.000 0.000 0.000 0.000 0.000 0.000 0.000 0.000 0.001 0.001 0.002 0.003 0.004 0.005 0.006 0.008 0.011 0.013 0.016 0.019 0.023 0.026 0.030 0.033 0.036 0.040 0.043 0.047 0.050 0.053 0.056 0.059 0.061 0.064 0.066 0.067 0.068 0.068 0.068 0.067 0.065 0.063 0.061 0.059 0.057 0.055 0.053 0.051 0.049 0.046 0.044 0.042 0.039 0.037 0.035 0.033 0.031 0.029 0.027 0.025 0.023 0.021 0.019 0.017 0.016 0.014 0.013 0.012 0.011 0.009 0.008 0.007 0.006
0.000 0.000 0.000 0.000 0.000 0.000 0.000 0.000 0.000 0.000 0.000 0.000 0.000 0.000 0.000 0.000 0.000 0.000 0.001 0.001 0.001 0.001 0.002 0.002 0.003 0.003 0.003 0.004 0.004 0.005 0.005 0.005 0.006 0.006 0.006 0.006 0.006 0.006 0.006 0.005 0.005 0.005 0.005 0.005 0.004 0.004 0.004 0.004 0.004 0.004 0.002 0.000 0.000 0.000 0.000 0.000 0.000 0.000 0.000 0.000 0.000 0.000 0.000 0.000 0.000 0.000 0.000 0.000 0.000 0.000 0.000 0.000 0.000 0.000 0.000 0.000 0.000
