Examples/2023_ISeeSnow/data/CoulombOnly/Results/curv77s/1HS_03_curv77s_MoT-Voellmy_h_max.asc
ncols        1001
nrows        301
xllcorner    997.5
yllcorner    -5002.5
cellsize     5.00
NODATA_value -9999
[rows 136 to 169 of 301, columns 462 to 538 of 1001]
0.019 0.022 0.026 0.030 0.035 0.041 0.047 0.054 0.062 0.070 0.079 0.089 0.099 0.110 0.122 0.134 0.147 0.161 0.175 0.190 0.206 0.222 0.238 0.255 0.272 0.290 0.307 0.325 0.344 0.362 0.380 0.399 0.417 0.436 0.454 0.472 0.490 0.508 0.526 0.543 0.560 0.577 0.594 0.610 0.626 0.641 0.656 0.671 0.685 0.699 0.713 0.726 0.738 0.750 0.762 0.774 0.785 0.795 0.806 0.815 0.825 0.834 0.843 0.851 0.859 0.867 0.874 0.881 0.888 0.895 0.901 0.907 0.913 0.918 0.923 0.928 0.933
0.074 0.083 0.094 0.106 0.118 0.132 0.146 0.162 0.177 0.194 0.210 0.228 0.246 0.264 0.283 0.302 0.321 0.341 0.361 0.380 0.400 0.420 0.440 0.460 0.480 0.499 0.519 0.538 0.557 0.575 0.593 0.611 0.629 0.646 0.662 0.679 0.694 0.710 0.724 0.739 0.753 0.766 0.779 0.792 0.804 0.815 0.826 0.837 0.847 0.857 0.867 0.876 0.884 0.893 0.900 0.908 0.915 0.922 0.928 0.934 0.940 0.946 0.951 0.956 0.961 0.965 0.969 0.973 0.977 0.981 0.984 0.987 0.990 0.993 0.996 0.998 1.001
0.214 0.233 0.253 0.273 0.295 0.317 0.340 0.363 0.385 0.407 0.429 0.451 0.472 0.494 0.515 0.537 0.558 0.578 0.598 0.618 0.638 0.656 0.675 0.693 0.710 0.727 0.744 0.760 0.775 0.790 0.804 0.818 0.831 0.844 0.856 0.868 0.879 0.890 0.900 0.910 0.919 0.928 0.936 0.944 0.952 0.959 0.966 0.972 0.978 0.984 0.989 0.994 0.999 1.003 1.007 1.011 1.015 1.018 1.021 1.024 1.027 1.029 1.031 1.033 1.035 1.036 1.038 1.039 1.041 1.042 1.043 1.043 1.044 1.045 1.046 1.046 1.047
0.455 0.480 0.505 0.530 0.555 0.581 0.606 0.631 0.652 0.674 0.694 0.715 0.734 0.753 0.772 0.789 0.806 0.823 0.839 0.854 0.869 0.883 0.896 0.909 0.921 0.933 0.944 0.955 0.965 0.975 0.984 0.992 1.000 1.008 1.015 1.022 1.028 1.034 1.040 1.045 1.050 1.054 1.058 1.062 1.065 1.068 1.071 1.073 1.076 1.078 1.079 1.081 1.082 1.083 1.084 1.085 1.085 1.085 1.086 1.086 1.085 1.085 1.085 1.084 1.084 1.083 1.082 1.082 1.081 1.080 1.079 1.078 1.077 1.076 1.075 1.075 1.074
0.748 0.772 0.795 0.818 0.841 0.863 0.885 0.905 0.921 0.937 0.952 0.966 0.979 0.992 1.004 1.016 1.027 1.037 1.047 1.056 1.065 1.073 1.080 1.087 1.094 1.100 1.106 1.111 1.116 1.120 1.124 1.128 1.131 1.134 1.136 1.139 1.140 1.142 1.143 1.144 1.145 1.145 1.146 1.146 1.145 1.145 1.144 1.143 1.142 1.141 1.139 1.138 1.136 1.134 1.132 1.130 1.128 1.126 1.123 1.121 1.119 1.116 1.114 1.112 1.109 1.107 1.104 1.102 1.100 1.098 1.096 1.094 1.092 1.090 1.088 1.087 1.085
1.030 1.049 1.066 1.084 1.101 1.117 1.133 1.146 1.154 1.162 1.170 1.177 1.184 1.190 1.195 1.200 1.205 1.209 1.212 1.216 1.218 1.221 1.223 1.225 1.226 1.227 1.228 1.228 1.228 1.228 1.228 1.227 1.226 1.224 1.223 1.221 1.218 1.216 1.213 1.211 1.208 1.204 1.201 1.197 1.194 1.190 1.186 1.182 1.178 1.174 1.170 1.165 1.161 1.157 1.153 1.149 1.144 1.140 1.136 1.132 1.128 1.125 1.121 1.118 1.114 1.111 1.108 1.105 1.103 1.100 1.098 1.096 1.094 1.092 1.091 1.089 1.088
1.272 1.284 1.295 1.306 1.316 1.326 1.334 1.340 1.341 1.342 1.342 1.342 1.342 1.342 1.341 1.340 1.339 1.338 1.336 1.334 1.332 1.330 1.327 1.324 1.321 1.317 1.313 1.309 1.305 1.300 1.295 1.290 1.284 1.279 1.273 1.267 1.261 1.254 1.248 1.242 1.235 1.228 1.222 1.215 1.208 1.202 1.195 1.189 1.182 1.176 1.170 1.164 1.158 1.153 1.147 1.142 1.137 1.133 1.128 1.124 1.120 1.117 1.114 1.111 1.108 1.106 1.104 1.102 1.100 1.099 1.098 1.097 1.096 1.095 1.095 1.094 1.094
1.459 1.463 1.466 1.469 1.471 1.473 1.474 1.472 1.466 1.461 1.457 1.454 1.450 1.446 1.442 1.438 1.433 1.428 1.422 1.415 1.409 1.402 1.394 1.386 1.377 1.368 1.359 1.350 1.340 1.330 1.320 1.310 1.300 1.290 1.279 1.269 1.259 1.249 1.239 1.230 1.220 1.211 1.202 1.194 1.186 1.178 1.171 1.164 1.157 1.151 1.146 1.141 1.136 1.132 1.129 1.126 1.123 1.121 1.119 1.117 1.116 1.115 1.114 1.114 1.113 1.113 1.114 1.114 1.114 1.115 1.116 1.117 1.117 1.118 1.119 1.120 1.121
1.721 1.722 1.722 1.723 1.723 1.723 1.722 1.716 1.703 1.689 1.672 1.654 1.634 1.613 1.592 1.570 1.547 1.524 1.501 1.478 1.456 1.433 1.411 1.390 1.368 1.348 1.328 1.308 1.290 1.271 1.254 1.237 1.221 1.206 1.192 1.178 1.166 1.154 1.143 1.133 1.124 1.116 1.109 1.103 1.098 1.093 1.089 1.086 1.084 1.082 1.081 1.080 1.079 1.079 1.079 1.080 1.081 1.082 1.083 1.084 1.085 1.086 1.087 1.089 1.090 1.091 1.092 1.093 1.093 1.094 1.094 1.094 1.094 1.094 1.094 1.093 1.092
1.252 1.240 1.228 1.215 1.202 1.189 1.176 1.161 1.144 1.129 1.117 1.106 1.096 1.087 1.078 1.071 1.063 1.056 1.050 1.043 1.036 1.029 1.022 1.015 1.008 1.001 0.993 0.985 0.977 0.969 0.961 0.952 0.943 0.934 0.925 0.916 0.906 0.896 0.886 0.876 0.866 0.856 0.846 0.835 0.825 0.815 0.804 0.794 0.783 0.773 0.763 0.752 0.742 0.732 0.722 0.712 0.714 0.717 0.719 0.721 0.722 0.723 0.724 0.724 0.723 0.722 0.720 0.718 0.716 0.713 0.710 0.707 0.703 0.698 0.694 0.689 0.684
3.111 3.131 3.153 3.175 3.199 3.224 3.249 3.266 3.273 3.283 3.292 3.301 3.308 3.316 3.323 3.329 3.336 3.342 3.348 3.353 3.358 3.363 3.368 3.372 3.376 3.380 3.384 3.387 3.390 3.392 3.395 3.397 3.399 3.400 3.402 3.403 3.405 3.406 3.407 3.408 3.409 3.411 3.412 3.414 3.416 3.418 3.420 3.422 3.425 3.428 3.432 3.436 3.440 3.445 3.450 3.455 3.461 3.468 3.474 3.481 3.489 3.497 3.505 3.514 3.523 3.533 3.543 3.554 3.564 3.576 3.587 3.599 3.612 3.625 3.637 3.649 3.661
0.723 0.696 0.670 0.644 0.619 0.594 0.569 0.545 0.521 0.499 0.479 0.461 0.444 0.429 0.438 0.456 0.475 0.493 0.511 0.529 0.546 0.562 0.578 0.593 0.606 0.619 0.630 0.641 0.650 0.657 0.664 0.669 0.673 0.676 0.677 0.677 0.676 0.674 0.670 0.666 0.661 0.654 0.647 0.639 0.630 0.621 0.611 0.601 0.590 0.579 0.568 0.556 0.544 0.532 0.520 0.507 0.494 0.482 0.469 0.455 0.442 0.428 0.415 0.401 0.387 0.373 0.359 0.345 0.330 0.316 0.302 0.288 0.274 0.260 0.246 0.233 0.219
5.074 5.117 5.159 5.201 5.243 5.284 5.320 5.336 5.338 5.350 5.362 5.373 5.384 5.393 5.402 5.411 5.419 5.427 5.434 5.442 5.449 5.456 5.463 5.470 5.478 5.485 5.493 5.501 5.509 5.518 5.527 5.536 5.546 5.557 5.568 5.579 5.591 5.604 5.617 5.631 5.645 5.660 5.675 5.690 5.705 5.720 5.734 5.748 5.762 5.776 5.789 5.803 5.816 5.829 5.842 5.855 5.869 5.882 5.896 5.910 5.924 5.939 5.954 5.969 5.985 6.001 6.018 6.035 6.053 6.071 6.089 6.107 6.124 6.142 6.159 6.176 6.193
0.815 0.806 0.797 0.785 0.773 0.759 0.744 0.728 0.710 0.694 0.680 0.666 0.653 0.641 0.629 0.618 0.606 0.594 0.582 0.569 0.556 0.543 0.529 0.514 0.499 0.483 0.467 0.451 0.434 0.417 0.399 0.382 0.365 0.349 0.333 0.317 0.302 0.287 0.272 0.258 0.244 0.231 0.218 0.206 0.194 0.183 0.172 0.162 0.152 0.142 0.133 0.124 0.116 0.126 0.138 0.151 0.164 0.176 0.189 0.202 0.214 0.225 0.237 0.247 0.257 0.266 0.275 0.282 0.288 0.294 0.298 0.301 0.303 0.304 0.304 0.303 0.301
5.380 5.419 5.460 5.502 5.544 5.588 5.626 5.644 5.648 5.665 5.683 5.700 5.718 5.737 5.755 5.773 5.792 5.811 5.830 5.849 5.868 5.888 5.907 5.927 5.947 5.967 5.987 6.008 6.028 6.049 6.070 6.091 6.113 6.134 6.156 6.178 6.200 6.223 6.245 6.268 6.291 6.314 6.338 6.361 6.385 6.410 6.434 6.459 6.484 6.509 6.534 6.560 6.586 6.612 6.638 6.665 6.692 6.719 6.747 6.775 6.803 6.832 6.861 6.890 6.919 6.949 6.979 7.010 7.041 7.072 7.104 7.136 7.168 7.201 7.234 7.267 7.301
0.815 0.807 0.797 0.786 0.773 0.760 0.745 0.728 0.711 0.695 0.680 0.667 0.654 0.642 0.630 0.618 0.606 0.594 0.582 0.570 0.557 0.543 0.529 0.515 0.499 0.484 0.468 0.451 0.434 0.417 0.400 0.383 0.366 0.349 0.333 0.317 0.301 0.286 0.272 0.258 0.244 0.231 0.218 0.206 0.194 0.182 0.171 0.161 0.151 0.141 0.132 0.123 0.115 0.125 0.138 0.150 0.163 0.176 0.188 0.201 0.213 0.225 0.236 0.247 0.257 0.266 0.274 0.281 0.288 0.293 0.297 0.300 0.302 0.303 0.303 0.302 0.300
5.075 5.118 5.160 5.202 5.244 5.285 5.321 5.337 5.339 5.351 5.363 5.374 5.385 5.394 5.403 5.412 5.420 5.428 5.435 5.442 5.450 5.457 5.464 5.471 5.478 5.486 5.494 5.502 5.510 5.519 5.528 5.537 5.547 5.558 5.569 5.580 5.592 5.605 5.618 5.632 5.646 5.661 5.676 5.692 5.706 5.721 5.736 5.750 5.763 5.777 5.790 5.804 5.817 5.830 5.844 5.857 5.870 5.884 5.898 5.912 5.926 5.941 5.956 5.971 5.987 6.003 6.020 6.037 6.055 6.073 6.091 6.109 6.126 6.144 6.161 6.178 6.195
0.723 0.697 0.670 0.644 0.619 0.594 0.570 0.545 0.521 0.499 0.479 0.461 0.444 0.429 0.438 0.456 0.474 0.493 0.511 0.529 0.546 0.562 0.578 0.592 0.606 0.618 0.630 0.640 0.649 0.657 0.663 0.668 0.672 0.675 0.676 0.676 0.675 0.673 0.669 0.665 0.660 0.653 0.646 0.638 0.629 0.620 0.610 0.600 0.589 0.578 0.567 0.555 0.543 0.531 0.519 0.506 0.494 0.481 0.468 0.454 0.441 0.428 0.414 0.400 0.386 0.372 0.358 0.344 0.330 0.316 0.301 0.287 0.273 0.259 0.246 0.232 0.219
3.112 3.132 3.153 3.176 3.200 3.225 3.251 3.267 3.274 3.284 3.293 3.302 3.310 3.317 3.324 3.331 3.337 3.343 3.349 3.354 3.360 3.365 3.369 3.374 3.378 3.382 3.385 3.388 3.391 3.394 3.396 3.398 3.400 3.402 3.403 3.405 3.406 3.407 3.408 3.410 3.411 3.412 3.414 3.415 3.417 3.419 3.421 3.424 3.426 3.430 3.433 3.437 3.441 3.446 3.451 3.457 3.462 3.469 3.475 3.483 3.490 3.498 3.507 3.515 3.525 3.534 3.544 3.555 3.566 3.577 3.589 3.601 3.613 3.626 3.638 3.650 3.662
1.253 1.240 1.228 1.215 1.202 1.189 1.176 1.161 1.144 1.130 1.117 1.106 1.096 1.087 1.078 1.071 1.063 1.056 1.050 1.043 1.036 1.029 1.022 1.015 1.008 1.001 0.993 0.985 0.978 0.969 0.961 0.952 0.943 0.934 0.925 0.916 0.906 0.896 0.886 0.876 0.866 0.856 0.846 0.835 0.825 0.815 0.804 0.794 0.783 0.773 0.763 0.752 0.742 0.732 0.722 0.712 0.713 0.716 0.718 0.720 0.722 0.722 0.723 0.723 0.722 0.721 0.720 0.718 0.715 0.712 0.709 0.706 0.702 0.697 0.693 0.688 0.683
1.721 1.722 1.722 1.723 1.723 1.723 1.722 1.716 1.703 1.689 1.672 1.654 1.634 1.613 1.592 1.569 1.547 1.524 1.501 1.478 1.455 1.433 1.411 1.389 1.368 1.347 1.327 1.308 1.289 1.271 1.254 1.237 1.221 1.206 1.191 1.178 1.165 1.153 1.143 1.133 1.124 1.116 1.109 1.102 1.097 1.093 1.089 1.086 1.083 1.082 1.080 1.079 1.079 1.079 1.079 1.080 1.080 1.081 1.082 1.083 1.084 1.086 1.087 1.088 1.089 1.090 1.091 1.092 1.093 1.093 1.094 1.094 1.094 1.094 1.093 1.092 1.091
1.459 1.463 1.466 1.469 1.471 1.473 1.474 1.472 1.466 1.461 1.457 1.454 1.450 1.446 1.442 1.438 1.433 1.427 1.422 1.415 1.409 1.401 1.394 1.386 1.377 1.368 1.359 1.350 1.340 1.330 1.320 1.310 1.300 1.289 1.279 1.269 1.259 1.249 1.239 1.230 1.220 1.211 1.202 1.194 1.186 1.178 1.170 1.163 1.157 1.151 1.146 1.141 1.136 1.132 1.129 1.125 1.123 1.120 1.118 1.117 1.115 1.114 1.114 1.113 1.113 1.113 1.113 1.114 1.114 1.115 1.115 1.116 1.117 1.118 1.119 1.120 1.120
1.272 1.284 1.295 1.306 1.316 1.326 1.334 1.340 1.341 1.342 1.342 1.342 1.342 1.342 1.341 1.340 1.339 1.338 1.336 1.334 1.332 1.330 1.327 1.324 1.321 1.317 1.313 1.309 1.305 1.300 1.295 1.290 1.284 1.279 1.273 1.267 1.261 1.254 1.248 1.241 1.235 1.228 1.222 1.215 1.208 1.202 1.195 1.189 1.182 1.176 1.170 1.164 1.158 1.152 1.147 1.142 1.137 1.132 1.128 1.124 1.120 1.117 1.114 1.111 1.108 1.106 1.103 1.102 1.100 1.099 1.097 1.096 1.096 1.095 1.095 1.094 1.094
1.030 1.049 1.067 1.084 1.101 1.117 1.133 1.146 1.154 1.162 1.170 1.177 1.184 1.190 1.195 1.200 1.205 1.209 1.212 1.216 1.219 1.221 1.223 1.225 1.226 1.227 1.228 1.228 1.228 1.228 1.227 1.227 1.226 1.224 1.222 1.221 1.218 1.216 1.213 1.210 1.207 1.204 1.201 1.197 1.194 1.190 1.186 1.182 1.178 1.174 1.169 1.165 1.161 1.157 1.153 1.148 1.144 1.140 1.136 1.132 1.128 1.125 1.121 1.118 1.114 1.111 1.108 1.105 1.103 1.100 1.098 1.096 1.094 1.092 1.091 1.089 1.088
0.748 0.772 0.795 0.818 0.841 0.863 0.885 0.905 0.921 0.937 0.952 0.966 0.979 0.992 1.004 1.016 1.027 1.037 1.047 1.056 1.065 1.073 1.080 1.087 1.094 1.100 1.106 1.111 1.116 1.120 1.124 1.128 1.131 1.134 1.136 1.139 1.140 1.142 1.143 1.144 1.145 1.145 1.146 1.146 1.145 1.145 1.144 1.143 1.142 1.141 1.139 1.138 1.136 1.134 1.132 1.130 1.128 1.126 1.123 1.121 1.119 1.116 1.114 1.111 1.109 1.107 1.104 1.102 1.100 1.098 1.096 1.094 1.092 1.090 1.088 1.087 1.085
0.455 0.479 0.504 0.530 0.555 0.581 0.606 0.631 0.652 0.674 0.694 0.715 0.734 0.753 0.772 0.789 0.806 0.823 0.839 0.854 0.869 0.883 0.896 0.909 0.921 0.933 0.944 0.955 0.965 0.975 0.984 0.992 1.000 1.008 1.015 1.022 1.028 1.034 1.040 1.045 1.049 1.054 1.058 1.062 1.065 1.068 1.071 1.073 1.076 1.078 1.079 1.081 1.082 1.083 1.084 1.085 1.085 1.085 1.085 1.085 1.085 1.085 1.085 1.084 1.084 1.083 1.082 1.081 1.081 1.080 1.079 1.078 1.077 1.076 1.075 1.074 1.074
0.214 0.233 0.252 0.273 0.295 0.317 0.340 0.363 0.385 0.407 0.429 0.450 0.472 0.494 0.515 0.537 0.558 0.578 0.598 0.618 0.637 0.656 0.675 0.693 0.710 0.727 0.744 0.760 0.775 0.790 0.804 0.818 0.831 0.844 0.856 0.868 0.879 0.890 0.900 0.910 0.919 0.928 0.936 0.944 0.952 0.959 0.966 0.972 0.978 0.984 0.989 0.994 0.999 1.003 1.007 1.011 1.015 1.018 1.021 1.024 1.026 1.029 1.031 1.033 1.035 1.036 1.038 1.039 1.040 1.042 1.042 1.043 1.044 1.045 1.045 1.046 1.047
0.074 0.083 0.094 0.106 0.118 0.132 0.146 0.162 0.177 0.193 0.210 0.228 0.246 0.264 0.283 0.302 0.321 0.341 0.360 0.380 0.400 0.420 0.440 0.460 0.480 0.499 0.519 0.538 0.557 0.575 0.593 0.611 0.629 0.646 0.662 0.679 0.694 0.710 0.724 0.739 0.753 0.766 0.779 0.792 0.804 0.815 0.826 0.837 0.847 0.857 0.867 0.876 0.884 0.893 0.900 0.908 0.915 0.922 0.928 0.934 0.940 0.946 0.951 0.956 0.961 0.965 0.969 0.973 0.977 0.980 0.984 0.987 0.990 0.993 0.996 0.998 1.000
0.019 0.022 0.026 0.030 0.035 0.041 0.047 0.054 0.062 0.070 0.079 0.089 0.099 0.110 0.122 0.134 0.147 0.161 0.175 0.190 0.206 0.222 0.238 0.255 0.272 0.290 0.307 0.325 0.344 0.362 0.380 0.399 0.417 0.436 0.454 0.472 0.490 0.508 0.526 0.543 0.560 0.577 0.594 0.610 0.626 0.641 0.656 0.671 0.685 0.699 0.712 0.726 0.738 0.750 0.762 0.774 0.785 0.795 0.806 0.815 0.825 0.834 0.843 0.851 0.859 0.867 0.874 0.881 0.888 0.895 0.901 0.907 0.912 0.918 0.923 0.928 0.933
0.005 0.006 0.006 0.007 0.009 0.010 0.012 0.014 0.017 0.019 0.023 0.027 0.031 0.036 0.041 0.047 0.053 0.060 0.067 0.076 0.084 0.094 0.104 0.114 0.126 0.137 0.150 0.163 0.176 0.190 0.205 0.220 0.235 0.251 0.267 0.283 0.299 0.316 0.333 0.350 0.368 0.385 0.402 0.419 0.436 0.454 0.471 0.487 0.504 0.520 0.537 0.553 0.568 0.584 0.599 0.613 0.628 0.642 0.656 0.669 0.682 0.695 0.707 0.719 0.730 0.742 0.752 0.763 0.773 0.783 0.792 0.801 0.810 0.819 0.827 0.835 0.842
0.002 0.002 0.002 0.002 0.003 0.003 0.004 0.004 0.005 0.005 0.006 0.007 0.008 0.010 0.011 0.013 0.015 0.018 0.021 0.024 0.028 0.032 0.036 0.041 0.047 0.053 0.059 0.066 0.074 0.082 0.091 0.100 0.110 0.120 0.131 0.143 0.154 0.167 0.180 0.193 0.207 0.221 0.236 0.251 0.266 0.281 0.297 0.313 0.329 0.345 0.361 0.377 0.394 0.410 0.426 0.442 0.458 0.474 0.490 0.506 0.521 0.536 0.551 0.566 0.580 0.594 0.608 0.622 0.635 0.648 0.660 0.673 0.684 0.696 0.707 0.718 0.729
0.000 0.000 0.001 0.001 0.001 0.001 0.001 0.001 0.002 0.002 0.002 0.003 0.003 0.003 0.004 0.004 0.005 0.006 0.006 0.007 0.008 0.009 0.011 0.013 0.015 0.017 0.020 0.022 0.026 0.029 0.033 0.038 0.043 0.048 0.054 0.060 0.067 0.074 0.082 0.090 0.099 0.108 0.118 0.128 0.138 0.150 0.161 0.173 0.186 0.199 0.212 0.226 0.240 0.254 0.269 0.284 0.299 0.314 0.329 0.344 0.360 0.375 0.391 0.407 0.422 0.437 0.453 0.468 0.483 0.498 0.513 0.527 0.541 0.555 0.569 0.583 0.596
0.000 0.000 0.000 0.000 0.000 0.000 0.000 0.000 0.000 0.001 0.001 0.001 0.001 0.001 0.001 0.002 0.002 0.002 0.002 0.003 0.003 0.004 0.004 0.004 0.005 0.006 0.006 0.007 0.008 0.009 0.011 0.012 0.014 0.016 0.019 0.021 0.024 0.028 0.031 0.035 0.040 0.044 0.050 0.055 0.061 0.068 0.075 0.082 0.090 0.099 0.108 0.117 0.127 0.137 0.148 0.159 0.170 0.182 0.195 0.207 0.220 0.234 0.247 0.261 0.275 0.290 0.304 0.319 0.334 0.349 0.364 0.378 0.393 0.408 0.423 0.438 0.453
0.000 0.000 0.000 0.000 0.000 0.000 0.000 0.000 0.000 0.000 0.000 0.000 0.000 0.000 0.000 0.000 0.001 0.001 0.001 0.001 0.001 0.001 0.002 0.002 0.002 0.002 0.003 0.003 0.003 0.004 0.004 0.005 0.005 0.006 0.007 0.007 0.008 0.009 0.011 0.012 0.014 0.016 0.018 0.021 0.023 0.026 0.030 0.034 0.038 0.042 0.047 0.052 0.058 0.064 0.070 0.077 0.084 0.092 0.100 0.109 0.118 0.128 0.138 0.148 0.159 0.170 0.182 0.194 0.206 0.219 0.231 0.245 0.258 0.272 0.286 0.300 0.314
