Examples/2023_ISeeSnow/data/CoulombOnly/Results/curv77s/1HS_03_curv77s_MoT-Voellmy_h_dep.asc
ncols        1001
nrows        301
xllcorner    997.5
yllcorner    -5002.5
cellsize     5.00
NODATA_value -9999
[rows 102 to 135 of 301, columns 539 to 615 of 1001]
0.000 0.000 0.000 0.000 0.000 0.000 0.000 0.000 0.000 0.000 0.000 0.000 0.000 0.000 0.000 0.000 0.000 0.000 0.000 0.000 0.000 0.000 0.000 0.000 0.000 0.000 0.000 0.000 0.000 0.000 0.000 0.000 0.000 0.000 0.000 0.000 0.000 0.000 0.000 0.000 0.000 0.000 0.000 0.000 0.000 0.000 0.000 0.000 0.000 0.000 0.000 0.000 0.000 0.000 0.000 0.000 0.000 0.000 0.000 0.000 0.000 0.000 0.000 0.000 0.000 0.000 0.000 0.000 0.000 0.000 0.000 0.000 0.000 0.000 0.000 0.000 0.000
0.000 0.000 0.000 0.000 0.000 0.000 0.000 0.000 0.000 0.000 0.000 0.000 0.000 0.000 0.000 0.000 0.000 0.000 0.000 0.000 0.000 0.000 0.000 0.000 0.000 0.000 0.000 0.000 0.000 0.000 0.000 0.000 0.000 0.000 0.000 0.000 0.000 0.000 0.000 0.000 0.000 0.000 0.000 0.000 0.000 0.000 0.000 0.000 0.000 0.000 0.000 0.000 0.000 0.000 0.000 0.000 0.000 0.000 0.000 0.000 0.000 0.000 0.000 0.000 0.000 0.000 0.000 0.000 0.000 0.000 0.000 0.000 0.000 0.000 0.000 0.000 0.000
0.000 0.000 0.000 0.000 0.000 0.000 0.000 0.000 0.000 0.000 0.000 0.000 0.000 0.000 0.000 0.000 0.000 0.000 0.000 0.000 0.000 0.000 0.000 0.000 0.000 0.000 0.000 0.000 0.000 0.000 0.000 0.000 0.000 0.000 0.000 0.000 0.000 0.000 0.000 0.000 0.000 0.000 0.000 0.000 0.000 0.000 0.000 0.000 0.000 0.000 0.000 0.000 0.000 0.000 0.000 0.000 0.000 0.000 0.000 0.000 0.000 0.000 0.000 0.000 0.000 0.000 0.000 0.000 0.000 0.000 0.000 0.000 0.000 0.000 0.000 0.000 0.000
0.000 0.000 0.000 0.000 0.000 0.000 0.000 0.000 0.000 0.000 0.000 0.000 0.000 0.000 0.000 0.000 0.000 0.000 0.000 0.000 0.000 0.000 0.000 0.000 0.000 0.000 0.000 0.000 0.000 0.000 0.000 0.000 0.000 0.000 0.000 0.000 0.000 0.000 0.000 0.000 0.000 0.000 0.000 0.000 0.000 0.000 0.000 0.000 0.000 0.000 0.000 0.000 0.000 0.000 0.000 0.000 0.000 0.000 0.000 0.000 0.000 0.000 0.000 0.000 0.000 0.000 0.000 0.000 0.000 0.000 0.000 0.000 0.000 0.000 0.000 0.000 0.000
0.000 0.000 0.000 0.000 0.000 0.000 0.000 0.000 0.000 0.000 0.000 0.000 0.000 0.000 0.000 0.000 0.000 0.000 0.000 0.000 0.000 0.000 0.000 0.000 0.000 0.000 0.000 0.000 0.000 0.000 0.000 0.000 0.000 0.000 0.000 0.000 0.000 0.000 0.000 0.000 0.000 0.000 0.000 0.000 0.000 0.000 0.000 0.000 0.000 0.000 0.000 0.000 0.000 0.000 0.000 0.000 0.000 0.000 0.000 0.000 0.000 0.000 0.000 0.000 0.000 0.000 0.000 0.000 0.000 0.000 0.000 0.000 0.000 0.000 0.000 0.000 0.000
0.000 0.000 0.000 0.000 0.000 0.000 0.000 0.000 0.000 0.000 0.000 0.000 0.000 0.000 0.000 0.000 0.000 0.000 0.000 0.000 0.000 0.000 0.000 0.000 0.000 0.000 0.000 0.000 0.000 0.000 0.000 0.000 0.000 0.000 0.000 0.000 0.000 0.000 0.000 0.000 0.000 0.000 0.000 0.000 0.000 0.000 0.000 0.000 0.000 0.000 0.000 0.000 0.000 0.000 0.000 0.000 0.000 0.000 0.000 0.000 0.000 0.000 0.000 0.000 0.000 0.000 0.000 0.000 0.000 0.000 0.000 0.000 0.000 0.000 0.000 0.000 0.000
0.000 0.000 0.000 0.000 0.000 0.000 0.000 0.000 0.000 0.000 0.000 0.000 0.000 0.000 0.000 0.000 0.000 0.000 0.000 0.000 0.000 0.000 0.000 0.000 0.000 0.000 0.000 0.000 0.000 0.000 0.000 0.000 0.000 0.000 0.000 0.000 0.000 0.000 0.000 0.000 0.000 0.000 0.000 0.000 0.000 0.000 0.000 0.000 0.000 0.000 0.000 0.000 0.000 0.000 0.000 0.000 0.000 0.000 0.000 0.000 0.000 0.000 0.000 0.000 0.000 0.000 0.000 0.000 0.000 0.000 0.000 0.000 0.000 0.000 0.000 0.000 0.000
0.000 0.000 0.000 0.000 0.000 0.000 0.000 0.000 0.000 0.000 0.000 0.000 0.000 0.000 0.000 0.000 0.000 0.000 0.000 0.000 0.000 0.000 0.000 0.000 0.000 0.000 0.000 0.000 0.000 0.000 0.000 0.000 0.000 0.000 0.000 0.000 0.000 0.000 0.000 0.000 0.000 0.000 0.000 0.000 0.000 0.000 0.000 0.000 0.000 0.000 0.000 0.000 0.000 0.000 0.000 0.000 0.000 0.000 0.000 0.000 0.000 0.000 0.000 0.000 0.000 0.000 0.000 0.000 0.000 0.000 0.000 0.000 0.000 0.000 0.000 0.000 0.000
0.000 0.000 0.000 0.000 0.000 0.000 0.000 0.000 0.000 0.000 0.000 0.000 0.000 0.000 0.000 0.000 0.000 0.000 0.000 0.000 0.000 0.000 0.000 0.000 0.000 0.000 0.000 0.000 0.000 0.000 0.000 0.000 0.000 0.000 0.000 0.000 0.000 0.000 0.000 0.000 0.000 0.000 0.000 0.000 0.000 0.000 0.000 0.000 0.000 0.000 0.000 0.000 0.000 0.000 0.000 0.000 0.000 0.000 0.000 0.000 0.000 0.000 0.000 0.000 0.000 0.000 0.000 0.000 0.000 0.000 0.000 0.000 0.000 0.000 0.000 0.000 0.000
0.000 0.000 0.000 0.000 0.000 0.000 0.000 0.000 0.000 0.000 0.000 0.000 0.000 0.000 0.000 0.000 0.000 0.000 0.000 0.000 0.000 0.000 0.000 0.000 0.000 0.000 0.000 0.000 0.000 0.000 0.000 0.000 0.000 0.000 0.000 0.000 0.000 0.000 0.000 0.000 0.000 0.000 0.000 0.000 0.000 0.000 0.000 0.000 0.000 0.000 0.000 0.000 0.000 0.000 0.000 0.000 0.000 0.000 0.000 0.000 0.000 0.000 0.000 0.000 0.000 0.000 0.000 0.000 0.000 0.000 0.000 0.000 0.000 0.000 0.000 0.000 0.000
0.000 0.000 0.000 0.000 0.000 0.000 0.000 0.000 0.000 0.000 0.000 0.000 0.000 0.000 0.000 0.000 0.000 0.000 0.000 0.000 0.000 0.000 0.000 0.000 0.000 0.000 0.000 0.000 0.000 0.000 0.000 0.000 0.000 0.000 0.000 0.000 0.000 0.000 0.000 0.000 0.000 0.000 0.000 0.000 0.000 0.000 0.000 0.000 0.000 0.000 0.000 0.000 0.000 0.000 0.000 0.000 0.000 0.000 0.000 0.000 0.000 0.000 0.000 0.000 0.000 0.000 0.000 0.000 0.000 0.000 0.000 0.000 0.000 0.000 0.000 0.000 0.000
0.000 0.000 0.000 0.000 0.000 0.000 0.000 0.000 0.000 0.000 0.000 0.000 0.000 0.000 0.000 0.000 0.000 0.000 0.000 0.000 0.000 0.000 0.000 0.000 0.000 0.000 0.000 0.000 0.000 0.000 0.000 0.000 0.000 0.000 0.000 0.000 0.000 0.000 0.000 0.000 0.000 0.000 0.000 0.000 0.000 0.000 0.000 0.000 0.000 0.000 0.000 0.000 0.000 0.000 0.000 0.000 0.000 0.000 0.000 0.000 0.000 0.000 0.000 0.000 0.000 0.000 0.000 0.000 0.000 0.000 0.000 0.000 0.000 0.000 0.000 0.000 0.000
0.000 0.000 0.000 0.000 0.000 0.000 0.000 0.000 0.000 0.000 0.000 0.000 0.000 0.000 0.000 0.000 0.000 0.000 0.000 0.000 0.000 0.000 0.000 0.000 0.000 0.000 0.000 0.000 0.000 0.000 0.000 0.000 0.000 0.000 0.000 0.000 0.000 0.000 0.000 0.000 0.000 0.000 0.000 0.000 0.000 0.000 0.000 0.000 0.000 0.000 0.000 0.000 0.000 0.000 0.000 0.000 0.000 0.000 0.000 0.000 0.000 0.000 0.000 0.000 0.000 0.000 0.000 0.000 0.000 0.000 0.000 0.000 0.000 0.000 0.000 0.000 0.000
0.000 0.000 0.000 0.000 0.000 0.000 0.000 0.000 0.000 0.000 0.000 0.000 0.000 0.000 0.000 0.000 0.000 0.000 0.000 0.000 0.000 0.000 0.000 0.000 0.000 0.000 0.000 0.000 0.000 0.000 0.000 0.000 0.000 0.000 0.000 0.000 0.000 0.000 0.000 0.000 0.000 0.000 0.000 0.000 0.000 0.000 0.000 0.000 0.000 0.000 0.000 0.000 0.000 0.000 0.000 0.000 0.000 0.000 0.000 0.000 0.000 0.000 0.001 0.001 0.001 0.001 0.001 0.001 0.002 0.002 0.002 0.002 0.002 0.002 0.002 0.001 0.001
0.000 0.000 0.000 0.000 0.000 0.000 0.000 0.000 0.000 0.000 0.000 0.000 0.000 0.000 0.000 0.000 0.000 0.000 0.000 0.000 0.000 0.000 0.000 0.000 0.000 0.000 0.000 0.000 0.000 0.000 0.000 0.000 0.000 0.000 0.000 0.000 0.000 0.000 0.000 0.000 0.000 0.000 0.000 0.000 0.000 0.000 0.000 0.000 0.000 0.000 0.000 0.000 0.000 0.001 0.001 0.001 0.001 0.002 0.002 0.002 0.003 0.003 0.003 0.004 0.004 0.005 0.005 0.006 0.007 0.007 0.008 0.009 0.009 0.009 0.009 0.009 0.008
0.000 0.000 0.000 0.000 0.000 0.000 0.000 0.000 0.000 0.000 0.000 0.000 0.000 0.000 0.000 0.000 0.000 0.000 0.000 0.000 0.000 0.000 0.000 0.000 0.000 0.000 0.000 0.000 0.000 0.000 0.000 0.000 0.000 0.000 0.000 0.000 0.000 0.000 0.000 0.000 0.000 0.000 0.000 0.000 0.000 0.000 0.001 0.001 0.001 0.002 0.002 0.002 0.002 0.002 0.003 0.003 0.003 0.004 0.004 0.005 0.005 0.007 0.008 0.009 0.010 0.012 0.014 0.016 0.017 0.019 0.021 0.023 0.024 0.024 0.025 0.024 0.024
0.000 0.000 0.000 0.000 0.000 0.000 0.000 0.000 0.000 0.000 0.000 0.000 0.000 0.000 0.000 0.000 0.000 0.000 0.000 0.000 0.000 0.000 0.000 0.000 0.000 0.000 0.000 0.000 0.000 0.000 0.000 0.000 0.000 0.000 0.000 0.000 0.000 0.000 0.001 0.001 0.001 0.002 0.002 0.002 0.002 0.002 0.002 0.002 0.003 0.003 0.003 0.004 0.004 0.005 0.005 0.006 0.007 0.008 0.009 0.010 0.012 0.014 0.016 0.019 0.022 0.026 0.029 0.034 0.038 0.042 0.046 0.049 0.052 0.054 0.055 0.054 0.053
0.000 0.000 0.000 0.000 0.000 0.000 0.000 0.000 0.000 0.000 0.000 0.000 0.000 0.000 0.000 0.000 0.000 0.000 0.000 0.000 0.000 0.000 0.000 0.000 0.000 0.000 0.000 0.000 0.000 0.000 0.000 0.001 0.001 0.001 0.002 0.002 0.002 0.002 0.002 0.002 0.002 0.002 0.003 0.003 0.003 0.004 0.004 0.005 0.005 0.006 0.007 0.008 0.009 0.010 0.012 0.013 0.015 0.017 0.020 0.022 0.025 0.028 0.032 0.036 0.041 0.047 0.054 0.062 0.069 0.076 0.083 0.089 0.094 0.098 0.101 0.101 0.100
0.000 0.000 0.000 0.000 0.000 0.000 0.000 0.000 0.000 0.000 0.000 0.000 0.000 0.000 0.000 0.000 0.000 0.000 0.000 0.000 0.000 0.000 0.000 0.001 0.001 0.001 0.001 0.001 0.001 0.001 0.002 0.002 0.002 0.002 0.002 0.003 0.003 0.003 0.004 0.004 0.005 0.005 0.006 0.006 0.007 0.008 0.009 0.011 0.012 0.014 0.015 0.017 0.020 0.022 0.025 0.028 0.031 0.035 0.039 0.043 0.047 0.053 0.058 0.064 0.071 0.078 0.087 0.098 0.110 0.121 0.131 0.141 0.149 0.156 0.160 0.162 0.161
0.000 0.000 0.000 0.000 0.000 0.000 0.000 0.000 0.000 0.000 0.000 0.000 0.000 0.000 0.000 0.000 0.001 0.001 0.001 0.001 0.001 0.001 0.001 0.002 0.002 0.002 0.002 0.002 0.003 0.003 0.003 0.004 0.004 0.004 0.005 0.006 0.006 0.007 0.008 0.009 0.010 0.012 0.013 0.015 0.016 0.019 0.021 0.023 0.026 0.029 0.032 0.035 0.039 0.043 0.048 0.052 0.057 0.063 0.068 0.075 0.081 0.088 0.096 0.103 0.112 0.121 0.130 0.141 0.155 0.171 0.186 0.199 0.211 0.220 0.227 0.231 0.232
0.000 0.000 0.000 0.000 0.000 0.000 0.000 0.000 0.001 0.001 0.001 0.001 0.001 0.001 0.001 0.001 0.002 0.002 0.002 0.002 0.002 0.003 0.003 0.003 0.004 0.004 0.005 0.005 0.006 0.006 0.007 0.008 0.009 0.010 0.011 0.013 0.014 0.016 0.018 0.020 0.022 0.025 0.028 0.031 0.034 0.037 0.041 0.045 0.050 0.054 0.059 0.064 0.070 0.076 0.082 0.088 0.095 0.102 0.110 0.118 0.126 0.135 0.144 0.153 0.163 0.173 0.183 0.194 0.206 0.222 0.241 0.259 0.274 0.287 0.297 0.303 0.305
0.000 0.001 0.001 0.001 0.001 0.001 0.001 0.001 0.001 0.002 0.002 0.002 0.002 0.003 0.003 0.003 0.003 0.004 0.004 0.005 0.005 0.006 0.006 0.007 0.008 0.009 0.010 0.011 0.013 0.014 0.016 0.018 0.020 0.022 0.025 0.028 0.030 0.034 0.037 0.041 0.044 0.049 0.053 0.058 0.063 0.068 0.073 0.079 0.085 0.092 0.099 0.106 0.113 0.120 0.128 0.136 0.145 0.153 0.162 0.171 0.180 0.190 0.200 0.210 0.220 0.231 0.242 0.253 0.265 0.277 0.295 0.317 0.337 0.353 0.366 0.376 0.380
0.001 0.002 0.002 0.002 0.002 0.002 0.003 0.003 0.003 0.003 0.004 0.004 0.005 0.005 0.006 0.007 0.007 0.008 0.009 0.010 0.012 0.013 0.015 0.017 0.019 0.021 0.023 0.025 0.028 0.031 0.034 0.037 0.041 0.045 0.049 0.053 0.058 0.063 0.068 0.073 0.079 0.085 0.091 0.098 0.105 0.112 0.119 0.126 0.134 0.142 0.150 0.158 0.167 0.176 0.184 0.193 0.203 0.212 0.221 0.231 0.241 0.251 0.261 0.271 0.281 0.292 0.303 0.314 0.325 0.337 0.350 0.371 0.395 0.416 0.434 0.446 0.454
0.003 0.003 0.004 0.004 0.004 0.005 0.005 0.006 0.007 0.008 0.009 0.010 0.011 0.012 0.014 0.016 0.017 0.019 0.022 0.024 0.026 0.029 0.032 0.035 0.039 0.042 0.046 0.050 0.055 0.060 0.064 0.070 0.075 0.081 0.087 0.093 0.099 0.106 0.113 0.120 0.127 0.135 0.143 0.151 0.159 0.167 0.175 0.184 0.193 0.201 0.210 0.219 0.228 0.237 0.247 0.256 0.265 0.275 0.284 0.294 0.303 0.313 0.323 0.333 0.343 0.353 0.363 0.374 0.385 0.396 0.408 0.421 0.449 0.475 0.496 0.514 0.528
0.007 0.007 0.008 0.009 0.010 0.012 0.013 0.015 0.017 0.019 0.021 0.023 0.025 0.028 0.031 0.034 0.037 0.041 0.045 0.049 0.053 0.058 0.062 0.067 0.073 0.078 0.084 0.090 0.096 0.103 0.109 0.116 0.124 0.131 0.138 0.146 0.154 0.162 0.170 0.179 0.187 0.196 0.204 0.213 0.222 0.230 0.239 0.248 0.257 0.266 0.275 0.284 0.293 0.302 0.311 0.320 0.329 0.338 0.347 0.356 0.365 0.374 0.384 0.393 0.402 0.412 0.422 0.432 0.442 0.453 0.465 0.477 0.498 0.528 0.556 0.576 0.594
0.016 0.018 0.020 0.022 0.025 0.027 0.030 0.033 0.037 0.040 0.044 0.048 0.052 0.057 0.061 0.066 0.072 0.077 0.083 0.089 0.095 0.101 0.108 0.115 0.122 0.129 0.137 0.144 0.152 0.160 0.168 0.177 0.185 0.193 0.202 0.210 0.219 0.228 0.236 0.245 0.254 0.263 0.271 0.280 0.289 0.297 0.306 0.315 0.323 0.332 0.340 0.349 0.357 0.365 0.374 0.382 0.391 0.399 0.407 0.416 0.424 0.433 0.441 0.450 0.459 0.468 0.477 0.487 0.497 0.507 0.519 0.531 0.544 0.576 0.608 0.637 0.656
0.036 0.040 0.044 0.048 0.052 0.057 0.061 0.066 0.072 0.077 0.083 0.089 0.095 0.102 0.109 0.115 0.123 0.130 0.137 0.145 0.153 0.161 0.169 0.177 0.186 0.194 0.203 0.211 0.220 0.228 0.237 0.246 0.254 0.263 0.272 0.280 0.289 0.297 0.306 0.314 0.323 0.331 0.339 0.347 0.355 0.363 0.371 0.379 0.387 0.395 0.402 0.410 0.418 0.425 0.433 0.441 0.448 0.456 0.464 0.471 0.479 0.487 0.495 0.503 0.512 0.520 0.529 0.538 0.548 0.558 0.569 0.581 0.594 0.617 0.656 0.689 0.717
0.073 0.079 0.085 0.091 0.097 0.104 0.111 0.118 0.125 0.133 0.140 0.148 0.156 0.164 0.172 0.181 0.189 0.198 0.206 0.215 0.224 0.232 0.241 0.250 0.259 0.267 0.276 0.284 0.293 0.301 0.310 0.318 0.326 0.335 0.343 0.351 0.358 0.366 0.374 0.381 0.389 0.396 0.404 0.411 0.418 0.425 0.432 0.439 0.446 0.453 0.460 0.467 0.474 0.480 0.487 0.494 0.501 0.508 0.515 0.522 0.530 0.537 0.544 0.552 0.560 0.568 0.577 0.586 0.595 0.605 0.616 0.627 0.640 0.655 0.697 0.737 0.769
0.130 0.137 0.145 0.153 0.162 0.170 0.178 0.187 0.196 0.204 0.213 0.222 0.231 0.240 0.248 0.257 0.266 0.275 0.283 0.292 0.301 0.309 0.317 0.326 0.334 0.342 0.350 0.358 0.366 0.373 0.381 0.388 0.395 0.403 0.410 0.417 0.423 0.430 0.437 0.443 0.450 0.456 0.463 0.469 0.475 0.481 0.487 0.494 0.500 0.506 0.512 0.518 0.524 0.530 0.536 0.542 0.549 0.555 0.562 0.568 0.575 0.582 0.589 0.597 0.604 0.612 0.621 0.629 0.639 0.648 0.659 0.670 0.683 0.697 0.730 0.778 0.819
0.205 0.214 0.223 0.232 0.241 0.250 0.259 0.268 0.277 0.286 0.295 0.303 0.312 0.320 0.329 0.337 0.345 0.353 0.361 0.369 0.377 0.384 0.392 0.399 0.406 0.413 0.420 0.426 0.433 0.439 0.446 0.452 0.458 0.464 0.470 0.476 0.482 0.487 0.493 0.498 0.504 0.509 0.515 0.520 0.525 0.531 0.536 0.541 0.547 0.552 0.557 0.563 0.568 0.574 0.580 0.585 0.591 0.597 0.603 0.609 0.616 0.623 0.629 0.636 0.644 0.652 0.660 0.668 0.677 0.687 0.698 0.709 0.721 0.735 0.758 0.811 0.859
0.292 0.301 0.310 0.319 0.327 0.336 0.344 0.353 0.361 0.369 0.377 0.384 0.392 0.399 0.406 0.413 0.420 0.427 0.434 0.440 0.446 0.453 0.459 0.465 0.470 0.476 0.482 0.487 0.492 0.498 0.503 0.508 0.513 0.518 0.522 0.527 0.532 0.537 0.541 0.546 0.551 0.555 0.560 0.564 0.569 0.574 0.578 0.583 0.588 0.592 0.597 0.602 0.607 0.612 0.617 0.623 0.628 0.634 0.640 0.645 0.652 0.658 0.665 0.672 0.679 0.686 0.694 0.703 0.712 0.721 0.732 0.743 0.755 0.769 0.785 0.840 0.896
0.381 0.388 0.396 0.404 0.411 0.418 0.426 0.432 0.439 0.446 0.452 0.458 0.464 0.470 0.476 0.481 0.487 0.492 0.497 0.502 0.507 0.512 0.517 0.521 0.526 0.530 0.534 0.539 0.543 0.547 0.551 0.555 0.559 0.563 0.567 0.571 0.574 0.578 0.582 0.586 0.590 0.594 0.598 0.602 0.606 0.610 0.614 0.618 0.622 0.627 0.631 0.635 0.640 0.645 0.650 0.655 0.660 0.665 0.671 0.676 0.682 0.688 0.695 0.702 0.709 0.716 0.724 0.732 0.741 0.750 0.761 0.772 0.784 0.798 0.814 0.854 0.917
0.462 0.468 0.474 0.480 0.486 0.491 0.497 0.502 0.507 0.512 0.517 0.521 0.526 0.530 0.534 0.538 0.542 0.546 0.550 0.554 0.557 0.561 0.564 0.568 0.571 0.574 0.578 0.581 0.584 0.587 0.590 0.594 0.597 0.600 0.603 0.606 0.609 0.613 0.616 0.619 0.622 0.626 0.629 0.633 0.636 0.640 0.643 0.647 0.651 0.655 0.659 0.663 0.667 0.672 0.676 0.681 0.686 0.691 0.696 0.702 0.707 0.713 0.720 0.726 0.733 0.740 0.748 0.756 0.765 0.774 0.784 0.795 0.807 0.821 0.837 0.877 0.957
0.531 0.536 0.540 0.544 0.548 0.552 0.555 0.559 0.562 0.566 0.569 0.572 0.575 0.578 0.581 0.584 0.587 0.589 0.592 0.595 0.597 0.600 0.602 0.605 0.607 0.609 0.612 0.614 0.617 0.619 0.622 0.624 0.627 0.629 0.632 0.634 0.637 0.640 0.642 0.645 0.648 0.651 0.654 0.657 0.660 0.664 0.667 0.670 0.674 0.678 0.681 0.685 0.689 0.693 0.698 0.702 0.707 0.711 0.716 0.722 0.727 0.733 0.738 0.745 0.751 0.758 0.766 0.773 0.782 0.791 0.801 0.812 0.824 0.838 0.853 0.871 0.909
