Examples/2023_ISeeSnow/data/CoulombOnly/Results/curv77s/1HS_03_curv77s_MoT-Voellmy_h_dep.asc
ncols        1001
nrows        301
xllcorner    997.5
yllcorner    -5002.5
cellsize     5.00
NODATA_value -9999
[rows 136 to 169 of 301, columns 539 to 615 of 1001]
0.586 0.589 0.591 0.594 0.596 0.599 0.601 0.603 0.605 0.607 0.609 0.611 0.613 0.615 0.617 0.619 0.620 0.622 0.624 0.625 0.627 0.629 0.631 0.632 0.634 0.636 0.638 0.640 0.641 0.643 0.645 0.647 0.649 0.651 0.654 0.656 0.658 0.660 0.663 0.665 0.668 0.670 0.673 0.676 0.679 0.682 0.685 0.688 0.691 0.694 0.698 0.701 0.705 0.709 0.713 0.717 0.721 0.726 0.730 0.735 0.740 0.745 0.751 0.757 0.763 0.770 0.777 0.784 0.792 0.802 0.811 0.823 0.835 0.850 0.867 0.924 1.049
0.627 0.628 0.629 0.631 0.632 0.633 0.634 0.635 0.636 0.637 0.638 0.639 0.640 0.641 0.642 0.643 0.644 0.645 0.646 0.648 0.649 0.650 0.651 0.652 0.654 0.655 0.656 0.658 0.659 0.661 0.662 0.664 0.666 0.667 0.669 0.671 0.673 0.675 0.677 0.680 0.682 0.684 0.686 0.689 0.691 0.694 0.697 0.699 0.702 0.705 0.708 0.711 0.715 0.718 0.721 0.725 0.729 0.733 0.737 0.741 0.746 0.751 0.756 0.761 0.767 0.773 0.780 0.787 0.795 0.803 0.812 0.821 0.831 0.842 0.853 0.863 0.872
0.654 0.655 0.655 0.655 0.656 0.656 0.656 0.656 0.657 0.657 0.657 0.658 0.658 0.658 0.659 0.659 0.660 0.661 0.661 0.662 0.663 0.664 0.664 0.665 0.666 0.667 0.669 0.670 0.671 0.672 0.674 0.675 0.677 0.678 0.680 0.681 0.683 0.685 0.686 0.688 0.690 0.692 0.694 0.696 0.698 0.700 0.702 0.705 0.707 0.709 0.712 0.714 0.717 0.720 0.722 0.725 0.729 0.732 0.736 0.739 0.744 0.748 0.753 0.758 0.764 0.771 0.778 0.786 0.796 0.808 0.821 0.838 0.859 0.886 0.922 0.972 1.131
0.671 0.670 0.670 0.669 0.669 0.669 0.668 0.668 0.668 0.668 0.668 0.668 0.668 0.668 0.669 0.669 0.669 0.670 0.670 0.671 0.671 0.672 0.673 0.674 0.674 0.675 0.676 0.677 0.678 0.679 0.681 0.682 0.683 0.684 0.685 0.686 0.688 0.689 0.690 0.691 0.693 0.694 0.695 0.697 0.698 0.699 0.701 0.702 0.704 0.705 0.707 0.709 0.710 0.712 0.715 0.717 0.719 0.722 0.724 0.727 0.730 0.733 0.737 0.740 0.743 0.747 0.750 0.753 0.755 0.757 0.758 0.757 0.755 0.751 0.745 0.737 0.728
0.677 0.677 0.676 0.675 0.675 0.674 0.674 0.674 0.674 0.674 0.674 0.674 0.674 0.674 0.674 0.675 0.675 0.675 0.676 0.676 0.677 0.678 0.678 0.679 0.679 0.680 0.681 0.681 0.682 0.683 0.683 0.684 0.684 0.685 0.685 0.686 0.686 0.687 0.687 0.687 0.688 0.688 0.688 0.689 0.689 0.689 0.690 0.690 0.691 0.692 0.693 0.694 0.695 0.697 0.699 0.701 0.705 0.708 0.713 0.719 0.725 0.733 0.743 0.754 0.768 0.783 0.801 0.823 0.847 0.876 0.908 0.946 0.990 1.040 1.090 1.139 1.185
0.680 0.679 0.679 0.678 0.678 0.678 0.678 0.678 0.678 0.678 0.678 0.678 0.679 0.679 0.679 0.680 0.680 0.680 0.681 0.681 0.681 0.682 0.682 0.682 0.682 0.682 0.682 0.682 0.682 0.682 0.681 0.681 0.680 0.680 0.679 0.678 0.678 0.677 0.676 0.675 0.674 0.673 0.672 0.671 0.670 0.668 0.667 0.666 0.665 0.664 0.663 0.662 0.660 0.659 0.657 0.656 0.654 0.651 0.649 0.646 0.642 0.638 0.634 0.628 0.622 0.616 0.608 0.601 0.592 0.583 0.573 0.562 0.551 0.540 0.528 0.542 0.596
0.684 0.684 0.684 0.684 0.684 0.685 0.685 0.685 0.685 0.685 0.685 0.685 0.685 0.685 0.685 0.685 0.685 0.684 0.684 0.683 0.682 0.682 0.681 0.679 0.678 0.677 0.675 0.673 0.672 0.670 0.667 0.665 0.663 0.661 0.658 0.656 0.653 0.651 0.649 0.646 0.644 0.643 0.641 0.641 0.641 0.642 0.645 0.649 0.654 0.660 0.667 0.675 0.685 0.695 0.707 0.720 0.735 0.750 0.768 0.786 0.807 0.829 0.853 0.878 0.902 0.925 0.948 0.969 0.989 1.009 1.026 1.043 1.058 1.073 1.088 1.107 1.144
0.701 0.701 0.702 0.702 0.702 0.702 0.702 0.702 0.702 0.701 0.701 0.700 0.700 0.699 0.698 0.696 0.695 0.693 0.691 0.689 0.687 0.685 0.682 0.679 0.676 0.673 0.669 0.665 0.661 0.657 0.652 0.647 0.642 0.637 0.631 0.625 0.619 0.613 0.607 0.600 0.593 0.586 0.579 0.572 0.564 0.557 0.549 0.540 0.532 0.524 0.515 0.506 0.497 0.488 0.479 0.470 0.460 0.450 0.441 0.437 0.437 0.437 0.439 0.441 0.445 0.450 0.457 0.466 0.477 0.490 0.505 0.522 0.541 0.562 0.583 0.606 0.630
0.682 0.681 0.680 0.679 0.677 0.676 0.674 0.672 0.670 0.668 0.666 0.664 0.661 0.659 0.656 0.653 0.650 0.647 0.644 0.641 0.638 0.634 0.631 0.627 0.624 0.620 0.617 0.613 0.610 0.606 0.603 0.599 0.596 0.593 0.604 0.614 0.626 0.637 0.650 0.662 0.675 0.689 0.703 0.717 0.732 0.747 0.763 0.778 0.795 0.811 0.827 0.844 0.860 0.876 0.892 0.908 0.923 0.937 0.951 0.964 0.977 0.988 0.999 1.009 1.018 1.026 1.033 1.039 1.045 1.050 1.054 1.059 1.063 1.069 1.076 1.086 1.146
0.424 0.420 0.417 0.413 0.409 0.405 0.400 0.396 0.392 0.387 0.383 0.378 0.373 0.368 0.363 0.358 0.353 0.348 0.343 0.338 0.333 0.327 0.322 0.317 0.312 0.306 0.301 0.296 0.291 0.286 0.281 0.275 0.270 0.265 0.260 0.255 0.250 0.245 0.240 0.235 0.230 0.225 0.220 0.215 0.210 0.205 0.200 0.195 0.195 0.194 0.193 0.191 0.188 0.185 0.182 0.178 0.173 0.168 0.163 0.157 0.152 0.146 0.140 0.134 0.135 0.138 0.141 0.144 0.148 0.151 0.154 0.158 0.163 0.172 0.185 0.203 0.227
2.296 2.303 2.311 2.319 2.327 2.335 2.344 2.353 2.362 2.371 2.380 2.389 2.397 2.405 2.413 2.421 2.428 2.435 2.442 2.449 2.455 2.460 2.466 2.471 2.476 2.481 2.485 2.490 2.494 2.499 2.504 2.509 2.514 2.520 2.526 2.533 2.540 2.548 2.556 2.563 2.569 2.573 2.577 2.581 2.583 2.585 2.586 2.587 2.588 2.589 2.590 2.592 2.595 2.598 2.603 2.609 2.616 2.625 2.635 2.647 2.660 2.675 2.690 2.706 2.723 2.739 2.754 2.767 2.779 2.789 2.797 2.805 2.814 2.826 2.841 2.857 2.872
0.129 0.121 0.113 0.106 0.099 0.092 0.085 0.086 0.094 0.102 0.110 0.118 0.126 0.133 0.140 0.146 0.152 0.157 0.162 0.167 0.170 0.173 0.176 0.177 0.178 0.179 0.178 0.177 0.175 0.173 0.170 0.167 0.163 0.158 0.153 0.148 0.143 0.138 0.132 0.127 0.122 0.117 0.112 0.107 0.103 0.098 0.094 0.089 0.085 0.082 0.083 0.090 0.095 0.100 0.103 0.105 0.106 0.105 0.103 0.100 0.095 0.091 0.090 0.089 0.087 0.085 0.083 0.081 0.079 0.088 0.096 0.104 0.110 0.116 0.119 0.121 0.121
3.882 3.892 3.903 3.914 3.924 3.935 3.946 3.957 3.969 3.980 3.992 4.003 4.015 4.028 4.040 4.053 4.066 4.080 4.093 4.107 4.122 4.136 4.150 4.165 4.180 4.194 4.209 4.224 4.239 4.254 4.270 4.285 4.301 4.317 4.334 4.350 4.367 4.385 4.402 4.419 4.437 4.456 4.474 4.492 4.511 4.529 4.547 4.565 4.583 4.600 4.618 4.637 4.656 4.677 4.698 4.720 4.743 4.766 4.791 4.815 4.840 4.866 4.893 4.921 4.960 5.013 5.066 5.117 5.167 5.216 5.263 5.310 5.359 5.413 5.471 5.522 5.566
0.186 0.184 0.180 0.177 0.173 0.168 0.164 0.158 0.153 0.147 0.142 0.136 0.130 0.124 0.118 0.113 0.107 0.101 0.096 0.090 0.085 0.080 0.075 0.070 0.065 0.061 0.057 0.053 0.049 0.045 0.041 0.038 0.037 0.041 0.045 0.049 0.053 0.057 0.061 0.065 0.068 0.071 0.074 0.076 0.078 0.079 0.080 0.080 0.080 0.079 0.079 0.077 0.076 0.074 0.072 0.082 0.092 0.102 0.110 0.118 0.124 0.127 0.129 0.129 0.126 0.121 0.115 0.107 0.099 0.090 0.081 0.073 0.066 0.060 0.060 0.068 0.075
4.585 4.607 4.629 4.651 4.673 4.696 4.719 4.743 4.767 4.791 4.815 4.840 4.865 4.890 4.916 4.942 4.969 4.995 5.023 5.050 5.078 5.107 5.136 5.165 5.195 5.225 5.256 5.287 5.318 5.351 5.383 5.416 5.450 5.484 5.519 5.554 5.590 5.626 5.663 5.700 5.739 5.777 5.817 5.857 5.897 5.939 5.980 6.023 6.066 6.110 6.155 6.200 6.247 6.293 6.341 6.389 6.438 6.488 6.539 6.590 6.642 6.694 6.748 6.801 6.856 6.911 6.967 7.023 7.080 7.138 7.195 7.253 7.310 7.367 7.423 7.478 7.531
0.186 0.183 0.180 0.176 0.172 0.168 0.163 0.158 0.153 0.147 0.141 0.135 0.130 0.124 0.118 0.112 0.107 0.101 0.096 0.090 0.085 0.080 0.075 0.070 0.065 0.061 0.057 0.053 0.049 0.045 0.041 0.038 0.037 0.041 0.045 0.049 0.053 0.057 0.061 0.065 0.068 0.071 0.074 0.076 0.078 0.079 0.080 0.080 0.080 0.080 0.079 0.077 0.076 0.074 0.072 0.082 0.092 0.102 0.110 0.118 0.124 0.127 0.129 0.129 0.126 0.122 0.115 0.107 0.099 0.090 0.081 0.073 0.066 0.060 0.060 0.068 0.075
3.883 3.893 3.904 3.915 3.926 3.936 3.947 3.958 3.970 3.981 3.993 4.004 4.017 4.029 4.041 4.054 4.067 4.081 4.094 4.108 4.122 4.137 4.151 4.166 4.181 4.195 4.210 4.225 4.240 4.255 4.270 4.286 4.302 4.318 4.334 4.351 4.368 4.385 4.402 4.420 4.438 4.456 4.475 4.493 4.511 4.529 4.547 4.565 4.583 4.601 4.619 4.638 4.657 4.677 4.699 4.721 4.744 4.767 4.791 4.816 4.841 4.867 4.893 4.921 4.960 5.013 5.066 5.118 5.168 5.216 5.264 5.310 5.359 5.413 5.471 5.522 5.566
0.129 0.121 0.113 0.105 0.098 0.091 0.085 0.086 0.094 0.102 0.110 0.118 0.126 0.133 0.140 0.146 0.152 0.158 0.162 0.167 0.170 0.173 0.176 0.178 0.179 0.179 0.178 0.177 0.176 0.173 0.170 0.167 0.163 0.158 0.154 0.149 0.143 0.138 0.133 0.127 0.122 0.117 0.112 0.107 0.103 0.098 0.094 0.089 0.085 0.082 0.083 0.090 0.095 0.099 0.103 0.105 0.106 0.105 0.103 0.100 0.095 0.090 0.090 0.089 0.087 0.085 0.083 0.081 0.079 0.088 0.097 0.104 0.111 0.116 0.119 0.121 0.121
2.296 2.304 2.312 2.320 2.328 2.336 2.345 2.354 2.363 2.372 2.381 2.389 2.398 2.406 2.414 2.422 2.429 2.436 2.443 2.449 2.455 2.461 2.467 2.472 2.477 2.482 2.486 2.491 2.495 2.500 2.504 2.509 2.515 2.520 2.527 2.533 2.541 2.549 2.557 2.564 2.569 2.574 2.578 2.581 2.584 2.586 2.587 2.588 2.589 2.590 2.591 2.593 2.595 2.599 2.604 2.609 2.617 2.626 2.636 2.648 2.661 2.676 2.691 2.707 2.723 2.739 2.754 2.767 2.779 2.789 2.797 2.805 2.815 2.827 2.841 2.857 2.872
0.423 0.420 0.416 0.412 0.408 0.404 0.400 0.395 0.391 0.386 0.382 0.377 0.372 0.367 0.363 0.358 0.352 0.347 0.342 0.337 0.332 0.327 0.322 0.316 0.311 0.306 0.301 0.296 0.290 0.285 0.280 0.275 0.270 0.265 0.260 0.254 0.249 0.244 0.239 0.234 0.229 0.224 0.219 0.214 0.209 0.204 0.200 0.195 0.195 0.195 0.193 0.191 0.189 0.186 0.182 0.178 0.174 0.169 0.163 0.158 0.152 0.146 0.140 0.134 0.135 0.138 0.141 0.144 0.148 0.151 0.154 0.158 0.163 0.172 0.185 0.203 0.226
0.681 0.680 0.679 0.678 0.677 0.675 0.674 0.672 0.670 0.668 0.666 0.663 0.661 0.658 0.656 0.653 0.650 0.647 0.644 0.641 0.637 0.634 0.630 0.627 0.623 0.620 0.616 0.613 0.609 0.606 0.602 0.599 0.596 0.593 0.603 0.614 0.626 0.637 0.649 0.662 0.675 0.689 0.703 0.717 0.732 0.747 0.763 0.779 0.795 0.811 0.828 0.844 0.861 0.877 0.893 0.908 0.923 0.938 0.952 0.965 0.978 0.989 1.000 1.010 1.019 1.027 1.034 1.040 1.046 1.051 1.055 1.059 1.064 1.069 1.077 1.086 1.145
0.701 0.701 0.701 0.702 0.702 0.702 0.702 0.702 0.702 0.701 0.701 0.700 0.699 0.698 0.697 0.696 0.695 0.693 0.691 0.689 0.687 0.684 0.682 0.679 0.676 0.672 0.669 0.665 0.661 0.656 0.652 0.647 0.642 0.637 0.631 0.625 0.619 0.613 0.607 0.600 0.593 0.586 0.579 0.572 0.564 0.556 0.548 0.540 0.532 0.524 0.515 0.506 0.497 0.488 0.479 0.469 0.460 0.450 0.441 0.438 0.437 0.438 0.439 0.441 0.445 0.450 0.457 0.466 0.477 0.490 0.505 0.522 0.541 0.562 0.583 0.606 0.630
0.684 0.684 0.684 0.684 0.684 0.684 0.685 0.685 0.685 0.685 0.685 0.685 0.685 0.685 0.685 0.685 0.685 0.684 0.684 0.683 0.682 0.681 0.680 0.679 0.678 0.676 0.675 0.673 0.671 0.669 0.667 0.665 0.663 0.660 0.658 0.655 0.653 0.651 0.648 0.646 0.644 0.642 0.641 0.640 0.640 0.642 0.644 0.648 0.653 0.659 0.667 0.675 0.684 0.695 0.707 0.720 0.734 0.750 0.767 0.786 0.807 0.829 0.853 0.878 0.902 0.925 0.948 0.969 0.989 1.008 1.026 1.043 1.058 1.073 1.088 1.106 1.144
0.679 0.679 0.678 0.678 0.678 0.678 0.678 0.678 0.678 0.678 0.678 0.678 0.679 0.679 0.679 0.680 0.680 0.680 0.681 0.681 0.681 0.681 0.682 0.682 0.682 0.682 0.682 0.682 0.682 0.681 0.681 0.681 0.680 0.680 0.679 0.678 0.677 0.677 0.676 0.675 0.674 0.673 0.672 0.671 0.669 0.668 0.667 0.666 0.665 0.664 0.663 0.661 0.660 0.659 0.657 0.655 0.654 0.651 0.649 0.646 0.642 0.638 0.634 0.628 0.622 0.616 0.609 0.601 0.592 0.583 0.573 0.562 0.551 0.540 0.528 0.542 0.596
0.677 0.677 0.676 0.675 0.675 0.674 0.674 0.674 0.674 0.673 0.673 0.674 0.674 0.674 0.674 0.674 0.675 0.675 0.676 0.676 0.677 0.677 0.678 0.679 0.679 0.680 0.681 0.681 0.682 0.683 0.683 0.684 0.684 0.685 0.685 0.686 0.686 0.687 0.687 0.687 0.688 0.688 0.688 0.689 0.689 0.689 0.690 0.690 0.691 0.691 0.692 0.693 0.695 0.697 0.699 0.701 0.704 0.708 0.713 0.718 0.725 0.733 0.743 0.754 0.767 0.783 0.801 0.822 0.847 0.875 0.908 0.946 0.990 1.040 1.090 1.138 1.185
0.671 0.670 0.670 0.669 0.669 0.669 0.668 0.668 0.668 0.668 0.668 0.668 0.668 0.668 0.668 0.669 0.669 0.670 0.670 0.671 0.671 0.672 0.673 0.673 0.674 0.675 0.676 0.677 0.678 0.679 0.680 0.682 0.683 0.684 0.685 0.686 0.688 0.689 0.690 0.691 0.693 0.694 0.695 0.696 0.698 0.699 0.701 0.702 0.704 0.705 0.707 0.709 0.710 0.712 0.714 0.717 0.719 0.721 0.724 0.727 0.730 0.733 0.737 0.740 0.743 0.747 0.750 0.753 0.755 0.757 0.758 0.757 0.755 0.751 0.745 0.737 0.728
0.654 0.655 0.655 0.655 0.655 0.656 0.656 0.656 0.657 0.657 0.657 0.658 0.658 0.658 0.659 0.659 0.660 0.660 0.661 0.662 0.663 0.663 0.664 0.665 0.666 0.667 0.668 0.670 0.671 0.672 0.674 0.675 0.676 0.678 0.680 0.681 0.683 0.685 0.686 0.688 0.690 0.692 0.694 0.696 0.698 0.700 0.702 0.705 0.707 0.709 0.712 0.714 0.717 0.719 0.722 0.725 0.729 0.732 0.735 0.739 0.743 0.748 0.753 0.758 0.764 0.770 0.778 0.786 0.796 0.807 0.821 0.838 0.859 0.886 0.922 0.971 1.131
0.627 0.628 0.629 0.631 0.632 0.633 0.634 0.635 0.636 0.637 0.638 0.639 0.640 0.641 0.642 0.643 0.644 0.645 0.646 0.647 0.649 0.650 0.651 0.652 0.653 0.655 0.656 0.658 0.659 0.661 0.662 0.664 0.666 0.667 0.669 0.671 0.673 0.675 0.677 0.679 0.682 0.684 0.686 0.689 0.691 0.694 0.697 0.699 0.702 0.705 0.708 0.711 0.715 0.718 0.721 0.725 0.729 0.733 0.737 0.741 0.746 0.750 0.756 0.761 0.767 0.773 0.780 0.787 0.794 0.803 0.812 0.821 0.831 0.842 0.853 0.863 0.872
0.586 0.589 0.591 0.594 0.596 0.599 0.601 0.603 0.605 0.607 0.609 0.611 0.613 0.615 0.617 0.618 0.620 0.622 0.624 0.625 0.627 0.629 0.631 0.632 0.634 0.636 0.638 0.640 0.641 0.643 0.645 0.647 0.649 0.651 0.654 0.656 0.658 0.660 0.663 0.665 0.668 0.670 0.673 0.676 0.679 0.682 0.685 0.688 0.691 0.694 0.698 0.701 0.705 0.709 0.713 0.717 0.721 0.725 0.730 0.735 0.740 0.745 0.751 0.757 0.763 0.769 0.777 0.784 0.792 0.801 0.811 0.822 0.835 0.850 0.867 0.924 1.049
0.531 0.536 0.540 0.544 0.548 0.552 0.555 0.559 0.562 0.566 0.569 0.572 0.575 0.578 0.581 0.584 0.587 0.589 0.592 0.594 0.597 0.600 0.602 0.604 0.607 0.609 0.612 0.614 0.617 0.619 0.622 0.624 0.627 0.629 0.632 0.634 0.637 0.640 0.642 0.645 0.648 0.651 0.654 0.657 0.660 0.664 0.667 0.670 0.674 0.677 0.681 0.685 0.689 0.693 0.698 0.702 0.707 0.711 0.716 0.721 0.727 0.732 0.738 0.745 0.751 0.758 0.765 0.773 0.782 0.791 0.801 0.812 0.824 0.837 0.853 0.871 0.909
0.462 0.468 0.474 0.480 0.486 0.491 0.497 0.502 0.507 0.512 0.517 0.521 0.526 0.530 0.534 0.538 0.542 0.546 0.550 0.554 0.557 0.561 0.564 0.568 0.571 0.574 0.578 0.581 0.584 0.587 0.590 0.594 0.597 0.600 0.603 0.606 0.609 0.612 0.616 0.619 0.622 0.626 0.629 0.632 0.636 0.640 0.643 0.647 0.651 0.655 0.659 0.663 0.667 0.672 0.676 0.681 0.686 0.691 0.696 0.702 0.707 0.713 0.719 0.726 0.733 0.740 0.748 0.756 0.764 0.774 0.784 0.795 0.807 0.821 0.837 0.877 0.956
0.381 0.388 0.396 0.404 0.411 0.418 0.426 0.432 0.439 0.446 0.452 0.458 0.464 0.470 0.476 0.481 0.487 0.492 0.497 0.502 0.507 0.512 0.517 0.521 0.526 0.530 0.534 0.539 0.543 0.547 0.551 0.555 0.559 0.563 0.567 0.571 0.574 0.578 0.582 0.586 0.590 0.594 0.598 0.602 0.606 0.610 0.614 0.618 0.622 0.626 0.631 0.635 0.640 0.645 0.650 0.655 0.660 0.665 0.671 0.676 0.682 0.688 0.695 0.701 0.708 0.716 0.724 0.732 0.741 0.750 0.761 0.772 0.784 0.798 0.814 0.854 0.917
0.292 0.301 0.310 0.319 0.327 0.336 0.344 0.353 0.361 0.369 0.377 0.384 0.392 0.399 0.406 0.413 0.420 0.427 0.434 0.440 0.446 0.453 0.459 0.465 0.470 0.476 0.482 0.487 0.492 0.498 0.503 0.508 0.513 0.518 0.522 0.527 0.532 0.537 0.541 0.546 0.551 0.555 0.560 0.564 0.569 0.573 0.578 0.583 0.588 0.592 0.597 0.602 0.607 0.612 0.617 0.623 0.628 0.634 0.639 0.645 0.652 0.658 0.665 0.671 0.679 0.686 0.694 0.703 0.712 0.721 0.732 0.743 0.755 0.769 0.785 0.840 0.896
0.205 0.214 0.223 0.232 0.241 0.250 0.259 0.268 0.277 0.286 0.295 0.303 0.312 0.320 0.329 0.337 0.345 0.353 0.361 0.369 0.377 0.384 0.392 0.399 0.406 0.413 0.420 0.426 0.433 0.439 0.446 0.452 0.458 0.464 0.470 0.476 0.482 0.487 0.493 0.498 0.504 0.509 0.515 0.520 0.525 0.531 0.536 0.541 0.547 0.552 0.557 0.563 0.568 0.574 0.580 0.585 0.591 0.597 0.603 0.609 0.616 0.622 0.629 0.636 0.644 0.652 0.660 0.668 0.677 0.687 0.697 0.709 0.721 0.735 0.758 0.811 0.859
