Examples/2023_ISeeSnow/data/CoulombOnly/Results/curv77s/1HS_03_curv77s_MoT-Voellmy_h_dep.asc
ncols        1001
nrows        301
xllcorner    997.5
yllcorner    -5002.5
cellsize     5.00
NODATA_value -9999
[rows 136 to 169 of 301, columns 77 to 153 of 1001]
0.377 0.362 0.353 0.345 0.336 0.327 0.317 0.307 0.297 0.287 0.276 0.265 0.253 0.242 0.230 0.218 0.205 0.193 0.181 0.169 0.157 0.145 0.134 0.123 0.112 0.102 0.092 0.083 0.074 0.066 0.058 0.051 0.045 0.039 0.034 0.030 0.026 0.022 0.018 0.015 0.013 0.011 0.009 0.008 0.007 0.005 0.004 0.004 0.004 0.004 0.004 0.004 0.004 0.003 0.003 0.001 0.000 0.000 0.000 0.000 0.000 0.000 0.000 0.000 0.000 0.000 0.000 0.000 0.000 0.000 0.000 0.000 0.000 0.000 0.000 0.000 0.000
0.498 0.489 0.480 0.471 0.461 0.452 0.442 0.431 0.421 0.410 0.399 0.387 0.375 0.363 0.350 0.337 0.324 0.311 0.297 0.283 0.269 0.254 0.240 0.226 0.211 0.197 0.183 0.170 0.156 0.143 0.131 0.119 0.108 0.097 0.087 0.077 0.068 0.060 0.053 0.046 0.040 0.034 0.030 0.025 0.022 0.018 0.015 0.013 0.010 0.009 0.007 0.006 0.005 0.004 0.004 0.004 0.004 0.004 0.004 0.004 0.003 0.003 0.001 0.000 0.000 0.000 0.000 0.000 0.000 0.000 0.000 0.000 0.000 0.000 0.000 0.000 0.000
0.665 0.640 0.615 0.590 0.567 0.544 0.536 0.527 0.518 0.509 0.500 0.490 0.480 0.470 0.459 0.448 0.437 0.425 0.413 0.400 0.387 0.373 0.359 0.345 0.330 0.314 0.299 0.283 0.267 0.252 0.236 0.220 0.204 0.189 0.174 0.160 0.146 0.132 0.119 0.107 0.096 0.085 0.076 0.067 0.058 0.051 0.044 0.038 0.032 0.028 0.023 0.020 0.017 0.014 0.011 0.009 0.008 0.006 0.005 0.004 0.004 0.004 0.004 0.004 0.004 0.004 0.003 0.003 0.001 0.000 0.000 0.000 0.000 0.000 0.000 0.000 0.000
0.707 0.697 0.687 0.677 0.667 0.657 0.648 0.638 0.627 0.617 0.610 0.604 0.598 0.590 0.582 0.574 0.564 0.554 0.544 0.533 0.521 0.508 0.495 0.482 0.467 0.452 0.437 0.421 0.404 0.387 0.370 0.352 0.334 0.316 0.298 0.280 0.262 0.244 0.226 0.208 0.191 0.175 0.159 0.144 0.130 0.117 0.104 0.092 0.081 0.072 0.062 0.054 0.047 0.040 0.034 0.029 0.025 0.021 0.017 0.014 0.012 0.010 0.008 0.007 0.006 0.005 0.004 0.004 0.004 0.004 0.004 0.004 0.004 0.003 0.002 0.000 0.000
0.840 0.827 0.814 0.801 0.789 0.776 0.763 0.751 0.746 0.741 0.736 0.730 0.724 0.718 0.711 0.704 0.696 0.687 0.678 0.669 0.659 0.648 0.637 0.625 0.612 0.599 0.585 0.571 0.555 0.539 0.523 0.506 0.488 0.469 0.451 0.431 0.411 0.391 0.371 0.350 0.329 0.308 0.288 0.267 0.247 0.228 0.209 0.191 0.173 0.156 0.140 0.126 0.112 0.099 0.087 0.076 0.066 0.057 0.049 0.042 0.036 0.031 0.026 0.022 0.018 0.015 0.012 0.010 0.008 0.007 0.006 0.005 0.004 0.004 0.004 0.004 0.004
0.909 0.902 0.895 0.889 0.882 0.876 0.870 0.864 0.858 0.852 0.846 0.840 0.833 0.827 0.821 0.814 0.807 0.800 0.793 0.785 0.777 0.770 0.762 0.753 0.745 0.736 0.726 0.716 0.705 0.693 0.680 0.666 0.652 0.636 0.620 0.602 0.584 0.565 0.545 0.524 0.503 0.481 0.459 0.436 0.412 0.389 0.365 0.342 0.318 0.295 0.273 0.251 0.229 0.209 0.189 0.170 0.153 0.136 0.121 0.107 0.094 0.082 0.071 0.061 0.053 0.045 0.038 0.032 0.027 0.023 0.019 0.016 0.013 0.011 0.009 0.007 0.006
0.986 0.981 0.976 0.971 0.966 0.961 0.956 0.951 0.946 0.941 0.936 0.931 0.926 0.921 0.916 0.911 0.906 0.905 0.904 0.902 0.901 0.898 0.895 0.892 0.888 0.883 0.877 0.871 0.864 0.856 0.847 0.838 0.827 0.816 0.803 0.789 0.775 0.759 0.742 0.725 0.706 0.686 0.665 0.643 0.620 0.596 0.572 0.547 0.521 0.494 0.467 0.440 0.413 0.386 0.360 0.333 0.307 0.282 0.258 0.234 0.212 0.191 0.171 0.152 0.135 0.119 0.104 0.091 0.079 0.068 0.058 0.050 0.042 0.036 0.030 0.025 0.021
1.052 1.051 1.049 1.047 1.046 1.044 1.043 1.042 1.041 1.040 1.039 1.038 1.037 1.037 1.036 1.036 1.035 1.034 1.034 1.033 1.032 1.031 1.030 1.029 1.027 1.025 1.022 1.019 1.016 1.012 1.008 1.003 0.997 0.991 0.984 0.976 0.967 0.958 0.947 0.935 0.922 0.908 0.892 0.876 0.858 0.838 0.818 0.796 0.773 0.748 0.722 0.696 0.668 0.639 0.609 0.579 0.548 0.517 0.486 0.455 0.423 0.393 0.363 0.333 0.305 0.277 0.251 0.227 0.203 0.181 0.161 0.142 0.125 0.109 0.095 0.082 0.070
1.102 1.104 1.106 1.108 1.110 1.112 1.113 1.115 1.117 1.118 1.120 1.122 1.123 1.125 1.127 1.129 1.131 1.133 1.135 1.137 1.140 1.142 1.144 1.147 1.149 1.152 1.155 1.157 1.160 1.163 1.165 1.167 1.169 1.170 1.170 1.170 1.169 1.167 1.164 1.160 1.155 1.149 1.141 1.133 1.123 1.112 1.099 1.085 1.069 1.052 1.033 1.013 0.991 0.967 0.942 0.915 0.887 0.857 0.826 0.793 0.760 0.725 0.690 0.654 0.617 0.581 0.544 0.507 0.471 0.436 0.401 0.368 0.335 0.305 0.275 0.247 0.221
1.170 1.173 1.177 1.181 1.185 1.189 1.193 1.197 1.202 1.206 1.211 1.216 1.221 1.226 1.232 1.237 1.243 1.250 1.256 1.263 1.270 1.277 1.285 1.292 1.300 1.307 1.315 1.322 1.330 1.337 1.344 1.351 1.358 1.365 1.371 1.377 1.383 1.388 1.393 1.397 1.401 1.404 1.407 1.408 1.409 1.409 1.408 1.406 1.403 1.398 1.392 1.385 1.377 1.367 1.355 1.342 1.326 1.309 1.291 1.270 1.247 1.223 1.196 1.168 1.138 1.106 1.072 1.037 1.000 0.963 0.923 0.883 0.843 0.802 0.760 0.719 0.677
1.202 1.210 1.219 1.227 1.236 1.245 1.254 1.263 1.272 1.281 1.290 1.300 1.309 1.318 1.328 1.338 1.348 1.358 1.368 1.378 1.389 1.399 1.410 1.421 1.433 1.444 1.456 1.468 1.481 1.494 1.507 1.520 1.534 1.548 1.562 1.576 1.591 1.606 1.622 1.637 1.652 1.668 1.683 1.699 1.714 1.729 1.743 1.757 1.771 1.784 1.797 1.809 1.820 1.830 1.840 1.849 1.856 1.863 1.869 1.873 1.876 1.879 1.880 1.880 1.878 1.876 1.872 1.868 1.862 1.855 1.847 1.839 1.829 1.819 1.809 1.798 1.787
1.250 1.259 1.268 1.277 1.287 1.298 1.309 1.321 1.333 1.345 1.357 1.370 1.382 1.395 1.408 1.421 1.435 1.449 1.463 1.478 1.493 1.509 1.525 1.542 1.560 1.578 1.597 1.616 1.636 1.657 1.679 1.701 1.723 1.746 1.770 1.793 1.818 1.843 1.868 1.893 1.918 1.944 1.970 1.995 2.021 2.047 2.072 2.098 2.123 2.147 2.172 2.196 2.219 2.242 2.265 2.287 2.308 2.329 2.349 2.368 2.387 2.405 2.423 2.440 2.457 2.473 2.489 2.505 2.520 2.535 2.551 2.566 2.582 2.598 2.615 2.632 2.650
1.278 1.290 1.303 1.317 1.330 1.345 1.359 1.374 1.390 1.406 1.422 1.439 1.457 1.475 1.493 1.512 1.531 1.551 1.571 1.592 1.613 1.635 1.657 1.680 1.703 1.726 1.750 1.774 1.798 1.822 1.847 1.872 1.897 1.922 1.947 1.972 1.997 2.022 2.047 2.072 2.096 2.120 2.144 2.168 2.192 2.215 2.238 2.261 2.283 2.306 2.328 2.350 2.373 2.396 2.420 2.445 2.471 2.498 2.527 2.556 2.587 2.619 2.652 2.685 2.719 2.754 2.788 2.823 2.858 2.893 2.927 2.962 2.996 3.029 3.062 3.094 3.125
1.328 1.342 1.356 1.371 1.386 1.402 1.419 1.437 1.455 1.474 1.493 1.513 1.533 1.554 1.575 1.596 1.617 1.639 1.660 1.681 1.703 1.724 1.745 1.766 1.787 1.808 1.828 1.848 1.869 1.889 1.909 1.928 1.948 1.968 1.989 2.009 2.030 2.051 2.074 2.097 2.121 2.148 2.175 2.205 2.237 2.270 2.305 2.341 2.379 2.417 2.458 2.499 2.541 2.583 2.627 2.671 2.715 2.760 2.805 2.850 2.895 2.939 2.983 3.026 3.068 3.109 3.148 3.186 3.223 3.257 3.289 3.320 3.348 3.374 3.398 3.422 3.445
1.343 1.358 1.373 1.389 1.406 1.423 1.440 1.458 1.476 1.494 1.513 1.531 1.550 1.568 1.587 1.605 1.624 1.643 1.662 1.682 1.701 1.722 1.742 1.764 1.786 1.809 1.833 1.858 1.883 1.910 1.937 1.966 1.995 2.024 2.055 2.086 2.118 2.150 2.183 2.216 2.250 2.284 2.318 2.352 2.387 2.421 2.455 2.489 2.523 2.556 2.589 2.621 2.653 2.683 2.713 2.742 2.770 2.798 2.824 2.851 2.878 2.908 2.942 2.978 3.016 3.054 3.092 3.131 3.169 3.206 3.243 3.278 3.312 3.345 3.377 3.407 3.435
1.328 1.342 1.356 1.371 1.386 1.402 1.419 1.437 1.455 1.474 1.493 1.513 1.533 1.554 1.575 1.596 1.617 1.638 1.660 1.681 1.703 1.724 1.745 1.766 1.787 1.807 1.828 1.848 1.868 1.888 1.908 1.928 1.948 1.968 1.988 2.009 2.030 2.051 2.074 2.097 2.121 2.147 2.175 2.205 2.236 2.270 2.304 2.341 2.378 2.417 2.457 2.498 2.540 2.583 2.626 2.670 2.715 2.760 2.805 2.850 2.894 2.939 2.982 3.025 3.067 3.108 3.148 3.186 3.222 3.257 3.289 3.319 3.348 3.374 3.398 3.421 3.445
1.278 1.290 1.303 1.316 1.330 1.344 1.359 1.374 1.390 1.406 1.422 1.439 1.456 1.474 1.493 1.511 1.531 1.551 1.571 1.592 1.613 1.635 1.657 1.679 1.702 1.726 1.749 1.773 1.797 1.822 1.847 1.871 1.896 1.921 1.946 1.972 1.997 2.022 2.046 2.071 2.096 2.120 2.144 2.168 2.191 2.215 2.238 2.260 2.283 2.305 2.328 2.350 2.373 2.396 2.419 2.444 2.470 2.497 2.526 2.556 2.587 2.619 2.652 2.685 2.719 2.753 2.788 2.822 2.857 2.892 2.927 2.961 2.995 3.029 3.062 3.094 3.124
1.250 1.259 1.268 1.277 1.286 1.298 1.309 1.321 1.333 1.345 1.357 1.369 1.382 1.395 1.408 1.421 1.434 1.448 1.463 1.477 1.493 1.508 1.525 1.542 1.559 1.577 1.596 1.616 1.636 1.657 1.678 1.700 1.722 1.745 1.769 1.793 1.817 1.842 1.867 1.892 1.917 1.943 1.969 1.994 2.020 2.046 2.071 2.097 2.122 2.146 2.171 2.195 2.218 2.241 2.264 2.286 2.307 2.328 2.348 2.367 2.386 2.405 2.422 2.440 2.456 2.473 2.489 2.504 2.520 2.535 2.550 2.566 2.581 2.597 2.614 2.631 2.649
1.202 1.210 1.219 1.227 1.236 1.245 1.254 1.263 1.272 1.281 1.290 1.299 1.309 1.318 1.328 1.337 1.347 1.357 1.367 1.378 1.388 1.399 1.410 1.421 1.432 1.444 1.456 1.468 1.480 1.493 1.506 1.519 1.533 1.547 1.561 1.576 1.591 1.606 1.621 1.636 1.651 1.667 1.682 1.698 1.713 1.728 1.742 1.756 1.770 1.783 1.796 1.808 1.819 1.829 1.839 1.848 1.855 1.862 1.868 1.872 1.876 1.878 1.879 1.879 1.877 1.875 1.871 1.867 1.861 1.854 1.846 1.838 1.828 1.819 1.808 1.797 1.786
1.169 1.173 1.177 1.181 1.185 1.189 1.193 1.197 1.201 1.206 1.211 1.215 1.221 1.226 1.231 1.237 1.243 1.249 1.256 1.263 1.270 1.277 1.284 1.292 1.299 1.307 1.314 1.322 1.329 1.337 1.344 1.351 1.358 1.364 1.371 1.377 1.382 1.388 1.392 1.397 1.400 1.404 1.406 1.408 1.408 1.408 1.407 1.405 1.402 1.398 1.392 1.385 1.376 1.366 1.354 1.341 1.326 1.309 1.290 1.270 1.247 1.223 1.196 1.168 1.138 1.106 1.072 1.037 1.000 0.963 0.924 0.884 0.843 0.802 0.760 0.719 0.677
1.101 1.104 1.106 1.108 1.110 1.111 1.113 1.115 1.116 1.118 1.120 1.121 1.123 1.125 1.127 1.129 1.131 1.133 1.135 1.137 1.139 1.141 1.144 1.146 1.149 1.151 1.154 1.157 1.160 1.162 1.165 1.167 1.169 1.170 1.170 1.170 1.168 1.166 1.163 1.159 1.154 1.148 1.141 1.132 1.122 1.111 1.099 1.084 1.069 1.052 1.033 1.013 0.991 0.967 0.942 0.915 0.887 0.857 0.826 0.793 0.760 0.725 0.690 0.654 0.618 0.581 0.544 0.508 0.472 0.436 0.402 0.368 0.336 0.305 0.275 0.248 0.222
1.052 1.051 1.049 1.047 1.046 1.044 1.043 1.042 1.040 1.039 1.039 1.038 1.037 1.036 1.036 1.035 1.035 1.034 1.034 1.033 1.032 1.031 1.030 1.028 1.026 1.024 1.022 1.019 1.016 1.012 1.008 1.003 0.997 0.991 0.984 0.976 0.967 0.957 0.947 0.935 0.922 0.908 0.892 0.876 0.858 0.838 0.818 0.796 0.773 0.748 0.723 0.696 0.668 0.639 0.610 0.579 0.549 0.517 0.486 0.455 0.424 0.393 0.363 0.334 0.305 0.278 0.252 0.227 0.203 0.181 0.161 0.142 0.125 0.109 0.095 0.082 0.071
0.985 0.981 0.976 0.971 0.966 0.961 0.956 0.951 0.946 0.941 0.936 0.931 0.926 0.921 0.915 0.910 0.905 0.905 0.904 0.902 0.900 0.898 0.895 0.892 0.888 0.883 0.877 0.871 0.864 0.856 0.847 0.838 0.827 0.816 0.803 0.789 0.775 0.759 0.743 0.725 0.706 0.686 0.665 0.643 0.620 0.597 0.572 0.547 0.521 0.495 0.468 0.441 0.414 0.387 0.360 0.333 0.308 0.282 0.258 0.235 0.212 0.191 0.171 0.152 0.135 0.119 0.104 0.091 0.079 0.068 0.059 0.050 0.042 0.036 0.030 0.025 0.021
0.909 0.902 0.895 0.889 0.882 0.876 0.870 0.864 0.858 0.852 0.846 0.839 0.833 0.827 0.820 0.814 0.807 0.800 0.793 0.785 0.777 0.769 0.761 0.753 0.745 0.736 0.726 0.716 0.705 0.693 0.680 0.666 0.652 0.636 0.620 0.602 0.584 0.565 0.545 0.525 0.503 0.481 0.459 0.436 0.413 0.389 0.365 0.342 0.319 0.295 0.273 0.251 0.229 0.209 0.189 0.171 0.153 0.136 0.121 0.107 0.094 0.082 0.071 0.061 0.053 0.045 0.038 0.032 0.027 0.023 0.019 0.016 0.013 0.011 0.009 0.007 0.006
0.840 0.827 0.814 0.801 0.788 0.776 0.763 0.751 0.746 0.741 0.736 0.730 0.724 0.718 0.711 0.703 0.696 0.687 0.678 0.669 0.659 0.648 0.637 0.625 0.612 0.599 0.585 0.571 0.555 0.540 0.523 0.506 0.488 0.470 0.451 0.431 0.411 0.391 0.371 0.350 0.329 0.309 0.288 0.268 0.248 0.228 0.209 0.191 0.173 0.156 0.141 0.126 0.112 0.099 0.087 0.076 0.066 0.058 0.050 0.042 0.036 0.031 0.026 0.022 0.018 0.015 0.012 0.010 0.008 0.007 0.006 0.005 0.004 0.004 0.004 0.004 0.004
0.707 0.697 0.687 0.677 0.667 0.657 0.647 0.637 0.627 0.617 0.610 0.604 0.598 0.590 0.582 0.574 0.564 0.554 0.544 0.533 0.521 0.509 0.495 0.482 0.467 0.453 0.437 0.421 0.405 0.388 0.370 0.353 0.335 0.316 0.298 0.280 0.262 0.244 0.226 0.209 0.192 0.175 0.160 0.145 0.130 0.117 0.104 0.093 0.082 0.072 0.063 0.054 0.047 0.040 0.034 0.029 0.025 0.021 0.017 0.014 0.012 0.010 0.008 0.007 0.006 0.005 0.004 0.004 0.004 0.004 0.004 0.004 0.004 0.003 0.002 0.000 0.000
0.665 0.640 0.615 0.590 0.567 0.544 0.535 0.527 0.518 0.509 0.500 0.490 0.480 0.470 0.459 0.448 0.437 0.425 0.413 0.400 0.387 0.373 0.359 0.345 0.330 0.315 0.299 0.284 0.268 0.252 0.236 0.220 0.205 0.189 0.174 0.160 0.146 0.132 0.120 0.108 0.096 0.086 0.076 0.067 0.058 0.051 0.044 0.038 0.032 0.028 0.023 0.020 0.017 0.014 0.011 0.009 0.008 0.006 0.005 0.004 0.004 0.004 0.004 0.004 0.004 0.004 0.003 0.003 0.002 0.000 0.000 0.000 0.000 0.000 0.000 0.000 0.000
0.498 0.489 0.480 0.471 0.461 0.452 0.442 0.432 0.421 0.410 0.399 0.387 0.375 0.363 0.350 0.338 0.324 0.311 0.297 0.283 0.269 0.255 0.240 0.226 0.212 0.198 0.184 0.170 0.157 0.144 0.131 0.119 0.108 0.097 0.087 0.077 0.069 0.060 0.053 0.046 0.040 0.034 0.030 0.025 0.022 0.018 0.015 0.013 0.010 0.009 0.007 0.006 0.005 0.004 0.004 0.004 0.004 0.004 0.004 0.004 0.003 0.003 0.001 0.000 0.000 0.000 0.000 0.000 0.000 0.000 0.000 0.000 0.000 0.000 0.000 0.000 0.000
0.377 0.362 0.353 0.345 0.336 0.327 0.317 0.308 0.297 0.287 0.276 0.265 0.253 0.242 0.230 0.218 0.206 0.193 0.181 0.169 0.157 0.145 0.134 0.123 0.112 0.102 0.092 0.083 0.074 0.066 0.059 0.052 0.045 0.039 0.034 0.030 0.026 0.022 0.018 0.015 0.013 0.011 0.009 0.008 0.007 0.005 0.004 0.004 0.004 0.004 0.004 0.004 0.004 0.003 0.003 0.001 0.000 0.000 0.000 0.000 0.000 0.000 0.000 0.000 0.000 0.000 0.000 0.000 0.000 0.000 0.000 0.000 0.000 0.000 0.000 0.000 0.000
0.271 0.262 0.252 0.243 0.233 0.223 0.212 0.202 0.191 0.181 0.170 0.159 0.149 0.138 0.128 0.118 0.108 0.099 0.090 0.081 0.073 0.066 0.059 0.052 0.046 0.041 0.036 0.031 0.027 0.023 0.019 0.016 0.014 0.012 0.010 0.009 0.008 0.006 0.005 0.004 0.004 0.004 0.004 0.004 0.004 0.004 0.003 0.003 0.001 0.000 0.000 0.000 0.000 0.000 0.000 0.000 0.000 0.000 0.000 0.000 0.000 0.000 0.000 0.000 0.000 0.000 0.000 0.000 0.000 0.000 0.000 0.000 0.000 0.000 0.000 0.000 0.000
0.163 0.154 0.145 0.136 0.127 0.118 0.110 0.101 0.093 0.085 0.078 0.070 0.063 0.057 0.051 0.045 0.040 0.035 0.030 0.026 0.023 0.020 0.017 0.015 0.013 0.012 0.010 0.008 0.006 0.005 0.005 0.005 0.005 0.004 0.004 0.004 0.004 0.004 0.003 0.002 0.000 0.000 0.000 0.000 0.000 0.000 0.000 0.000 0.000 0.000 0.000 0.000 0.000 0.000 0.000 0.000 0.000 0.000 0.000 0.000 0.000 0.000 0.000 0.000 0.000 0.000 0.000 0.000 0.000 0.000 0.000 0.000 0.000 0.000 0.000 0.000 0.000
0.055 0.050 0.045 0.041 0.037 0.034 0.031 0.028 0.025 0.022 0.019 0.016 0.014 0.012 0.010 0.008 0.007 0.006 0.005 0.005 0.005 0.005 0.005 0.005 0.005 0.004 0.004 0.004 0.003 0.001 0.000 0.000 0.000 0.000 0.000 0.000 0.000 0.000 0.000 0.000 0.000 0.000 0.000 0.000 0.000 0.000 0.000 0.000 0.000 0.000 0.000 0.000 0.000 0.000 0.000 0.000 0.000 0.000 0.000 0.000 0.000 0.000 0.000 0.000 0.000 0.000 0.000 0.000 0.000 0.000 0.000 0.000 0.000 0.000 0.000 0.000 0.000
0.005 0.005 0.005 0.005 0.005 0.005 0.005 0.005 0.005 0.004 0.004 0.004 0.003 0.002 0.000 0.000 0.000 0.000 0.000 0.000 0.000 0.000 0.000 0.000 0.000 0.000 0.000 0.000 0.000 0.000 0.000 0.000 0.000 0.000 0.000 0.000 0.000 0.000 0.000 0.000 0.000 0.000 0.000 0.000 0.000 0.000 0.000 0.000 0.000 0.000 0.000 0.000 0.000 0.000 0.000 0.000 0.000 0.000 0.000 0.000 0.000 0.000 0.000 0.000 0.000 0.000 0.000 0.000 0.000 0.000 0.000 0.000 0.000 0.000 0.000 0.000 0.000
0.000 0.000 0.000 0.000 0.000 0.000 0.000 0.000 0.000 0.000 0.000 0.000 0.000 0.000 0.000 0.000 0.000 0.000 0.000 0.000 0.000 0.000 0.000 0.000 0.000 0.000 0.000 0.000 0.000 0.000 0.000 0.000 0.000 0.000 0.000 0.000 0.000 0.000 0.000 0.000 0.000 0.000 0.000 0.000 0.000 0.000 0.000 0.000 0.000 0.000 0.000 0.000 0.000 0.000 0.000 0.000 0.000 0.000 0.000 0.000 0.000 0.000 0.000 0.000 0.000 0.000 0.000 0.000 0.000 0.000 0.000 0.000 0.000 0.000 0.000 0.000 0.000
