Examples/Ryggfonn/Input/dhm.asc
ncols 459
nrows 633
xllcorner 408397.75
yllcorner 6870084.11
cellsize 5.00000
NODATA_value -9999
[rows 377 to 405 of 633, columns 390 to 454 of 459]
1300.655 1300.137 1300.557 1304.141 1307.199 1310.704 1315.638 1320.636 1323.355 1325.523 1331.181 1335.345 1339.140 1341.800 1343.198 1343.941 1345.289 1345.708 1347.642 1348.128 1348.245 1349.682 1351.068 1351.991 1353.336 1354.709 1355.512 1356.886 1357.758 1358.381 1359.121 1360.050 1364.107 1365.253 1366.671 1367.895 1369.077 1368.418 1368.254 1367.467 1367.379 1367.196 1367.876 1369.436 1374.292 1375.713 1376.498 1377.656 1380.289 1381.407 1384.719 1385.779 1386.510 1388.042 1389.091 1388.757 1389.256 1389.780 1390.277 1390.631 1390.827 1392.089 1394.223 1395.530 1396.740
1303.455 1305.199 1304.729 1308.498 1310.893 1312.510 1317.874 1321.411 1324.451 1327.726 1332.747 1337.190 1340.513 1344.874 1346.299 1347.176 1348.035 1348.832 1349.894 1351.803 1351.641 1352.035 1352.958 1353.807 1355.725 1356.097 1357.739 1358.943 1361.025 1360.611 1361.367 1362.895 1366.990 1367.929 1370.255 1370.735 1371.329 1371.919 1371.238 1369.853 1368.663 1368.773 1370.563 1371.705 1377.457 1380.347 1380.501 1379.971 1382.562 1384.623 1385.908 1387.290 1388.044 1389.514 1391.188 1391.302 1391.184 1390.863 1392.316 1392.672 1393.369 1394.315 1395.862 1397.327 1398.660
1306.753 1307.769 1308.470 1312.482 1315.161 1316.627 1320.122 1323.130 1326.247 1330.310 1334.125 1341.700 1345.512 1347.303 1349.603 1349.551 1350.305 1351.754 1352.496 1354.312 1354.411 1354.519 1354.176 1355.271 1357.243 1358.748 1359.701 1361.936 1363.679 1364.129 1363.549 1365.474 1370.286 1372.287 1373.776 1374.039 1375.544 1375.352 1373.154 1371.602 1370.685 1370.391 1371.995 1374.531 1377.936 1380.328 1381.983 1383.015 1383.331 1386.250 1388.265 1389.169 1389.339 1390.226 1392.604 1392.884 1392.881 1393.859 1394.690 1394.847 1395.003 1395.991 1397.448 1398.501 1399.741
1309.316 1311.468 1312.065 1316.365 1318.645 1320.878 1323.230 1326.193 1329.033 1332.594 1335.536 1343.755 1348.402 1350.926 1351.498 1352.392 1352.516 1353.380 1354.531 1355.437 1356.138 1356.234 1355.938 1357.275 1358.806 1360.371 1362.127 1363.861 1365.370 1366.813 1365.785 1367.193 1372.165 1375.012 1375.088 1375.337 1376.332 1375.575 1374.725 1373.031 1372.790 1372.052 1373.634 1375.847 1378.701 1380.743 1382.608 1383.968 1385.502 1387.501 1389.039 1390.182 1391.224 1392.107 1394.044 1394.471 1394.538 1395.972 1396.499 1395.987 1396.827 1397.659 1398.300 1400.098 1401.153
1312.948 1313.918 1314.984 1319.148 1321.819 1323.598 1325.459 1328.853 1331.324 1333.993 1336.804 1343.568 1349.480 1352.044 1354.294 1354.592 1354.800 1354.895 1355.696 1356.666 1357.628 1357.875 1358.362 1359.346 1360.741 1362.634 1363.980 1365.209 1367.598 1369.205 1367.929 1369.843 1373.844 1376.449 1376.478 1376.957 1378.952 1377.809 1377.020 1375.307 1374.527 1375.139 1376.764 1377.939 1379.332 1381.484 1383.409 1384.665 1386.261 1388.063 1389.586 1391.559 1393.177 1393.028 1394.922 1395.813 1396.423 1397.395 1398.325 1397.999 1397.633 1398.202 1399.218 1400.698 1402.124
1316.306 1317.668 1318.015 1322.311 1324.873 1326.674 1328.601 1331.930 1333.161 1335.166 1339.265 1343.961 1349.968 1353.724 1356.170 1356.698 1357.268 1357.453 1358.147 1358.624 1359.364 1359.401 1360.090 1361.775 1363.258 1364.149 1365.000 1366.660 1369.824 1371.106 1370.553 1372.536 1374.606 1376.243 1377.467 1378.171 1379.600 1379.170 1378.401 1376.994 1376.447 1378.026 1380.123 1381.129 1382.737 1384.776 1385.875 1385.750 1387.313 1388.936 1390.608 1391.998 1394.253 1395.217 1396.010 1396.331 1397.053 1398.459 1399.184 1399.395 1399.130 1399.347 1400.352 1401.568 1403.079
1319.802 1320.650 1321.629 1325.146 1327.770 1329.712 1331.231 1333.450 1335.292 1337.549 1341.633 1346.179 1351.647 1354.666 1357.373 1358.825 1359.457 1359.398 1360.094 1361.033 1361.507 1362.178 1362.383 1364.418 1365.808 1366.276 1366.676 1368.547 1370.120 1372.183 1372.799 1374.342 1375.338 1376.605 1378.129 1379.581 1380.409 1380.501 1378.799 1378.389 1378.036 1379.995 1382.725 1384.449 1385.086 1388.678 1390.289 1390.728 1389.618 1389.288 1391.453 1393.063 1394.694 1395.914 1396.295 1396.706 1397.585 1398.620 1399.606 1399.825 1400.112 1400.364 1400.694 1401.905 1402.839
1322.529 1323.677 1325.103 1327.426 1330.451 1332.205 1333.891 1335.023 1337.871 1340.689 1343.460 1348.180 1352.013 1355.310 1358.285 1360.759 1361.409 1361.454 1362.200 1363.561 1363.805 1364.634 1366.140 1366.778 1367.812 1368.274 1369.538 1370.997 1371.464 1373.015 1374.135 1375.406 1376.794 1377.360 1378.531 1380.279 1380.679 1380.993 1380.354 1379.659 1380.154 1381.615 1384.018 1386.878 1388.494 1391.196 1393.399 1393.066 1392.648 1391.654 1392.144 1393.855 1394.917 1396.046 1396.692 1397.232 1398.338 1399.111 1399.829 1400.275 1400.891 1401.289 1401.962 1402.749 1403.710
1324.937 1326.484 1327.916 1330.244 1332.570 1334.779 1337.476 1337.730 1341.326 1344.133 1345.104 1348.915 1352.937 1355.894 1359.805 1361.923 1363.112 1363.486 1365.124 1365.315 1366.261 1367.553 1367.979 1369.052 1370.013 1370.054 1372.331 1372.888 1374.530 1374.132 1375.962 1376.550 1377.421 1377.925 1378.549 1380.082 1381.157 1381.178 1381.059 1381.035 1381.016 1383.389 1386.136 1388.464 1390.872 1392.202 1393.983 1396.005 1396.760 1394.464 1393.116 1394.336 1395.332 1396.132 1397.442 1397.753 1398.494 1399.198 1400.166 1400.451 1401.160 1401.661 1402.132 1403.285 1403.818
1328.689 1329.393 1331.102 1332.993 1335.465 1337.179 1338.889 1340.369 1343.340 1346.102 1346.970 1350.019 1352.995 1357.724 1360.620 1362.885 1365.144 1365.445 1367.969 1367.305 1368.010 1368.804 1370.182 1370.930 1371.932 1373.209 1374.781 1375.121 1376.210 1377.500 1378.031 1378.644 1378.631 1379.390 1379.571 1380.754 1381.792 1381.637 1381.976 1381.955 1382.151 1385.196 1387.552 1391.581 1392.810 1393.294 1394.681 1396.904 1398.203 1397.829 1397.771 1395.610 1395.512 1396.420 1397.833 1398.978 1399.508 1400.852 1401.740 1401.469 1401.792 1402.144 1402.555 1403.844 1404.834
1332.162 1332.504 1334.136 1335.262 1337.370 1339.007 1341.751 1343.359 1344.775 1346.482 1348.220 1350.338 1352.385 1356.843 1359.742 1364.961 1366.660 1367.726 1369.510 1370.099 1369.899 1371.424 1372.323 1372.671 1373.416 1375.064 1376.290 1377.318 1377.589 1379.521 1380.527 1381.220 1380.935 1380.746 1381.034 1381.452 1382.244 1382.186 1382.686 1383.342 1384.342 1387.992 1391.087 1393.279 1394.338 1395.585 1395.955 1398.039 1399.727 1399.649 1399.154 1397.243 1396.733 1397.242 1398.546 1399.695 1400.343 1402.017 1403.351 1403.180 1402.594 1402.844 1403.639 1404.051 1404.839
1335.967 1336.075 1336.416 1337.411 1339.428 1340.621 1342.571 1344.580 1345.541 1347.388 1348.893 1351.307 1353.748 1357.449 1360.453 1364.867 1367.491 1368.569 1370.250 1372.002 1371.789 1373.130 1373.477 1374.050 1375.074 1376.813 1378.264 1379.489 1379.494 1381.311 1382.442 1383.205 1383.411 1382.976 1383.110 1383.458 1383.527 1383.458 1384.995 1384.807 1386.082 1388.375 1392.705 1395.211 1395.700 1396.861 1397.691 1399.607 1400.537 1400.895 1400.779 1399.967 1398.183 1398.294 1399.097 1400.834 1402.241 1403.604 1404.479 1404.791 1403.625 1403.607 1403.620 1403.825 1404.529
1338.346 1338.442 1339.222 1340.225 1341.556 1342.864 1345.246 1346.613 1348.965 1349.496 1350.975 1352.557 1355.307 1357.750 1362.907 1366.115 1367.827 1369.084 1371.281 1372.855 1373.430 1374.043 1374.747 1375.591 1376.639 1378.733 1380.093 1381.090 1381.495 1383.247 1384.326 1385.500 1386.314 1386.008 1385.584 1386.177 1386.867 1385.740 1385.828 1386.360 1387.425 1390.592 1392.558 1395.747 1396.522 1398.320 1399.305 1401.500 1402.496 1401.798 1403.214 1401.485 1400.044 1399.890 1401.430 1402.475 1403.346 1404.936 1406.356 1406.453 1405.267 1404.265 1403.948 1403.801 1404.242
1339.722 1339.789 1341.332 1342.273 1343.566 1344.918 1347.390 1348.695 1351.477 1352.554 1353.586 1355.800 1357.622 1359.966 1363.039 1366.948 1368.503 1369.860 1371.418 1372.920 1373.979 1374.864 1375.789 1376.621 1377.675 1379.823 1381.675 1382.756 1383.476 1384.674 1386.015 1386.965 1387.971 1387.953 1387.485 1387.958 1388.600 1387.264 1388.142 1388.192 1388.393 1390.759 1393.419 1396.121 1397.085 1398.663 1400.009 1402.091 1403.216 1403.514 1403.976 1402.971 1401.914 1402.497 1402.904 1403.325 1404.720 1405.820 1407.126 1407.263 1406.591 1405.353 1404.636 1405.061 1405.471
1341.604 1343.784 1343.790 1345.214 1346.220 1349.050 1351.392 1352.205 1353.260 1354.522 1356.179 1357.368 1359.927 1362.647 1364.201 1366.520 1369.004 1370.467 1372.092 1373.568 1374.385 1375.325 1376.572 1377.290 1378.399 1380.630 1382.845 1384.017 1384.890 1385.972 1387.322 1388.425 1388.953 1389.403 1389.513 1389.481 1390.234 1390.149 1390.228 1389.674 1390.580 1392.184 1394.579 1396.119 1398.206 1398.984 1401.150 1402.008 1403.231 1404.159 1405.090 1405.075 1403.597 1403.565 1404.428 1404.567 1405.553 1406.529 1407.408 1407.749 1407.737 1406.877 1407.047 1407.552 1407.834
1344.609 1345.528 1346.897 1348.337 1349.120 1351.013 1353.576 1356.129 1356.106 1357.106 1358.793 1360.659 1362.881 1364.919 1365.434 1366.589 1369.900 1371.286 1372.044 1374.416 1375.933 1376.071 1376.845 1377.828 1379.591 1381.958 1383.450 1384.949 1385.647 1387.491 1388.954 1389.945 1390.099 1391.203 1391.144 1390.805 1390.881 1390.737 1391.379 1391.834 1391.595 1391.652 1394.888 1397.020 1398.699 1399.610 1401.271 1402.150 1404.051 1404.931 1406.189 1406.036 1404.727 1404.365 1404.991 1405.417 1405.945 1406.715 1407.909 1408.393 1409.337 1409.010 1408.985 1409.446 1410.076
1347.899 1348.992 1350.264 1351.067 1351.308 1355.177 1355.386 1358.102 1358.976 1359.979 1361.705 1362.695 1364.036 1365.747 1366.738 1367.746 1370.645 1373.256 1373.438 1375.716 1378.051 1378.114 1378.136 1379.469 1380.371 1383.292 1384.049 1385.182 1386.927 1389.304 1390.939 1391.166 1391.396 1391.829 1392.020 1391.621 1391.848 1392.581 1392.718 1392.704 1393.641 1395.373 1396.126 1397.719 1399.097 1400.146 1401.518 1403.134 1404.745 1405.769 1407.444 1406.749 1405.329 1405.142 1405.543 1405.638 1406.544 1407.475 1408.364 1409.328 1410.893 1410.964 1411.351 1412.132 1412.436
1351.278 1351.953 1353.271 1353.866 1354.278 1357.999 1359.093 1362.361 1361.475 1362.695 1364.726 1365.737 1366.008 1367.801 1369.207 1369.480 1371.170 1374.462 1375.014 1376.819 1380.118 1380.514 1379.803 1381.807 1382.437 1385.001 1386.434 1387.386 1389.718 1390.750 1391.915 1392.248 1392.585 1393.165 1393.613 1392.777 1392.652 1393.342 1393.663 1393.946 1394.364 1396.131 1397.635 1399.131 1400.185 1401.084 1402.902 1404.274 1405.208 1406.244 1407.293 1407.706 1407.007 1405.725 1406.671 1407.028 1407.822 1408.318 1409.500 1411.828 1412.833 1412.664 1413.239 1413.738 1415.612
1356.974 1357.244 1356.382 1356.139 1357.862 1360.499 1362.735 1364.156 1364.036 1366.105 1366.612 1368.276 1368.478 1370.848 1370.930 1372.380 1373.176 1375.407 1376.142 1378.629 1382.106 1382.038 1382.565 1382.975 1384.646 1387.307 1389.481 1390.538 1390.807 1391.758 1392.359 1393.279 1394.384 1394.406 1394.484 1394.230 1394.000 1394.066 1394.512 1395.383 1396.261 1397.802 1399.255 1399.778 1400.954 1402.074 1403.520 1404.837 1406.048 1407.270 1407.704 1409.095 1410.305 1409.245 1407.760 1407.876 1408.925 1410.551 1411.793 1414.665 1414.816 1415.152 1415.719 1416.367 1417.564
1360.864 1361.208 1359.234 1359.626 1360.098 1362.321 1365.268 1367.656 1368.662 1369.061 1369.033 1370.961 1371.486 1371.750 1373.897 1374.994 1376.519 1377.290 1378.246 1380.419 1382.562 1383.891 1383.864 1384.682 1386.794 1389.067 1390.645 1392.947 1393.191 1394.046 1394.478 1395.025 1395.517 1395.532 1395.593 1395.828 1395.280 1395.637 1396.087 1396.943 1397.973 1399.627 1400.303 1401.719 1403.164 1404.338 1406.316 1407.538 1408.370 1408.933 1409.338 1410.667 1411.149 1410.787 1409.665 1409.837 1409.974 1411.480 1414.622 1417.180 1417.166 1416.244 1417.145 1417.633 1418.775
1364.397 1363.701 1362.096 1362.885 1362.086 1365.129 1367.393 1369.961 1371.700 1371.914 1372.628 1373.308 1372.958 1372.828 1375.254 1376.791 1378.443 1379.938 1380.433 1381.838 1384.538 1386.608 1385.692 1386.526 1388.129 1391.182 1392.739 1394.115 1394.846 1396.224 1397.355 1397.522 1397.721 1397.439 1397.312 1397.489 1397.125 1397.153 1397.948 1399.340 1399.965 1400.839 1402.065 1403.022 1404.431 1407.033 1408.104 1409.170 1410.124 1410.380 1410.931 1412.048 1412.615 1412.701 1412.975 1413.802 1414.599 1416.519 1418.260 1420.313 1420.049 1418.060 1418.475 1419.511 1420.602
1368.151 1366.420 1365.295 1365.319 1365.328 1366.503 1369.215 1371.391 1375.031 1374.462 1376.260 1375.702 1375.495 1376.593 1377.210 1378.706 1381.318 1381.577 1383.779 1383.948 1385.992 1388.767 1388.548 1388.656 1391.790 1392.114 1393.560 1395.099 1398.433 1398.814 1398.767 1399.103 1399.554 1399.463 1399.080 1399.434 1399.377 1399.398 1400.105 1400.652 1401.554 1402.585 1403.642 1405.187 1406.336 1408.145 1409.926 1410.631 1411.083 1412.768 1412.948 1413.002 1413.386 1414.580 1415.172 1416.303 1417.237 1419.116 1420.489 1422.043 1422.276 1421.203 1420.107 1421.126 1421.333
1370.279 1368.751 1367.691 1367.359 1366.995 1368.760 1370.760 1373.307 1377.363 1377.832 1378.862 1378.226 1377.754 1379.597 1379.236 1380.571 1382.729 1384.679 1386.412 1387.177 1388.563 1390.217 1390.158 1390.536 1392.490 1393.257 1394.364 1396.943 1399.969 1401.058 1401.017 1400.891 1401.534 1401.997 1401.977 1401.780 1401.366 1401.609 1401.701 1402.439 1402.854 1403.797 1405.936 1407.288 1407.986 1409.432 1411.274 1412.177 1413.227 1414.258 1415.193 1414.598 1415.336 1416.018 1416.533 1417.043 1418.268 1419.386 1420.686 1422.287 1423.072 1422.565 1422.567 1424.584 1425.060
1372.978 1370.318 1369.217 1368.900 1369.765 1373.070 1374.313 1376.129 1379.276 1379.935 1380.170 1380.043 1380.834 1381.250 1381.549 1382.881 1383.961 1385.204 1388.527 1388.616 1389.674 1390.492 1391.400 1392.673 1393.254 1395.484 1397.111 1398.942 1401.359 1403.159 1403.328 1403.443 1404.440 1404.332 1404.528 1403.596 1403.142 1403.590 1403.782 1404.410 1404.834 1406.313 1407.464 1408.114 1408.536 1409.789 1411.449 1413.605 1415.062 1416.091 1417.216 1417.880 1419.007 1419.373 1419.535 1420.059 1420.025 1420.119 1421.191 1422.922 1424.568 1425.588 1425.388 1428.235 1430.188
1373.046 1371.598 1370.522 1370.849 1371.332 1374.536 1378.370 1378.768 1380.997 1381.639 1381.559 1381.909 1381.876 1383.263 1386.414 1384.583 1385.911 1386.969 1389.854 1391.864 1391.327 1391.733 1393.042 1394.243 1395.261 1397.488 1399.349 1400.491 1402.730 1405.597 1405.662 1405.565 1407.430 1406.927 1407.535 1406.755 1407.631 1406.732 1407.331 1406.999 1407.188 1408.735 1409.004 1408.971 1409.476 1410.322 1411.929 1414.070 1416.356 1417.773 1419.308 1420.155 1421.738 1423.036 1423.737 1423.227 1423.565 1423.916 1424.802 1427.770 1427.766 1427.952 1429.516 1431.421 1433.161
1373.689 1373.348 1373.123 1372.208 1372.844 1378.136 1380.182 1382.843 1382.460 1382.633 1382.954 1382.998 1383.348 1385.536 1389.336 1387.184 1388.653 1389.496 1391.785 1395.175 1394.036 1393.448 1395.388 1395.833 1397.915 1398.455 1400.477 1402.049 1403.875 1406.210 1408.408 1409.005 1409.951 1410.640 1410.635 1409.596 1410.245 1409.717 1410.130 1411.024 1409.021 1411.262 1411.821 1411.229 1410.744 1411.151 1411.760 1414.832 1418.296 1421.306 1421.815 1422.000 1423.303 1424.512 1426.297 1425.617 1425.776 1425.954 1425.994 1429.132 1429.319 1430.137 1431.526 1433.229 1435.321
1375.870 1375.170 1375.163 1374.549 1375.233 1378.781 1381.667 1383.739 1383.329 1383.227 1383.444 1384.055 1385.103 1387.030 1391.063 1390.298 1391.273 1392.383 1393.968 1397.161 1397.567 1396.726 1397.495 1397.703 1400.202 1401.628 1403.666 1404.900 1405.463 1407.342 1409.516 1411.103 1411.197 1413.179 1412.776 1412.082 1412.160 1410.951 1410.973 1412.502 1413.646 1414.012 1414.937 1412.695 1412.750 1412.963 1413.504 1415.477 1420.078 1423.035 1424.397 1425.039 1425.168 1425.926 1427.235 1427.846 1428.037 1427.727 1428.005 1430.125 1430.481 1431.169 1432.847 1434.762 1436.730
1379.017 1378.187 1377.443 1376.786 1377.614 1381.751 1384.357 1384.922 1383.941 1384.093 1384.760 1385.138 1387.585 1389.234 1394.799 1394.287 1393.964 1394.401 1394.943 1399.413 1400.249 1399.718 1399.829 1400.168 1403.342 1404.060 1406.152 1407.544 1409.275 1410.671 1411.935 1414.321 1415.144 1417.098 1417.529 1416.073 1415.659 1416.025 1416.621 1416.873 1416.857 1418.491 1416.967 1417.259 1416.071 1415.255 1415.174 1416.829 1419.762 1424.665 1426.429 1426.670 1427.203 1427.216 1427.868 1429.388 1429.431 1429.779 1430.226 1431.551 1432.122 1434.391 1436.258 1437.895 1439.080
1382.577 1381.667 1380.105 1378.991 1379.165 1381.446 1386.063 1386.531 1386.069 1386.694 1386.954 1387.066 1388.144 1392.800 1397.113 1396.857 1395.796 1395.665 1397.005 1401.217 1402.726 1402.008 1402.022 1402.255 1405.932 1407.780 1408.834 1410.588 1411.405 1412.729 1414.535 1418.066 1418.252 1421.583 1421.060 1420.252 1418.735 1418.482 1421.137 1421.293 1420.020 1422.093 1421.842 1421.511 1421.244 1417.976 1419.739 1418.645 1422.870 1426.732 1428.103 1427.982 1428.439 1429.150 1429.667 1431.022 1431.022 1430.906 1432.008 1432.514 1434.150 1436.001 1437.467 1438.736 1439.840
