Examples/Ryggfonn/Input/dhm.asc
ncols 459
nrows 633
xllcorner 408397.75
yllcorner 6870084.11
cellsize 5.00000
NODATA_value -9999
[rows 145 to 173 of 633, columns 260 to 324 of 459]
780.976 777.279 773.148 771.264 772.893 771.940 768.166 765.623 763.042 760.947 757.936 758.277 756.222 756.185 755.409 755.772 758.995 764.183 768.368 769.415 769.408 768.512 769.222 775.897 774.248 772.297 770.717 776.743 775.001 771.698 768.616 766.239 764.381 762.815 764.055 762.238 762.349 758.901 755.602 753.736 753.478 753.618 752.920 751.689 750.994 752.662 752.278 749.530 747.420 749.363 747.592 747.258 745.630 743.297 742.746 746.228 742.571 740.148 738.333 736.633 734.977 734.737 737.407 739.425 740.716
778.546 774.570 769.855 767.590 768.030 768.519 765.870 762.198 759.282 757.016 753.930 751.696 752.629 752.919 752.620 753.602 756.126 760.674 764.250 765.925 765.909 765.211 765.575 771.254 770.466 768.746 767.698 766.367 766.518 766.992 765.673 763.467 761.685 761.014 762.179 758.635 759.226 756.173 753.794 752.590 752.350 752.421 752.420 750.537 748.506 750.873 748.867 746.584 745.860 746.006 746.641 745.804 744.305 740.531 740.321 740.670 739.846 737.996 735.560 733.544 732.788 731.944 734.620 736.730 737.307
775.738 770.793 765.691 762.751 765.392 765.366 761.706 758.354 757.208 753.938 750.967 748.566 748.571 749.730 749.370 750.777 753.844 758.782 760.872 760.964 762.253 762.139 762.776 767.952 765.667 764.588 763.590 763.287 763.816 763.301 762.823 761.254 759.527 759.507 758.577 756.154 756.891 754.330 751.765 751.503 751.932 753.195 751.147 749.415 747.202 748.005 745.961 744.934 744.903 744.505 745.491 743.552 741.003 738.949 737.298 737.953 738.261 735.067 732.829 731.785 731.188 730.152 731.261 732.191 734.058
772.236 766.893 761.366 756.746 757.808 759.827 755.532 752.711 752.511 748.457 748.010 745.953 745.412 746.176 746.087 747.980 752.091 752.597 756.128 758.300 758.979 758.442 759.828 762.084 763.977 761.107 759.829 760.427 760.406 760.347 760.360 758.875 759.582 759.039 756.403 754.079 754.982 752.289 749.336 750.200 752.723 752.193 749.994 747.653 745.828 745.381 744.090 743.668 743.517 743.334 744.110 742.104 738.914 736.153 735.130 735.656 735.572 733.086 731.112 730.075 729.726 728.803 727.447 727.325 729.021
768.588 763.563 757.942 753.999 750.748 751.468 748.862 748.708 747.096 744.061 743.656 742.896 742.386 743.852 743.640 745.623 749.675 750.215 752.130 754.659 754.029 755.121 757.221 759.121 760.680 757.136 756.685 757.886 757.495 757.372 756.777 757.839 758.236 757.377 753.376 752.857 752.608 749.832 747.569 749.386 752.076 751.199 748.798 746.189 744.667 743.264 742.490 741.814 741.876 743.022 742.672 739.438 736.104 734.314 732.328 733.034 732.592 731.571 729.503 727.944 727.996 727.480 726.357 724.650 724.996
761.773 759.478 755.587 749.146 747.881 744.763 744.463 744.492 743.600 741.222 740.682 740.344 739.701 740.708 741.388 742.641 748.138 748.347 748.757 750.112 751.379 751.879 753.819 754.064 756.067 754.930 754.952 755.433 755.691 755.820 754.212 753.835 755.061 754.090 751.282 750.941 749.901 747.130 746.732 748.974 750.770 749.845 746.659 744.395 743.084 742.048 741.533 740.541 741.218 742.357 740.049 736.106 734.396 731.891 730.760 730.706 730.937 729.910 727.377 725.653 725.065 725.955 724.539 723.226 722.421
759.228 752.717 747.988 745.021 743.875 739.958 739.334 739.548 738.044 737.612 736.811 737.379 736.969 738.013 738.273 740.415 747.588 746.604 746.643 747.039 748.037 749.174 750.833 751.554 751.193 752.011 752.256 752.705 754.360 753.874 752.534 752.185 754.392 752.361 749.881 749.938 746.819 745.197 744.987 747.591 748.837 746.301 744.671 742.812 741.013 741.430 740.852 738.409 737.575 738.565 736.160 733.260 731.657 730.138 728.721 728.998 728.453 727.597 725.769 724.370 723.865 723.152 722.102 721.726 721.231
752.901 747.241 742.317 739.421 738.115 737.506 735.772 734.660 734.175 733.717 732.719 733.241 734.418 735.329 735.325 739.994 746.328 745.642 744.550 744.742 745.441 745.706 748.009 749.344 748.669 748.441 748.471 749.677 751.294 751.605 750.125 751.026 750.887 749.087 747.076 747.024 743.091 743.662 742.343 742.288 745.527 744.073 743.322 741.590 739.744 740.267 739.655 736.531 734.305 733.518 731.217 730.857 730.880 727.990 726.809 727.364 727.057 726.138 725.208 723.909 722.747 721.137 719.870 720.065 719.524
746.678 741.401 736.797 735.842 735.670 734.264 732.360 731.047 730.760 730.611 729.820 730.887 731.884 732.748 733.442 737.076 743.954 744.733 742.612 742.991 743.114 743.172 743.890 746.190 745.617 745.643 745.716 746.903 748.198 748.992 748.255 748.677 748.086 746.307 744.195 742.043 740.385 742.263 740.497 739.627 741.625 742.630 741.103 740.010 738.846 739.099 736.616 733.589 730.593 728.605 728.211 728.762 728.312 726.721 725.048 725.690 724.697 724.135 723.758 722.420 720.999 719.239 718.214 717.143 717.180
740.368 735.565 733.046 732.632 732.286 730.594 729.539 728.806 728.425 727.862 727.986 728.737 729.650 729.490 731.768 736.514 741.387 742.394 741.802 740.649 740.633 741.348 742.038 742.817 743.561 743.894 743.311 743.448 746.222 745.078 747.367 746.484 743.959 743.856 741.578 739.284 738.122 739.237 738.106 737.930 738.748 738.248 738.660 737.777 736.929 737.017 732.921 729.518 727.787 727.055 726.390 726.775 727.099 725.281 722.759 723.086 722.565 721.750 721.577 721.067 719.762 718.875 717.316 715.378 712.130
732.709 730.433 730.350 728.338 729.115 727.480 726.568 726.301 725.969 725.799 726.546 727.183 726.885 727.394 729.503 733.652 738.808 740.295 739.368 738.744 738.860 739.146 739.662 740.682 741.520 741.249 740.848 740.843 741.584 744.251 744.967 742.797 741.612 742.113 740.435 737.973 736.526 737.367 736.268 736.840 735.079 736.084 736.254 735.984 735.566 732.931 730.095 727.780 726.601 725.268 725.061 725.224 724.921 721.813 720.609 720.709 720.578 719.498 719.135 718.789 718.574 717.691 715.554 711.736 707.453
730.209 728.294 725.927 725.005 724.563 724.894 724.606 723.400 723.335 723.851 724.527 724.005 724.012 725.529 727.625 732.207 735.659 736.215 736.455 736.748 736.441 737.102 737.852 738.635 739.640 738.625 738.111 738.309 739.079 741.362 741.859 740.197 740.957 739.520 737.522 734.957 735.082 736.585 734.094 734.581 733.290 734.677 734.644 734.066 732.882 729.919 727.825 726.717 725.747 723.580 724.571 722.816 722.049 719.596 717.958 718.497 718.050 717.152 717.660 717.517 716.459 715.131 713.233 707.282 707.115
726.454 725.313 723.469 721.501 721.383 721.163 721.853 721.718 720.922 720.580 721.626 721.864 721.187 722.743 725.289 729.458 732.334 733.697 734.322 733.965 734.522 735.172 735.781 736.882 737.125 736.424 735.934 735.949 736.987 738.739 739.052 738.775 739.121 736.242 733.982 732.902 734.282 735.186 732.052 732.283 732.081 732.100 733.501 731.933 730.039 728.055 726.001 725.373 723.783 722.275 721.712 721.586 718.502 716.510 716.024 716.263 716.006 715.131 715.331 715.628 713.573 712.988 708.564 706.522 706.460
723.322 721.365 720.393 719.557 718.469 718.293 719.377 719.308 718.631 718.191 718.971 718.879 718.985 720.755 725.904 728.870 730.950 731.870 732.109 732.608 732.042 732.953 733.431 734.424 734.129 734.407 733.981 734.289 734.802 736.179 736.826 737.505 736.940 733.577 731.879 731.581 733.195 731.518 730.545 731.039 731.028 729.563 729.048 727.818 726.838 726.416 724.338 722.337 721.710 720.197 719.056 717.856 715.889 715.212 713.243 713.893 714.809 712.783 713.732 713.246 712.372 710.451 706.015 705.474 705.530
718.840 717.576 717.144 716.923 715.544 715.675 717.294 716.480 716.719 716.063 716.290 715.747 715.999 717.783 725.754 727.633 728.001 729.309 730.447 730.570 729.997 729.920 731.086 732.179 732.184 732.508 733.152 732.206 733.195 733.724 735.223 736.915 733.345 730.340 730.256 730.759 730.691 728.544 729.433 728.243 727.093 725.212 724.878 724.884 724.996 724.535 722.242 720.982 719.613 717.896 716.566 715.218 713.965 712.429 711.329 712.655 712.099 712.120 711.763 711.406 710.734 706.362 705.142 705.185 705.146
715.574 715.146 714.609 713.797 713.631 713.846 714.630 714.374 713.782 712.902 713.541 713.042 713.445 715.442 725.203 724.873 726.042 728.333 729.101 728.046 727.892 727.815 729.164 729.771 730.414 731.284 730.737 729.131 730.270 731.499 733.364 733.912 730.170 728.102 728.706 728.634 727.989 726.572 727.467 725.855 724.594 723.406 722.987 722.179 723.016 722.363 720.127 717.984 716.344 715.045 714.080 712.609 710.951 710.807 708.991 709.342 709.968 710.321 710.324 709.410 707.075 705.365 704.058 704.539 704.870
712.863 713.080 712.306 712.269 711.497 711.731 713.292 711.902 710.908 710.215 710.930 710.794 711.340 713.653 721.794 723.884 724.307 727.074 727.584 725.498 725.097 725.660 727.022 727.448 728.670 729.210 727.908 727.068 727.922 729.813 732.054 731.119 727.515 726.970 726.524 724.820 724.022 723.396 723.289 722.801 722.358 721.615 720.977 720.516 719.931 718.135 717.198 714.826 713.408 712.080 710.791 710.370 708.721 708.152 707.870 708.370 709.008 709.469 708.370 706.702 705.328 703.585 703.555 704.419 708.627
709.857 710.041 710.771 711.487 709.912 710.353 709.773 707.579 707.456 708.222 708.009 707.601 708.960 711.180 718.290 721.019 722.585 724.922 725.004 723.953 724.014 723.622 725.009 726.278 726.667 727.381 725.454 725.842 726.850 727.681 729.932 725.098 724.360 724.330 723.961 721.879 721.468 721.272 721.440 720.904 720.095 720.290 719.955 718.431 717.230 716.158 714.153 712.971 711.031 709.644 707.857 707.335 707.270 707.739 707.637 708.487 708.711 708.040 706.901 705.419 703.655 703.411 703.579 706.324 710.109
707.310 706.802 707.381 707.732 708.113 707.401 707.283 704.535 706.139 705.384 705.236 705.375 707.388 709.841 717.134 718.047 719.714 721.376 722.455 722.142 722.896 722.242 722.862 724.579 724.627 724.623 724.009 723.833 725.122 726.140 724.319 722.323 722.475 721.980 720.837 719.757 719.869 719.527 718.874 718.372 718.005 717.344 717.419 715.840 714.457 713.604 712.086 710.026 707.828 706.887 706.788 706.734 706.843 707.532 707.761 708.626 707.767 706.358 705.295 703.751 703.052 702.605 702.940 705.240 711.574
705.002 704.264 704.102 704.070 705.100 704.921 702.041 702.973 703.364 702.606 702.267 703.437 705.374 707.721 715.994 716.682 716.972 719.103 720.547 721.130 721.791 720.321 720.888 721.945 722.754 722.374 722.159 722.234 722.555 723.639 720.278 720.332 720.604 720.144 718.527 718.327 717.405 717.135 716.712 716.560 715.971 715.614 715.046 713.656 712.671 709.724 708.521 707.439 706.340 705.941 706.315 706.415 707.062 707.787 708.097 706.852 705.721 704.739 703.745 702.636 702.079 702.155 703.068 706.682 712.482
702.323 702.340 702.094 701.982 701.513 701.506 700.182 701.184 700.794 699.918 700.031 701.447 703.235 706.838 713.701 714.174 714.707 716.148 717.615 719.951 718.969 718.072 718.909 718.890 720.666 720.743 721.187 720.730 722.224 720.330 718.296 718.394 718.906 718.169 716.351 716.312 714.961 714.714 714.184 714.349 713.920 712.573 711.273 710.431 709.416 708.727 708.008 706.184 704.973 704.849 705.460 706.340 707.634 706.981 705.094 704.265 703.395 702.320 702.271 701.626 701.931 701.970 703.634 708.401 713.512
700.312 699.993 700.013 699.556 699.579 698.593 698.481 698.135 697.741 696.705 696.868 698.864 701.254 704.237 709.491 711.771 712.997 713.890 714.783 716.927 716.246 716.628 716.456 717.095 718.378 718.251 718.736 719.592 716.761 716.581 715.809 717.105 716.332 716.101 714.041 712.980 711.788 711.943 712.752 712.457 710.764 710.130 710.055 707.685 706.977 706.502 705.247 703.807 703.765 703.972 705.149 706.134 705.453 703.764 703.399 702.658 701.281 701.097 701.442 701.444 701.631 702.044 705.978 710.691 714.674
698.545 698.538 698.464 698.038 696.753 696.827 696.767 696.119 694.890 693.714 693.837 696.195 699.503 702.328 707.958 710.528 711.130 711.967 712.375 715.135 715.192 715.853 714.707 716.447 716.337 715.253 713.391 713.849 714.820 713.583 714.345 715.252 714.195 713.125 711.805 710.104 708.944 709.916 709.224 707.971 707.797 707.466 705.014 703.754 703.800 702.809 702.350 702.716 702.920 703.470 704.718 704.630 703.023 702.710 701.822 700.935 700.835 700.919 701.206 701.273 701.627 704.645 708.865 712.714 715.354
695.528 697.447 697.694 696.075 695.439 695.437 695.009 693.602 692.255 691.305 692.208 695.481 697.175 701.404 706.115 708.769 709.606 710.540 709.955 713.550 714.030 714.161 714.530 713.991 712.588 711.032 710.981 711.514 711.968 712.023 712.929 713.264 711.807 711.143 709.229 707.039 706.101 706.936 705.294 705.075 705.128 705.159 704.224 702.721 701.767 700.779 701.164 701.897 702.053 702.027 701.191 701.891 701.942 700.962 700.231 700.174 700.391 700.600 700.971 701.494 705.070 707.479 710.167 713.438 716.211
693.907 696.205 697.054 695.046 693.322 692.826 691.842 690.283 689.585 689.207 689.829 692.714 695.666 700.811 703.748 707.154 707.921 708.383 708.300 711.365 710.919 712.623 712.309 710.511 708.598 708.526 708.069 708.245 707.994 708.842 708.727 710.709 710.150 708.940 707.810 705.404 703.257 701.013 701.518 702.877 703.194 702.984 701.593 700.002 700.083 699.993 699.971 698.836 699.172 699.176 700.285 700.839 700.690 700.367 699.652 699.795 700.252 700.751 701.290 705.314 707.800 709.124 711.170 713.792 717.742
693.465 694.263 696.199 693.631 691.445 689.373 688.473 687.877 687.311 687.140 687.956 690.162 694.645 697.732 701.133 704.666 705.941 705.868 706.618 708.984 709.007 709.587 709.541 707.904 706.523 706.113 705.448 705.987 706.223 707.831 706.995 706.506 707.570 706.637 706.232 703.638 701.573 699.300 699.463 700.784 700.432 699.512 698.483 699.074 699.121 698.070 697.162 697.091 697.988 698.933 699.957 699.908 699.490 698.679 699.075 699.709 700.633 702.164 707.565 709.439 711.938 713.348 713.507 714.504 716.028
692.782 692.594 693.236 691.148 689.108 686.747 685.451 684.800 684.403 686.805 686.409 688.916 693.092 696.439 699.530 700.987 702.688 702.995 704.645 706.715 706.473 706.356 708.328 704.745 704.227 703.389 703.055 703.423 703.037 704.883 703.778 703.438 703.787 704.192 703.793 701.541 699.602 697.731 697.450 699.579 698.275 696.961 696.590 696.934 696.013 695.441 696.652 696.941 697.858 698.767 697.991 699.120 698.518 698.606 698.852 700.198 702.547 705.947 709.126 711.841 713.128 714.701 716.299 717.711 718.508
691.511 690.263 689.528 687.506 685.077 683.385 682.787 682.050 681.415 682.345 684.309 687.520 692.394 695.138 696.687 697.952 700.239 700.075 701.466 704.311 703.717 705.129 704.956 702.277 701.920 702.058 701.283 701.224 700.435 702.175 700.612 701.190 700.739 701.775 701.593 700.087 698.854 696.238 697.122 696.123 695.226 695.182 696.304 694.390 694.311 693.882 695.013 695.559 696.352 696.785 696.938 697.179 697.498 699.072 701.487 703.324 706.110 708.471 711.345 712.786 713.840 717.044 717.842 719.531 720.642
688.625 687.643 686.504 684.887 682.537 681.172 680.261 680.010 679.216 680.843 682.930 687.015 690.863 694.096 693.526 695.521 698.067 697.989 699.589 701.213 701.989 702.316 701.779 699.671 699.804 700.263 700.228 699.248 696.305 698.073 697.888 697.457 699.133 700.397 699.555 698.068 697.434 694.978 696.100 694.349 694.804 695.180 694.311 693.397 693.097 693.694 695.692 695.945 696.684 696.761 696.832 698.626 700.252 703.778 705.039 707.907 709.740 711.766 712.756 713.675 714.509 717.774 719.032 720.468 722.179
