Examples/Ryggfonn/Input/dhm.asc
ncols 459
nrows 633
xllcorner 408397.75
yllcorner 6870084.11
cellsize 5.00000
NODATA_value -9999
[rows 348 to 376 of 633, columns 0 to 64 of 459]
580.064 582.475 581.719 581.814 581.217 581.295 581.505 582.661 583.131 583.908 584.224 584.519 584.770 584.839 586.021 587.058 588.005 589.598 592.451 593.864 594.109 594.187 592.153 592.396 593.785 593.662 594.433 595.313 596.093 596.733 597.649 598.729 599.806 600.983 601.461 601.975 603.063 604.047 605.229 605.379 606.808 607.723 608.991 610.203 611.806 614.390 616.488 617.740 617.860 619.014 620.771 622.814 624.722 627.127 629.504 631.784 634.252 636.588 638.697 640.032 641.742 643.224 645.420 647.352 649.950
580.064 580.399 579.927 580.995 581.134 581.295 582.183 583.053 583.306 583.993 583.955 584.562 584.932 585.572 586.548 587.409 588.174 589.656 592.463 593.534 593.780 593.751 592.130 592.965 593.848 594.223 594.803 595.822 596.438 597.028 597.573 598.113 598.872 599.871 600.814 602.397 603.491 604.483 605.462 606.184 607.193 608.029 609.464 610.255 612.123 614.271 616.306 618.510 619.879 619.953 621.003 622.403 623.881 627.043 630.062 632.517 634.805 637.109 639.203 640.921 642.933 645.451 646.538 648.851 651.375
580.064 579.781 579.940 580.487 581.306 581.797 582.687 583.372 584.039 584.289 584.461 585.106 585.547 586.258 586.948 587.607 588.216 589.982 592.462 593.148 593.440 593.307 592.125 593.538 594.229 594.867 595.592 595.877 596.790 597.564 598.009 598.532 599.068 599.508 601.045 602.740 603.680 605.733 606.884 607.062 608.267 609.053 609.821 610.403 612.439 614.899 616.465 618.447 620.306 621.373 623.066 622.888 625.850 627.443 629.400 632.018 634.472 637.230 639.656 642.001 644.260 646.968 648.808 650.033 652.523
580.000 579.658 582.515 582.216 582.524 582.478 583.378 583.722 584.414 584.583 584.734 585.451 586.034 586.782 587.282 587.845 588.337 590.506 592.611 592.869 593.138 593.160 593.111 593.274 594.496 595.331 596.029 596.593 596.890 597.280 598.226 599.002 599.295 600.373 601.744 602.858 603.759 605.417 607.528 608.618 608.982 609.476 609.716 611.226 613.692 615.498 616.586 618.865 620.484 621.620 623.500 625.452 627.197 628.282 629.942 632.177 634.728 637.128 639.618 642.323 645.151 648.139 650.435 651.861 653.416
580.000 580.488 581.936 582.887 582.873 583.351 583.230 583.542 584.101 584.370 585.600 586.082 586.399 587.020 587.571 587.939 588.406 590.970 592.389 592.562 592.887 592.998 593.004 593.344 594.630 595.695 596.310 597.044 597.537 598.115 598.438 598.989 600.022 600.788 601.547 602.752 603.635 605.254 607.462 608.818 609.113 609.632 610.295 611.399 614.209 616.044 616.979 619.011 620.768 621.420 623.176 625.427 628.153 630.323 632.239 634.018 635.935 637.142 639.070 641.455 644.851 648.815 651.245 653.142 655.057
580.000 581.216 581.551 582.093 582.949 583.056 583.430 583.984 584.205 584.644 585.561 586.125 586.660 587.236 587.665 588.052 588.676 591.256 592.067 592.281 592.630 592.906 592.984 593.864 595.139 596.331 597.458 597.623 598.033 598.782 599.307 599.871 600.541 600.813 601.754 602.480 603.713 605.082 607.139 607.998 608.324 609.264 611.349 612.956 614.207 615.793 617.785 619.318 620.588 621.458 624.047 626.909 629.142 631.586 633.706 635.901 638.241 639.656 640.143 642.565 645.463 649.336 651.805 653.013 656.081
580.000 581.748 581.736 581.928 583.069 583.212 583.533 584.049 584.354 584.695 585.166 585.774 586.658 587.225 587.648 588.075 589.107 591.446 591.671 591.972 592.441 592.930 593.146 593.621 595.844 597.109 598.532 598.733 598.420 598.907 600.471 600.889 601.169 601.505 601.767 602.572 603.053 604.507 606.263 606.970 607.785 610.248 611.765 614.583 615.851 616.678 618.320 619.404 620.518 621.694 624.309 627.134 629.490 632.328 634.825 637.094 639.808 641.685 643.783 644.568 647.242 649.029 651.610 654.952 655.964
580.000 581.375 581.498 581.973 582.635 583.492 583.639 584.047 584.514 584.925 585.437 586.075 586.652 587.005 587.493 588.002 589.625 591.259 591.401 591.682 592.167 593.054 593.417 594.787 596.347 598.338 599.360 599.240 599.754 600.847 600.715 601.061 601.544 601.997 602.455 603.094 603.802 605.492 606.946 607.305 608.346 610.570 613.048 615.036 615.750 617.908 618.754 619.895 621.297 622.718 624.755 626.805 629.551 632.586 634.440 637.993 640.438 642.571 644.924 647.498 648.180 651.872 652.645 654.585 656.808
580.000 581.218 581.628 581.787 582.476 583.387 583.671 583.935 584.224 584.744 585.429 586.138 586.589 586.930 587.395 587.916 590.075 590.907 591.114 590.971 592.062 593.289 593.679 594.414 596.106 597.985 599.354 599.811 600.675 600.643 601.060 601.633 601.884 602.324 602.834 603.523 604.159 605.767 607.332 608.478 608.913 611.372 613.584 614.561 615.489 617.519 618.799 620.625 622.164 623.881 625.241 627.795 630.609 632.542 635.114 638.059 639.474 642.242 644.556 648.049 651.023 653.730 654.951 655.776 657.465
580.000 581.198 581.249 581.599 582.184 583.916 583.337 583.655 583.811 584.701 585.481 586.153 586.517 586.904 587.405 588.425 590.268 590.604 590.816 591.660 592.232 593.559 593.927 594.433 595.933 596.830 598.872 599.649 600.189 600.785 601.668 601.378 601.744 602.407 603.239 603.806 604.550 606.304 608.355 610.024 610.435 611.434 612.672 614.536 615.826 617.265 619.014 620.722 622.361 624.246 625.878 628.574 631.773 633.453 635.593 638.232 639.734 642.824 645.768 648.976 652.084 654.268 656.096 657.737 659.378
580.000 580.164 580.813 581.499 581.875 582.794 582.818 583.364 584.179 584.840 585.659 586.169 586.590 587.015 587.466 589.049 590.101 590.307 590.284 591.812 592.577 593.955 594.080 595.031 596.021 596.860 598.610 599.172 600.023 600.551 601.019 601.251 601.959 603.137 603.695 604.209 605.059 607.279 608.771 610.326 611.602 612.294 613.439 614.791 615.800 617.170 619.468 620.647 622.016 624.111 626.615 629.512 632.769 634.787 637.016 639.236 641.342 643.415 647.467 650.011 652.359 654.009 655.520 658.563 660.055
580.000 579.946 581.299 581.028 581.193 581.412 581.935 583.183 584.180 585.139 585.648 586.107 586.582 587.004 588.566 589.482 589.824 590.037 589.674 592.153 593.429 594.201 593.740 595.322 596.468 597.092 598.954 599.301 599.839 600.406 600.998 601.461 602.119 602.615 603.649 604.662 605.931 607.418 609.085 610.915 611.524 613.043 614.413 615.525 616.724 618.038 619.712 621.001 622.593 625.315 627.790 630.522 633.226 635.414 637.896 639.378 642.598 644.033 647.228 650.429 652.582 655.433 656.904 659.391 660.669
580.000 580.852 581.160 581.359 581.571 581.819 582.447 583.573 584.567 585.365 585.609 585.959 586.646 588.518 588.962 589.321 589.539 589.779 590.844 592.677 594.182 594.335 593.921 595.800 596.672 597.441 599.152 599.646 600.208 600.859 601.260 602.412 603.613 603.781 605.156 606.509 606.753 608.315 609.138 610.230 611.796 614.223 615.154 616.395 617.423 618.725 620.265 621.651 623.978 626.390 628.861 631.323 632.992 635.646 638.149 640.013 641.989 644.896 648.381 651.523 653.913 656.501 658.515 660.473 661.999
580.000 579.986 580.544 580.630 581.502 582.102 582.770 584.091 584.876 585.434 585.950 587.164 588.064 588.387 588.672 589.035 589.259 588.959 591.788 593.304 594.371 594.222 594.755 596.119 596.582 597.876 599.539 599.908 600.312 601.062 601.877 602.357 603.692 604.800 606.382 607.887 608.654 608.425 608.964 609.978 611.879 614.135 615.580 616.636 618.416 620.108 621.252 622.972 625.468 627.563 629.648 631.448 633.713 636.007 638.203 640.528 643.098 645.808 649.784 651.764 654.418 656.750 659.473 661.985 663.622
580.000 580.363 580.549 581.602 582.195 582.856 583.256 584.388 585.161 586.403 587.225 587.536 587.843 588.100 588.461 588.772 588.987 588.863 592.856 594.096 594.454 593.670 595.311 596.373 596.907 597.723 599.343 600.104 600.419 601.307 603.416 604.137 604.217 606.070 607.209 608.536 609.560 609.991 609.560 611.052 612.681 614.246 615.412 617.272 619.060 620.654 621.662 624.100 626.333 628.934 630.731 632.217 634.071 636.279 639.111 640.721 643.752 646.159 650.391 653.333 655.724 658.318 660.256 662.818 664.521
580.000 580.947 581.513 581.998 582.269 583.116 583.953 585.191 586.516 586.871 587.069 587.350 587.584 587.749 588.253 588.487 588.346 592.484 593.577 594.372 594.424 594.622 595.867 596.892 597.372 598.182 599.160 600.146 600.702 602.230 604.053 605.150 605.684 606.998 607.743 608.900 610.020 610.502 611.140 611.817 613.808 615.135 616.234 617.717 618.625 619.917 622.464 624.450 626.453 628.608 630.341 631.579 633.467 636.322 639.496 641.727 643.579 647.145 651.469 654.025 656.616 659.164 662.045 664.149 665.179
580.000 581.629 582.620 582.837 582.461 583.370 584.896 586.049 586.388 586.619 586.916 587.142 587.285 587.454 587.999 588.213 590.203 592.927 593.794 594.342 594.181 594.500 596.574 598.225 597.922 598.746 599.949 600.715 601.438 601.627 603.882 605.490 606.300 607.329 608.367 609.238 610.176 610.847 611.759 612.754 613.981 614.872 616.174 617.180 618.660 620.410 622.498 624.983 627.427 629.094 630.469 631.348 634.157 637.214 639.362 640.818 643.551 647.137 651.086 654.396 657.401 659.561 662.763 664.635 666.598
580.000 581.882 582.620 583.241 583.586 584.287 585.500 585.792 586.121 586.394 586.618 586.784 587.043 587.528 587.705 587.612 591.396 593.505 594.193 594.316 593.711 594.893 597.121 597.846 598.089 599.347 599.904 600.828 601.821 602.571 604.224 605.539 606.660 607.510 608.825 609.487 610.019 610.541 611.737 612.896 614.041 614.578 615.899 617.610 618.919 620.917 622.788 625.459 627.046 628.830 629.368 631.741 633.765 636.574 638.947 641.855 646.369 648.649 651.315 655.353 658.560 660.561 663.004 665.270 667.571
580.011 582.067 582.529 583.127 583.706 584.947 585.425 585.607 585.870 586.135 586.335 586.598 586.874 587.229 587.475 589.169 591.601 593.860 594.154 594.222 594.048 595.418 597.135 597.616 598.374 599.536 600.137 601.283 602.022 602.883 603.742 605.322 606.527 607.393 608.747 608.566 608.809 609.543 610.890 611.885 612.706 614.286 616.057 617.524 619.081 621.212 622.515 625.558 626.269 627.153 628.426 631.730 633.513 636.354 639.994 642.874 646.274 650.278 652.351 655.450 659.185 662.181 664.335 666.183 668.778
580.011 582.223 582.656 583.209 584.127 585.190 585.249 585.442 585.670 585.860 586.214 586.369 586.740 586.966 586.690 590.594 592.986 593.854 594.065 594.051 594.362 595.954 597.130 597.862 598.319 598.917 599.470 600.388 601.450 602.216 603.507 604.869 605.850 607.146 607.504 607.480 608.552 610.048 611.029 612.219 613.224 614.154 616.281 617.156 618.983 620.409 622.188 624.562 626.779 628.398 629.870 632.184 634.009 636.839 640.639 643.530 647.847 651.071 653.840 656.586 659.336 663.300 666.023 667.053 669.612
580.011 582.436 582.838 583.312 584.513 584.898 585.066 585.228 585.406 585.760 585.972 586.172 586.454 586.659 589.416 591.373 593.206 593.802 593.915 593.573 594.709 596.067 596.873 597.644 598.150 598.790 600.132 601.133 602.433 603.275 603.774 604.842 605.252 606.093 607.081 608.145 609.574 610.481 611.064 612.130 613.289 615.033 617.003 618.157 619.703 621.134 623.076 624.974 626.909 629.460 631.141 633.339 635.560 638.609 641.500 645.260 649.471 651.473 654.775 658.089 660.346 663.565 665.780 667.375 670.466
580.061 582.536 582.942 583.643 584.567 584.744 584.862 585.003 585.189 585.488 585.522 585.943 586.165 585.730 589.353 591.840 593.068 593.658 593.754 593.673 594.961 596.148 596.985 597.661 597.960 598.649 600.219 601.531 602.761 603.828 604.628 605.511 606.180 606.732 607.750 608.291 609.346 610.105 611.156 612.141 612.898 614.661 616.723 617.730 619.208 621.446 623.270 625.511 627.582 629.991 632.306 634.587 637.078 640.506 643.646 647.072 650.386 652.684 655.512 659.087 662.381 663.734 666.161 668.118 669.974
580.061 582.708 583.084 584.003 584.318 584.467 584.594 584.776 584.923 585.087 585.469 585.694 585.929 587.623 589.895 591.940 593.172 593.448 592.890 593.828 595.058 596.098 597.066 597.532 598.007 598.580 600.377 602.292 603.238 603.283 604.282 604.571 605.479 606.509 607.159 608.287 609.666 610.399 611.515 612.112 612.922 615.318 616.970 617.641 618.872 621.738 623.729 626.099 627.967 630.850 633.846 636.212 639.003 641.766 645.259 648.135 651.132 654.109 656.464 660.081 663.102 664.382 666.416 668.044 669.765
580.061 582.800 583.294 583.853 584.010 584.161 584.321 584.437 584.591 584.682 585.202 585.418 585.506 588.392 590.433 591.687 593.122 593.216 593.181 594.146 595.343 596.272 596.599 597.758 598.508 599.325 600.743 602.314 602.928 603.518 604.380 604.786 605.940 606.847 607.706 608.366 609.181 610.439 611.702 612.807 613.648 616.104 617.201 618.157 619.843 621.843 623.815 626.590 629.382 631.979 635.304 637.980 640.103 642.862 645.518 649.577 652.165 655.008 657.063 661.004 663.998 666.445 667.719 668.071 670.727
580.057 582.765 583.287 583.488 583.675 583.850 583.960 584.240 584.278 584.724 584.944 584.771 587.492 589.933 590.792 592.335 592.991 592.823 593.437 594.489 595.545 596.670 597.601 598.028 599.247 600.129 601.221 602.083 602.842 603.802 604.426 605.154 606.058 606.951 607.522 608.147 608.921 609.893 611.386 612.310 613.206 614.853 616.437 617.678 619.836 621.650 623.131 626.350 629.232 632.384 635.126 637.752 640.023 642.702 646.184 649.872 652.789 654.713 657.638 661.777 664.088 666.798 668.216 669.428 671.683
580.057 582.678 582.974 583.176 583.380 583.528 583.675 583.924 584.172 584.452 584.687 585.447 589.184 590.492 591.380 592.721 592.931 592.700 593.945 594.925 595.577 597.420 597.949 598.424 599.310 600.170 601.232 602.233 602.869 603.700 604.397 604.989 605.888 606.446 607.194 607.784 608.563 610.242 611.210 612.183 613.275 615.119 616.494 618.038 620.476 622.094 623.247 626.146 629.729 632.387 636.124 637.520 640.269 643.036 646.340 649.122 652.396 655.292 657.925 661.256 663.425 665.372 667.193 669.679 672.398
580.057 580.022 580.280 582.911 583.078 583.259 583.388 583.453 583.963 584.158 583.863 587.929 589.833 591.140 592.323 592.569 592.789 592.891 594.040 594.782 595.992 597.300 598.540 598.883 599.417 600.156 601.200 602.099 602.721 603.289 603.964 604.621 605.620 606.244 606.902 607.550 608.645 610.385 611.846 612.965 614.305 615.488 616.743 618.655 620.536 622.470 623.854 626.227 629.929 632.772 636.313 637.454 640.295 642.866 645.646 648.625 652.926 655.139 657.561 660.754 662.595 664.257 666.695 669.106 671.338
579.951 579.986 580.250 580.513 582.773 583.197 583.129 583.493 583.655 583.716 584.481 588.102 589.867 591.813 592.126 592.399 592.560 592.989 593.999 594.807 596.797 597.523 598.170 598.717 599.358 600.059 600.769 601.556 602.505 603.274 603.856 604.421 605.380 606.019 606.863 607.486 608.586 610.606 611.927 612.815 614.382 616.526 618.145 619.720 622.059 623.412 624.720 626.391 630.664 633.104 636.498 638.376 641.824 643.781 646.709 649.561 652.925 655.388 658.194 661.005 662.568 664.704 667.634 670.386 672.209
579.951 579.951 580.220 580.489 580.758 582.734 582.885 583.156 583.342 582.664 588.693 589.960 591.472 591.736 592.024 592.213 592.300 593.297 594.184 595.808 596.814 597.315 597.773 598.510 599.245 599.839 600.553 601.522 602.315 603.216 604.063 604.622 605.174 605.974 606.556 607.010 608.409 609.884 611.044 612.578 614.246 616.441 618.317 620.078 621.988 623.377 624.905 627.885 631.352 634.042 636.789 640.139 643.048 644.687 647.564 649.855 652.809 656.830 659.790 661.831 663.967 666.348 668.749 670.834 672.514
