Examples/Ryggfonn/Input/dhm.asc
ncols 459
nrows 633
xllcorner 408397.75
yllcorner 6870084.11
cellsize 5.00000
NODATA_value -9999
[rows 203 to 231 of 633, columns 130 to 194 of 459]
730.847 729.425 727.111 726.102 725.325 725.323 725.362 724.839 724.901 724.627 723.290 721.030 719.830 717.467 715.677 713.054 709.965 708.133 706.392 704.617 704.674 704.148 704.102 702.487 703.533 704.224 706.345 706.681 707.925 708.734 708.802 709.502 708.461 708.942 708.582 707.709 702.203 701.943 700.971 700.766 700.312 699.130 697.695 697.357 697.013 697.472 697.869 697.478 696.519 693.509 691.859 692.018 692.339 691.458 689.820 687.825 686.680 685.572 686.081 685.342 684.511 683.360 681.335 680.554 680.595
728.154 726.473 724.585 723.222 722.667 722.925 722.709 722.238 722.468 721.807 721.414 718.403 716.209 714.500 712.993 709.552 705.579 705.477 702.423 700.564 699.793 699.888 700.136 698.966 699.355 700.783 702.835 703.377 705.761 705.978 705.134 706.305 705.886 703.554 701.883 700.309 698.429 698.443 698.271 697.876 697.473 696.201 694.710 694.480 694.299 695.978 695.658 695.873 693.881 690.214 688.973 688.921 690.007 689.669 687.987 685.778 684.825 683.379 682.172 682.939 681.875 680.043 678.844 678.804 678.136
725.485 723.646 721.513 720.559 719.693 719.402 719.331 719.474 718.602 719.294 717.312 715.041 713.817 711.714 707.326 703.867 701.938 701.060 699.190 697.699 696.516 695.636 694.995 694.492 695.369 697.292 699.418 701.369 702.563 703.004 703.346 702.968 703.338 700.625 698.616 697.792 697.096 695.741 694.829 694.698 694.119 693.613 692.787 692.197 692.509 693.098 693.306 693.630 689.143 686.769 686.254 686.373 687.687 687.708 685.959 684.183 682.637 680.465 679.631 678.495 677.907 676.704 675.708 675.226 674.455
722.904 721.194 718.988 717.591 716.783 716.064 715.802 715.833 715.219 714.615 713.599 713.164 711.246 709.071 703.907 701.506 698.646 696.692 695.227 694.974 693.953 692.930 692.352 691.795 691.506 694.360 696.059 697.789 699.949 700.871 699.937 699.508 700.199 698.488 695.148 694.976 694.455 692.753 692.036 691.859 691.477 690.869 690.464 690.661 690.316 690.267 690.686 687.846 685.552 683.909 683.511 684.080 684.659 684.952 683.388 681.435 680.088 678.067 677.730 676.953 674.523 673.373 672.423 672.784 674.241
720.075 719.249 716.967 714.778 714.033 713.015 712.608 711.570 711.654 710.636 710.783 710.841 706.843 704.402 702.222 697.621 695.921 693.100 691.981 691.320 690.971 689.976 689.193 689.100 687.936 688.386 692.565 693.600 697.683 698.830 698.271 697.339 696.655 695.068 693.447 691.575 690.639 689.457 689.301 689.563 689.916 688.980 688.564 687.980 687.754 687.854 685.744 684.248 682.044 681.189 682.294 682.443 682.168 681.695 680.508 678.103 676.119 675.491 674.842 673.066 671.933 671.393 671.098 672.894 674.332
717.347 716.349 714.497 711.968 711.911 710.084 708.330 707.037 705.994 705.682 704.685 705.437 703.903 702.672 697.924 693.561 691.523 690.054 688.854 687.927 687.435 687.312 687.004 685.962 684.584 684.627 685.362 688.135 692.681 696.171 697.223 695.884 693.912 692.376 690.538 689.229 688.437 687.035 687.580 687.481 687.160 686.799 687.071 686.246 685.685 683.506 682.471 681.925 679.870 679.233 679.762 680.581 680.237 678.424 676.148 673.885 672.707 671.439 671.427 670.967 671.149 670.772 671.273 672.892 673.471
714.341 713.455 712.178 709.296 709.147 707.808 705.650 704.257 703.205 702.668 701.739 700.813 701.386 698.302 690.804 687.702 687.794 687.040 686.830 685.745 684.743 684.216 683.455 682.864 682.191 680.929 680.946 682.917 687.638 692.283 694.906 694.903 691.891 688.665 686.565 686.967 685.182 684.993 684.841 685.252 684.705 683.952 683.746 683.845 681.733 681.073 680.088 678.938 678.169 678.040 678.066 678.584 677.377 675.083 673.093 672.131 671.150 669.849 670.150 670.106 670.034 671.076 672.273 672.076 670.842
710.503 710.338 709.249 707.291 705.358 704.784 702.247 701.813 700.836 700.365 700.009 697.112 695.026 690.515 686.673 684.100 684.138 684.158 684.547 682.912 681.413 680.740 680.065 679.223 678.382 678.061 678.001 679.882 681.037 689.300 691.854 693.310 690.093 685.998 683.528 683.433 682.702 683.641 682.880 682.827 680.896 680.097 680.411 679.828 679.005 677.382 676.683 676.682 675.958 676.915 676.805 676.471 675.347 674.210 672.314 671.427 669.995 670.618 669.264 669.768 669.516 671.076 671.022 670.239 670.001
707.304 707.024 706.133 704.988 701.903 702.268 700.050 698.411 698.871 698.193 694.880 693.292 691.977 685.940 682.787 681.346 681.545 680.781 680.601 679.519 677.376 675.863 675.852 675.885 675.049 673.987 675.004 676.327 678.342 684.133 689.301 688.970 684.481 681.531 680.923 681.137 680.703 680.619 679.463 678.560 678.247 678.409 677.524 676.674 675.764 674.946 674.607 674.948 675.047 674.925 674.800 674.309 673.580 672.468 671.097 670.773 669.638 669.072 668.960 668.851 669.162 669.405 669.266 669.522 668.488
704.734 704.154 703.334 702.385 700.694 698.105 698.375 696.135 693.713 690.359 689.499 684.117 682.596 680.077 679.076 679.108 678.641 678.780 677.261 676.251 673.832 672.480 672.852 670.384 670.377 670.963 672.495 673.846 675.597 677.404 678.667 679.397 679.995 678.241 678.329 678.355 677.925 676.554 675.945 676.099 675.825 675.260 674.591 673.822 673.384 673.520 673.205 672.855 672.969 673.228 673.193 672.341 670.893 670.637 669.837 669.853 669.578 669.560 668.588 669.373 667.780 667.295 667.921 668.351 666.017
700.837 701.074 700.515 699.167 698.292 695.478 695.426 694.067 692.443 689.999 687.266 683.907 681.143 679.377 676.683 676.094 674.948 673.388 674.357 673.489 671.031 669.693 667.619 666.930 666.732 667.857 669.606 672.491 672.987 673.243 673.779 674.428 675.023 675.087 675.039 675.856 672.984 672.788 673.234 674.300 672.990 673.340 673.171 671.685 671.856 671.864 671.476 671.005 671.830 672.018 671.307 669.680 668.429 668.674 668.882 668.380 668.204 668.248 667.348 666.862 666.428 666.352 666.147 664.763 665.031
698.969 697.756 697.425 696.242 694.791 694.006 692.170 691.431 690.261 688.275 685.608 683.093 680.518 678.071 675.493 673.077 671.379 671.120 671.569 671.286 668.181 666.202 664.110 664.219 664.158 665.425 666.752 669.813 670.684 670.634 671.177 672.267 671.386 671.141 670.604 669.474 668.589 669.423 671.702 672.644 671.521 670.420 670.307 670.528 670.579 670.677 670.508 670.231 670.635 669.745 668.520 666.971 667.120 667.581 667.572 667.242 666.808 667.010 666.292 666.955 665.666 665.475 665.124 664.250 664.013
696.447 694.664 694.083 693.416 692.204 691.277 690.835 688.109 687.503 685.757 684.199 681.629 678.947 677.276 674.705 672.002 668.827 668.468 667.724 666.259 665.030 663.028 661.412 660.468 661.441 662.020 663.582 667.489 667.799 668.407 669.477 669.509 669.476 668.274 667.335 666.252 665.973 666.693 669.108 669.378 669.529 667.966 668.609 668.419 668.681 668.528 668.043 668.837 669.442 668.368 667.113 665.669 666.891 666.151 665.402 665.694 665.997 665.672 665.841 665.685 665.072 664.178 663.998 663.127 663.124
693.653 692.286 690.950 690.302 689.246 688.463 687.762 685.624 685.047 683.924 682.040 679.910 677.485 675.279 673.196 670.852 667.894 665.776 664.304 663.264 660.075 659.176 658.055 656.829 657.615 659.634 659.870 665.387 666.015 666.546 667.011 667.178 667.307 664.825 664.531 664.508 664.298 664.558 665.384 665.861 665.462 665.399 666.317 666.176 667.032 666.725 667.038 667.460 667.775 666.791 664.865 664.527 665.409 665.385 664.605 664.626 663.873 664.258 664.878 664.003 663.481 662.857 662.912 662.197 662.076
690.450 689.802 688.189 687.887 686.861 685.809 684.597 684.066 680.602 681.259 679.505 677.773 675.813 673.530 670.639 669.362 666.347 664.662 661.645 659.557 657.068 654.952 653.212 653.446 654.580 655.825 657.339 659.915 662.815 663.883 663.632 663.644 663.042 661.580 661.271 662.162 662.340 662.407 662.257 662.399 662.237 663.139 663.679 663.566 664.272 664.468 665.846 666.299 664.886 664.419 663.148 663.373 664.052 664.051 663.400 662.738 662.788 663.066 663.020 662.100 661.672 661.276 661.532 661.351 661.340
687.261 686.923 685.960 685.145 684.183 683.066 681.927 681.373 680.250 676.900 676.793 675.176 673.726 672.138 669.466 666.580 664.899 662.838 660.923 658.626 656.092 653.737 652.067 650.615 650.609 652.103 655.098 656.674 660.237 660.742 660.823 660.600 659.446 658.337 657.833 658.889 660.229 659.875 660.591 659.681 659.783 660.283 660.623 662.596 662.349 662.631 662.695 662.740 662.129 661.942 662.800 661.594 662.385 662.316 661.052 660.996 661.667 661.383 661.322 660.068 660.471 660.504 661.256 660.885 659.971
684.772 683.927 683.500 682.015 681.515 680.191 679.423 678.481 677.624 674.939 674.009 672.358 670.781 670.053 667.781 665.200 662.770 660.981 659.596 657.163 654.331 652.583 650.410 648.722 647.948 649.105 652.461 653.672 656.032 656.922 657.605 657.284 657.415 654.946 654.539 655.539 658.689 658.015 657.401 656.422 658.005 657.830 657.670 657.626 660.622 658.433 659.689 659.964 657.959 659.054 660.067 660.948 660.985 660.935 658.671 659.483 660.505 659.979 659.382 657.857 659.327 658.842 660.066 659.548 658.754
682.049 681.328 680.958 679.924 678.586 678.130 676.519 675.906 674.998 673.812 670.694 670.539 668.874 667.542 665.696 663.340 661.275 659.437 657.714 656.301 653.856 651.681 649.006 646.872 645.254 644.543 650.116 650.469 653.402 653.737 653.886 653.892 652.891 652.295 652.814 652.672 654.350 655.151 654.431 653.081 653.916 654.790 655.020 654.692 654.695 653.893 654.888 654.383 653.799 656.069 658.267 658.137 658.840 657.521 656.033 657.953 657.948 657.503 656.821 655.133 656.534 657.125 657.975 657.958 656.476
679.686 678.361 678.220 677.440 676.434 675.708 674.259 673.148 672.341 671.538 669.200 668.219 666.128 665.315 663.423 661.355 659.319 657.293 656.120 654.330 652.313 650.068 648.385 645.838 643.955 642.508 646.103 647.580 650.914 652.266 651.367 650.079 649.684 649.925 649.612 649.923 650.065 650.810 651.389 650.864 650.504 651.481 652.191 652.857 651.598 650.789 650.524 650.160 650.161 651.888 655.190 655.513 655.198 654.325 654.439 656.117 654.581 653.602 653.584 653.200 654.501 655.796 656.084 655.934 654.711
676.382 676.022 675.755 674.534 673.349 672.889 671.883 670.693 669.507 668.498 667.052 665.312 664.387 662.555 661.171 658.894 657.113 655.605 653.781 652.678 650.668 648.549 646.170 644.851 642.995 640.780 640.355 645.005 648.712 648.993 650.393 647.911 646.596 646.451 646.090 646.282 645.170 643.394 642.946 643.771 644.359 644.079 644.804 647.044 647.958 648.010 647.415 647.474 647.954 649.978 651.651 653.037 652.999 652.846 653.423 653.073 651.185 650.754 650.977 651.559 652.429 654.010 654.587 654.422 653.103
673.691 673.407 672.854 671.685 671.189 669.746 668.862 667.843 666.771 665.755 664.699 663.262 662.472 660.256 658.586 656.290 655.118 652.853 651.634 650.364 649.456 647.279 644.933 643.573 641.554 639.822 638.660 641.255 643.974 645.527 646.082 645.322 643.086 643.197 641.793 642.049 641.294 640.847 640.276 638.890 640.070 640.176 640.777 641.641 642.347 644.513 645.336 645.958 646.441 647.994 648.602 651.048 650.779 650.826 651.128 648.389 647.426 647.868 647.992 649.094 650.835 652.505 652.961 653.252 651.778
670.934 671.100 670.305 669.420 668.582 667.375 666.183 665.225 664.470 662.938 661.781 660.861 659.692 658.190 655.603 654.437 652.976 650.977 649.262 648.210 646.964 645.555 643.957 641.978 640.424 638.886 637.464 636.467 641.152 641.668 641.887 640.507 641.002 639.545 639.322 638.539 638.251 637.496 637.002 635.873 636.047 636.911 637.642 638.184 639.615 642.086 643.542 643.933 645.174 645.633 646.216 648.348 648.083 648.823 648.167 644.665 644.716 644.838 644.940 645.824 648.010 650.127 650.970 651.300 649.924
667.948 668.334 667.904 667.061 666.095 665.253 663.932 662.575 661.594 660.041 658.983 658.162 657.788 656.030 654.556 652.113 650.690 649.057 647.040 646.133 644.600 643.505 642.400 640.260 638.371 637.760 636.272 635.318 634.846 636.248 636.553 637.670 637.755 637.819 636.761 636.573 635.203 634.822 633.595 633.393 633.262 634.191 636.002 635.661 635.554 638.539 641.858 642.879 643.663 643.948 644.254 646.685 644.928 645.630 643.821 642.393 641.680 642.152 641.887 643.992 646.081 647.462 649.228 649.231 648.354
665.080 665.500 665.562 663.880 663.093 662.296 660.574 660.115 659.115 657.943 656.286 656.104 654.416 654.354 652.866 650.513 649.094 647.215 645.484 644.491 643.480 641.503 640.334 639.380 637.021 636.025 634.878 633.855 632.802 634.022 634.453 635.339 635.582 635.151 633.685 634.072 633.237 632.469 630.901 630.865 631.222 631.479 632.074 632.791 633.847 636.315 638.772 641.393 641.479 642.418 642.562 642.657 643.103 642.666 641.869 640.799 640.374 639.215 640.025 641.997 643.605 645.481 647.117 647.606 647.045
662.824 662.407 662.462 660.983 660.167 659.272 658.315 657.084 656.532 655.255 654.031 652.713 651.391 651.309 650.884 649.299 646.906 645.960 643.799 642.378 641.342 640.169 638.413 637.456 635.473 634.513 633.592 632.480 631.904 630.771 632.594 633.639 632.385 632.101 631.292 630.580 630.704 630.344 629.525 629.001 629.208 630.076 629.984 631.226 632.099 633.926 635.949 638.545 639.182 640.354 641.182 641.610 640.750 639.713 639.645 639.626 638.420 637.248 638.481 639.804 641.446 643.221 645.019 645.527 646.813
660.547 659.306 659.782 658.676 657.467 656.642 655.277 654.276 654.172 652.601 651.660 650.559 649.174 648.597 647.783 646.706 644.863 643.275 642.714 640.515 639.496 638.573 636.816 635.906 634.276 633.066 632.203 631.427 630.369 629.860 628.924 630.660 629.989 630.084 629.247 628.324 628.774 628.906 627.476 627.599 628.631 628.241 629.005 629.831 631.061 631.961 634.828 636.505 637.855 639.040 638.943 639.734 638.714 638.497 637.533 636.697 636.779 635.081 636.565 637.481 639.256 641.436 642.875 643.471 643.463
658.685 656.611 656.950 656.810 655.363 654.206 653.297 651.882 651.404 650.513 649.157 647.749 646.512 646.423 645.208 643.875 643.158 641.583 640.497 639.019 636.691 636.297 635.149 634.172 632.906 631.666 630.156 629.962 629.016 628.393 627.761 627.529 627.720 627.961 627.323 627.005 627.240 627.098 626.485 626.660 627.747 626.989 627.631 629.078 629.759 631.269 633.293 634.107 635.799 636.137 636.999 637.384 636.663 636.015 635.083 634.409 633.946 633.558 634.472 635.709 637.435 639.117 640.359 641.061 642.014
656.485 654.238 653.935 653.837 653.412 651.889 650.745 649.875 648.924 648.349 647.271 645.638 644.571 644.083 643.261 641.869 640.556 638.969 638.573 637.486 635.833 634.601 633.564 632.668 630.602 630.236 629.331 628.585 627.917 627.227 626.536 626.212 626.266 626.353 625.924 625.927 626.308 626.208 626.173 625.781 625.870 625.814 626.548 627.427 628.781 630.283 631.823 632.552 633.058 633.930 634.070 634.640 633.400 633.026 632.609 631.941 631.735 631.871 632.631 634.273 636.002 637.695 638.938 639.334 639.837
653.264 652.862 650.654 651.681 650.051 649.055 648.192 647.201 646.945 645.741 644.812 643.315 642.053 641.595 641.247 639.695 637.970 636.720 635.945 635.524 634.258 632.605 632.589 631.070 630.193 628.589 627.976 627.227 626.705 626.057 625.526 624.903 624.452 624.671 624.714 625.193 624.544 624.817 624.691 624.838 625.025 625.340 625.758 626.468 627.239 628.638 630.117 630.908 631.608 631.917 632.115 631.929 631.711 630.885 630.577 630.526 630.721 630.951 631.347 632.881 634.875 636.742 637.908 638.254 638.456
