Examples/Ryggfonn/Input/rgf__MM_S300_05m_mu.asc
ncols        459
nrows        633
xllcorner    408397.75
yllcorner    6870084.11
cellsize     5.0
NODATA_value  -9999
[rows 170 to 203 of 633, columns 77 to 153 of 459]
0.195 0.195 0.195 0.195 0.195 0.195 0.200 0.209 0.217 0.222 0.225 0.225 0.236 0.259 0.270 0.270 0.270 0.270 0.270 0.270 0.259 0.236 0.221 0.214 0.210 0.210 0.210 0.210 0.210 0.210 0.210 0.210 0.210 0.210 0.210 0.210 0.210 0.210 0.214 0.221 0.221 0.214 0.214 0.221 0.236 0.259 0.270 0.270 0.270 0.270 0.270 0.270 0.270 0.270 0.255 0.225 0.210 0.210 0.210 0.210 0.210 0.210 0.210 0.210 0.210 0.210 0.221 0.244 0.255 0.255 0.244 0.221 0.210 0.210 0.210 0.210 0.210
0.195 0.195 0.195 0.195 0.195 0.195 0.209 0.237 0.252 0.254 0.255 0.255 0.259 0.266 0.270 0.270 0.270 0.270 0.270 0.270 0.266 0.259 0.244 0.221 0.210 0.210 0.210 0.210 0.210 0.210 0.210 0.210 0.210 0.210 0.210 0.210 0.210 0.210 0.221 0.244 0.244 0.221 0.221 0.244 0.259 0.266 0.270 0.270 0.270 0.270 0.270 0.270 0.270 0.270 0.255 0.225 0.210 0.210 0.210 0.210 0.210 0.210 0.210 0.210 0.210 0.210 0.214 0.221 0.225 0.225 0.221 0.214 0.210 0.210 0.210 0.210 0.210
0.196 0.198 0.203 0.210 0.214 0.214 0.228 0.256 0.270 0.270 0.270 0.270 0.274 0.281 0.285 0.285 0.281 0.274 0.270 0.270 0.270 0.270 0.259 0.236 0.221 0.214 0.210 0.210 0.210 0.210 0.214 0.221 0.225 0.225 0.225 0.225 0.225 0.225 0.236 0.259 0.259 0.236 0.236 0.259 0.266 0.259 0.259 0.266 0.266 0.259 0.259 0.266 0.270 0.270 0.255 0.225 0.210 0.210 0.210 0.210 0.210 0.210 0.210 0.210 0.210 0.210 0.210 0.210 0.210 0.210 0.210 0.210 0.210 0.210 0.210 0.210 0.210
0.198 0.203 0.218 0.240 0.251 0.251 0.256 0.265 0.270 0.270 0.270 0.270 0.281 0.304 0.315 0.315 0.304 0.281 0.270 0.270 0.270 0.270 0.266 0.259 0.244 0.221 0.210 0.210 0.210 0.210 0.221 0.244 0.255 0.255 0.255 0.255 0.255 0.255 0.259 0.266 0.266 0.259 0.259 0.266 0.259 0.236 0.236 0.259 0.259 0.236 0.236 0.259 0.270 0.270 0.255 0.225 0.210 0.210 0.210 0.210 0.210 0.210 0.210 0.210 0.210 0.210 0.210 0.210 0.210 0.210 0.210 0.210 0.210 0.210 0.210 0.210 0.210
0.205 0.218 0.236 0.259 0.270 0.270 0.270 0.270 0.270 0.270 0.270 0.270 0.285 0.315 0.330 0.330 0.315 0.285 0.270 0.270 0.270 0.270 0.270 0.270 0.255 0.225 0.210 0.210 0.210 0.210 0.225 0.255 0.270 0.270 0.270 0.270 0.270 0.270 0.270 0.270 0.270 0.270 0.270 0.270 0.255 0.225 0.225 0.255 0.255 0.225 0.221 0.244 0.259 0.266 0.259 0.236 0.225 0.225 0.225 0.225 0.221 0.214 0.210 0.210 0.210 0.210 0.210 0.210 0.210 0.210 0.210 0.210 0.210 0.210 0.210 0.210 0.210
0.218 0.243 0.259 0.266 0.270 0.270 0.270 0.270 0.270 0.270 0.270 0.270 0.285 0.315 0.330 0.330 0.315 0.285 0.270 0.270 0.270 0.270 0.270 0.270 0.255 0.225 0.210 0.210 0.210 0.210 0.225 0.255 0.270 0.270 0.270 0.270 0.270 0.270 0.270 0.270 0.270 0.270 0.270 0.270 0.255 0.225 0.225 0.255 0.255 0.225 0.214 0.221 0.236 0.259 0.266 0.259 0.255 0.255 0.255 0.255 0.244 0.221 0.210 0.210 0.210 0.210 0.210 0.210 0.210 0.210 0.210 0.210 0.210 0.210 0.210 0.210 0.210
0.236 0.259 0.270 0.270 0.274 0.281 0.285 0.285 0.285 0.285 0.285 0.285 0.296 0.319 0.330 0.330 0.319 0.296 0.285 0.285 0.281 0.274 0.270 0.270 0.259 0.236 0.225 0.225 0.225 0.225 0.236 0.259 0.270 0.270 0.270 0.270 0.270 0.270 0.270 0.270 0.270 0.270 0.270 0.270 0.259 0.236 0.236 0.259 0.255 0.225 0.210 0.210 0.221 0.244 0.259 0.266 0.270 0.270 0.270 0.270 0.259 0.236 0.225 0.225 0.221 0.214 0.210 0.210 0.210 0.210 0.210 0.210 0.214 0.221 0.225 0.225 0.225
0.259 0.266 0.270 0.270 0.281 0.304 0.315 0.315 0.315 0.315 0.315 0.315 0.319 0.326 0.330 0.330 0.326 0.319 0.315 0.315 0.304 0.281 0.270 0.270 0.266 0.259 0.255 0.255 0.255 0.255 0.259 0.266 0.270 0.270 0.270 0.270 0.270 0.270 0.270 0.270 0.270 0.270 0.270 0.270 0.266 0.259 0.259 0.266 0.255 0.225 0.210 0.210 0.214 0.221 0.236 0.259 0.270 0.270 0.270 0.270 0.266 0.259 0.255 0.255 0.244 0.221 0.210 0.210 0.210 0.210 0.210 0.210 0.221 0.244 0.255 0.255 0.255
0.270 0.270 0.270 0.270 0.281 0.304 0.319 0.326 0.330 0.330 0.330 0.330 0.330 0.330 0.330 0.330 0.330 0.330 0.330 0.330 0.315 0.285 0.270 0.270 0.270 0.270 0.266 0.259 0.255 0.255 0.255 0.255 0.255 0.255 0.255 0.255 0.255 0.255 0.259 0.266 0.270 0.270 0.270 0.270 0.270 0.270 0.270 0.270 0.255 0.225 0.210 0.210 0.210 0.210 0.225 0.255 0.270 0.270 0.270 0.270 0.270 0.270 0.270 0.270 0.255 0.225 0.210 0.210 0.214 0.221 0.225 0.225 0.236 0.259 0.270 0.270 0.270
0.270 0.270 0.270 0.270 0.274 0.281 0.296 0.319 0.330 0.330 0.330 0.330 0.330 0.330 0.330 0.330 0.330 0.330 0.330 0.330 0.315 0.285 0.270 0.270 0.270 0.270 0.259 0.236 0.225 0.225 0.225 0.225 0.225 0.225 0.225 0.225 0.225 0.225 0.236 0.259 0.270 0.270 0.270 0.270 0.270 0.270 0.270 0.270 0.255 0.225 0.210 0.210 0.210 0.210 0.225 0.255 0.270 0.270 0.270 0.270 0.270 0.270 0.270 0.270 0.255 0.225 0.210 0.210 0.221 0.244 0.255 0.255 0.259 0.266 0.270 0.270 0.270
0.270 0.270 0.270 0.270 0.270 0.270 0.281 0.304 0.315 0.315 0.315 0.315 0.315 0.315 0.315 0.315 0.315 0.315 0.315 0.315 0.304 0.281 0.270 0.270 0.270 0.270 0.255 0.225 0.210 0.210 0.210 0.210 0.210 0.210 0.210 0.210 0.210 0.210 0.225 0.255 0.270 0.270 0.270 0.270 0.270 0.270 0.270 0.270 0.259 0.236 0.225 0.225 0.225 0.225 0.236 0.259 0.270 0.270 0.270 0.270 0.270 0.270 0.270 0.270 0.259 0.236 0.225 0.225 0.236 0.259 0.270 0.270 0.270 0.270 0.270 0.270 0.266
0.270 0.270 0.270 0.270 0.270 0.270 0.274 0.281 0.285 0.285 0.285 0.285 0.285 0.285 0.285 0.285 0.285 0.285 0.285 0.285 0.281 0.274 0.270 0.270 0.270 0.270 0.255 0.225 0.210 0.210 0.210 0.210 0.210 0.210 0.210 0.210 0.210 0.210 0.225 0.255 0.270 0.270 0.270 0.270 0.270 0.270 0.270 0.270 0.266 0.259 0.255 0.255 0.255 0.255 0.259 0.266 0.270 0.270 0.270 0.270 0.270 0.270 0.270 0.270 0.266 0.259 0.255 0.255 0.259 0.266 0.270 0.270 0.270 0.270 0.270 0.270 0.259
0.281 0.274 0.270 0.270 0.266 0.259 0.255 0.255 0.259 0.266 0.270 0.270 0.270 0.270 0.270 0.270 0.270 0.270 0.270 0.270 0.270 0.270 0.270 0.270 0.270 0.270 0.259 0.236 0.221 0.214 0.210 0.210 0.210 0.210 0.210 0.210 0.210 0.210 0.221 0.244 0.259 0.266 0.270 0.270 0.270 0.270 0.270 0.270 0.270 0.270 0.270 0.270 0.270 0.270 0.274 0.281 0.281 0.274 0.270 0.270 0.270 0.270 0.274 0.281 0.281 0.274 0.270 0.270 0.270 0.270 0.270 0.270 0.270 0.270 0.266 0.259 0.244
0.304 0.281 0.270 0.270 0.259 0.236 0.225 0.225 0.236 0.259 0.270 0.270 0.270 0.270 0.270 0.270 0.270 0.270 0.270 0.270 0.270 0.270 0.270 0.270 0.270 0.270 0.266 0.259 0.244 0.221 0.210 0.210 0.210 0.210 0.210 0.210 0.210 0.210 0.214 0.221 0.236 0.259 0.270 0.270 0.270 0.270 0.270 0.270 0.270 0.270 0.270 0.270 0.270 0.270 0.281 0.304 0.304 0.281 0.270 0.270 0.270 0.270 0.281 0.304 0.304 0.281 0.270 0.270 0.270 0.270 0.270 0.270 0.270 0.270 0.259 0.236 0.221
0.315 0.285 0.270 0.270 0.255 0.225 0.210 0.210 0.221 0.244 0.255 0.255 0.255 0.255 0.255 0.255 0.255 0.255 0.259 0.266 0.270 0.270 0.270 0.270 0.270 0.270 0.270 0.270 0.255 0.225 0.210 0.210 0.210 0.210 0.210 0.210 0.210 0.210 0.210 0.210 0.225 0.255 0.270 0.270 0.270 0.270 0.270 0.270 0.270 0.270 0.270 0.270 0.270 0.270 0.281 0.304 0.304 0.281 0.270 0.270 0.270 0.270 0.281 0.304 0.304 0.281 0.270 0.270 0.270 0.270 0.270 0.270 0.270 0.270 0.255 0.225 0.210
0.315 0.285 0.270 0.270 0.255 0.225 0.210 0.210 0.214 0.221 0.225 0.225 0.225 0.225 0.225 0.225 0.225 0.225 0.236 0.259 0.270 0.270 0.270 0.270 0.270 0.270 0.270 0.270 0.255 0.225 0.210 0.210 0.210 0.210 0.210 0.210 0.210 0.210 0.210 0.210 0.225 0.255 0.270 0.270 0.270 0.270 0.270 0.270 0.270 0.270 0.270 0.270 0.270 0.270 0.274 0.281 0.281 0.274 0.270 0.270 0.270 0.270 0.274 0.281 0.281 0.274 0.270 0.270 0.270 0.270 0.270 0.270 0.270 0.270 0.255 0.225 0.210
0.304 0.281 0.270 0.270 0.255 0.225 0.210 0.210 0.210 0.210 0.210 0.210 0.210 0.210 0.210 0.210 0.210 0.210 0.221 0.244 0.259 0.266 0.270 0.270 0.270 0.270 0.270 0.270 0.259 0.236 0.225 0.225 0.225 0.225 0.225 0.225 0.225 0.225 0.225 0.225 0.236 0.259 0.270 0.270 0.270 0.270 0.270 0.270 0.270 0.270 0.270 0.270 0.270 0.270 0.270 0.270 0.270 0.270 0.270 0.270 0.270 0.270 0.270 0.270 0.270 0.270 0.270 0.270 0.270 0.270 0.270 0.270 0.266 0.259 0.244 0.221 0.210
0.281 0.274 0.270 0.270 0.255 0.225 0.210 0.210 0.210 0.210 0.210 0.210 0.210 0.210 0.210 0.210 0.210 0.210 0.214 0.221 0.236 0.259 0.270 0.270 0.270 0.270 0.270 0.270 0.266 0.259 0.255 0.255 0.255 0.255 0.255 0.255 0.255 0.255 0.255 0.255 0.259 0.266 0.270 0.270 0.270 0.270 0.270 0.270 0.270 0.270 0.270 0.270 0.270 0.270 0.270 0.270 0.270 0.270 0.270 0.270 0.270 0.270 0.270 0.270 0.270 0.270 0.270 0.270 0.270 0.270 0.270 0.270 0.259 0.236 0.221 0.214 0.210
0.270 0.270 0.270 0.270 0.255 0.225 0.210 0.210 0.210 0.210 0.210 0.210 0.210 0.210 0.210 0.210 0.210 0.210 0.210 0.210 0.221 0.244 0.259 0.266 0.270 0.270 0.270 0.270 0.270 0.270 0.270 0.270 0.270 0.270 0.270 0.270 0.270 0.270 0.270 0.270 0.270 0.270 0.270 0.270 0.266 0.259 0.259 0.266 0.270 0.270 0.270 0.270 0.270 0.270 0.270 0.270 0.270 0.270 0.270 0.270 0.266 0.259 0.255 0.255 0.255 0.255 0.259 0.266 0.270 0.270 0.266 0.259 0.244 0.221 0.210 0.210 0.210
0.270 0.270 0.270 0.270 0.255 0.225 0.210 0.210 0.210 0.210 0.210 0.210 0.210 0.210 0.210 0.210 0.210 0.210 0.210 0.210 0.214 0.221 0.236 0.259 0.270 0.270 0.270 0.270 0.270 0.270 0.270 0.270 0.270 0.270 0.270 0.270 0.270 0.270 0.270 0.270 0.270 0.270 0.270 0.270 0.259 0.236 0.236 0.259 0.270 0.270 0.270 0.270 0.270 0.270 0.270 0.270 0.270 0.270 0.270 0.270 0.259 0.236 0.225 0.225 0.225 0.225 0.236 0.259 0.270 0.270 0.259 0.236 0.221 0.214 0.210 0.210 0.210
0.270 0.270 0.270 0.270 0.259 0.236 0.225 0.225 0.225 0.225 0.221 0.214 0.210 0.210 0.210 0.210 0.210 0.210 0.210 0.210 0.210 0.210 0.225 0.255 0.270 0.270 0.270 0.270 0.270 0.270 0.270 0.270 0.270 0.270 0.270 0.270 0.270 0.270 0.270 0.270 0.270 0.270 0.270 0.270 0.259 0.236 0.236 0.259 0.266 0.259 0.259 0.266 0.266 0.259 0.259 0.266 0.266 0.259 0.255 0.255 0.244 0.221 0.210 0.210 0.210 0.210 0.221 0.244 0.255 0.255 0.244 0.221 0.210 0.210 0.210 0.210 0.210
0.270 0.270 0.270 0.270 0.266 0.259 0.255 0.255 0.255 0.255 0.244 0.221 0.210 0.210 0.210 0.210 0.210 0.210 0.210 0.210 0.210 0.210 0.225 0.255 0.270 0.270 0.270 0.270 0.270 0.270 0.270 0.270 0.270 0.270 0.270 0.270 0.270 0.270 0.270 0.270 0.270 0.270 0.270 0.270 0.266 0.259 0.259 0.266 0.259 0.236 0.236 0.259 0.259 0.236 0.236 0.259 0.259 0.236 0.225 0.225 0.221 0.214 0.210 0.210 0.210 0.210 0.214 0.221 0.225 0.225 0.221 0.214 0.210 0.210 0.210 0.210 0.210
0.259 0.266 0.270 0.270 0.270 0.270 0.270 0.270 0.270 0.270 0.259 0.236 0.225 0.225 0.225 0.225 0.221 0.214 0.210 0.210 0.210 0.210 0.221 0.244 0.259 0.266 0.270 0.270 0.270 0.270 0.270 0.270 0.270 0.270 0.270 0.270 0.270 0.270 0.270 0.270 0.270 0.270 0.270 0.270 0.270 0.270 0.266 0.259 0.244 0.221 0.221 0.244 0.244 0.221 0.221 0.244 0.244 0.221 0.210 0.210 0.210 0.210 0.210 0.210 0.210 0.210 0.210 0.210 0.210 0.210 0.210 0.210 0.210 0.210 0.214 0.221 0.225
0.236 0.259 0.270 0.270 0.270 0.270 0.270 0.270 0.270 0.270 0.266 0.259 0.255 0.255 0.255 0.255 0.244 0.221 0.210 0.210 0.210 0.210 0.214 0.221 0.236 0.259 0.270 0.270 0.270 0.270 0.270 0.270 0.270 0.270 0.270 0.270 0.270 0.270 0.270 0.270 0.270 0.270 0.270 0.270 0.270 0.270 0.259 0.236 0.221 0.214 0.214 0.221 0.221 0.214 0.214 0.221 0.221 0.214 0.210 0.210 0.210 0.210 0.210 0.210 0.210 0.210 0.210 0.210 0.210 0.210 0.210 0.210 0.210 0.210 0.221 0.244 0.255
0.225 0.255 0.270 0.270 0.270 0.270 0.270 0.270 0.270 0.270 0.270 0.270 0.270 0.270 0.270 0.270 0.255 0.225 0.210 0.210 0.210 0.210 0.210 0.210 0.225 0.255 0.270 0.270 0.270 0.270 0.270 0.270 0.270 0.270 0.270 0.270 0.270 0.270 0.270 0.270 0.270 0.270 0.270 0.270 0.270 0.270 0.255 0.225 0.210 0.210 0.210 0.210 0.210 0.210 0.210 0.210 0.210 0.210 0.210 0.210 0.210 0.210 0.210 0.210 0.210 0.210 0.210 0.210 0.210 0.210 0.210 0.210 0.210 0.210 0.225 0.255 0.270
0.225 0.255 0.270 0.270 0.270 0.270 0.270 0.270 0.270 0.270 0.270 0.270 0.270 0.270 0.270 0.270 0.255 0.225 0.210 0.210 0.210 0.210 0.210 0.210 0.225 0.255 0.270 0.270 0.270 0.270 0.270 0.270 0.270 0.270 0.270 0.270 0.270 0.270 0.270 0.270 0.270 0.270 0.270 0.270 0.270 0.270 0.255 0.225 0.210 0.210 0.210 0.210 0.210 0.210 0.210 0.210 0.210 0.210 0.210 0.210 0.210 0.210 0.210 0.210 0.210 0.210 0.210 0.210 0.210 0.210 0.210 0.210 0.210 0.210 0.225 0.255 0.270
0.221 0.244 0.255 0.255 0.259 0.266 0.270 0.270 0.270 0.270 0.270 0.270 0.270 0.270 0.270 0.270 0.259 0.236 0.225 0.225 0.221 0.214 0.210 0.210 0.221 0.244 0.255 0.255 0.255 0.255 0.255 0.255 0.255 0.255 0.255 0.255 0.255 0.255 0.255 0.255 0.255 0.255 0.255 0.255 0.255 0.255 0.244 0.221 0.210 0.210 0.210 0.210 0.210 0.210 0.210 0.210 0.210 0.210 0.210 0.210 0.210 0.210 0.210 0.210 0.210 0.210 0.210 0.210 0.210 0.210 0.210 0.210 0.210 0.210 0.225 0.255 0.266
0.214 0.221 0.225 0.225 0.236 0.259 0.270 0.270 0.270 0.270 0.270 0.270 0.270 0.270 0.270 0.270 0.266 0.259 0.255 0.255 0.244 0.221 0.210 0.210 0.214 0.221 0.225 0.225 0.225 0.225 0.225 0.225 0.225 0.225 0.225 0.225 0.225 0.225 0.225 0.225 0.225 0.225 0.225 0.225 0.225 0.225 0.221 0.214 0.210 0.210 0.210 0.210 0.210 0.210 0.210 0.210 0.210 0.210 0.210 0.210 0.210 0.210 0.210 0.210 0.210 0.210 0.210 0.210 0.210 0.210 0.210 0.210 0.210 0.210 0.225 0.255 0.259
0.210 0.210 0.210 0.210 0.221 0.244 0.259 0.266 0.270 0.270 0.270 0.270 0.270 0.270 0.270 0.270 0.270 0.270 0.270 0.270 0.255 0.225 0.210 0.210 0.210 0.210 0.210 0.210 0.210 0.210 0.210 0.210 0.210 0.210 0.210 0.210 0.210 0.210 0.210 0.210 0.210 0.210 0.210 0.210 0.210 0.210 0.210 0.210 0.210 0.210 0.210 0.210 0.210 0.210 0.210 0.210 0.210 0.210 0.210 0.210 0.210 0.210 0.210 0.210 0.210 0.210 0.210 0.210 0.210 0.210 0.210 0.210 0.210 0.210 0.221 0.244 0.244
0.210 0.210 0.210 0.210 0.214 0.221 0.236 0.259 0.270 0.270 0.270 0.270 0.270 0.270 0.270 0.270 0.270 0.270 0.270 0.270 0.255 0.225 0.210 0.210 0.210 0.210 0.210 0.210 0.210 0.210 0.210 0.210 0.210 0.210 0.210 0.210 0.210 0.210 0.210 0.210 0.210 0.210 0.210 0.210 0.210 0.210 0.210 0.210 0.210 0.210 0.210 0.210 0.210 0.210 0.210 0.210 0.210 0.210 0.210 0.210 0.210 0.210 0.210 0.210 0.210 0.210 0.210 0.210 0.210 0.210 0.210 0.210 0.210 0.210 0.214 0.221 0.221
0.210 0.210 0.210 0.210 0.210 0.210 0.221 0.244 0.259 0.266 0.270 0.270 0.270 0.270 0.270 0.270 0.270 0.270 0.270 0.270 0.255 0.225 0.210 0.210 0.210 0.210 0.210 0.210 0.210 0.210 0.210 0.210 0.210 0.210 0.210 0.210 0.210 0.210 0.210 0.210 0.210 0.210 0.210 0.210 0.210 0.210 0.210 0.210 0.210 0.210 0.210 0.210 0.210 0.210 0.210 0.210 0.210 0.210 0.210 0.210 0.210 0.210 0.210 0.210 0.210 0.210 0.210 0.210 0.210 0.210 0.210 0.210 0.210 0.210 0.210 0.210 0.210
0.210 0.210 0.210 0.210 0.210 0.210 0.214 0.221 0.236 0.259 0.270 0.270 0.270 0.270 0.270 0.270 0.270 0.270 0.270 0.270 0.255 0.225 0.210 0.210 0.210 0.210 0.210 0.210 0.210 0.210 0.210 0.210 0.210 0.210 0.210 0.210 0.210 0.210 0.210 0.210 0.210 0.210 0.210 0.210 0.210 0.210 0.210 0.210 0.210 0.210 0.210 0.210 0.210 0.210 0.210 0.210 0.210 0.210 0.210 0.210 0.210 0.210 0.210 0.210 0.210 0.210 0.210 0.210 0.210 0.210 0.210 0.210 0.210 0.210 0.210 0.210 0.210
0.210 0.210 0.210 0.210 0.210 0.210 0.210 0.210 0.221 0.244 0.255 0.255 0.255 0.255 0.259 0.266 0.270 0.270 0.270 0.270 0.255 0.225 0.210 0.210 0.210 0.210 0.210 0.210 0.210 0.210 0.210 0.210 0.210 0.210 0.210 0.210 0.210 0.210 0.210 0.210 0.210 0.210 0.210 0.210 0.210 0.210 0.210 0.210 0.210 0.210 0.210 0.210 0.210 0.210 0.210 0.210 0.210 0.210 0.210 0.210 0.210 0.210 0.210 0.210 0.210 0.210 0.210 0.210 0.210 0.210 0.210 0.210 0.210 0.210 0.210 0.210 0.210
0.210 0.210 0.210 0.210 0.210 0.210 0.210 0.210 0.214 0.221 0.225 0.225 0.225 0.225 0.236 0.259 0.270 0.270 0.270 0.270 0.255 0.225 0.210 0.210 0.210 0.210 0.210 0.210 0.210 0.210 0.210 0.210 0.210 0.210 0.210 0.210 0.210 0.210 0.210 0.210 0.210 0.210 0.210 0.210 0.210 0.210 0.210 0.210 0.210 0.210 0.210 0.210 0.210 0.210 0.210 0.210 0.210 0.210 0.210 0.210 0.210 0.210 0.210 0.210 0.210 0.210 0.210 0.210 0.210 0.210 0.210 0.210 0.210 0.210 0.210 0.210 0.210
