Examples/Ryggfonn/Input/tauc.asc
ncols 459
nrows 633
xllcorner 408397.75
yllcorner 6870084.11
cellsize 5.00000
NODATA_value -9999
[rows 578 to 611 of 633, columns 231 to 307 of 459]
293.9 293.5 293.2 292.8 292.5 292.2 291.9 291.6 291.4 291.2 290.9 290.7 290.4 290.2 289.9 289.7 289.4 289.2 288.9 288.7 288.4 288.2 288.0 288.7 288.4 288.3 288.0 287.8 287.6 287.4 287.1 286.8 286.5 286.1 286.0 285.6 285.3 285.0 284.7 284.5 284.2 284.0 284.1 284.3 284.3 284.4 284.5 284.6 284.7 284.8 284.6 284.8 284.9 285.0 284.8 284.7 284.9 284.9 284.8 284.9 285.1 285.1 285.1 285.1 285.0 285.0 284.8 284.4 284.5 284.6 284.8 284.6 284.7 284.6 284.4 284.5 284.0
293.7 293.3 293.0 292.7 292.3 292.1 291.8 291.5 291.3 291.1 290.8 290.6 290.4 290.1 289.9 289.6 289.4 289.1 288.9 288.6 288.4 288.2 288.0 287.7 288.5 288.2 288.0 287.7 287.5 287.3 287.1 286.8 286.3 286.1 286.0 285.5 285.2 285.0 284.7 284.5 284.1 284.1 284.2 284.3 284.3 284.5 284.7 284.6 284.6 284.4 284.6 284.8 284.8 284.9 284.9 284.7 284.8 284.9 284.7 284.8 284.9 285.2 285.3 285.1 285.1 284.9 284.8 284.6 284.6 284.7 284.8 284.8 285.0 284.8 284.0 284.0 284.0
293.5 293.1 292.8 292.5 292.2 291.9 291.7 291.4 291.2 291.0 290.7 290.5 290.3 290.0 289.8 289.5 289.3 289.0 288.8 288.5 288.3 288.1 287.9 287.7 287.5 288.2 287.9 287.7 287.5 287.2 287.0 286.8 286.3 285.9 285.7 285.5 285.0 284.8 284.6 284.5 284.3 284.3 284.3 284.2 284.4 284.6 284.8 284.6 284.5 284.5 284.6 284.7 284.7 284.8 284.8 284.8 284.8 284.8 284.7 284.9 284.9 285.3 285.4 285.3 285.2 285.0 284.9 285.0 284.7 284.8 285.0 285.0 284.1 284.1 284.1 284.1 284.0
293.3 292.9 292.6 292.3 292.0 291.8 291.5 291.3 291.1 290.9 290.6 290.4 290.2 290.0 289.7 289.5 289.2 289.0 288.7 288.5 288.3 288.1 287.9 287.7 287.4 287.2 287.8 287.6 287.3 286.9 286.8 286.6 286.3 286.0 285.8 285.4 284.9 284.6 284.5 284.3 284.3 284.3 284.4 284.4 284.5 284.7 284.9 284.5 284.6 284.7 284.7 284.7 284.7 284.7 284.7 284.8 284.8 284.8 284.9 284.8 285.0 285.2 285.2 285.2 285.2 285.0 285.0 285.0 285.0 284.9 284.2 284.2 284.2 284.2 284.2 284.2 284.1
293.1 292.7 292.4 292.2 291.9 291.6 291.4 291.2 291.0 290.8 290.5 290.3 290.1 289.9 289.6 289.4 289.2 288.9 288.7 288.5 288.2 288.0 287.8 287.6 287.4 287.2 286.9 286.7 287.1 286.9 286.7 286.4 286.2 286.0 285.8 285.2 284.8 284.6 284.3 284.2 284.3 284.4 284.4 284.4 284.6 284.8 285.0 284.6 284.6 284.6 284.8 284.7 284.7 284.6 284.5 284.6 284.6 284.7 284.9 284.8 285.0 284.9 284.9 285.0 285.0 285.1 285.2 285.3 284.2 284.2 284.3 284.3 284.3 284.3 284.3 284.3 284.2
292.9 292.6 292.3 292.0 291.7 291.5 291.3 291.1 290.9 290.6 290.4 290.2 290.0 289.8 289.6 289.3 289.1 288.9 288.7 288.4 288.2 288.0 287.8 287.6 287.3 287.1 286.9 286.6 286.4 286.8 286.5 286.3 286.0 285.8 285.3 284.8 284.5 284.5 284.3 284.3 284.4 284.4 284.5 284.6 284.7 284.9 284.8 284.6 284.6 284.5 284.7 284.7 284.8 284.6 284.5 284.6 284.7 284.8 284.9 284.8 284.8 285.1 284.9 285.0 285.1 285.1 284.1 284.2 284.3 284.3 284.4 284.5 284.5 284.5 284.4 284.4 284.3
292.8 292.4 292.1 291.9 291.6 291.4 291.2 291.0 290.8 290.5 290.3 290.1 289.9 289.7 289.5 289.3 289.0 288.8 288.6 288.4 288.1 287.9 287.7 287.5 287.3 287.0 286.8 286.5 286.3 286.0 286.3 286.1 286.0 285.7 285.1 284.6 284.6 284.5 284.5 284.5 284.5 284.5 284.6 284.7 284.7 284.8 284.9 284.7 284.6 284.6 284.6 284.7 284.7 284.5 284.4 284.5 284.8 285.0 285.0 285.1 284.8 285.0 285.3 285.3 284.0 284.1 284.2 284.3 284.4 284.5 284.6 284.6 284.7 284.7 284.6 284.6 284.6
292.6 292.2 292.0 291.7 291.5 291.3 291.1 290.9 290.6 290.4 290.2 290.0 289.8 289.6 289.4 289.2 289.0 288.7 288.5 288.3 288.1 287.9 287.6 287.4 287.2 286.9 286.7 286.4 286.2 286.0 285.7 286.1 285.8 285.6 285.2 284.8 284.6 284.5 284.5 284.5 284.6 284.5 284.5 284.7 284.6 284.8 284.9 284.5 284.5 284.5 284.6 284.7 284.5 284.5 284.3 284.6 284.7 284.9 285.0 285.0 285.2 284.0 284.0 284.1 284.1 284.2 284.3 284.5 284.6 284.7 284.8 284.8 284.8 284.9 284.8 284.8 284.8
292.4 292.1 291.9 291.6 291.4 291.2 291.0 290.8 290.5 290.3 290.1 289.9 289.7 289.5 289.3 289.1 288.9 288.7 288.5 288.3 288.0 287.8 287.6 287.3 287.1 286.8 286.6 286.4 286.1 285.9 285.6 285.4 285.2 285.6 285.3 285.1 284.7 284.8 284.7 284.7 284.7 284.6 284.7 284.7 284.6 284.7 284.7 284.4 284.5 284.4 284.6 284.5 284.4 284.4 284.4 284.5 284.7 284.8 284.9 284.0 284.0 284.0 284.0 284.1 284.1 284.3 284.5 284.6 284.7 284.8 285.0 285.0 285.0 285.1 285.0 285.0 285.0
292.4 292.0 291.8 291.5 291.3 291.1 290.9 290.7 290.5 290.3 290.1 289.9 289.7 289.5 289.2 289.0 288.8 288.6 288.4 288.2 288.0 287.7 287.5 287.3 287.0 286.8 286.6 286.3 286.1 285.8 285.6 285.4 285.2 284.9 285.5 285.1 285.0 285.1 285.0 284.9 284.8 284.8 284.9 284.7 284.5 284.6 284.8 284.6 284.6 284.4 284.4 284.4 284.3 284.4 284.5 284.5 284.6 284.0 284.0 284.0 284.0 284.1 284.1 284.2 284.3 284.5 284.6 284.8 284.9 285.0 285.1 285.2 285.2 285.2 285.2 285.2 285.2
292.3 291.9 291.7 291.5 291.2 291.0 290.8 290.6 290.4 290.2 290.0 289.8 289.6 289.4 289.2 289.0 288.8 288.6 288.4 288.2 287.9 287.7 287.5 287.2 287.0 286.7 286.5 286.3 286.0 285.8 285.6 285.4 285.2 285.0 284.8 285.2 285.2 285.3 285.3 285.1 284.9 284.9 285.0 284.8 284.6 284.6 284.8 284.7 284.6 284.5 284.4 284.3 284.3 284.4 284.5 284.0 284.0 284.0 284.0 284.0 284.1 284.1 284.2 284.3 284.5 284.6 284.8 285.0 285.1 285.2 285.3 285.3 285.4 285.4 285.4 285.4 285.4
292.2 291.8 291.6 291.4 291.2 291.0 290.8 290.6 290.4 290.2 290.0 289.7 289.5 289.3 289.1 288.9 288.7 288.5 288.3 288.1 287.9 287.6 287.4 287.2 286.9 286.7 286.5 286.2 286.0 285.8 285.6 285.3 285.2 285.0 284.8 284.7 285.4 285.3 285.3 285.2 285.1 284.9 284.9 284.8 284.8 284.8 284.9 284.8 284.8 284.4 284.3 284.2 284.3 284.0 284.0 284.0 284.0 284.0 284.0 284.1 284.1 284.2 284.3 284.5 284.6 284.8 285.0 285.1 285.3 285.4 285.5 285.5 285.6 285.6 285.6 285.6 285.6
292.2 291.8 291.6 291.4 291.2 291.0 290.8 290.6 290.3 290.1 289.9 289.7 289.5 289.3 289.1 288.9 288.7 288.5 288.3 288.1 287.9 287.6 287.4 287.2 286.9 286.7 286.5 286.3 286.0 285.9 285.7 285.5 285.3 285.2 285.0 284.9 284.8 285.4 285.5 285.4 285.1 285.0 285.0 284.9 284.9 285.0 285.2 284.9 284.9 284.5 284.4 284.1 284.0 284.0 284.0 284.0 284.0 284.0 284.0 284.1 284.2 284.3 284.5 284.6 284.8 285.0 285.1 285.3 285.4 285.5 285.7 285.7 285.7 285.8 285.8 285.8 285.8
292.2 291.8 291.6 291.4 291.2 291.0 290.7 290.5 290.3 290.1 289.9 289.7 289.5 289.3 289.1 288.9 288.7 288.5 288.3 288.0 287.8 287.6 287.4 287.2 286.9 286.7 286.5 286.3 286.1 285.9 285.8 285.6 285.5 285.4 285.2 285.1 285.0 284.9 284.8 285.4 285.3 285.1 285.2 285.1 285.1 285.2 285.4 285.1 285.0 284.2 284.2 284.1 284.0 284.0 284.0 284.0 284.0 284.0 284.1 284.2 284.3 284.5 284.6 284.8 285.0 285.2 285.3 285.5 285.6 285.7 285.8 285.9 285.9 285.9 286.0 286.0 286.0
292.2 291.8 291.6 291.4 291.2 290.9 290.7 290.5 290.3 290.1 289.9 289.7 289.5 289.3 289.1 288.9 288.6 288.4 288.2 288.0 287.8 287.6 287.4 287.2 286.9 286.7 286.5 286.3 286.1 286.0 285.9 285.8 285.7 285.6 285.4 285.3 285.2 285.1 285.0 284.9 285.3 285.3 285.3 285.3 285.2 285.4 285.6 284.5 284.4 284.4 284.3 284.2 284.1 284.0 284.0 284.0 284.0 284.0 284.1 284.3 284.4 284.6 284.8 285.0 285.2 285.3 285.5 285.7 285.8 285.9 286.0 286.0 286.1 286.1 286.2 286.2 286.2
292.2 291.8 291.6 291.4 291.2 290.9 290.7 290.5 290.3 290.1 289.9 289.7 289.5 289.3 289.1 288.9 288.7 288.5 288.2 288.0 287.8 287.6 287.4 287.2 287.0 286.8 286.7 286.5 286.3 286.2 286.1 286.0 285.9 285.8 285.7 285.5 285.4 285.3 285.2 285.2 285.1 285.4 285.4 285.4 285.4 284.9 284.8 284.8 284.7 284.7 284.5 284.4 284.3 284.2 284.2 284.2 284.2 284.2 284.2 284.4 284.6 284.8 285.0 285.1 285.3 285.5 285.7 285.8 285.9 286.1 286.2 286.2 286.3 286.3 286.3 286.4 286.4
292.2 291.8 291.6 291.4 291.2 290.9 290.7 290.5 290.3 290.1 289.9 289.7 289.5 289.3 289.1 288.9 288.7 288.5 288.3 288.1 287.9 287.7 287.5 287.3 287.1 286.9 286.8 286.6 286.5 286.4 286.3 286.2 286.1 286.0 285.9 285.8 285.6 285.5 285.5 285.4 285.3 285.3 285.3 285.2 285.2 285.1 285.1 285.1 285.0 285.0 284.8 284.6 284.5 284.4 284.4 284.3 284.4 284.4 284.4 284.6 284.7 284.9 285.1 285.3 285.5 285.7 285.8 286.0 286.1 286.2 286.3 286.4 286.4 286.5 286.5 286.5 286.6
292.2 291.8 291.6 291.4 291.1 290.9 290.7 290.5 290.3 290.1 289.9 289.7 289.5 289.3 289.1 288.9 288.7 288.5 288.3 288.1 287.9 287.7 287.5 287.3 287.2 287.0 286.9 286.8 286.7 286.6 286.5 286.4 286.3 286.2 286.1 286.0 285.8 285.7 285.7 285.6 285.5 285.5 285.5 285.5 285.5 285.4 285.4 285.4 285.3 285.3 285.1 284.9 284.7 284.6 284.6 284.5 284.5 284.5 284.6 284.7 284.9 285.1 285.3 285.5 285.7 285.9 286.0 286.2 286.3 286.4 286.5 286.5 286.6 286.6 286.7 286.7 286.8
292.1 291.8 291.6 291.4 291.2 290.9 290.7 290.5 290.3 290.1 289.9 289.7 289.5 289.3 289.2 289.0 288.8 288.6 288.4 288.2 288.0 287.8 287.6 287.5 287.4 287.2 287.1 287.0 286.9 286.8 286.7 286.6 286.5 286.4 286.3 286.2 286.0 285.9 285.9 285.8 285.8 285.8 285.8 285.8 285.7 285.7 285.7 285.7 285.7 285.6 285.4 285.2 285.0 285.0 284.9 284.9 284.9 284.9 284.9 285.0 285.2 285.3 285.5 285.7 285.8 286.0 286.2 286.4 286.5 286.6 286.7 286.7 286.8 286.8 286.8 286.9 286.9
292.1 291.8 291.6 291.4 291.2 291.0 290.8 290.6 290.4 290.2 290.0 289.8 289.6 289.4 289.2 289.0 288.8 288.6 288.5 288.3 288.1 287.9 287.8 287.6 287.5 287.4 287.3 287.2 287.1 287.0 286.9 286.8 286.7 286.6 286.5 286.4 286.2 286.1 286.1 286.1 286.0 286.0 286.0 286.0 286.0 286.0 286.0 286.0 286.0 286.0 285.8 285.6 285.4 285.3 285.3 285.2 285.2 285.2 285.2 285.3 285.4 285.5 285.7 285.8 286.0 286.2 286.4 286.5 286.6 286.7 286.8 286.9 286.9 287.0 287.0 287.1 287.1
292.1 291.8 291.6 291.4 291.2 291.0 290.8 290.6 290.4 290.2 290.0 289.8 289.7 289.5 289.3 289.1 288.9 288.7 288.5 288.4 288.2 288.0 287.9 287.8 287.7 287.6 287.5 287.4 287.3 287.2 287.1 287.0 286.9 286.8 286.7 286.6 286.5 286.3 286.3 286.3 286.3 286.3 286.3 286.3 286.3 286.3 286.2 286.3 286.3 286.3 286.1 286.0 285.8 285.7 285.6 285.6 285.6 285.6 285.6 285.6 285.6 285.7 285.8 286.0 286.2 286.4 286.5 286.7 286.8 286.9 287.0 287.1 287.1 287.1 287.2 287.2 287.3
292.1 291.8 291.6 291.4 291.2 291.1 290.9 290.7 290.5 290.3 290.1 289.9 289.8 289.6 289.4 289.2 289.0 288.9 288.7 288.5 288.3 288.2 288.0 287.9 287.8 287.7 287.6 287.6 287.5 287.4 287.3 287.2 287.1 287.0 286.9 286.8 286.7 286.6 286.5 286.5 286.5 286.5 286.5 286.5 286.5 286.5 286.5 286.6 286.6 286.6 286.5 286.3 286.2 286.1 286.0 286.0 286.0 286.0 286.0 286.0 286.0 286.0 286.1 286.3 286.4 286.6 286.7 286.9 287.0 287.1 287.2 287.2 287.3 287.4 287.4 287.5 287.6
292.1 291.9 291.7 291.5 291.3 291.1 291.0 290.8 290.6 290.4 290.2 290.1 289.9 289.7 289.5 289.3 289.2 289.0 288.8 288.6 288.5 288.3 288.1 288.0 287.9 287.8 287.8 287.7 287.7 287.6 287.5 287.4 287.3 287.2 287.1 287.0 286.9 286.8 286.8 286.8 286.8 286.8 286.8 286.8 286.8 286.8 286.8 286.9 286.9 287.0 286.8 286.7 286.6 286.5 286.4 286.4 286.4 286.4 286.4 286.4 286.4 286.4 286.5 286.5 286.6 286.7 286.9 287.1 287.2 287.3 287.3 287.4 287.5 287.6 287.7 287.8 287.9
292.1 291.9 291.7 291.6 291.4 291.2 291.1 290.9 290.7 290.5 290.3 290.2 290.0 289.8 289.6 289.4 289.3 289.1 288.9 288.7 288.6 288.4 288.3 288.2 288.1 288.0 287.9 287.9 287.9 287.8 287.7 287.6 287.5 287.4 287.3 287.2 287.1 287.0 287.0 287.0 287.0 287.0 287.0 287.0 287.0 287.1 287.1 287.2 287.2 287.3 287.2 287.1 287.0 286.9 286.8 286.8 286.8 286.8 286.8 286.8 286.8 286.8 286.8 286.8 286.8 286.9 287.1 287.2 287.3 287.4 287.5 287.6 287.7 287.8 287.9 288.0 288.1
292.0 291.9 291.8 291.6 291.5 291.3 291.1 291.0 290.8 290.6 290.4 290.3 290.1 289.9 289.7 289.5 289.4 289.2 289.0 288.8 288.7 288.5 288.4 288.3 288.2 288.2 288.1 288.1 288.1 288.0 287.9 287.9 287.7 287.6 287.5 287.4 287.4 287.3 287.3 287.3 287.3 287.3 287.4 287.4 287.4 287.5 287.6 287.7 287.8 287.9 287.9 287.8 287.7 287.6 287.5 287.4 287.3 287.3 287.3 287.2 287.2 287.2 287.2 287.2 287.2 287.3 287.4 287.5 287.7 287.8 287.9 288.0 288.2 288.3 288.5 288.7 288.9
292.0 292.0 291.8 291.7 291.6 291.4 291.2 291.1 290.9 290.7 290.5 290.4 290.2 290.0 289.8 289.7 289.5 289.3 289.1 289.0 288.8 288.6 288.4 288.4 288.4 288.4 288.4 288.3 288.3 288.3 288.2 288.1 288.0 287.9 287.7 287.7 287.6 287.6 287.6 287.6 287.7 287.7 287.7 287.7 287.8 287.9 288.1 288.2 288.4 288.6 288.5 288.5 288.4 288.3 288.1 288.0 287.9 287.8 287.8 287.7 287.7 287.6 287.6 287.6 287.5 287.6 287.7 287.8 288.0 288.1 288.3 288.5 288.7 288.9 289.2 289.4 289.7
292.0 292.0 291.9 291.8 291.6 291.5 291.3 291.1 291.0 290.8 290.6 290.4 290.3 290.1 289.9 289.8 289.6 289.4 289.2 289.1 288.9 288.7 288.5 288.6 288.6 288.6 288.6 288.6 288.5 288.5 288.4 288.4 288.2 288.1 288.0 287.9 287.9 287.9 287.9 288.0 288.0 288.0 288.1 288.1 288.2 288.4 288.5 288.8 289.0 289.2 289.2 289.2 289.1 289.0 288.8 288.6 288.5 288.4 288.3 288.2 288.1 288.1 288.0 288.0 287.9 288.0 288.1 288.1 288.3 288.5 288.6 288.9 289.2 289.5 289.8 290.1 290.5
292.0 292.0 291.9 291.8 291.7 291.5 291.4 291.2 291.0 290.9 290.7 290.5 290.4 290.2 290.0 289.8 289.7 289.5 289.3 289.1 289.0 288.8 288.7 288.7 288.8 288.8 288.8 288.8 288.9 288.8 288.8 288.8 288.7 288.6 288.4 288.5 288.5 288.5 288.6 288.6 288.7 288.7 288.8 288.8 289.0 289.2 289.3 289.6 289.9 290.1 290.2 290.2 290.3 290.1 289.9 289.8 289.7 289.6 289.5 289.4 289.4 289.4 289.4 289.4 289.4 289.5 289.6 289.7 289.9 290.1 290.2 290.5 290.7 291.0 291.3 291.6 291.9
292.0 292.0 291.9 291.8 291.8 291.6 291.5 291.3 291.1 291.0 290.8 290.6 290.4 290.3 290.1 289.9 289.7 289.6 289.4 289.2 289.1 289.0 288.8 288.9 289.0 289.1 289.1 289.1 289.2 289.2 289.2 289.2 289.1 289.0 288.9 289.0 289.0 289.1 289.2 289.3 289.4 289.5 289.5 289.6 289.8 289.9 290.1 290.4 290.7 291.0 291.2 291.3 291.4 291.2 291.1 291.0 290.9 290.8 290.7 290.7 290.7 290.6 290.7 290.8 290.9 291.0 291.2 291.3 291.5 291.7 291.8 292.1 292.3 292.5 292.7 293.0 293.3
292.0 292.0 291.9 291.9 291.8 291.7 291.5 291.4 291.2 291.0 290.9 290.7 290.5 290.3 290.2 290.0 289.8 289.7 289.5 289.3 289.2 289.1 289.0 289.1 289.2 289.3 289.4 289.4 289.5 289.5 289.6 289.7 289.6 289.5 289.4 289.5 289.6 289.7 289.8 290.0 290.1 290.2 290.2 290.3 290.5 290.7 290.9 291.3 291.6 292.0 292.1 292.3 292.5 292.4 292.3 292.2 292.1 292.0 292.0 291.9 291.9 291.9 292.1 292.2 292.4 292.6 292.8 292.9 293.1 293.3 293.4 293.6 293.8 294.0 294.2 294.5 294.7
292.0 292.0 292.0 291.9 291.9 291.7 291.6 291.5 291.3 291.1 291.0 290.8 290.6 290.4 290.3 290.1 289.9 289.7 289.6 289.4 289.3 289.2 289.1 289.3 289.4 289.6 289.6 289.7 289.8 289.9 290.0 290.0 290.0 290.0 290.0 290.1 290.3 290.4 290.6 290.8 290.9 291.0 291.1 291.3 291.5 291.7 291.9 292.2 292.5 292.8 293.1 293.3 293.5 293.5 293.5 293.4 293.4 293.4 293.3 293.4 293.4 293.5 293.6 293.8 293.9 294.1 294.3 294.4 294.6 294.8 295.0 295.1 295.3 295.5 295.7 295.9 296.1
292.0 292.0 292.0 291.9 291.9 291.8 291.7 291.5 291.4 291.2 291.0 290.9 290.7 290.5 290.3 290.2 290.0 289.8 289.7 289.5 289.4 289.4 289.3 289.5 289.6 289.8 289.9 290.0 290.1 290.2 290.3 290.4 290.5 290.5 290.6 290.8 290.9 291.1 291.3 291.5 291.8 291.9 292.1 292.2 292.4 292.6 292.8 293.1 293.4 293.7 294.0 294.3 294.6 294.6 294.6 294.7 294.7 294.7 294.7 294.8 294.9 295.0 295.2 295.3 295.5 295.6 295.8 295.9 296.1 296.3 296.5 296.6 296.8 297.0 297.2 297.4 297.6
292.0 292.0 292.0 292.0 292.0 291.8 291.7 291.6 291.5 291.3 291.1 290.9 290.8 290.6 290.4 290.3 290.1 289.9 289.7 289.6 289.5 289.5 289.5 289.6 289.8 290.0 290.1 290.2 290.4 290.5 290.7 290.8 290.9 291.1 291.2 291.4 291.6 291.8 292.1 292.3 292.6 292.8 293.0 293.2 293.3 293.5 293.7 294.0 294.3 294.6 294.9 295.3 295.6 295.7 295.8 295.9 296.0 296.0 296.1 296.2 296.4 296.6 296.7 296.9 297.1 297.2 297.3 297.4 297.6 297.8 298.0 298.2 298.3 298.5 298.7 298.8 299.0
292.0 292.0 292.0 292.0 292.0 291.9 291.8 291.7 291.5 291.4 291.2 291.0 290.9 290.7 290.5 290.3 290.2 290.0 289.9 289.7 289.7 289.7 289.6 289.8 290.0 290.2 290.3 290.5 290.7 290.8 291.0 291.2 291.4 291.6 291.8 292.0 292.3 292.5 292.8 293.0 293.3 293.5 293.7 293.9 294.1 294.4 294.6 294.9 295.2 295.5 295.8 296.2 296.5 296.6 296.8 296.9 297.0 297.0 297.1 297.3 297.5 297.6 297.8 298.0 298.2 298.3 298.5 298.7 298.8 299.0 299.2 299.4 299.6 299.7 299.9 300.1 300.2
