Examples/Ryggfonn/Input/tauc.asc
ncols 459
nrows 633
xllcorner 408397.75
yllcorner 6870084.11
cellsize 5.00000
NODATA_value -9999
[rows 340 to 373 of 633, columns 154 to 230 of 459]
448.5 448.3 448.1 447.8 447.7 447.5 447.5 447.6 447.7 447.2 446.7 447.2 447.2 447.6 447.7 447.9 447.2 446.0 445.2 444.8 444.3 444.0 444.4 444.4 444.2 444.0 443.6 442.9 442.5 442.3 442.0 441.9 441.4 440.9 440.7 440.4 440.1 439.9 439.7 439.6 439.0 438.4 438.5 438.6 438.6 438.5 438.4 438.4 438.1 437.6 437.0 436.2 435.9 435.8 435.6 435.5 435.3 435.0 434.9 434.8 434.6 434.3 434.1 433.9 433.7 433.4 433.3 433.0 433.0 432.9 432.7 432.9 433.0 433.0 432.7 433.0 433.5
447.7 447.6 447.5 447.3 447.0 447.0 446.8 446.8 446.9 446.6 446.0 446.1 446.0 445.9 446.1 446.9 446.9 446.2 445.1 444.4 443.9 443.5 443.8 443.9 443.5 443.3 443.1 442.5 441.9 441.7 441.5 441.0 440.7 440.3 440.1 439.8 439.4 439.2 439.0 438.8 438.5 437.9 437.8 437.9 437.8 437.7 437.7 437.6 437.5 437.1 436.4 435.8 435.4 435.3 435.0 434.8 434.6 434.5 434.2 434.1 433.8 433.5 433.3 433.2 433.0 432.8 432.8 432.4 432.2 432.0 431.9 432.0 432.4 432.0 431.8 431.8 432.2
447.1 447.1 446.8 446.6 446.3 446.3 446.1 446.1 446.2 446.1 445.3 444.6 444.5 445.1 444.9 445.2 445.8 445.7 445.4 444.2 443.6 443.1 443.1 443.2 442.9 442.6 442.4 441.9 441.5 441.1 440.7 440.4 440.1 439.6 439.3 439.0 438.8 438.6 438.2 438.0 437.9 437.4 437.3 437.2 437.1 437.0 437.0 437.0 436.9 436.6 435.8 435.1 434.8 434.7 434.4 434.1 433.9 433.6 433.6 433.4 433.1 432.8 432.5 432.3 432.3 432.2 432.1 431.8 431.4 431.3 430.9 431.1 431.2 431.4 431.1 431.0 431.0
446.5 446.4 446.2 445.9 445.8 445.5 445.5 445.3 445.6 445.2 444.7 444.2 444.0 444.3 444.3 444.4 444.7 444.5 444.8 444.1 443.1 442.6 442.5 442.4 442.2 441.8 441.7 441.3 440.9 440.3 439.9 439.6 439.3 438.9 438.5 438.2 437.9 437.6 437.4 437.4 437.1 436.9 436.8 436.6 436.4 436.3 436.2 436.2 436.0 435.9 434.9 434.5 434.2 433.9 433.6 433.4 433.1 433.0 432.9 432.6 432.2 431.8 431.7 431.8 431.6 431.4 431.3 431.1 430.6 430.5 430.1 430.0 430.3 430.7 430.7 430.3 430.4
445.8 445.9 445.6 445.3 445.2 445.0 444.9 444.7 444.7 444.5 444.2 443.7 443.4 443.7 443.8 443.9 443.9 443.7 443.9 443.7 442.6 442.1 441.9 441.8 441.5 441.2 440.9 440.7 439.8 439.2 439.0 438.6 438.4 438.1 437.8 437.5 437.0 436.8 436.7 436.5 436.4 436.2 436.1 435.8 435.6 435.5 435.3 435.1 434.8 434.6 434.3 433.8 433.5 433.2 432.9 432.6 432.5 432.4 432.2 431.7 431.3 431.1 431.0 430.9 430.8 430.6 430.2 430.1 430.0 429.6 429.3 429.3 429.4 429.8 429.9 429.8 429.8
445.2 445.3 445.0 444.6 444.6 444.5 444.2 444.1 443.9 443.6 443.7 443.4 442.8 443.1 443.2 443.3 443.4 443.4 443.5 443.1 441.8 441.5 441.3 441.1 440.8 440.3 440.2 439.4 438.3 438.3 438.0 437.8 437.6 437.3 436.9 436.6 436.3 436.1 435.9 435.8 435.6 435.5 435.3 435.1 434.9 434.6 434.4 434.1 434.0 434.0 433.8 433.1 432.8 432.5 432.3 431.8 431.8 431.6 431.1 430.7 429.8 429.3 429.2 429.0 428.7 428.5 428.7 429.1 429.1 429.0 428.8 428.7 428.8 429.0 429.1 428.9 429.1
444.7 444.6 444.2 444.0 443.9 443.7 443.4 443.3 443.2 442.9 443.0 442.9 442.5 442.5 442.6 442.4 441.9 441.9 442.5 442.3 441.3 440.8 440.4 440.2 440.0 439.5 439.3 438.6 437.1 437.0 437.1 436.9 436.8 436.5 436.2 435.7 435.5 435.3 435.2 435.0 434.9 434.7 434.5 434.3 434.1 433.8 433.6 433.5 433.3 433.1 433.0 432.3 432.0 431.8 431.5 431.1 430.7 430.2 430.0 429.9 429.2 428.5 428.4 427.9 427.8 427.8 427.9 428.1 428.2 428.1 428.1 428.0 428.1 428.2 428.2 428.2 428.3
444.2 443.9 443.6 443.4 443.2 442.9 442.7 442.7 442.5 442.3 442.4 442.3 442.0 441.8 441.7 441.4 441.2 441.1 441.8 441.4 440.7 440.1 439.8 439.5 439.3 438.6 438.6 437.8 436.1 436.2 436.2 436.0 436.0 435.8 435.4 435.1 434.8 434.6 434.6 434.3 434.0 433.9 433.7 433.5 433.1 433.0 432.8 432.5 432.5 432.3 432.3 431.6 431.3 431.0 430.7 430.3 430.1 429.5 429.1 428.8 428.4 427.5 427.2 427.0 426.8 427.0 427.1 427.4 427.4 427.3 427.1 427.1 426.9 427.5 427.1 427.4 427.5
443.6 443.2 443.1 442.6 442.4 442.2 442.1 441.9 441.8 441.7 441.6 441.5 441.3 441.0 440.9 440.7 440.6 440.7 441.1 440.4 439.9 439.5 439.0 438.7 438.0 437.4 436.0 435.5 435.5 435.6 435.5 435.3 435.3 435.2 434.8 434.4 434.1 433.9 433.8 433.7 433.5 433.0 432.9 432.2 432.0 432.0 431.8 431.7 431.7 431.5 431.8 431.0 430.6 430.2 429.9 429.6 429.3 428.2 428.1 427.4 427.6 426.7 426.5 426.2 426.1 426.3 426.5 426.6 426.6 426.5 426.3 426.2 426.2 426.5 426.2 426.4 426.6
442.9 442.6 442.3 442.0 441.8 441.6 441.4 441.3 441.2 441.2 440.9 441.0 440.6 440.5 440.2 439.9 439.8 440.2 440.5 439.7 439.1 438.8 438.3 437.2 436.3 436.4 435.5 434.9 434.8 434.9 434.6 434.6 434.5 434.5 434.1 433.8 433.4 433.1 433.1 433.0 432.2 432.0 431.2 431.0 430.9 430.9 431.0 431.1 431.0 430.8 430.8 430.5 430.0 429.6 429.1 428.9 427.8 427.2 426.5 426.5 426.1 426.1 425.7 425.5 425.6 425.7 425.8 425.9 425.8 425.6 425.4 425.2 425.3 425.7 425.5 425.5 425.5
442.3 441.9 441.4 441.2 441.2 441.1 440.8 440.7 440.8 440.6 440.3 440.3 440.0 439.7 439.4 439.1 439.2 439.6 439.6 439.2 438.4 437.9 436.7 435.6 435.4 435.3 434.8 434.1 434.1 434.0 433.9 433.9 433.8 433.8 433.5 432.9 432.4 432.3 431.9 431.1 430.9 430.8 430.4 430.3 430.1 430.1 430.1 430.1 430.1 430.0 430.1 429.9 429.4 429.1 428.7 427.3 426.8 426.5 426.2 425.9 425.5 425.3 425.1 425.0 425.0 425.1 425.1 425.0 424.9 424.6 424.6 424.6 424.7 424.8 424.9 424.8 424.8
441.8 441.2 440.8 440.7 440.7 440.5 440.4 440.2 440.2 440.0 439.8 439.6 439.4 439.0 438.7 438.5 438.5 439.0 438.4 438.5 437.6 436.5 435.8 434.7 434.4 434.6 433.7 433.5 433.4 433.3 433.2 433.1 433.1 433.0 432.3 432.0 431.1 431.2 430.7 430.4 430.2 430.0 429.8 429.6 429.5 429.4 429.3 429.4 429.4 429.4 429.5 429.2 428.9 428.5 427.9 427.0 426.1 425.8 425.6 425.2 424.8 424.6 424.4 424.1 424.3 424.1 423.2 423.6 423.3 423.2 423.5 423.8 424.1 424.2 424.2 424.2 424.1
441.2 440.7 440.3 440.1 440.1 440.0 439.9 439.7 439.6 439.4 439.2 438.9 438.9 438.4 437.6 437.2 437.5 437.9 437.8 437.5 436.8 435.8 434.8 434.2 433.7 433.0 432.8 432.6 432.7 432.6 432.6 432.3 432.1 432.1 431.7 431.0 430.5 430.2 429.9 429.7 429.6 429.3 429.1 428.9 428.8 428.6 428.3 428.3 428.7 428.8 428.9 428.7 428.3 427.8 427.3 426.5 425.8 425.3 424.9 424.5 424.2 423.7 423.3 423.1 423.4 423.0 422.5 422.5 422.5 422.4 422.6 422.8 423.2 423.4 423.4 423.5 423.5
440.3 440.0 439.7 439.5 439.5 439.5 439.3 439.0 438.9 438.9 438.5 438.2 438.2 437.9 436.9 436.5 436.7 437.1 437.1 437.0 435.3 434.9 434.0 433.6 432.7 432.5 432.2 432.2 432.3 432.0 431.8 431.5 431.0 430.9 430.4 430.2 429.8 429.5 429.3 429.2 428.9 428.7 428.4 428.2 427.9 427.7 427.7 427.9 428.3 428.3 428.3 428.3 427.8 427.2 426.7 426.1 425.4 424.6 424.3 423.6 423.4 422.9 422.0 421.9 421.8 421.7 421.6 421.6 421.8 421.6 421.9 422.1 422.4 422.7 422.7 422.9 422.7
439.7 439.3 439.1 438.9 438.9 438.9 438.6 438.3 438.3 438.2 437.8 437.0 437.4 437.4 436.6 436.0 435.9 435.7 435.3 435.4 434.4 433.7 433.5 432.4 432.1 431.8 431.7 431.7 431.7 431.4 431.0 430.5 430.2 429.9 429.6 429.4 429.1 428.9 428.7 428.5 428.2 428.0 427.6 427.5 427.4 427.3 427.3 427.4 427.8 427.6 427.7 427.8 427.3 426.9 426.2 425.7 425.1 424.1 423.6 422.7 422.5 422.1 421.3 421.0 421.1 421.0 421.0 421.1 421.1 421.1 421.4 421.8 422.1 422.2 422.0 422.3 422.1
438.9 438.7 438.4 438.4 438.3 438.3 437.9 437.6 437.5 437.4 436.9 436.2 436.5 436.7 436.2 435.6 435.5 435.1 434.3 433.8 434.1 433.3 432.3 431.8 431.4 431.3 431.2 431.3 431.2 430.5 430.2 429.8 429.5 429.2 428.9 428.7 428.5 428.3 428.1 427.9 427.6 427.3 427.0 426.8 426.8 426.8 426.9 426.8 427.1 427.1 427.1 427.1 426.9 426.4 425.9 425.3 424.6 423.7 422.6 422.1 421.8 421.4 420.8 420.5 420.6 420.4 420.6 420.5 420.6 420.8 421.1 421.3 421.6 421.6 421.4 421.6 421.4
438.2 438.0 437.9 437.8 437.7 437.2 437.1 436.8 436.8 436.8 436.1 435.7 435.7 435.8 435.5 435.2 434.9 434.7 433.5 433.1 433.5 432.9 431.9 431.4 431.0 430.6 430.8 430.7 430.6 429.9 429.5 429.2 428.8 428.5 428.4 428.1 427.9 427.7 427.5 427.3 426.8 426.6 426.3 426.4 426.2 426.3 426.2 426.2 426.5 426.6 426.6 426.5 426.4 426.0 425.6 424.9 424.3 423.5 421.9 421.5 421.3 420.6 420.3 420.2 420.0 420.0 420.0 420.1 420.2 420.4 420.7 420.8 421.1 421.1 420.8 420.8 420.6
437.7 437.5 437.3 437.1 437.0 436.7 436.5 436.1 436.0 436.0 435.4 434.9 434.9 435.0 434.8 434.6 434.3 433.9 432.8 432.4 432.3 432.4 431.4 430.9 430.6 430.4 430.3 430.2 430.1 429.4 429.0 428.8 428.4 428.1 427.9 427.6 427.2 427.1 426.9 426.6 426.2 425.8 425.8 425.7 425.6 425.6 425.6 425.7 425.9 426.0 425.9 425.9 425.9 425.6 425.2 424.5 424.0 423.2 421.5 421.0 420.4 420.1 420.0 419.8 419.6 419.5 419.6 419.6 419.7 419.9 420.0 420.2 420.5 420.6 420.3 420.0 420.0
437.1 436.8 436.6 436.4 436.2 435.9 435.5 435.3 435.3 434.9 434.5 434.2 434.2 434.4 434.2 434.0 433.7 433.3 432.6 431.9 431.6 431.5 431.2 430.5 430.1 430.0 429.9 429.9 429.6 429.1 428.7 428.4 428.1 427.7 427.3 426.9 426.7 426.1 425.6 425.4 425.2 425.1 425.0 424.9 424.9 424.8 424.8 424.9 425.2 425.4 425.4 425.2 425.2 425.3 424.8 424.3 423.7 422.9 421.3 420.5 419.7 419.6 419.5 419.4 419.3 419.1 419.2 419.1 419.2 419.2 419.1 419.2 419.4 419.7 419.4 419.3 419.2
436.4 436.1 435.8 435.6 435.4 435.2 434.9 434.6 434.5 434.1 433.8 433.5 433.6 433.7 433.6 433.4 432.9 432.1 431.6 431.2 430.5 430.6 430.8 429.9 429.7 429.6 429.6 429.4 429.2 428.7 428.4 428.1 427.8 427.3 426.9 425.9 425.8 425.4 424.8 424.7 424.6 424.6 424.5 424.2 424.1 424.1 424.0 424.3 424.6 424.7 424.7 424.6 424.5 424.5 424.3 423.8 423.3 422.5 421.7 420.3 419.6 419.3 419.1 419.0 418.8 418.7 418.4 418.6 418.5 418.5 418.5 418.6 418.8 418.9 418.7 418.6 418.6
435.3 435.5 435.2 434.9 434.6 434.5 434.2 433.9 433.8 433.4 433.0 433.0 433.0 433.0 433.0 432.7 432.3 431.6 431.1 430.4 430.0 429.8 430.0 429.7 429.2 429.0 429.1 429.0 428.7 428.5 428.2 427.9 427.4 426.7 426.4 425.6 425.1 424.6 424.3 424.1 424.0 424.0 423.8 423.7 423.6 423.6 423.5 423.7 423.9 423.9 424.0 423.8 423.7 423.7 423.7 423.3 423.0 422.2 421.4 420.4 419.4 418.8 418.8 418.7 418.5 418.4 418.2 418.2 418.1 418.1 418.0 418.0 418.3 418.4 418.2 418.1 418.0
434.8 434.8 434.6 434.2 433.9 433.8 433.2 433.1 432.9 432.7 432.3 432.3 432.4 432.4 432.4 432.1 431.7 431.2 430.7 429.9 429.5 429.4 429.4 429.2 428.7 428.5 428.5 428.6 428.3 428.0 427.5 427.3 426.9 426.3 425.8 424.3 424.4 423.9 423.6 423.5 423.4 423.3 423.2 423.1 423.0 422.8 422.7 423.0 423.1 423.2 423.3 423.2 423.2 423.3 423.1 422.7 422.5 421.9 421.2 420.1 419.3 418.8 418.5 418.2 418.0 418.0 417.9 417.7 417.6 417.6 417.5 417.4 417.8 417.8 417.8 417.5 417.3
434.3 434.1 433.7 433.4 433.0 432.6 432.1 432.2 432.1 431.7 431.6 431.5 431.6 431.6 431.6 431.2 431.2 430.8 430.2 429.5 429.1 429.0 429.0 428.9 428.6 428.0 428.0 428.0 427.9 427.7 427.2 426.8 426.4 425.6 424.5 423.7 423.5 423.1 423.0 422.7 422.7 422.6 422.5 422.4 422.3 422.0 421.9 422.2 422.4 422.7 422.7 422.6 422.6 422.6 422.7 422.1 421.9 421.3 420.5 419.8 419.2 418.7 418.2 417.9 417.7 417.6 417.5 417.4 417.2 417.1 416.9 416.9 417.5 417.4 417.3 416.9 416.8
433.7 433.5 433.1 432.8 432.2 431.6 431.4 431.2 431.2 431.0 430.9 430.9 430.7 430.7 430.8 430.5 430.5 430.3 429.7 429.1 428.8 428.6 428.5 428.4 428.3 427.8 427.5 427.5 427.5 427.2 426.8 426.5 425.9 425.1 423.7 423.1 422.9 422.5 422.2 422.1 421.8 421.7 421.5 421.3 421.2 421.2 421.3 421.7 421.8 421.9 422.1 422.1 422.0 422.0 421.9 421.7 421.3 420.6 419.9 419.3 419.0 418.5 418.2 417.8 417.5 417.3 417.0 417.0 416.8 416.6 416.5 416.3 416.8 416.8 416.6 416.2 415.8
433.1 432.6 432.1 431.9 431.0 430.8 430.6 430.4 430.3 430.2 430.1 430.0 429.8 429.8 430.0 429.7 429.5 429.5 429.2 428.8 428.2 428.0 427.9 427.8 427.8 427.4 427.0 426.9 426.9 426.7 426.4 426.0 425.4 424.6 423.3 422.7 422.2 421.8 421.6 421.1 421.0 421.0 420.9 420.5 420.5 420.5 420.9 420.9 421.1 421.3 421.5 421.4 421.0 421.2 420.8 420.9 420.5 419.5 419.3 419.0 418.6 418.1 418.0 417.6 417.4 416.9 416.7 416.6 416.4 416.2 416.0 415.9 416.3 416.3 415.9 415.7 415.5
431.9 431.7 431.4 430.6 430.4 430.1 429.9 429.6 429.5 429.4 429.3 429.0 429.0 429.1 429.3 429.1 428.9 428.8 428.7 428.4 427.9 427.5 427.4 427.3 427.3 426.9 426.6 426.4 426.4 426.1 425.7 425.2 424.6 424.0 422.5 422.1 421.5 420.8 420.4 420.5 420.2 420.0 420.0 419.7 419.7 419.8 420.1 420.2 420.5 420.6 420.9 420.4 420.6 420.5 420.0 419.9 418.9 418.5 418.7 418.5 418.1 417.8 417.5 417.3 416.9 416.6 416.3 416.0 415.9 415.8 415.5 415.4 415.8 415.5 415.3 415.1 415.0
431.5 431.0 430.6 429.6 429.5 429.3 429.0 428.8 428.8 428.6 428.4 428.4 428.3 428.4 428.5 428.6 428.3 428.2 428.1 427.9 427.6 427.2 427.0 426.9 426.8 426.5 426.2 426.0 425.8 425.1 424.7 424.7 424.4 423.4 422.0 421.1 420.4 420.1 420.0 419.7 419.6 419.5 419.4 419.3 419.3 419.4 419.1 419.2 419.0 419.5 419.2 419.7 419.4 419.6 418.2 418.5 418.0 418.1 418.3 418.2 417.8 417.5 417.3 417.0 416.5 416.1 415.9 415.7 415.3 415.2 415.1 415.0 415.1 415.0 414.8 414.5 414.4
430.6 429.4 429.2 428.8 428.7 428.6 428.2 427.8 427.7 427.8 427.8 427.6 427.6 427.6 427.7 427.8 427.7 427.6 427.5 427.4 427.1 426.9 426.6 426.5 426.4 426.1 425.8 425.6 425.3 424.8 424.2 422.7 421.8 421.7 421.4 420.2 419.6 419.7 419.5 419.2 419.1 419.1 418.9 418.8 418.9 418.5 418.6 417.9 417.9 418.3 418.6 418.9 418.7 417.9 417.4 417.7 417.6 417.8 417.7 417.6 417.2 417.0 416.9 416.6 416.3 415.9 415.5 415.1 414.9 414.7 414.6 414.5 414.5 414.6 414.3 413.9 413.8
428.9 428.6 428.3 428.1 427.8 427.7 427.3 427.2 427.1 427.0 426.9 426.9 426.8 426.8 426.9 426.9 426.8 426.8 426.7 426.8 426.7 426.4 426.2 426.0 425.9 425.8 425.5 425.2 424.9 424.4 423.1 421.9 421.4 420.9 420.6 419.5 419.4 419.2 419.0 418.7 418.6 418.6 418.3 418.2 418.1 417.7 417.7 417.4 417.3 417.8 418.1 418.1 417.5 416.9 416.9 417.0 417.2 417.1 416.9 416.9 416.8 416.6 416.4 416.1 415.9 415.6 415.0 414.5 414.4 414.1 414.0 413.9 414.0 413.9 413.6 413.1 413.0
428.3 428.0 427.6 427.3 427.1 426.9 426.8 426.7 426.6 426.5 426.3 426.2 426.3 426.3 426.3 426.3 426.1 426.1 426.1 426.1 426.0 425.8 425.7 425.5 425.5 425.3 425.0 424.7 424.5 423.9 422.4 421.7 420.9 420.5 419.9 419.3 419.0 418.9 418.2 418.0 418.1 417.9 417.8 417.6 417.6 417.5 417.2 417.1 417.0 417.3 417.4 417.5 416.4 416.2 416.2 416.3 416.8 416.6 416.3 416.1 416.2 416.3 416.0 415.5 415.4 415.0 414.5 414.0 413.8 413.6 413.4 413.3 413.4 413.4 413.0 412.2 412.1
427.7 427.3 427.1 426.8 426.7 426.6 426.5 426.2 426.0 425.8 425.8 425.8 425.9 425.9 425.8 425.7 425.5 425.4 425.5 425.5 425.5 425.3 425.2 425.0 424.8 425.0 424.5 424.3 424.2 423.5 422.2 421.4 420.7 420.0 419.5 419.1 418.3 417.5 417.3 417.5 417.6 417.5 417.2 417.3 417.0 416.9 416.9 416.6 416.3 416.5 416.7 416.6 415.9 415.7 415.7 415.8 416.2 415.9 415.6 415.4 415.5 415.6 415.4 415.1 414.7 414.5 413.9 413.5 413.2 413.1 412.7 412.7 412.7 413.0 412.4 411.9 411.6
427.1 426.9 426.7 426.5 426.3 426.1 425.8 425.7 425.5 425.4 425.2 425.3 425.4 425.4 425.2 425.1 424.9 424.7 424.8 424.9 424.9 424.6 424.5 424.4 424.3 424.5 424.2 423.8 423.8 423.0 421.9 421.3 420.5 419.8 419.1 418.4 417.6 416.9 417.0 417.2 417.1 417.1 416.7 416.4 416.4 416.2 416.0 415.9 415.9 415.9 415.7 415.7 415.6 415.2 415.1 415.3 415.3 415.0 415.0 414.8 414.8 415.0 414.7 414.3 414.1 413.7 413.3 413.0 412.8 412.5 412.3 412.1 412.1 412.1 411.8 411.4 410.9
426.7 426.5 426.2 426.1 425.7 425.5 425.3 425.2 425.0 424.9 424.8 424.8 424.8 424.8 424.5 424.5 424.3 424.1 424.1 424.2 424.2 423.9 423.8 423.8 423.7 423.8 423.8 423.5 423.2 422.5 421.7 421.0 420.3 419.6 418.5 417.6 416.9 416.6 416.9 416.9 416.8 416.6 416.3 416.1 415.9 415.5 415.3 415.2 415.4 415.2 415.0 415.1 414.8 414.7 414.7 414.7 414.7 414.6 414.4 414.3 414.3 414.2 413.9 413.6 413.3 413.0 412.6 412.4 412.3 411.9 411.8 411.6 411.2 411.0 410.8 410.7 410.1
426.2 426.0 425.7 425.5 425.3 425.1 424.8 424.7 424.6 424.5 424.4 424.4 424.3 424.2 424.1 423.8 423.6 423.5 423.6 423.6 423.5 423.3 423.0 423.0 422.9 422.9 423.1 423.1 422.8 422.1 421.5 420.9 419.9 419.0 417.6 416.9 416.4 416.5 416.6 416.7 416.5 416.3 415.9 415.4 415.0 414.9 414.9 414.7 414.7 414.8 414.5 414.2 414.4 414.2 414.3 414.2 414.4 414.2 414.0 413.8 413.7 413.5 413.2 412.9 412.6 412.4 412.0 411.8 411.4 411.2 411.1 411.1 410.6 410.2 410.3 409.8 409.5
