Examples/Ryggfonn/Input/tauc.asc
ncols 459
nrows 633
xllcorner 408397.75
yllcorner 6870084.11
cellsize 5.00000
NODATA_value -9999
[rows 204 to 237 of 633, columns 77 to 153 of 459]
437.1 437.2 437.5 437.9 438.2 438.5 438.8 439.4 440.1 440.5 441.0 441.5 442.0 442.5 443.0 443.5 444.0 444.4 444.5 444.6 444.8 445.1 445.4 445.6 445.8 446.0 446.0 446.1 446.4 446.8 447.2 447.6 448.1 448.4 448.5 449.0 449.4 449.7 450.0 450.5 451.0 451.4 451.7 451.9 452.2 452.3 452.5 452.8 453.3 454.2 454.6 454.0 454.0 454.4 454.7 455.1 455.4 455.5 455.4 455.5 455.6 455.5 455.6 455.7 456.3 456.8 457.1 457.4 458.1 458.9 458.9 459.5 459.9 460.0 460.0 460.0 460.2
437.7 437.7 438.1 438.5 438.8 439.1 439.5 439.9 440.5 441.0 441.5 442.0 442.5 443.0 443.5 444.0 444.4 444.9 445.2 445.4 445.5 445.8 446.1 446.4 446.5 446.6 446.7 446.9 447.0 447.4 447.8 448.2 448.5 449.0 449.4 449.6 450.0 450.5 450.8 451.1 451.5 451.9 452.3 452.6 452.8 452.9 453.1 453.3 453.7 454.6 455.0 454.9 454.6 454.9 455.3 455.7 455.9 456.1 456.1 456.1 456.1 456.3 456.1 456.5 457.0 457.2 457.7 458.5 459.2 459.6 459.8 460.2 460.5 460.7 460.9 461.0 461.1
438.4 438.5 438.7 439.0 439.5 439.8 440.0 440.7 441.1 441.6 442.1 442.5 443.0 443.5 443.9 444.4 445.0 445.4 445.9 446.1 446.3 446.5 446.8 447.2 447.3 447.4 447.5 447.6 447.8 448.0 448.4 448.8 449.1 449.5 449.9 450.3 450.6 451.1 451.4 451.7 452.2 452.5 452.9 453.1 453.3 453.6 453.7 454.0 454.2 455.0 455.6 455.8 455.2 455.4 455.8 456.2 456.5 456.6 456.8 456.8 456.8 457.0 457.1 457.3 457.4 457.8 458.2 459.2 459.7 460.3 460.7 461.0 461.0 461.2 461.4 461.5 461.6
439.3 439.3 439.5 440.0 440.1 440.5 440.9 441.3 441.7 442.1 442.6 443.0 443.5 444.0 444.4 444.8 445.4 445.9 446.4 446.8 447.2 447.4 447.7 448.0 448.1 448.2 448.1 448.3 448.5 448.7 449.1 449.4 449.7 450.0 450.4 450.9 451.3 451.6 452.0 452.4 452.8 453.2 453.5 453.8 453.9 454.2 454.3 454.6 454.7 455.3 456.0 456.4 455.9 456.0 456.2 456.6 457.0 457.2 457.4 457.5 457.7 457.7 457.9 457.8 457.8 458.6 459.1 459.6 460.5 460.8 461.4 461.6 461.7 461.8 462.0 462.2 462.2
439.9 439.8 440.4 440.7 440.9 441.1 441.3 441.8 442.2 442.7 443.2 443.7 444.0 444.3 444.9 445.3 445.9 446.4 446.8 447.3 447.8 448.3 448.4 448.7 448.8 448.8 448.8 449.0 449.2 449.4 449.7 450.0 450.3 450.6 450.8 451.4 451.9 452.2 452.6 453.1 453.4 453.8 454.1 454.4 454.7 454.8 455.0 455.2 455.4 455.7 456.5 456.8 457.1 456.5 456.7 457.1 457.6 457.6 458.0 458.3 458.6 458.8 458.9 459.1 458.9 459.2 459.5 460.4 461.3 461.7 462.0 462.2 462.4 462.5 462.5 462.6 462.8
440.6 440.2 441.1 441.3 441.6 441.8 442.2 442.4 442.8 443.3 443.7 444.2 444.6 445.0 445.4 445.9 446.4 446.8 447.3 447.8 448.2 448.7 449.1 449.4 449.4 449.5 449.5 449.7 449.9 450.1 450.3 450.6 450.9 451.2 451.4 451.7 452.3 452.9 453.1 453.6 453.9 454.2 454.7 455.1 455.3 455.4 455.6 455.8 455.9 456.2 456.7 457.3 457.5 457.1 457.3 457.6 458.1 458.2 458.4 458.9 459.1 459.4 459.5 459.7 459.8 459.7 460.3 461.8 462.5 462.4 462.6 462.6 462.9 463.1 463.2 463.3 463.4
441.4 441.6 441.8 442.1 442.5 442.6 442.8 443.0 443.4 443.7 444.3 444.7 445.1 445.5 445.9 446.4 446.8 447.2 447.7 448.2 448.7 449.1 449.5 449.9 450.1 450.1 450.3 450.4 450.6 450.7 450.9 451.2 451.5 451.8 451.9 452.2 452.7 453.3 453.7 454.0 454.3 454.7 455.2 455.6 455.8 456.0 456.2 456.4 456.5 456.6 457.2 457.9 458.0 457.9 457.9 458.2 458.5 458.9 459.0 459.6 459.6 459.8 459.9 460.0 460.6 461.0 461.9 462.7 463.2 463.2 463.2 463.1 463.4 463.7 463.9 464.0 464.2
442.2 442.4 442.6 442.9 443.2 443.4 443.5 443.6 443.9 444.4 444.8 445.2 445.7 446.1 446.4 446.9 447.2 447.7 448.1 448.6 449.0 449.5 449.9 450.4 450.7 450.7 451.0 451.0 451.2 451.4 451.6 451.8 452.2 452.5 452.6 452.8 453.1 453.7 454.3 454.5 454.9 455.3 455.7 456.2 456.5 456.6 457.0 457.3 457.3 457.3 457.7 458.4 458.6 458.5 458.6 458.8 459.0 459.6 459.5 460.0 460.3 460.2 460.4 461.0 461.3 461.6 462.8 463.4 463.7 463.7 463.8 463.9 464.1 464.5 464.8 464.8 464.8
443.0 443.1 443.3 443.6 443.8 444.1 444.3 444.2 444.5 445.0 445.2 445.7 446.3 446.7 447.1 447.4 447.7 448.1 448.7 449.1 449.6 449.9 450.4 450.8 451.1 451.3 451.5 451.7 451.9 452.0 452.3 452.5 452.8 453.1 453.2 453.4 453.7 454.1 454.7 455.1 455.4 455.8 456.3 456.7 456.9 457.3 457.5 457.8 458.2 458.0 458.5 458.9 459.1 459.1 459.2 459.3 459.5 459.9 460.4 460.3 460.8 461.3 461.9 462.1 463.2 463.5 464.0 464.2 464.2 464.3 464.2 464.5 464.7 465.2 465.5 465.4 465.9
443.7 443.9 444.1 444.3 444.5 444.7 445.0 445.1 445.1 445.7 445.9 446.1 446.8 447.2 447.5 448.0 448.3 448.7 449.1 449.6 450.0 450.5 450.8 451.2 451.6 451.9 452.0 452.2 452.5 452.7 453.0 453.1 453.3 453.7 453.9 454.0 454.3 454.6 455.1 455.8 456.1 456.3 456.7 457.1 457.5 457.9 458.2 458.5 458.7 458.9 459.2 459.4 459.7 459.8 459.8 459.9 460.2 460.3 460.9 460.9 461.2 461.5 462.0 462.5 463.2 463.8 464.1 464.7 464.8 465.0 465.3 465.1 465.3 465.8 466.1 466.5 466.6
444.5 444.7 444.8 444.9 445.2 445.4 445.6 445.9 445.8 446.4 446.8 446.5 447.3 447.8 448.1 448.4 448.9 449.1 449.7 450.2 450.5 450.9 451.4 451.6 452.1 452.4 452.6 452.9 453.1 453.3 453.5 453.7 454.0 454.2 454.5 454.7 454.9 455.3 455.7 456.1 456.6 456.9 457.2 457.7 458.1 458.5 458.8 459.0 459.3 459.5 460.0 460.0 460.2 460.2 460.4 460.5 460.8 461.0 461.2 461.6 461.7 461.9 462.3 462.9 463.4 463.9 464.4 464.9 465.4 465.7 465.8 465.7 465.7 466.4 466.8 467.2 467.2
445.2 445.4 445.6 445.7 445.9 446.1 446.3 446.7 446.7 447.1 447.6 447.9 448.2 448.4 448.7 449.0 449.6 450.0 450.5 450.9 451.0 451.4 451.8 452.2 452.6 452.9 453.2 453.3 453.6 453.8 454.1 454.4 454.6 454.8 455.1 455.2 455.5 455.8 456.2 456.6 457.0 457.5 457.7 458.2 458.6 459.0 459.4 459.6 459.8 460.2 460.5 460.6 460.8 460.7 461.1 461.2 461.3 461.6 461.7 461.8 462.4 462.5 462.8 463.2 463.7 464.2 464.5 465.1 465.6 466.2 466.3 466.5 466.7 467.0 467.4 467.7 467.9
446.0 446.1 446.3 446.5 446.6 446.7 447.1 447.4 447.4 447.9 448.2 448.5 448.8 449.0 449.2 449.6 450.1 450.5 451.0 451.5 451.8 452.1 452.4 452.8 453.1 453.4 453.7 453.9 454.1 454.4 454.8 455.0 455.2 455.4 455.7 455.9 456.1 456.3 456.7 457.2 457.6 458.0 458.2 458.7 459.0 459.5 459.8 460.1 460.4 460.7 461.1 461.2 461.4 461.3 461.5 461.8 461.9 462.2 462.3 462.4 462.9 463.0 463.2 463.6 464.0 464.5 464.9 465.4 465.8 466.4 466.8 467.1 467.3 468.0 468.2 468.4 468.6
446.9 446.9 447.0 447.2 447.2 447.5 447.8 448.1 448.2 448.7 448.9 449.2 449.5 449.7 449.9 450.2 450.6 451.0 451.4 451.7 452.2 452.6 452.9 453.2 453.5 453.9 454.3 454.5 454.7 455.0 455.2 455.5 455.7 456.0 456.2 456.5 456.6 456.8 457.2 457.6 458.0 458.4 459.0 459.1 459.5 459.9 460.3 460.6 461.0 461.3 461.6 461.8 462.0 461.9 462.0 462.4 462.4 462.6 462.8 463.1 463.2 463.9 463.7 464.1 464.4 464.8 465.3 465.9 466.1 466.7 467.1 467.7 468.1 468.6 469.0 469.4 469.3
447.6 447.7 447.8 447.9 448.1 448.3 448.5 448.7 449.0 449.3 449.6 449.8 450.1 450.3 450.6 450.8 451.2 451.6 452.0 452.3 452.8 453.1 453.4 453.7 454.0 454.3 454.7 454.8 455.1 455.5 455.7 456.1 456.4 456.6 456.8 457.1 457.3 457.5 457.8 458.1 458.5 459.0 459.3 459.7 460.0 460.4 460.8 461.1 461.5 461.8 462.1 462.3 462.6 462.5 462.6 462.8 463.0 463.2 463.4 463.6 463.7 463.9 464.6 464.6 465.0 465.3 465.6 466.1 466.7 467.0 467.4 467.8 468.3 468.8 469.3 469.6 469.9
448.4 448.5 448.5 448.7 448.6 449.0 449.2 449.4 449.6 450.0 450.2 450.5 450.8 451.1 451.3 451.5 451.7 452.2 452.6 452.8 453.3 453.7 453.9 454.3 454.3 454.9 455.2 455.6 455.8 455.9 456.3 456.6 457.0 457.1 457.4 457.7 457.8 458.0 458.4 458.7 459.1 459.5 459.9 460.3 460.5 461.0 461.4 461.7 462.0 462.4 462.6 462.8 463.0 463.0 463.2 463.3 463.6 463.7 464.0 464.1 464.3 464.5 465.0 465.2 465.5 465.8 466.0 466.4 467.0 467.4 467.8 468.1 468.6 469.1 469.5 469.9 470.3
449.1 449.2 449.3 449.4 449.5 449.6 449.9 450.2 450.3 450.6 450.7 451.1 451.4 451.7 452.1 452.2 452.4 452.7 453.1 453.5 453.9 454.2 454.5 454.8 455.1 455.4 455.8 455.9 456.4 456.5 456.8 457.2 457.5 457.8 458.0 458.2 458.4 458.6 459.0 459.3 459.7 460.1 460.5 460.8 461.0 461.4 461.8 462.2 462.6 462.9 463.2 463.4 463.5 463.6 463.7 463.8 464.0 464.3 464.4 464.7 464.8 465.0 465.2 465.9 465.9 466.2 466.5 466.9 467.3 467.7 468.1 468.5 468.7 469.2 469.7 470.2 470.6
449.8 449.9 450.0 450.1 450.2 450.4 450.7 450.8 451.0 451.1 451.6 451.7 452.0 452.4 452.6 452.9 453.0 453.4 453.7 454.1 454.3 454.7 455.1 455.3 455.6 456.1 456.4 456.6 457.0 457.4 457.5 457.8 458.1 458.4 458.6 458.8 459.1 459.3 459.6 459.9 460.3 460.5 460.6 461.3 461.5 461.9 462.2 462.7 463.1 463.5 463.7 463.9 464.0 464.1 464.3 464.4 464.5 464.7 464.9 465.1 465.4 465.5 465.7 466.2 466.4 466.8 466.9 467.3 467.7 468.1 468.5 468.8 469.1 469.5 470.0 470.3 470.8
450.6 450.7 450.5 450.8 450.9 451.1 451.3 451.5 451.7 452.0 452.1 452.5 452.8 453.1 453.3 453.5 453.8 454.1 454.2 454.8 455.0 455.2 455.6 455.9 456.2 456.5 456.9 457.2 457.5 457.9 458.2 458.4 458.6 458.9 459.2 459.4 459.7 459.9 460.1 460.5 460.8 461.0 461.5 461.7 462.1 462.4 462.8 463.2 463.6 463.9 464.2 464.4 464.6 464.7 464.8 464.8 465.1 465.3 465.4 465.6 465.9 466.1 466.3 466.6 466.9 467.1 467.5 467.8 468.2 468.6 468.9 469.2 469.5 469.9 470.3 470.8 471.0
451.3 451.4 451.3 451.6 451.6 451.8 451.9 452.1 452.3 452.6 452.9 453.0 453.4 453.7 453.9 454.1 454.4 454.8 454.8 455.0 455.6 456.0 456.1 456.1 456.8 456.8 457.4 457.6 458.0 458.5 458.8 459.0 459.2 459.5 459.7 460.0 460.2 460.5 460.8 461.1 461.3 461.7 461.9 462.3 462.8 463.0 463.2 463.6 464.0 464.4 464.7 464.9 465.2 465.3 465.3 465.4 465.7 465.8 466.1 466.2 466.4 466.6 466.8 467.1 467.3 467.5 467.9 468.3 468.7 469.0 469.4 469.7 469.9 470.1 470.5 471.0 471.3
452.0 452.1 452.2 452.3 452.3 452.5 452.6 452.7 452.9 453.0 453.6 453.8 454.0 454.4 454.5 454.7 455.0 455.4 455.7 456.1 456.2 456.6 456.6 456.8 457.1 457.7 458.0 458.1 458.5 458.9 459.3 459.6 459.8 460.0 460.2 460.5 460.8 461.0 461.3 461.7 461.9 462.3 462.5 462.9 463.2 463.6 463.8 464.1 464.4 464.8 465.1 465.4 465.7 465.8 465.8 465.9 466.1 466.3 466.5 466.8 467.0 467.1 467.4 467.6 467.8 468.1 468.4 468.9 469.1 469.4 469.8 470.1 470.4 470.6 470.9 471.2 471.6
452.8 452.8 452.8 452.9 453.0 453.2 453.2 453.4 453.6 453.9 454.2 454.6 454.8 455.1 455.2 455.3 455.5 456.0 456.4 456.7 456.8 456.9 457.3 457.5 457.9 458.2 458.7 458.7 459.2 459.6 459.8 460.2 460.4 460.5 460.8 461.0 461.4 461.7 461.9 462.2 462.5 462.8 463.1 463.4 463.8 464.1 464.4 464.6 464.9 465.2 465.6 465.9 466.3 466.4 466.3 466.4 466.6 466.8 466.9 467.2 467.5 467.7 468.0 468.2 468.4 468.4 468.8 469.1 469.6 469.9 470.2 470.6 470.8 471.1 471.3 471.5 471.9
453.5 453.5 453.7 453.8 453.9 453.9 454.0 454.2 454.2 454.6 454.8 455.2 455.4 455.7 455.9 455.9 456.0 456.5 456.9 457.3 457.6 457.7 457.7 458.2 458.5 458.7 459.1 459.4 459.7 460.1 460.4 460.8 461.0 461.1 461.3 461.5 461.9 462.1 462.4 462.7 463.0 463.4 463.7 464.0 464.3 464.7 465.0 465.2 465.4 465.7 466.1 466.4 466.8 467.0 466.9 466.9 467.2 467.4 467.5 467.9 468.0 468.2 468.4 468.7 468.8 469.1 469.1 469.4 469.9 470.2 470.6 470.9 471.1 471.3 471.7 471.9 472.1
454.1 454.3 454.2 454.5 454.6 454.5 454.6 454.8 455.1 455.2 455.6 455.8 456.0 456.3 456.7 456.7 457.1 457.2 457.7 457.9 458.1 458.3 458.4 458.8 459.1 459.4 459.7 460.1 460.4 460.6 460.9 461.2 461.5 461.7 461.9 462.1 462.4 462.7 462.9 463.3 463.6 463.9 464.3 464.6 464.8 465.2 465.6 465.8 465.9 466.2 466.5 466.9 467.0 467.4 467.5 467.5 467.8 468.0 468.1 468.3 468.6 468.7 468.9 469.2 469.5 469.7 469.7 469.8 470.1 470.6 470.8 471.2 471.5 471.7 472.0 472.3 472.5
454.9 455.0 455.1 455.2 455.3 455.3 455.1 455.4 455.8 455.9 456.2 456.5 456.5 457.0 457.3 457.5 457.8 458.0 458.4 458.5 458.8 458.8 459.2 459.5 459.5 459.9 460.3 460.6 461.1 461.3 461.3 461.7 462.0 462.2 462.4 462.8 463.0 463.3 463.6 463.8 464.1 464.4 464.9 465.1 465.5 465.8 466.1 466.4 466.6 466.7 467.0 467.3 467.5 467.9 468.1 468.0 468.3 468.5 468.7 468.9 469.1 469.2 469.5 469.7 469.9 470.2 470.3 470.4 470.7 471.0 471.3 471.5 471.9 472.1 472.3 472.6 472.8
455.6 455.7 455.8 455.9 456.0 456.0 456.0 456.2 456.4 456.5 456.7 457.0 457.2 457.6 458.0 458.2 458.4 458.6 458.9 459.1 459.4 459.5 459.8 459.9 460.4 460.5 460.9 461.2 461.7 461.8 462.2 462.4 462.6 462.8 463.0 463.3 463.5 463.8 464.1 464.3 464.6 465.0 465.3 465.7 466.0 466.2 466.6 466.9 467.1 467.3 467.6 467.8 468.0 468.3 468.7 468.6 468.6 468.9 469.2 469.3 469.6 469.7 469.9 470.2 470.5 470.7 470.7 471.0 471.2 471.4 471.7 471.9 472.2 472.7 472.7 473.0 473.2
456.2 456.3 456.5 456.6 456.7 456.7 456.8 456.7 457.1 457.2 457.4 457.7 457.7 458.2 458.6 458.8 459.1 459.2 459.5 459.7 460.1 460.2 460.4 460.6 461.0 461.1 461.2 461.8 462.2 462.4 462.7 462.9 463.1 463.4 463.6 463.8 464.0 464.3 464.6 464.7 465.1 465.5 465.7 466.1 466.5 466.9 467.2 467.5 467.6 467.9 468.2 468.4 468.5 468.7 469.2 469.2 469.2 469.3 469.6 469.9 470.0 470.2 470.3 470.5 470.9 471.1 471.2 471.3 471.6 471.9 472.2 472.3 472.5 472.8 473.1 473.3 473.5
456.9 457.1 457.2 457.2 457.3 457.3 457.4 457.5 457.8 458.0 458.2 458.3 458.5 458.9 459.1 459.5 459.7 459.8 460.1 460.4 460.7 460.7 461.1 461.3 461.4 461.6 461.9 462.2 462.8 462.8 463.0 463.5 463.7 463.9 464.2 464.4 464.4 464.9 465.0 465.2 465.5 465.9 466.2 466.6 467.0 467.2 467.8 468.0 468.2 468.4 468.5 469.0 469.1 469.3 469.4 469.9 469.7 470.0 470.2 470.4 470.6 470.6 470.9 471.0 471.3 471.6 471.7 471.8 472.1 472.4 472.7 472.8 472.9 473.1 473.5 473.5 473.8
457.6 457.7 457.8 457.8 458.0 458.0 457.9 458.1 458.5 458.7 458.8 458.9 459.1 459.4 459.7 460.0 460.2 460.4 460.7 461.0 461.3 461.6 461.8 462.0 462.0 462.1 462.5 462.9 463.1 463.6 463.6 464.1 464.2 464.5 464.7 464.9 465.1 465.4 465.5 465.8 466.1 466.5 466.9 467.1 467.4 467.8 468.3 468.6 468.9 469.1 469.2 469.4 469.6 469.8 469.9 470.2 470.2 470.4 470.7 470.8 471.1 471.1 471.2 471.4 471.7 472.1 472.2 472.2 472.6 472.9 473.0 473.2 473.4 473.6 473.9 474.1 474.3
458.3 458.5 458.5 458.7 458.7 458.8 458.9 458.8 459.1 459.3 459.5 459.6 459.7 460.1 460.3 460.6 460.8 461.0 461.3 461.6 461.8 462.0 462.3 462.5 462.8 462.6 463.2 463.3 463.9 464.0 464.2 464.6 464.8 465.0 465.2 465.4 465.7 465.9 466.1 466.3 466.7 467.0 467.3 467.6 468.0 468.3 468.7 469.0 469.4 469.6 469.7 469.9 470.1 470.4 470.4 470.5 470.7 470.9 471.2 471.3 471.6 471.7 471.8 471.9 472.2 472.4 472.6 472.6 472.8 473.2 473.5 473.7 473.9 474.0 474.1 474.5 474.7
459.0 459.1 459.3 459.3 459.4 459.5 459.5 459.4 459.8 460.2 460.2 460.2 460.3 460.7 461.0 461.2 461.4 461.6 461.9 462.2 462.4 462.6 463.0 463.2 463.2 463.5 463.9 464.2 464.3 464.5 464.7 465.0 465.2 465.5 465.8 466.0 466.2 466.4 466.5 466.8 467.1 467.4 467.8 468.1 468.5 468.8 469.1 469.4 469.9 470.2 470.3 470.4 470.7 470.9 471.0 471.0 471.1 471.2 471.6 471.8 471.9 472.1 472.2 472.4 472.6 472.9 473.0 473.0 473.4 473.6 473.9 474.1 474.3 474.4 474.6 474.9 475.0
459.6 459.8 459.9 460.0 460.1 460.1 460.2 460.3 460.6 460.9 460.9 460.9 461.2 461.4 461.6 461.8 461.9 462.1 462.4 462.8 462.9 463.2 463.5 463.7 463.8 464.1 464.4 464.5 464.9 465.1 465.4 465.6 466.0 465.9 466.2 466.5 466.7 466.9 467.2 467.4 467.7 467.9 468.2 468.5 468.9 469.2 469.5 469.9 470.3 470.6 470.8 470.8 471.2 471.5 471.6 471.6 471.6 471.6 472.0 472.2 472.3 472.5 472.6 472.8 473.1 473.3 473.4 473.5 473.8 474.1 474.3 474.4 474.7 474.8 474.8 475.0 475.2
460.3 460.4 460.5 460.7 460.8 460.7 460.9 461.0 461.2 461.5 461.5 461.6 461.5 461.9 462.2 462.3 462.5 462.8 462.9 463.3 463.6 463.8 464.0 464.2 464.5 464.6 465.0 465.1 465.3 465.6 465.8 466.1 466.2 466.4 466.6 466.9 467.0 467.4 467.6 467.8 468.2 468.4 468.7 469.1 469.4 469.6 470.0 470.4 470.7 471.1 471.3 471.5 471.6 472.0 472.1 471.9 472.0 471.9 472.3 472.7 472.7 473.0 473.1 473.3 473.5 473.8 473.9 474.1 474.1 474.5 474.7 474.9 475.1 475.1 475.2 475.3 475.4
460.8 461.0 461.2 461.3 461.4 461.5 461.4 461.7 461.8 462.1 462.1 462.1 462.2 462.4 462.6 462.9 463.2 463.5 463.5 463.8 464.1 464.3 464.6 464.8 465.1 465.0 465.5 465.7 465.9 466.0 466.3 466.4 466.5 467.0 467.2 467.4 467.6 468.0 468.2 468.4 468.7 469.0 469.2 469.5 469.8 470.2 470.5 470.8 471.2 471.5 471.8 472.1 472.2 472.3 472.7 472.4 472.4 472.4 472.8 472.9 473.1 473.4 473.5 473.8 474.1 474.3 474.5 474.4 474.5 474.9 475.0 475.3 475.5 475.4 475.5 475.6 475.7
