Examples/Ryggfonn/Input/tauc.asc
ncols 459
nrows 633
xllcorner 408397.75
yllcorner 6870084.11
cellsize 5.00000
NODATA_value -9999
[rows 204 to 237 of 633, columns 231 to 307 of 459]
469.2 469.3 469.5 469.7 469.8 470.0 470.0 470.0 470.0 469.9 469.9 469.7 469.7 469.6 469.6 469.5 469.4 469.4 469.3 469.3 469.2 469.1 469.0 468.9 468.8 468.8 468.6 468.6 468.5 468.5 468.5 468.5 468.5 468.4 468.4 468.3 468.3 468.3 468.3 468.3 468.4 468.3 468.2 468.1 468.0 467.6 466.9 465.4 464.5 464.1 463.7 463.5 463.1 462.7 462.6 462.5 462.3 462.3 461.9 461.5 461.2 461.0 461.0 460.4 460.2 459.9 459.4 459.0 458.5 458.2 457.9 457.5 457.2 456.9 456.8 456.4 456.2
469.4 469.7 469.8 470.0 470.1 470.1 470.1 470.0 470.0 469.9 469.8 469.8 469.7 469.6 469.5 469.5 469.4 469.3 469.2 469.3 469.2 469.2 469.1 469.0 468.9 468.8 468.7 468.5 468.6 468.6 468.5 468.5 468.4 468.3 468.3 468.3 468.2 468.1 468.2 468.2 468.3 468.3 468.2 468.1 468.0 467.9 467.4 466.8 465.2 464.2 463.9 463.4 463.2 462.8 462.5 462.4 462.4 462.3 462.0 461.6 461.4 461.2 461.2 460.7 460.3 460.1 459.5 458.9 458.2 458.0 457.8 457.5 457.3 457.0 456.8 456.5 456.1
469.7 469.9 470.2 470.2 470.1 470.1 470.1 470.0 470.0 469.9 469.9 469.9 469.7 469.6 469.5 469.5 469.4 469.4 469.2 469.3 469.3 469.2 469.2 469.1 468.9 468.9 468.8 468.7 468.7 468.5 468.5 468.4 468.4 468.3 468.2 468.2 468.2 468.2 468.2 468.1 468.2 468.3 468.3 468.1 467.9 467.8 467.5 467.0 465.7 464.3 464.1 463.5 463.4 463.0 462.8 462.5 462.4 462.4 461.9 461.8 461.5 461.5 461.5 461.1 460.9 460.2 459.7 459.0 458.4 458.0 457.7 457.5 457.2 457.0 456.6 456.4 456.1
469.9 470.2 470.2 470.2 470.2 470.1 470.0 470.0 470.0 469.9 469.8 469.7 469.6 469.6 469.6 469.5 469.5 469.5 469.4 469.3 469.3 469.2 469.1 469.1 469.0 468.9 468.8 468.7 468.7 468.6 468.5 468.4 468.4 468.3 468.2 468.1 468.1 468.0 468.0 468.1 468.0 468.1 468.2 468.0 467.9 467.7 467.7 467.3 466.7 465.6 464.6 464.2 463.4 463.3 462.7 462.6 462.4 462.5 462.0 462.0 461.6 461.6 461.7 461.4 461.2 460.4 459.9 459.2 458.4 458.0 457.9 457.5 457.2 456.9 456.3 456.2 456.0
470.3 470.3 470.3 470.2 470.1 470.1 470.1 470.0 470.0 469.9 469.7 469.7 469.6 469.7 469.7 469.6 469.6 469.5 469.5 469.3 469.3 469.2 469.2 469.1 469.0 468.9 468.8 468.7 468.7 468.6 468.5 468.4 468.3 468.2 468.2 468.1 468.0 468.0 467.9 467.9 467.9 467.9 467.9 468.1 467.8 467.6 467.6 467.4 466.9 466.1 465.3 464.3 463.8 463.4 463.2 462.7 462.7 462.7 462.3 462.1 461.8 461.6 461.6 461.5 461.4 460.9 460.4 459.8 459.0 458.4 457.8 457.4 457.0 456.8 456.3 456.1 455.9
470.4 470.4 470.2 470.2 470.2 470.2 470.0 470.0 469.9 469.8 469.8 469.7 469.8 469.8 469.8 469.7 469.7 469.6 469.5 469.4 469.3 469.2 469.2 469.1 469.0 468.9 468.9 468.8 468.7 468.6 468.5 468.5 468.4 468.3 468.2 468.1 468.0 468.0 467.9 467.9 467.8 467.8 467.8 467.8 467.7 467.6 467.5 467.4 467.0 466.3 466.1 465.2 464.1 463.5 463.2 463.2 463.1 463.0 462.4 461.9 461.7 461.6 461.5 461.4 461.4 461.2 460.9 460.3 459.6 458.7 457.7 457.4 457.0 456.6 456.3 456.0 455.7
470.5 470.3 470.3 470.3 470.2 470.1 470.1 470.0 469.9 469.8 469.9 469.8 469.8 469.8 469.8 469.7 469.7 469.6 469.5 469.5 469.4 469.3 469.2 469.1 469.1 469.0 468.9 468.8 468.7 468.7 468.6 468.5 468.4 468.3 468.3 468.2 468.2 468.1 468.0 467.9 467.8 467.7 467.7 467.7 467.8 467.5 467.4 467.4 467.0 466.9 466.1 465.6 465.0 464.4 463.5 463.3 463.3 462.9 462.5 462.0 461.6 461.5 461.3 461.3 461.3 461.2 461.0 460.5 459.9 458.9 458.2 457.4 457.0 456.5 456.1 455.9 455.6
470.5 470.4 470.3 470.2 470.2 470.2 470.1 470.1 470.1 470.0 469.9 470.0 470.0 469.9 469.9 469.8 469.7 469.6 469.5 469.4 469.4 469.3 469.2 469.2 469.1 469.0 468.9 468.8 468.8 468.7 468.6 468.5 468.5 468.4 468.4 468.3 468.2 468.2 468.1 468.0 467.9 467.8 467.7 467.6 467.7 467.4 467.3 467.2 467.2 466.9 466.5 465.7 465.3 464.8 463.9 463.5 463.1 462.7 462.3 461.9 461.5 461.3 461.2 461.1 461.2 461.1 460.9 460.6 460.1 459.1 458.3 457.6 457.0 456.5 456.1 455.9 455.5
470.5 470.3 470.3 470.3 470.3 470.3 470.2 470.2 470.2 470.1 470.1 470.1 470.0 470.0 469.6 469.8 469.8 469.6 469.5 469.4 469.4 469.3 469.2 469.2 469.1 469.0 469.0 468.8 468.8 468.8 468.8 468.7 468.7 468.6 468.5 468.4 468.4 468.2 468.0 467.9 467.8 467.8 467.7 467.6 467.5 467.3 467.2 467.1 467.0 467.0 466.7 466.0 465.4 464.9 464.0 463.4 462.9 462.6 462.3 461.8 461.4 461.2 461.1 461.1 461.0 460.9 460.9 460.4 460.2 459.4 458.3 457.7 457.0 456.5 456.1 455.7 455.4
470.4 470.3 470.5 470.4 470.3 470.4 470.3 470.3 470.2 470.2 470.1 470.0 470.0 469.9 469.8 469.7 469.7 469.6 469.6 469.5 469.5 469.4 469.4 469.3 469.2 469.1 469.0 469.0 468.9 468.8 468.7 468.7 468.6 468.5 468.5 468.4 468.4 468.3 468.2 467.9 467.7 467.7 467.6 467.5 467.4 467.4 467.1 466.8 466.8 466.7 466.6 466.2 465.7 465.1 463.8 463.1 462.6 462.3 462.0 461.7 461.5 461.3 461.2 461.1 460.9 460.9 460.7 460.5 460.1 459.4 458.4 457.7 457.1 456.5 456.0 455.5 455.2
470.4 470.5 470.4 470.4 470.3 470.5 470.5 470.4 470.3 470.2 470.1 470.0 470.0 469.9 469.9 469.8 469.7 469.7 469.6 469.6 469.5 469.4 469.3 469.3 469.2 469.1 469.1 469.0 468.9 468.8 468.7 468.6 468.5 468.4 468.3 468.3 468.2 468.0 468.0 468.1 468.0 467.7 467.6 467.6 467.5 467.3 467.2 467.1 466.8 466.6 466.5 466.3 465.9 465.2 464.3 463.2 462.9 462.6 462.3 462.0 461.9 461.8 461.7 461.5 461.2 461.0 460.4 460.2 459.9 459.4 458.7 457.7 457.0 456.4 456.0 455.5 455.3
470.6 470.5 470.5 470.5 470.4 470.6 470.4 470.4 470.2 470.2 470.1 470.0 470.0 470.0 469.9 469.8 469.7 469.7 469.6 469.6 469.5 469.4 469.3 469.3 469.2 469.1 469.0 468.9 468.9 468.8 468.7 468.6 468.5 468.4 468.4 468.3 468.2 468.0 467.7 467.7 467.8 467.9 467.8 467.5 467.3 467.2 467.2 467.0 466.9 466.6 466.4 466.3 466.0 465.5 464.6 464.0 463.2 462.8 462.4 462.2 461.8 461.5 461.3 461.2 461.0 461.0 460.8 460.5 460.1 459.7 458.9 457.9 457.1 456.3 455.8 455.5 455.2
470.6 470.5 470.6 470.5 470.6 470.5 470.4 470.3 470.2 470.2 470.2 470.1 470.0 469.9 469.9 469.9 469.8 469.7 469.5 469.5 469.5 469.4 469.4 469.2 469.2 469.1 469.0 468.9 468.9 468.8 468.7 468.6 468.5 468.4 468.4 468.2 468.1 468.0 467.8 467.5 467.4 467.5 467.6 467.5 467.4 467.1 466.9 466.8 466.7 466.6 466.5 466.4 466.1 465.5 464.8 464.0 463.3 462.6 462.2 461.8 461.6 461.3 460.9 460.8 460.7 460.6 460.7 460.4 460.1 459.6 459.0 458.2 457.3 456.2 455.7 455.3 455.1
470.5 470.6 470.6 470.6 470.8 470.6 470.5 470.3 470.3 470.2 470.2 470.1 470.0 470.0 469.9 469.9 469.8 469.7 469.7 469.5 469.5 469.4 469.3 469.2 469.2 469.1 469.0 468.9 468.8 468.8 468.7 468.6 468.5 468.4 468.3 468.2 468.0 467.9 467.9 467.8 467.5 467.2 467.3 467.3 467.3 467.2 466.9 466.6 466.3 466.1 466.1 465.9 465.9 465.7 464.3 463.9 463.4 462.5 462.2 461.9 461.7 461.4 461.2 460.9 460.5 460.2 460.2 460.1 460.0 459.6 458.9 458.2 457.5 456.4 455.7 455.5 455.1
470.6 470.7 470.6 470.8 470.7 470.6 470.5 470.5 470.4 470.3 470.2 470.1 470.1 470.0 470.0 470.0 469.9 469.8 469.6 469.6 469.5 469.4 469.4 469.3 469.2 469.0 468.9 468.9 468.8 468.7 468.6 468.5 468.4 468.3 468.3 468.1 468.0 467.8 467.8 467.8 467.6 467.4 467.1 467.0 467.1 467.1 467.0 466.8 466.5 466.3 466.1 465.9 465.8 465.6 464.2 463.8 463.4 462.7 462.1 461.8 461.5 461.3 461.1 460.8 460.6 460.2 459.8 459.6 459.6 459.4 458.8 458.2 457.4 456.5 455.7 455.3 455.1
470.7 470.8 470.8 470.8 470.6 470.6 470.6 470.5 470.4 470.3 470.2 470.2 470.1 470.0 470.0 470.0 469.9 469.7 469.7 469.6 469.5 469.5 469.4 469.3 469.1 469.0 468.9 468.8 468.8 468.7 468.6 468.4 468.3 468.2 468.0 467.9 467.8 467.7 467.7 467.6 467.3 467.1 467.0 466.8 466.7 466.8 466.8 466.7 466.6 466.3 466.1 465.9 465.8 465.5 464.5 463.9 463.3 462.7 462.2 461.8 461.5 461.2 460.9 460.6 460.4 460.1 459.8 459.5 459.2 459.0 458.5 458.2 457.6 456.7 455.6 455.3 454.9
470.8 470.8 470.9 470.7 470.7 470.7 470.6 470.5 470.4 470.3 470.3 470.2 470.1 470.1 470.0 470.0 469.9 469.8 469.7 469.6 469.5 469.5 469.4 469.2 469.1 469.1 468.9 468.9 468.8 468.7 468.5 468.4 468.2 468.1 468.0 467.8 467.7 467.6 467.5 467.3 467.1 466.9 466.8 466.7 466.6 466.5 466.5 466.5 466.4 466.3 466.1 465.9 465.8 465.5 464.8 464.3 463.4 462.8 462.3 461.9 461.5 461.2 460.9 460.7 460.4 460.1 459.8 459.4 459.2 458.7 458.3 457.9 457.5 456.7 455.5 455.2 454.9
470.9 470.9 470.8 470.8 470.7 470.7 470.6 470.5 470.5 470.5 470.3 470.3 470.2 470.1 470.0 470.0 469.9 469.8 469.7 469.6 469.6 469.5 469.4 469.3 469.2 469.1 469.0 468.9 468.9 468.7 468.5 468.4 468.2 468.0 467.9 467.8 467.6 467.5 467.3 467.2 467.1 466.9 466.8 466.6 466.5 466.4 466.3 466.3 466.2 466.2 465.8 465.7 465.6 465.5 464.7 464.2 463.4 462.7 462.2 461.8 461.5 461.1 460.8 460.4 460.1 460.0 459.5 459.4 459.0 458.5 458.2 457.8 457.3 456.6 455.5 455.0 454.7
470.9 470.9 470.9 470.9 470.7 470.7 470.7 470.7 470.5 470.3 470.3 470.2 470.2 470.1 470.1 470.0 470.0 469.9 469.8 469.8 469.7 469.6 469.5 469.5 469.4 469.3 469.2 469.0 468.9 468.8 468.6 468.4 468.2 468.0 467.9 467.7 467.6 467.5 467.3 467.1 466.9 466.8 466.7 466.6 466.5 466.3 466.2 466.1 466.2 466.0 465.6 465.3 465.4 465.4 464.9 464.4 463.6 462.7 462.0 461.7 461.5 461.0 460.5 460.3 459.9 459.6 459.5 459.1 458.9 458.4 458.0 457.6 457.2 456.6 455.5 454.9 454.5
470.9 470.9 470.7 470.7 470.8 470.8 470.6 470.4 470.4 470.3 470.3 470.2 470.2 470.1 470.0 470.0 470.0 469.9 469.9 469.8 469.6 469.5 469.4 469.3 469.4 469.3 469.2 469.1 468.9 468.8 468.6 468.5 468.3 468.1 468.0 467.8 467.6 467.4 467.3 467.1 466.9 466.7 466.6 466.5 466.5 466.2 466.1 466.0 466.0 465.9 465.5 465.1 465.2 465.1 464.9 464.5 464.0 462.8 462.1 461.6 461.1 460.8 460.5 460.2 459.8 459.5 459.2 459.0 458.7 458.3 457.8 457.6 457.2 456.6 455.6 454.8 454.3
471.0 470.8 470.7 470.6 470.5 470.5 470.5 470.4 470.3 470.3 470.3 470.2 470.1 470.0 470.0 470.0 470.0 469.9 469.9 469.9 469.6 469.4 469.3 469.2 469.2 469.2 469.2 469.1 468.9 468.8 468.6 468.5 468.4 468.2 468.1 468.0 467.8 467.6 467.3 467.1 466.9 466.7 466.5 466.4 466.3 466.0 465.9 465.8 465.7 465.7 465.4 465.2 465.0 465.0 464.9 464.4 463.9 463.0 462.3 462.0 461.5 461.1 460.6 460.1 459.7 459.3 459.0 458.7 458.3 458.2 457.8 457.4 457.0 456.3 455.5 454.7 454.3
470.9 470.7 470.7 470.6 470.5 470.5 470.4 470.4 470.3 470.2 470.2 470.1 470.0 470.0 469.9 469.9 469.9 469.9 469.9 469.7 469.6 469.5 469.2 469.1 469.1 469.1 469.1 469.0 468.9 468.8 468.7 468.6 468.4 468.2 468.1 467.9 467.8 467.6 467.4 467.2 466.9 466.6 466.4 466.3 466.2 466.0 465.8 465.6 465.5 465.4 465.2 465.2 465.0 464.9 464.6 464.3 463.7 462.9 462.5 462.3 462.0 461.5 461.1 460.7 460.2 459.6 458.9 458.5 458.2 457.8 457.7 457.3 456.7 456.1 455.4 454.5 454.0
470.8 470.7 470.6 470.5 470.5 470.5 470.4 470.4 470.3 470.2 470.1 470.0 470.0 469.9 469.8 469.8 469.7 469.8 469.7 469.6 469.4 469.4 469.2 469.0 468.9 468.9 469.1 469.0 469.0 468.9 468.7 468.6 468.4 468.2 468.1 467.9 467.7 467.5 467.3 467.2 466.8 466.6 466.4 466.3 466.1 465.9 465.7 465.5 465.3 465.2 465.0 464.9 464.9 464.7 464.5 464.2 463.3 462.3 462.1 461.9 461.6 461.5 461.2 460.8 460.4 460.0 459.5 458.8 458.2 457.8 457.7 457.3 456.7 455.9 455.2 454.5 453.9
470.7 470.7 470.6 470.5 470.4 470.5 470.4 470.3 470.2 470.1 470.0 469.9 469.8 469.8 469.7 469.7 469.6 469.7 469.4 469.3 469.3 469.3 469.1 468.9 468.8 468.8 468.8 469.0 469.0 468.8 468.7 468.5 468.3 468.2 468.0 467.8 467.6 467.5 467.3 467.1 466.8 466.4 466.4 466.1 466.0 465.7 465.5 465.4 465.2 465.0 464.9 464.8 464.7 464.6 464.3 464.0 463.2 462.3 461.8 461.3 461.0 460.7 460.5 460.5 460.2 459.9 459.6 459.2 458.7 458.3 458.0 457.2 456.6 455.8 454.8 454.0 453.5
470.7 470.6 470.5 470.4 470.4 470.4 470.4 470.3 470.2 470.1 469.9 469.9 469.7 469.6 469.6 469.5 469.5 469.5 469.4 469.2 469.1 469.1 469.0 468.7 468.7 468.6 468.6 468.9 468.9 468.8 468.5 468.4 468.3 468.1 467.9 467.7 467.5 467.3 467.1 466.9 466.7 466.5 466.2 466.0 465.8 465.5 465.3 465.1 465.0 464.8 464.8 464.5 464.5 464.4 463.6 463.5 463.0 462.4 461.9 461.4 461.0 460.7 460.5 460.1 459.6 459.2 459.0 458.9 458.7 458.3 458.1 457.3 456.4 455.3 454.6 453.9 453.3
470.6 470.5 470.4 470.3 470.3 470.2 470.3 470.3 470.1 470.0 469.9 469.8 469.6 469.6 469.5 469.4 469.3 469.4 469.3 469.2 469.0 468.9 468.9 468.8 468.6 468.5 468.5 468.7 468.5 468.5 468.4 468.3 468.1 467.9 467.7 467.4 467.3 467.1 466.9 466.6 466.5 466.2 466.0 465.9 465.7 465.4 465.2 465.0 464.8 464.6 464.5 464.3 464.3 464.2 463.6 463.0 462.7 462.2 461.8 461.4 461.1 460.9 460.7 460.1 459.5 459.1 458.5 458.2 458.2 458.2 457.9 457.4 456.4 454.8 454.7 453.9 453.2
470.5 470.4 470.4 470.3 470.2 470.1 470.1 470.1 470.2 470.0 469.9 469.8 469.6 469.6 469.4 469.3 469.3 469.2 469.2 469.1 469.0 468.9 468.8 468.8 468.5 468.4 468.3 468.4 468.3 468.3 468.2 468.1 467.9 467.7 467.5 467.3 467.0 466.9 466.7 466.3 466.2 465.9 465.8 465.5 465.5 465.3 465.0 464.8 464.6 464.5 464.3 464.2 464.0 463.9 463.6 463.1 462.6 462.2 461.8 461.5 461.3 461.2 460.6 460.1 459.6 459.2 458.6 458.0 457.7 457.6 457.4 457.0 456.3 454.7 454.5 453.9 453.2
470.6 470.4 470.4 470.2 470.2 470.1 470.0 469.9 469.9 469.9 469.9 469.8 469.6 469.5 469.4 469.3 469.2 469.0 469.0 468.9 469.0 468.9 468.8 468.7 468.5 468.2 468.1 468.1 468.2 468.1 467.9 468.0 467.8 467.6 467.4 467.1 466.9 466.6 466.4 466.1 465.9 465.6 465.4 465.3 465.1 465.0 464.8 464.5 464.2 464.2 464.1 464.0 463.8 463.8 463.5 463.1 462.6 462.2 461.8 461.5 461.3 461.2 460.9 460.2 459.7 459.1 458.6 457.9 457.4 457.2 457.1 456.6 455.1 454.4 453.9 453.3 452.8
470.6 470.5 470.3 470.2 470.2 470.1 470.0 469.9 469.8 469.7 469.7 469.6 469.4 469.4 469.3 469.1 469.0 468.8 468.7 468.7 468.9 468.8 468.7 468.6 468.4 468.0 467.9 467.8 467.8 467.7 467.4 467.4 467.5 467.4 467.1 466.9 466.6 466.4 466.2 466.0 465.7 465.4 465.1 464.9 464.8 464.7 464.4 464.2 464.0 463.9 463.8 463.7 463.5 463.6 463.5 463.2 462.7 462.3 461.8 461.4 461.1 460.9 460.7 460.2 459.8 459.2 458.8 458.1 457.0 456.4 456.6 456.0 455.0 454.3 453.8 453.2 452.7
470.4 470.4 470.5 470.4 470.2 470.0 469.9 469.9 469.8 469.7 469.6 469.5 469.4 469.3 469.2 469.1 468.9 468.8 468.7 468.6 468.6 468.7 468.7 468.6 468.3 468.2 467.9 467.8 467.6 467.5 467.4 467.2 467.0 467.0 466.9 466.6 466.4 466.2 466.0 465.7 465.5 465.2 464.9 464.7 464.6 464.2 463.9 463.9 463.8 463.6 463.5 463.4 463.3 463.2 463.2 462.8 462.7 462.3 462.0 461.6 460.9 460.7 460.5 460.3 459.8 459.2 458.8 458.2 456.1 455.9 455.8 455.5 454.7 453.9 453.6 452.8 452.6
470.4 470.3 470.3 470.2 470.2 470.2 470.0 469.8 469.8 469.7 469.5 469.5 469.3 469.2 469.1 469.0 469.0 468.8 468.6 468.5 468.4 468.5 468.4 468.3 468.1 468.0 467.9 467.7 467.5 467.4 467.3 467.2 466.9 466.7 466.5 466.4 466.2 465.9 465.7 465.4 465.2 464.9 464.6 464.4 464.1 463.9 463.6 463.5 463.4 463.3 463.1 463.1 463.0 462.9 462.8 462.6 462.3 462.1 461.8 461.4 461.0 460.6 460.3 460.0 459.5 458.9 458.2 457.6 456.1 455.5 455.2 455.2 454.7 453.6 453.1 452.4 452.3
470.3 470.3 470.2 470.0 469.9 469.9 469.8 469.8 469.7 469.6 469.6 469.4 469.3 469.2 469.1 469.0 468.9 468.8 468.6 468.5 468.4 468.2 468.1 468.1 468.0 467.9 467.8 467.7 467.4 467.4 467.1 467.0 466.9 466.6 466.5 466.3 466.1 465.7 465.4 465.1 464.9 464.6 464.3 464.1 463.8 463.7 463.4 463.1 463.1 463.0 462.8 462.7 462.7 462.6 462.4 462.4 462.1 461.7 461.4 461.3 460.9 460.4 460.1 459.8 459.2 458.4 457.7 456.8 455.4 455.0 454.9 454.5 454.5 453.4 452.8 452.1 451.7
470.3 470.2 470.1 470.1 469.9 469.8 469.7 469.6 469.6 469.5 469.4 469.3 469.0 469.0 468.9 468.9 468.9 468.8 468.6 468.3 468.3 468.2 468.1 467.9 467.9 467.7 467.6 467.5 467.5 467.2 467.0 466.8 466.8 466.5 466.4 466.2 465.9 465.5 465.2 465.0 464.7 464.4 464.0 463.9 463.6 463.3 463.0 462.7 462.7 462.6 462.4 462.4 462.2 462.2 462.1 461.9 461.9 461.5 461.1 460.9 460.7 460.3 459.9 459.5 458.9 458.1 457.1 456.5 455.5 454.7 454.0 454.0 453.6 453.1 452.8 452.1 451.6
470.2 470.1 470.0 470.0 469.9 469.8 469.7 469.6 469.5 469.4 469.3 469.2 469.0 468.8 468.7 468.7 468.7 468.7 468.5 468.2 468.1 468.2 467.9 467.8 467.7 467.5 467.4 467.3 467.3 467.4 466.9 466.8 466.6 466.4 466.3 466.2 466.0 465.5 465.1 464.7 464.4 464.2 463.9 463.6 463.3 462.9 462.7 462.4 462.3 462.3 462.2 462.0 461.9 461.7 461.7 461.7 461.5 461.3 460.9 460.6 460.5 460.2 459.8 459.3 458.7 457.9 456.9 456.0 455.3 454.4 453.7 453.5 453.2 452.6 452.3 451.8 451.3
