Examples/Simple_configurations/Gully/gully.csv
ncols         21
nrows       1001
xllcorner   -2.5
yllcorner  -52.5
cellsize     5.0
[rows 378 to 503 of 1001, columns 0 to 20 of 21]
1577.5 1582.5 1580 1575 1570 1565 1560 1555 1555 1555 1555 1555 1555 1555 1555 1555 1555 1555 1560 1565 1570
1575 1580 1577.5 1572.5 1567.5 1562.5 1557.5 1552.5 1552.5 1552.5 1552.5 1552.5 1552.5 1552.5 1552.5 1552.5 1552.5 1552.5 1557.5 1562.5 1567.5
1572.5 1577.5 1575 1570 1565 1560 1555 1550 1550 1550 1550 1550 1550 1550 1550 1550 1550 1550 1555 1560 1565
1570 1575 1572.5 1567.5 1562.5 1557.5 1552.5 1547.5 1547.5 1547.5 1547.5 1547.5 1547.5 1547.5 1547.5 1547.5 1547.5 1547.5 1552.5 1557.5 1562.5
1567.5 1572.5 1570 1565 1560 1555 1550 1545 1545 1545 1545 1545 1545 1545 1545 1545 1545 1545 1550 1555 1560
1565 1570 1567.5 1562.5 1557.5 1552.5 1547.5 1542.5 1542.5 1542.5 1542.5 1542.5 1542.5 1542.5 1542.5 1542.5 1542.5 1542.5 1547.5 1552.5 1557.5
1562.5 1567.5 1565 1560 1555 1550 1545 1540 1540 1540 1540 1540 1540 1540 1540 1540 1540 1540 1545 1550 1555
1560 1565 1562.5 1557.5 1552.5 1547.5 1542.5 1537.5 1537.5 1537.5 1537.5 1537.5 1537.5 1537.5 1537.5 1537.5 1537.5 1537.5 1542.5 1547.5 1552.5
1557.5 1562.5 1560 1555 1550 1545 1540 1535 1535 1535 1535 1535 1535 1535 1535 1535 1535 1535 1540 1545 1550
1555 1560 1557.5 1552.5 1547.5 1542.5 1537.5 1532.5 1532.5 1532.5 1532.5 1532.5 1532.5 1532.5 1532.5 1532.5 1532.5 1532.5 1537.5 1542.5 1547.5
1552.5 1557.5 1555 1550 1545 1540 1535 1530 1530 1530 1530 1530 1530 1530 1530 1530 1530 1530 1535 1540 1545
1550 1555 1552.5 1547.5 1542.5 1537.5 1532.5 1527.5 1527.5 1527.5 1527.5 1527.5 1527.5 1527.5 1527.5 1527.5 1527.5 1527.5 1532.5 1537.5 1542.5
1547.5 1552.5 1550 1545 1540 1535 1530 1525 1525 1525 1525 1525 1525 1525 1525 1525 1525 1525 1530 1535 1540
1545 1550 1547.5 1542.5 1537.5 1532.5 1527.5 1522.5 1522.5 1522.5 1522.5 1522.5 1522.5 1522.5 1522.5 1522.5 1522.5 1522.5 1527.5 1532.5 1537.5
1542.5 1547.5 1545 1540 1535 1530 1525 1520 1520 1520 1520 1520 1520 1520 1520 1520 1520 1520 1525 1530 1535
1540 1545 1542.5 1537.5 1532.5 1527.5 1522.5 1517.5 1517.5 1517.5 1517.5 1517.5 1517.5 1517.5 1517.5 1517.5 1517.5 1517.5 1522.5 1527.5 1532.5
1537.5 1542.5 1540 1535 1530 1525 1520 1515 1515 1515 1515 1515 1515 1515 1515 1515 1515 1515 1520 1525 1530
1535 1540 1537.5 1532.5 1527.5 1522.5 1517.5 1512.5 1512.5 1512.5 1512.5 1512.5 1512.5 1512.5 1512.5 1512.5 1512.5 1512.5 1517.5 1522.5 1527.5
1532.5 1537.5 1535 1530 1525 1520 1515 1510 1510 1510 1510 1510 1510 1510 1510 1510 1510 1510 1515 1520 1525
1530 1535 1532.5 1527.5 1522.5 1517.5 1512.5 1507.5 1507.5 1507.5 1507.5 1507.5 1507.5 1507.5 1507.5 1507.5 1507.5 1507.5 1512.5 1517.5 1522.5
1527.5 1532.5 1530 1525 1520 1515 1510 1505 1505 1505 1505 1505 1505 1505 1505 1505 1505 1505 1510 1515 1520
1525 1530 1527.5 1522.5 1517.5 1512.5 1507.5 1502.5 1502.5 1502.5 1502.5 1502.5 1502.5 1502.5 1502.5 1502.5 1502.5 1502.5 1507.5 1512.5 1517.5
1522.5 1527.5 1525 1520 1515 1510 1505 1500 1500 1500 1500 1500 1500 1500 1500 1500 1500 1500 1505 1510 1515
1520 1525 1522.5 1517.5 1512.5 1507.5 1502.5 1497.5 1497.5 1497.5 1497.5 1497.5 1497.5 1497.5 1497.5 1497.5 1497.5 1497.5 1502.5 1507.5 1512.5
1517.5 1522.5 1520 1515 1510 1505 1500 1495 1495 1495 1495 1495 1495 1495 1495 1495 1495 1495 1500 1505 1510
1515 1520 1517.5 1512.5 1507.5 1502.5 1497.5 1492.5 1492.5 1492.5 1492.5 1492.5 1492.5 1492.5 1492.5 1492.5 1492.5 1492.5 1497.5 1502.5 1507.5
1512.5 1517.5 1515 1510 1505 1500 1495 1490 1490 1490 1490 1490 1490 1490 1490 1490 1490 1490 1495 1500 1505
1510 1515 1512.5 1507.5 1502.5 1497.5 1492.5 1487.5 1487.5 1487.5 1487.5 1487.5 1487.5 1487.5 1487.5 1487.5 1487.5 1487.5 1492.5 1497.5 1502.5
1507.5 1512.5 1510 1505 1500 1495 1490 1485 1485 1485 1485 1485 1485 1485 1485 1485 1485 1485 1490 1495 1500
1505 1510 1507.5 1502.5 1497.5 1492.5 1487.5 1482.5 1482.5 1482.5 1482.5 1482.5 1482.5 1482.5 1482.5 1482.5 1482.5 1482.5 1487.5 1492.5 1497.5
1502.5 1507.5 1505 1500 1495 1490 1485 1480 1480 1480 1480 1480 1480 1480 1480 1480 1480 1480 1485 1490 1495
1500 1505 1502.5 1497.5 1492.5 1487.5 1482.5 1477.5 1477.5 1477.5 1477.5 1477.5 1477.5 1477.5 1477.5 1477.5 1477.5 1477.5 1482.5 1487.5 1492.5
1497.5 1502.5 1500 1495 1490 1485 1480 1475 1475 1475 1475 1475 1475 1475 1475 1475 1475 1475 1480 1485 1490
1495 1500 1497.5 1492.5 1487.5 1482.5 1477.5 1472.5 1472.5 1472.5 1472.5 1472.5 1472.5 1472.5 1472.5 1472.5 1472.5 1472.5 1477.5 1482.5 1487.5
1492.5 1497.5 1495 1490 1485 1480 1475 1470 1470 1470 1470 1470 1470 1470 1470 1470 1470 1470 1475 1480 1485
1490 1495 1492.5 1487.5 1482.5 1477.5 1472.5 1467.5 1467.5 1467.5 1467.5 1467.5 1467.5 1467.5 1467.5 1467.5 1467.5 1467.5 1472.5 1477.5 1482.5
1487.5 1492.5 1490 1485 1480 1475 1470 1465 1465 1465 1465 1465 1465 1465 1465 1465 1465 1465 1470 1475 1480
1485 1490 1487.5 1482.5 1477.5 1472.5 1467.5 1462.5 1462.5 1462.5 1462.5 1462.5 1462.5 1462.5 1462.5 1462.5 1462.5 1462.5 1467.5 1472.5 1477.5
1482.5 1487.5 1485 1480 1475 1470 1465 1460 1460 1460 1460 1460 1460 1460 1460 1460 1460 1460 1465 1470 1475
1480 1485 1482.5 1477.5 1472.5 1467.5 1462.5 1457.5 1457.5 1457.5 1457.5 1457.5 1457.5 1457.5 1457.5 1457.5 1457.5 1457.5 1462.5 1467.5 1472.5
1477.5 1482.5 1480 1475 1470 1465 1460 1455 1455 1455 1455 1455 1455 1455 1455 1455 1455 1455 1460 1465 1470
1475 1480 1477.5 1472.5 1467.5 1462.5 1457.5 1452.5 1452.5 1452.5 1452.5 1452.5 1452.5 1452.5 1452.5 1452.5 1452.5 1452.5 1457.5 1462.5 1467.5
1472.5 1477.5 1475 1470 1465 1460 1455 1450 1450 1450 1450 1450 1450 1450 1450 1450 1450 1450 1455 1460 1465
1470 1475 1472.5 1467.5 1462.5 1457.5 1452.5 1447.5 1447.5 1447.5 1447.5 1447.5 1447.5 1447.5 1447.5 1447.5 1447.5 1447.5 1452.5 1457.5 1462.5
1467.5 1472.5 1470 1465 1460 1455 1450 1445 1445 1445 1445 1445 1445 1445 1445 1445 1445 1445 1450 1455 1460
1465 1470 1467.5 1462.5 1457.5 1452.5 1447.5 1442.5 1442.5 1442.5 1442.5 1442.5 1442.5 1442.5 1442.5 1442.5 1442.5 1442.5 1447.5 1452.5 1457.5
1462.5 1467.5 1465 1460 1455 1450 1445 1440 1440 1440 1440 1440 1440 1440 1440 1440 1440 1440 1445 1450 1455
1460 1465 1462.5 1457.5 1452.5 1447.5 1442.5 1437.5 1437.5 1437.5 1437.5 1437.5 1437.5 1437.5 1437.5 1437.5 1437.5 1437.5 1442.5 1447.5 1452.5
1457.5 1462.5 1460 1455 1450 1445 1440 1435 1435 1435 1435 1435 1435 1435 1435 1435 1435 1435 1440 1445 1450
1455 1460 1457.5 1452.5 1447.5 1442.5 1437.5 1432.5 1432.5 1432.5 1432.5 1432.5 1432.5 1432.5 1432.5 1432.5 1432.5 1432.5 1437.5 1442.5 1447.5
1452.5 1457.5 1455 1450 1445 1440 1435 1430 1430 1430 1430 1430 1430 1430 1430 1430 1430 1430 1435 1440 1445
1450 1455 1452.5 1447.5 1442.5 1437.5 1432.5 1427.5 1427.5 1427.5 1427.5 1427.5 1427.5 1427.5 1427.5 1427.5 1427.5 1427.5 1432.5 1437.5 1442.5
1447.5 1452.5 1450 1445 1440 1435 1430 1425 1425 1425 1425 1425 1425 1425 1425 1425 1425 1425 1430 1435 1440
1445 1450 1447.5 1442.5 1437.5 1432.5 1427.5 1422.5 1422.5 1422.5 1422.5 1422.5 1422.5 1422.5 1422.5 1422.5 1422.5 1422.5 1427.5 1432.5 1437.5
1442.5 1447.5 1445 1440 1435 1430 1425 1420 1420 1420 1420 1420 1420 1420 1420 1420 1420 1420 1425 1430 1435
1440 1445 1442.5 1437.5 1432.5 1427.5 1422.5 1417.5 1417.5 1417.5 1417.5 1417.5 1417.5 1417.5 1417.5 1417.5 1417.5 1417.5 1422.5 1427.5 1432.5
1437.5 1442.5 1440 1435 1430 1425 1420 1415 1415 1415 1415 1415 1415 1415 1415 1415 1415 1415 1420 1425 1430
1435 1440 1437.5 1432.5 1427.5 1422.5 1417.5 1412.5 1412.5 1412.5 1412.5 1412.5 1412.5 1412.5 1412.5 1412.5 1412.5 1412.5 1417.5 1422.5 1427.5
1432.5 1437.5 1435 1430 1425 1420 1415 1410 1410 1410 1410 1410 1410 1410 1410 1410 1410 1410 1415 1420 1425
1430 1435 1432.5 1427.5 1422.5 1417.5 1412.5 1407.5 1407.5 1407.5 1407.5 1407.5 1407.5 1407.5 1407.5 1407.5 1407.5 1407.5 1412.5 1417.5 1422.5
1427.5 1432.5 1430 1425 1420 1415 1410 1405 1405 1405 1405 1405 1405 1405 1405 1405 1405 1405 1410 1415 1420
1425 1430 1427.5 1422.5 1417.5 1412.5 1407.5 1402.5 1402.5 1402.5 1402.5 1402.5 1402.5 1402.5 1402.5 1402.5 1402.5 1402.5 1407.5 1412.5 1417.5
1422.5 1427.5 1425 1420 1415 1410 1405 1400 1400 1400 1400 1400 1400 1400 1400 1400 1400 1400 1405 1410 1415
1420 1425 1422.5 1417.5 1412.5 1407.5 1402.5 1397.5 1397.5 1397.5 1397.5 1397.5 1397.5 1397.5 1397.5 1397.5 1397.5 1397.5 1402.5 1407.5 1412.5
1417.5 1422.5 1420 1415 1410 1405 1400 1395 1395 1395 1395 1395 1395 1395 1395 1395 1395 1395 1400 1405 1410
1415 1420 1417.5 1412.5 1407.5 1402.5 1397.5 1392.5 1392.5 1392.5 1392.5 1392.5 1392.5 1392.5 1392.5 1392.5 1392.5 1392.5 1397.5 1402.5 1407.5
1412.5 1417.5 1415 1410 1405 1400 1395 1390 1390 1390 1390 1390 1390 1390 1390 1390 1390 1390 1395 1400 1405
1410 1415 1412.5 1407.5 1402.5 1397.5 1392.5 1387.5 1387.5 1387.5 1387.5 1387.5 1387.5 1387.5 1387.5 1387.5 1387.5 1387.5 1392.5 1397.5 1402.5
1407.5 1412.5 1410 1405 1400 1395 1390 1385 1385 1385 1385 1385 1385 1385 1385 1385 1385 1385 1390 1395 1400
1405 1410 1407.5 1402.5 1397.5 1392.5 1387.5 1382.5 1382.5 1382.5 1382.5 1382.5 1382.5 1382.5 1382.5 1382.5 1382.5 1382.5 1387.5 1392.5 1397.5
1402.5 1407.5 1405 1400 1395 1390 1385 1380 1380 1380 1380 1380 1380 1380 1380 1380 1380 1380 1385 1390 1395
1400 1405 1402.5 1397.5 1392.5 1387.5 1382.5 1377.5 1377.5 1377.5 1377.5 1377.5 1377.5 1377.5 1377.5 1377.5 1377.5 1377.5 1382.5 1387.5 1392.5
1397.5 1402.5 1400 1395 1390 1385 1380 1375 1375 1375 1375 1375 1375 1375 1375 1375 1375 1375 1380 1385 1390
1395 1400 1397.5 1392.5 1387.5 1382.5 1377.5 1372.5 1372.5 1372.5 1372.5 1372.5 1372.5 1372.5 1372.5 1372.5 1372.5 1372.5 1377.5 1382.5 1387.5
1392.5 1397.5 1395 1390 1385 1380 1375 1370 1370 1370 1370 1370 1370 1370 1370 1370 1370 1370 1375 1380 1385
1390 1395 1392.5 1387.5 1382.5 1377.5 1372.5 1367.5 1367.5 1367.5 1367.5 1367.5 1367.5 1367.5 1367.5 1367.5 1367.5 1367.5 1372.5 1377.5 1382.5
1387.5 1392.5 1390 1385 1380 1375 1370 1365 1365 1365 1365 1365 1365 1365 1365 1365 1365 1365 1370 1375 1380
1385 1390 1387.5 1382.5 1377.5 1372.5 1367.5 1362.5 1362.5 1362.5 1362.5 1362.5 1362.5 1362.5 1362.5 1362.5 1362.5 1362.5 1367.5 1372.5 1377.5
1382.5 1387.5 1385 1380 1375 1370 1365 1360 1360 1360 1360 1360 1360 1360 1360 1360 1360 1360 1365 1370 1375
1380 1385 1382.5 1377.5 1372.5 1367.5 1362.5 1357.5 1357.5 1357.5 1357.5 1357.5 1357.5 1357.5 1357.5 1357.5 1357.5 1357.5 1362.5 1367.5 1372.5
1377.5 1382.5 1380 1375 1370 1365 1360 1355 1355 1355 1355 1355 1355 1355 1355 1355 1355 1355 1360 1365 1370
1375 1380 1377.5 1372.5 1367.5 1362.5 1357.5 1352.5 1352.5 1352.5 1352.5 1352.5 1352.5 1352.5 1352.5 1352.5 1352.5 1352.5 1357.5 1362.5 1367.5
1372.5 1377.5 1375 1370 1365 1360 1355 1350 1350 1350 1350 1350 1350 1350 1350 1350 1350 1350 1355 1360 1365
1370 1375 1372.5 1367.5 1362.5 1357.5 1352.5 1347.5 1347.5 1347.5 1347.5 1347.5 1347.5 1347.5 1347.5 1347.5 1347.5 1347.5 1352.5 1357.5 1362.5
1367.5 1372.5 1370 1365 1360 1355 1350 1345 1345 1345 1345 1345 1345 1345 1345 1345 1345 1345 1350 1355 1360
1365 1370 1367.5 1362.5 1357.5 1352.5 1347.5 1342.5 1342.5 1342.5 1342.5 1342.5 1342.5 1342.5 1342.5 1342.5 1342.5 1342.5 1347.5 1352.5 1357.5
1362.5 1367.5 1365 1360 1355 1350 1345 1340 1340 1340 1340 1340 1340 1340 1340 1340 1340 1340 1345 1350 1355
1360 1365 1362.5 1357.5 1352.5 1347.5 1342.5 1337.5 1337.5 1337.5 1337.5 1337.5 1337.5 1337.5 1337.5 1337.5 1337.5 1337.5 1342.5 1347.5 1352.5
1357.5 1362.5 1360 1355 1350 1345 1340 1335 1335 1335 1335 1335 1335 1335 1335 1335 1335 1335 1340 1345 1350
1355 1360 1357.5 1352.5 1347.5 1342.5 1337.5 1332.5 1332.5 1332.5 1332.5 1332.5 1332.5 1332.5 1332.5 1332.5 1332.5 1332.5 1337.5 1342.5 1347.5
1352.5 1357.5 1355 1350 1345 1340 1335 1330 1330 1330 1330 1330 1330 1330 1330 1330 1330 1330 1335 1340 1345
1350 1355 1352.5 1347.5 1342.5 1337.5 1332.5 1327.5 1327.5 1327.5 1327.5 1327.5 1327.5 1327.5 1327.5 1327.5 1327.5 1327.5 1332.5 1337.5 1342.5
1347.5 1352.5 1350 1345 1340 1335 1330 1325 1325 1325 1325 1325 1325 1325 1325 1325 1325 1325 1330 1335 1340
1345 1350 1347.5 1342.5 1337.5 1332.5 1327.5 1322.5 1322.5 1322.5 1322.5 1322.5 1322.5 1322.5 1322.5 1322.5 1322.5 1322.5 1327.5 1332.5 1337.5
1342.5 1347.5 1345 1340 1335 1330 1325 1320 1320 1320 1320 1320 1320 1320 1320 1320 1320 1320 1325 1330 1335
1340 1345 1342.5 1337.5 1332.5 1327.5 1322.5 1317.5 1317.5 1317.5 1317.5 1317.5 1317.5 1317.5 1317.5 1317.5 1317.5 1317.5 1322.5 1327.5 1332.5
1337.5 1342.5 1340 1335 1330 1325 1320 1315 1315 1315 1315 1315 1315 1315 1315 1315 1315 1315 1320 1325 1330
1335 1340 1337.5 1332.5 1327.5 1322.5 1317.5 1312.5 1312.5 1312.5 1312.5 1312.5 1312.5 1312.5 1312.5 1312.5 1312.5 1312.5 1317.5 1322.5 1327.5
1332.5 1337.5 1335 1330 1325 1320 1315 1310 1310 1310 1310 1310 1310 1310 1310 1310 1310 1310 1315 1320 1325
1330 1335 1332.5 1327.5 1322.5 1317.5 1312.5 1307.5 1307.5 1307.5 1307.5 1307.5 1307.5 1307.5 1307.5 1307.5 1307.5 1307.5 1312.5 1317.5 1322.5
1327.5 1332.5 1330 1325 1320 1315 1310 1305 1305 1305 1305 1305 1305 1305 1305 1305 1305 1305 1310 1315 1320
1325 1330 1327.5 1322.5 1317.5 1312.5 1307.5 1302.5 1302.5 1302.5 1302.5 1302.5 1302.5 1302.5 1302.5 1302.5 1302.5 1302.5 1307.5 1312.5 1317.5
1322.5 1327.5 1325 1320 1315 1310 1305 1300 1300 1300 1300 1300 1300 1300 1300 1300 1300 1300 1305 1310 1315
1320 1325 1322.5 1317.5 1312.5 1307.5 1302.5 1297.5 1297.5 1297.5 1297.5 1297.5 1297.5 1297.5 1297.5 1297.5 1297.5 1297.5 1302.5 1307.5 1312.5
1317.5 1322.5 1320 1315 1310 1305 1300 1295 1295 1295 1295 1295 1295 1295 1295 1295 1295 1295 1300 1305 1310
1315 1320 1317.5 1312.5 1307.5 1302.5 1297.5 1292.5 1292.5 1292.5 1292.5 1292.5 1292.5 1292.5 1292.5 1292.5 1292.5 1292.5 1297.5 1302.5 1307.5
1312.5 1317.5 1315 1310 1305 1300 1295 1290 1290 1290 1290 1290 1290 1290 1290 1290 1290 1290 1295 1300 1305
1310 1315 1312.5 1307.5 1302.5 1297.5 1292.5 1287.5 1287.5 1287.5 1287.5 1287.5 1287.5 1287.5 1287.5 1287.5 1287.5 1287.5 1292.5 1297.5 1302.5
1307.5 1312.5 1310 1305 1300 1295 1290 1285 1285 1285 1285 1285 1285 1285 1285 1285 1285 1285 1290 1295 1300
1305 1310 1307.5 1302.5 1297.5 1292.5 1287.5 1282.5 1282.5 1282.5 1282.5 1282.5 1282.5 1282.5 1282.5 1282.5 1282.5 1282.5 1287.5 1292.5 1297.5
1302.5 1307.5 1305 1300 1295 1290 1285 1280 1280 1280 1280 1280 1280 1280 1280 1280 1280 1280 1285 1290 1295
1300 1305 1302.5 1297.5 1292.5 1287.5 1282.5 1277.5 1277.5 1277.5 1277.5 1277.5 1277.5 1277.5 1277.5 1277.5 1277.5 1277.5 1282.5 1287.5 1292.5
1297.5 1302.5 1300 1295 1290 1285 1280 1275 1275 1275 1275 1275 1275 1275 1275 1275 1275 1275 1280 1285 1290
1295 1300 1297.5 1292.5 1287.5 1282.5 1277.5 1272.5 1272.5 1272.5 1272.5 1272.5 1272.5 1272.5 1272.5 1272.5 1272.5 1272.5 1277.5 1282.5 1287.5
1292.5 1297.5 1295 1290 1285 1280 1275 1270 1270 1270 1270 1270 1270 1270 1270 1270 1270 1270 1275 1280 1285
1290 1295 1292.5 1287.5 1282.5 1277.5 1272.5 1267.5 1267.5 1267.5 1267.5 1267.5 1267.5 1267.5 1267.5 1267.5 1267.5 1267.5 1272.5 1277.5 1282.5
1287.5 1292.5 1290 1285 1280 1275 1270 1265 1265 1265 1265 1265 1265 1265 1265 1265 1265 1265 1270 1275 1280
1285 1290 1287.5 1282.5 1277.5 1272.5 1267.5 1262.5 1262.5 1262.5 1262.5 1262.5 1262.5 1262.5 1262.5 1262.5 1262.5 1262.5 1267.5 1272.5 1277.5
1282.5 1287.5 1285 1280 1275 1270 1265 1260 1260 1260 1260 1260 1260 1260 1260 1260 1260 1260 1265 1270 1275
1280 1285 1282.5 1277.5 1272.5 1267.5 1262.5 1257.5 1257.5 1257.5 1257.5 1257.5 1257.5 1257.5 1257.5 1257.5 1257.5 1257.5 1262.5 1267.5 1272.5
1277.5 1282.5 1280 1275 1270 1265 1260 1255 1255 1255 1255 1255 1255 1255 1255 1255 1255 1255 1260 1265 1270
1275 1280 1277.5 1272.5 1267.5 1262.5 1257.5 1252.5 1252.5 1252.5 1252.5 1252.5 1252.5 1252.5 1252.5 1252.5 1252.5 1252.5 1257.5 1262.5 1267.5
1272.5 1277.5 1275 1270 1265 1260 1255 1250 1250 1250 1250 1250 1250 1250 1250 1250 1250 1250 1255 1260 1265
1270 1275 1272.5 1267.5 1262.5 1257.5 1252.5 1247.5 1247.5 1247.5 1247.5 1247.5 1247.5 1247.5 1247.5 1247.5 1247.5 1247.5 1252.5 1257.5 1262.5
1267.5 1272.5 1270 1265 1260 1255 1250 1245 1245 1245 1245 1245 1245 1245 1245 1245 1245 1245 1250 1255 1260
1265 1270 1267.5 1262.5 1257.5 1252.5 1247.5 1242.5 1242.5 1242.5 1242.5 1242.5 1242.5 1242.5 1242.5 1242.5 1242.5 1242.5 1247.5 1252.5 1257.5
