Examples/Simple_configurations/Gully/gully.csv
ncols         21
nrows       1001
xllcorner   -2.5
yllcorner  -52.5
cellsize     5.0
[rows 252 to 377 of 1001, columns 0 to 20 of 21]
1892.5 1897.5 1895 1890 1885 1880 1875 1870 1870 1870 1870 1870 1870 1870 1870 1870 1870 1870 1875 1880 1885
1890 1895 1892.5 1887.5 1882.5 1877.5 1872.5 1867.5 1867.5 1867.5 1867.5 1867.5 1867.5 1867.5 1867.5 1867.5 1867.5 1867.5 1872.5 1877.5 1882.5
1887.5 1892.5 1890 1885 1880 1875 1870 1865 1865 1865 1865 1865 1865 1865 1865 1865 1865 1865 1870 1875 1880
1885 1890 1887.5 1882.5 1877.5 1872.5 1867.5 1862.5 1862.5 1862.5 1862.5 1862.5 1862.5 1862.5 1862.5 1862.5 1862.5 1862.5 1867.5 1872.5 1877.5
1882.5 1887.5 1885 1880 1875 1870 1865 1860 1860 1860 1860 1860 1860 1860 1860 1860 1860 1860 1865 1870 1875
1880 1885 1882.5 1877.5 1872.5 1867.5 1862.5 1857.5 1857.5 1857.5 1857.5 1857.5 1857.5 1857.5 1857.5 1857.5 1857.5 1857.5 1862.5 1867.5 1872.5
1877.5 1882.5 1880 1875 1870 1865 1860 1855 1855 1855 1855 1855 1855 1855 1855 1855 1855 1855 1860 1865 1870
1875 1880 1877.5 1872.5 1867.5 1862.5 1857.5 1852.5 1852.5 1852.5 1852.5 1852.5 1852.5 1852.5 1852.5 1852.5 1852.5 1852.5 1857.5 1862.5 1867.5
1872.5 1877.5 1875 1870 1865 1860 1855 1850 1850 1850 1850 1850 1850 1850 1850 1850 1850 1850 1855 1860 1865
1870 1875 1872.5 1867.5 1862.5 1857.5 1852.5 1847.5 1847.5 1847.5 1847.5 1847.5 1847.5 1847.5 1847.5 1847.5 1847.5 1847.5 1852.5 1857.5 1862.5
1867.5 1872.5 1870 1865 1860 1855 1850 1845 1845 1845 1845 1845 1845 1845 1845 1845 1845 1845 1850 1855 1860
1865 1870 1867.5 1862.5 1857.5 1852.5 1847.5 1842.5 1842.5 1842.5 1842.5 1842.5 1842.5 1842.5 1842.5 1842.5 1842.5 1842.5 1847.5 1852.5 1857.5
1862.5 1867.5 1865 1860 1855 1850 1845 1840 1840 1840 1840 1840 1840 1840 1840 1840 1840 1840 1845 1850 1855
1860 1865 1862.5 1857.5 1852.5 1847.5 1842.5 1837.5 1837.5 1837.5 1837.5 1837.5 1837.5 1837.5 1837.5 1837.5 1837.5 1837.5 1842.5 1847.5 1852.5
1857.5 1862.5 1860 1855 1850 1845 1840 1835 1835 1835 1835 1835 1835 1835 1835 1835 1835 1835 1840 1845 1850
1855 1860 1857.5 1852.5 1847.5 1842.5 1837.5 1832.5 1832.5 1832.5 1832.5 1832.5 1832.5 1832.5 1832.5 1832.5 1832.5 1832.5 1837.5 1842.5 1847.5
1852.5 1857.5 1855 1850 1845 1840 1835 1830 1830 1830 1830 1830 1830 1830 1830 1830 1830 1830 1835 1840 1845
1850 1855 1852.5 1847.5 1842.5 1837.5 1832.5 1827.5 1827.5 1827.5 1827.5 1827.5 1827.5 1827.5 1827.5 1827.5 1827.5 1827.5 1832.5 1837.5 1842.5
1847.5 1852.5 1850 1845 1840 1835 1830 1825 1825 1825 1825 1825 1825 1825 1825 1825 1825 1825 1830 1835 1840
1845 1850 1847.5 1842.5 1837.5 1832.5 1827.5 1822.5 1822.5 1822.5 1822.5 1822.5 1822.5 1822.5 1822.5 1822.5 1822.5 1822.5 1827.5 1832.5 1837.5
1842.5 1847.5 1845 1840 1835 1830 1825 1820 1820 1820 1820 1820 1820 1820 1820 1820 1820 1820 1825 1830 1835
1840 1845 1842.5 1837.5 1832.5 1827.5 1822.5 1817.5 1817.5 1817.5 1817.5 1817.5 1817.5 1817.5 1817.5 1817.5 1817.5 1817.5 1822.5 1827.5 1832.5
1837.5 1842.5 1840 1835 1830 1825 1820 1815 1815 1815 1815 1815 1815 1815 1815 1815 1815 1815 1820 1825 1830
1835 1840 1837.5 1832.5 1827.5 1822.5 1817.5 1812.5 1812.5 1812.5 1812.5 1812.5 1812.5 1812.5 1812.5 1812.5 1812.5 1812.5 1817.5 1822.5 1827.5
1832.5 1837.5 1835 1830 1825 1820 1815 1810 1810 1810 1810 1810 1810 1810 1810 1810 1810 1810 1815 1820 1825
1830 1835 1832.5 1827.5 1822.5 1817.5 1812.5 1807.5 1807.5 1807.5 1807.5 1807.5 1807.5 1807.5 1807.5 1807.5 1807.5 1807.5 1812.5 1817.5 1822.5
1827.5 1832.5 1830 1825 1820 1815 1810 1805 1805 1805 1805 1805 1805 1805 1805 1805 1805 1805 1810 1815 1820
1825 1830 1827.5 1822.5 1817.5 1812.5 1807.5 1802.5 1802.5 1802.5 1802.5 1802.5 1802.5 1802.5 1802.5 1802.5 1802.5 1802.5 1807.5 1812.5 1817.5
1822.5 1827.5 1825 1820 1815 1810 1805 1800 1800 1800 1800 1800 1800 1800 1800 1800 1800 1800 1805 1810 1815
1820 1825 1822.5 1817.5 1812.5 1807.5 1802.5 1797.5 1797.5 1797.5 1797.5 1797.5 1797.5 1797.5 1797.5 1797.5 1797.5 1797.5 1802.5 1807.5 1812.5
1817.5 1822.5 1820 1815 1810 1805 1800 1795 1795 1795 1795 1795 1795 1795 1795 1795 1795 1795 1800 1805 1810
1815 1820 1817.5 1812.5 1807.5 1802.5 1797.5 1792.5 1792.5 1792.5 1792.5 1792.5 1792.5 1792.5 1792.5 1792.5 1792.5 1792.5 1797.5 1802.5 1807.5
1812.5 1817.5 1815 1810 1805 1800 1795 1790 1790 1790 1790 1790 1790 1790 1790 1790 1790 1790 1795 1800 1805
1810 1815 1812.5 1807.5 1802.5 1797.5 1792.5 1787.5 1787.5 1787.5 1787.5 1787.5 1787.5 1787.5 1787.5 1787.5 1787.5 1787.5 1792.5 1797.5 1802.5
1807.5 1812.5 1810 1805 1800 1795 1790 1785 1785 1785 1785 1785 1785 1785 1785 1785 1785 1785 1790 1795 1800
1805 1810 1807.5 1802.5 1797.5 1792.5 1787.5 1782.5 1782.5 1782.5 1782.5 1782.5 1782.5 1782.5 1782.5 1782.5 1782.5 1782.5 1787.5 1792.5 1797.5
1802.5 1807.5 1805 1800 1795 1790 1785 1780 1780 1780 1780 1780 1780 1780 1780 1780 1780 1780 1785 1790 1795
1800 1805 1802.5 1797.5 1792.5 1787.5 1782.5 1777.5 1777.5 1777.5 1777.5 1777.5 1777.5 1777.5 1777.5 1777.5 1777.5 1777.5 1782.5 1787.5 1792.5
1797.5 1802.5 1800 1795 1790 1785 1780 1775 1775 1775 1775 1775 1775 1775 1775 1775 1775 1775 1780 1785 1790
1795 1800 1797.5 1792.5 1787.5 1782.5 1777.5 1772.5 1772.5 1772.5 1772.5 1772.5 1772.5 1772.5 1772.5 1772.5 1772.5 1772.5 1777.5 1782.5 1787.5
1792.5 1797.5 1795 1790 1785 1780 1775 1770 1770 1770 1770 1770 1770 1770 1770 1770 1770 1770 1775 1780 1785
1790 1795 1792.5 1787.5 1782.5 1777.5 1772.5 1767.5 1767.5 1767.5 1767.5 1767.5 1767.5 1767.5 1767.5 1767.5 1767.5 1767.5 1772.5 1777.5 1782.5
1787.5 1792.5 1790 1785 1780 1775 1770 1765 1765 1765 1765 1765 1765 1765 1765 1765 1765 1765 1770 1775 1780
1785 1790 1787.5 1782.5 1777.5 1772.5 1767.5 1762.5 1762.5 1762.5 1762.5 1762.5 1762.5 1762.5 1762.5 1762.5 1762.5 1762.5 1767.5 1772.5 1777.5
1782.5 1787.5 1785 1780 1775 1770 1765 1760 1760 1760 1760 1760 1760 1760 1760 1760 1760 1760 1765 1770 1775
1780 1785 1782.5 1777.5 1772.5 1767.5 1762.5 1757.5 1757.5 1757.5 1757.5 1757.5 1757.5 1757.5 1757.5 1757.5 1757.5 1757.5 1762.5 1767.5 1772.5
1777.5 1782.5 1780 1775 1770 1765 1760 1755 1755 1755 1755 1755 1755 1755 1755 1755 1755 1755 1760 1765 1770
1775 1780 1777.5 1772.5 1767.5 1762.5 1757.5 1752.5 1752.5 1752.5 1752.5 1752.5 1752.5 1752.5 1752.5 1752.5 1752.5 1752.5 1757.5 1762.5 1767.5
1772.5 1777.5 1775 1770 1765 1760 1755 1750 1750 1750 1750 1750 1750 1750 1750 1750 1750 1750 1755 1760 1765
1770 1775 1772.5 1767.5 1762.5 1757.5 1752.5 1747.5 1747.5 1747.5 1747.5 1747.5 1747.5 1747.5 1747.5 1747.5 1747.5 1747.5 1752.5 1757.5 1762.5
1767.5 1772.5 1770 1765 1760 1755 1750 1745 1745 1745 1745 1745 1745 1745 1745 1745 1745 1745 1750 1755 1760
1765 1770 1767.5 1762.5 1757.5 1752.5 1747.5 1742.5 1742.5 1742.5 1742.5 1742.5 1742.5 1742.5 1742.5 1742.5 1742.5 1742.5 1747.5 1752.5 1757.5
1762.5 1767.5 1765 1760 1755 1750 1745 1740 1740 1740 1740 1740 1740 1740 1740 1740 1740 1740 1745 1750 1755
1760 1765 1762.5 1757.5 1752.5 1747.5 1742.5 1737.5 1737.5 1737.5 1737.5 1737.5 1737.5 1737.5 1737.5 1737.5 1737.5 1737.5 1742.5 1747.5 1752.5
1757.5 1762.5 1760 1755 1750 1745 1740 1735 1735 1735 1735 1735 1735 1735 1735 1735 1735 1735 1740 1745 1750
1755 1760 1757.5 1752.5 1747.5 1742.5 1737.5 1732.5 1732.5 1732.5 1732.5 1732.5 1732.5 1732.5 1732.5 1732.5 1732.5 1732.5 1737.5 1742.5 1747.5
1752.5 1757.5 1755 1750 1745 1740 1735 1730 1730 1730 1730 1730 1730 1730 1730 1730 1730 1730 1735 1740 1745
1750 1755 1752.5 1747.5 1742.5 1737.5 1732.5 1727.5 1727.5 1727.5 1727.5 1727.5 1727.5 1727.5 1727.5 1727.5 1727.5 1727.5 1732.5 1737.5 1742.5
1747.5 1752.5 1750 1745 1740 1735 1730 1725 1725 1725 1725 1725 1725 1725 1725 1725 1725 1725 1730 1735 1740
1745 1750 1747.5 1742.5 1737.5 1732.5 1727.5 1722.5 1722.5 1722.5 1722.5 1722.5 1722.5 1722.5 1722.5 1722.5 1722.5 1722.5 1727.5 1732.5 1737.5
1742.5 1747.5 1745 1740 1735 1730 1725 1720 1720 1720 1720 1720 1720 1720 1720 1720 1720 1720 1725 1730 1735
1740 1745 1742.5 1737.5 1732.5 1727.5 1722.5 1717.5 1717.5 1717.5 1717.5 1717.5 1717.5 1717.5 1717.5 1717.5 1717.5 1717.5 1722.5 1727.5 1732.5
1737.5 1742.5 1740 1735 1730 1725 1720 1715 1715 1715 1715 1715 1715 1715 1715 1715 1715 1715 1720 1725 1730
1735 1740 1737.5 1732.5 1727.5 1722.5 1717.5 1712.5 1712.5 1712.5 1712.5 1712.5 1712.5 1712.5 1712.5 1712.5 1712.5 1712.5 1717.5 1722.5 1727.5
1732.5 1737.5 1735 1730 1725 1720 1715 1710 1710 1710 1710 1710 1710 1710 1710 1710 1710 1710 1715 1720 1725
1730 1735 1732.5 1727.5 1722.5 1717.5 1712.5 1707.5 1707.5 1707.5 1707.5 1707.5 1707.5 1707.5 1707.5 1707.5 1707.5 1707.5 1712.5 1717.5 1722.5
1727.5 1732.5 1730 1725 1720 1715 1710 1705 1705 1705 1705 1705 1705 1705 1705 1705 1705 1705 1710 1715 1720
1725 1730 1727.5 1722.5 1717.5 1712.5 1707.5 1702.5 1702.5 1702.5 1702.5 1702.5 1702.5 1702.5 1702.5 1702.5 1702.5 1702.5 1707.5 1712.5 1717.5
1722.5 1727.5 1725 1720 1715 1710 1705 1700 1700 1700 1700 1700 1700 1700 1700 1700 1700 1700 1705 1710 1715
1720 1725 1722.5 1717.5 1712.5 1707.5 1702.5 1697.5 1697.5 1697.5 1697.5 1697.5 1697.5 1697.5 1697.5 1697.5 1697.5 1697.5 1702.5 1707.5 1712.5
1717.5 1722.5 1720 1715 1710 1705 1700 1695 1695 1695 1695 1695 1695 1695 1695 1695 1695 1695 1700 1705 1710
1715 1720 1717.5 1712.5 1707.5 1702.5 1697.5 1692.5 1692.5 1692.5 1692.5 1692.5 1692.5 1692.5 1692.5 1692.5 1692.5 1692.5 1697.5 1702.5 1707.5
1712.5 1717.5 1715 1710 1705 1700 1695 1690 1690 1690 1690 1690 1690 1690 1690 1690 1690 1690 1695 1700 1705
1710 1715 1712.5 1707.5 1702.5 1697.5 1692.5 1687.5 1687.5 1687.5 1687.5 1687.5 1687.5 1687.5 1687.5 1687.5 1687.5 1687.5 1692.5 1697.5 1702.5
1707.5 1712.5 1710 1705 1700 1695 1690 1685 1685 1685 1685 1685 1685 1685 1685 1685 1685 1685 1690 1695 1700
1705 1710 1707.5 1702.5 1697.5 1692.5 1687.5 1682.5 1682.5 1682.5 1682.5 1682.5 1682.5 1682.5 1682.5 1682.5 1682.5 1682.5 1687.5 1692.5 1697.5
1702.5 1707.5 1705 1700 1695 1690 1685 1680 1680 1680 1680 1680 1680 1680 1680 1680 1680 1680 1685 1690 1695
1700 1705 1702.5 1697.5 1692.5 1687.5 1682.5 1677.5 1677.5 1677.5 1677.5 1677.5 1677.5 1677.5 1677.5 1677.5 1677.5 1677.5 1682.5 1687.5 1692.5
1697.5 1702.5 1700 1695 1690 1685 1680 1675 1675 1675 1675 1675 1675 1675 1675 1675 1675 1675 1680 1685 1690
1695 1700 1697.5 1692.5 1687.5 1682.5 1677.5 1672.5 1672.5 1672.5 1672.5 1672.5 1672.5 1672.5 1672.5 1672.5 1672.5 1672.5 1677.5 1682.5 1687.5
1692.5 1697.5 1695 1690 1685 1680 1675 1670 1670 1670 1670 1670 1670 1670 1670 1670 1670 1670 1675 1680 1685
1690 1695 1692.5 1687.5 1682.5 1677.5 1672.5 1667.5 1667.5 1667.5 1667.5 1667.5 1667.5 1667.5 1667.5 1667.5 1667.5 1667.5 1672.5 1677.5 1682.5
1687.5 1692.5 1690 1685 1680 1675 1670 1665 1665 1665 1665 1665 1665 1665 1665 1665 1665 1665 1670 1675 1680
1685 1690 1687.5 1682.5 1677.5 1672.5 1667.5 1662.5 1662.5 1662.5 1662.5 1662.5 1662.5 1662.5 1662.5 1662.5 1662.5 1662.5 1667.5 1672.5 1677.5
1682.5 1687.5 1685 1680 1675 1670 1665 1660 1660 1660 1660 1660 1660 1660 1660 1660 1660 1660 1665 1670 1675
1680 1685 1682.5 1677.5 1672.5 1667.5 1662.5 1657.5 1657.5 1657.5 1657.5 1657.5 1657.5 1657.5 1657.5 1657.5 1657.5 1657.5 1662.5 1667.5 1672.5
1677.5 1682.5 1680 1675 1670 1665 1660 1655 1655 1655 1655 1655 1655 1655 1655 1655 1655 1655 1660 1665 1670
1675 1680 1677.5 1672.5 1667.5 1662.5 1657.5 1652.5 1652.5 1652.5 1652.5 1652.5 1652.5 1652.5 1652.5 1652.5 1652.5 1652.5 1657.5 1662.5 1667.5
1672.5 1677.5 1675 1670 1665 1660 1655 1650 1650 1650 1650 1650 1650 1650 1650 1650 1650 1650 1655 1660 1665
1670 1675 1672.5 1667.5 1662.5 1657.5 1652.5 1647.5 1647.5 1647.5 1647.5 1647.5 1647.5 1647.5 1647.5 1647.5 1647.5 1647.5 1652.5 1657.5 1662.5
1667.5 1672.5 1670 1665 1660 1655 1650 1645 1645 1645 1645 1645 1645 1645 1645 1645 1645 1645 1650 1655 1660
1665 1670 1667.5 1662.5 1657.5 1652.5 1647.5 1642.5 1642.5 1642.5 1642.5 1642.5 1642.5 1642.5 1642.5 1642.5 1642.5 1642.5 1647.5 1652.5 1657.5
1662.5 1667.5 1665 1660 1655 1650 1645 1640 1640 1640 1640 1640 1640 1640 1640 1640 1640 1640 1645 1650 1655
1660 1665 1662.5 1657.5 1652.5 1647.5 1642.5 1637.5 1637.5 1637.5 1637.5 1637.5 1637.5 1637.5 1637.5 1637.5 1637.5 1637.5 1642.5 1647.5 1652.5
1657.5 1662.5 1660 1655 1650 1645 1640 1635 1635 1635 1635 1635 1635 1635 1635 1635 1635 1635 1640 1645 1650
1655 1660 1657.5 1652.5 1647.5 1642.5 1637.5 1632.5 1632.5 1632.5 1632.5 1632.5 1632.5 1632.5 1632.5 1632.5 1632.5 1632.5 1637.5 1642.5 1647.5
1652.5 1657.5 1655 1650 1645 1640 1635 1630 1630 1630 1630 1630 1630 1630 1630 1630 1630 1630 1635 1640 1645
1650 1655 1652.5 1647.5 1642.5 1637.5 1632.5 1627.5 1627.5 1627.5 1627.5 1627.5 1627.5 1627.5 1627.5 1627.5 1627.5 1627.5 1632.5 1637.5 1642.5
1647.5 1652.5 1650 1645 1640 1635 1630 1625 1625 1625 1625 1625 1625 1625 1625 1625 1625 1625 1630 1635 1640
1645 1650 1647.5 1642.5 1637.5 1632.5 1627.5 1622.5 1622.5 1622.5 1622.5 1622.5 1622.5 1622.5 1622.5 1622.5 1622.5 1622.5 1627.5 1632.5 1637.5
1642.5 1647.5 1645 1640 1635 1630 1625 1620 1620 1620 1620 1620 1620 1620 1620 1620 1620 1620 1625 1630 1635
1640 1645 1642.5 1637.5 1632.5 1627.5 1622.5 1617.5 1617.5 1617.5 1617.5 1617.5 1617.5 1617.5 1617.5 1617.5 1617.5 1617.5 1622.5 1627.5 1632.5
1637.5 1642.5 1640 1635 1630 1625 1620 1615 1615 1615 1615 1615 1615 1615 1615 1615 1615 1615 1620 1625 1630
1635 1640 1637.5 1632.5 1627.5 1622.5 1617.5 1612.5 1612.5 1612.5 1612.5 1612.5 1612.5 1612.5 1612.5 1612.5 1612.5 1612.5 1617.5 1622.5 1627.5
1632.5 1637.5 1635 1630 1625 1620 1615 1610 1610 1610 1610 1610 1610 1610 1610 1610 1610 1610 1615 1620 1625
1630 1635 1632.5 1627.5 1622.5 1617.5 1612.5 1607.5 1607.5 1607.5 1607.5 1607.5 1607.5 1607.5 1607.5 1607.5 1607.5 1607.5 1612.5 1617.5 1622.5
1627.5 1632.5 1630 1625 1620 1615 1610 1605 1605 1605 1605 1605 1605 1605 1605 1605 1605 1605 1610 1615 1620
1625 1630 1627.5 1622.5 1617.5 1612.5 1607.5 1602.5 1602.5 1602.5 1602.5 1602.5 1602.5 1602.5 1602.5 1602.5 1602.5 1602.5 1607.5 1612.5 1617.5
1622.5 1627.5 1625 1620 1615 1610 1605 1600 1600 1600 1600 1600 1600 1600 1600 1600 1600 1600 1605 1610 1615
1620 1625 1622.5 1617.5 1612.5 1607.5 1602.5 1597.5 1597.5 1597.5 1597.5 1597.5 1597.5 1597.5 1597.5 1597.5 1597.5 1597.5 1602.5 1607.5 1612.5
1617.5 1622.5 1620 1615 1610 1605 1600 1595 1595 1595 1595 1595 1595 1595 1595 1595 1595 1595 1600 1605 1610
1615 1620 1617.5 1612.5 1607.5 1602.5 1597.5 1592.5 1592.5 1592.5 1592.5 1592.5 1592.5 1592.5 1592.5 1592.5 1592.5 1592.5 1597.5 1602.5 1607.5
1612.5 1617.5 1615 1610 1605 1600 1595 1590 1590 1590 1590 1590 1590 1590 1590 1590 1590 1590 1595 1600 1605
1610 1615 1612.5 1607.5 1602.5 1597.5 1592.5 1587.5 1587.5 1587.5 1587.5 1587.5 1587.5 1587.5 1587.5 1587.5 1587.5 1587.5 1592.5 1597.5 1602.5
1607.5 1612.5 1610 1605 1600 1595 1590 1585 1585 1585 1585 1585 1585 1585 1585 1585 1585 1585 1590 1595 1600
1605 1610 1607.5 1602.5 1597.5 1592.5 1587.5 1582.5 1582.5 1582.5 1582.5 1582.5 1582.5 1582.5 1582.5 1582.5 1582.5 1582.5 1587.5 1592.5 1597.5
1602.5 1607.5 1605 1600 1595 1590 1585 1580 1580 1580 1580 1580 1580 1580 1580 1580 1580 1580 1585 1590 1595
1600 1605 1602.5 1597.5 1592.5 1587.5 1582.5 1577.5 1577.5 1577.5 1577.5 1577.5 1577.5 1577.5 1577.5 1577.5 1577.5 1577.5 1582.5 1587.5 1592.5
1597.5 1602.5 1600 1595 1590 1585 1580 1575 1575 1575 1575 1575 1575 1575 1575 1575 1575 1575 1580 1585 1590
1595 1600 1597.5 1592.5 1587.5 1582.5 1577.5 1572.5 1572.5 1572.5 1572.5 1572.5 1572.5 1572.5 1572.5 1572.5 1572.5 1572.5 1577.5 1582.5 1587.5
1592.5 1597.5 1595 1590 1585 1580 1575 1570 1570 1570 1570 1570 1570 1570 1570 1570 1570 1570 1575 1580 1585
1590 1595 1592.5 1587.5 1582.5 1577.5 1572.5 1567.5 1567.5 1567.5 1567.5 1567.5 1567.5 1567.5 1567.5 1567.5 1567.5 1567.5 1572.5 1577.5 1582.5
1587.5 1592.5 1590 1585 1580 1575 1570 1565 1565 1565 1565 1565 1565 1565 1565 1565 1565 1565 1570 1575 1580
1585 1590 1587.5 1582.5 1577.5 1572.5 1567.5 1562.5 1562.5 1562.5 1562.5 1562.5 1562.5 1562.5 1562.5 1562.5 1562.5 1562.5 1567.5 1572.5 1577.5
1582.5 1587.5 1585 1580 1575 1570 1565 1560 1560 1560 1560 1560 1560 1560 1560 1560 1560 1560 1565 1570 1575
1580 1585 1582.5 1577.5 1572.5 1567.5 1562.5 1557.5 1557.5 1557.5 1557.5 1557.5 1557.5 1557.5 1557.5 1557.5 1557.5 1557.5 1562.5 1567.5 1572.5
