Examples/Simple_configurations/Gully/gully.asc
ncols           21
nrows         1001
xllcorner     -2.5
yllcorner    -52.5
cellsize       5.0
NODATA_value -9999
[rows 216 to 323 of 1001, columns 0 to 20 of 21]
1985.0 1980.0 1975.0 1970.0 1965.0 1960.0 1960.0 1960.0 1960.0 1960.0 1960.0 1960.0 1960.0 1960.0 1960.0 1960.0 1965.0 1970.0 1975.0 1980.0 1985.0
1982.5 1977.5 1972.5 1967.5 1962.5 1957.5 1957.5 1957.5 1957.5 1957.5 1957.5 1957.5 1957.5 1957.5 1957.5 1957.5 1962.5 1967.5 1972.5 1977.5 1982.5
1980.0 1975.0 1970.0 1965.0 1960.0 1955.0 1955.0 1955.0 1955.0 1955.0 1955.0 1955.0 1955.0 1955.0 1955.0 1955.0 1960.0 1965.0 1970.0 1975.0 1980.0
1977.5 1972.5 1967.5 1962.5 1957.5 1952.5 1952.5 1952.5 1952.5 1952.5 1952.5 1952.5 1952.5 1952.5 1952.5 1952.5 1957.5 1962.5 1967.5 1972.5 1977.5
1975.0 1970.0 1965.0 1960.0 1955.0 1950.0 1950.0 1950.0 1950.0 1950.0 1950.0 1950.0 1950.0 1950.0 1950.0 1950.0 1955.0 1960.0 1965.0 1970.0 1975.0
1972.5 1967.5 1962.5 1957.5 1952.5 1947.5 1947.5 1947.5 1947.5 1947.5 1947.5 1947.5 1947.5 1947.5 1947.5 1947.5 1952.5 1957.5 1962.5 1967.5 1972.5
1970.0 1965.0 1960.0 1955.0 1950.0 1945.0 1945.0 1945.0 1945.0 1945.0 1945.0 1945.0 1945.0 1945.0 1945.0 1945.0 1950.0 1955.0 1960.0 1965.0 1970.0
1967.5 1962.5 1957.5 1952.5 1947.5 1942.5 1942.5 1942.5 1942.5 1942.5 1942.5 1942.5 1942.5 1942.5 1942.5 1942.5 1947.5 1952.5 1957.5 1962.5 1967.5
1965.0 1960.0 1955.0 1950.0 1945.0 1940.0 1940.0 1940.0 1940.0 1940.0 1940.0 1940.0 1940.0 1940.0 1940.0 1940.0 1945.0 1950.0 1955.0 1960.0 1965.0
1962.5 1957.5 1952.5 1947.5 1942.5 1937.5 1937.5 1937.5 1937.5 1937.5 1937.5 1937.5 1937.5 1937.5 1937.5 1937.5 1942.5 1947.5 1952.5 1957.5 1962.5
1960.0 1955.0 1950.0 1945.0 1940.0 1935.0 1935.0 1935.0 1935.0 1935.0 1935.0 1935.0 1935.0 1935.0 1935.0 1935.0 1940.0 1945.0 1950.0 1955.0 1960.0
1957.5 1952.5 1947.5 1942.5 1937.5 1932.5 1932.5 1932.5 1932.5 1932.5 1932.5 1932.5 1932.5 1932.5 1932.5 1932.5 1937.5 1942.5 1947.5 1952.5 1957.5
1955.0 1950.0 1945.0 1940.0 1935.0 1930.0 1930.0 1930.0 1930.0 1930.0 1930.0 1930.0 1930.0 1930.0 1930.0 1930.0 1935.0 1940.0 1945.0 1950.0 1955.0
1952.5 1947.5 1942.5 1937.5 1932.5 1927.5 1927.5 1927.5 1927.5 1927.5 1927.5 1927.5 1927.5 1927.5 1927.5 1927.5 1932.5 1937.5 1942.5 1947.5 1952.5
1950.0 1945.0 1940.0 1935.0 1930.0 1925.0 1925.0 1925.0 1925.0 1925.0 1925.0 1925.0 1925.0 1925.0 1925.0 1925.0 1930.0 1935.0 1940.0 1945.0 1950.0
1947.5 1942.5 1937.5 1932.5 1927.5 1922.5 1922.5 1922.5 1922.5 1922.5 1922.5 1922.5 1922.5 1922.5 1922.5 1922.5 1927.5 1932.5 1937.5 1942.5 1947.5
1945.0 1940.0 1935.0 1930.0 1925.0 1920.0 1920.0 1920.0 1920.0 1920.0 1920.0 1920.0 1920.0 1920.0 1920.0 1920.0 1925.0 1930.0 1935.0 1940.0 1945.0
1942.5 1937.5 1932.5 1927.5 1922.5 1917.5 1917.5 1917.5 1917.5 1917.5 1917.5 1917.5 1917.5 1917.5 1917.5 1917.5 1922.5 1927.5 1932.5 1937.5 1942.5
1940.0 1935.0 1930.0 1925.0 1920.0 1915.0 1915.0 1915.0 1915.0 1915.0 1915.0 1915.0 1915.0 1915.0 1915.0 1915.0 1920.0 1925.0 1930.0 1935.0 1940.0
1937.5 1932.5 1927.5 1922.5 1917.5 1912.5 1912.5 1912.5 1912.5 1912.5 1912.5 1912.5 1912.5 1912.5 1912.5 1912.5 1917.5 1922.5 1927.5 1932.5 1937.5
1935.0 1930.0 1925.0 1920.0 1915.0 1910.0 1910.0 1910.0 1910.0 1910.0 1910.0 1910.0 1910.0 1910.0 1910.0 1910.0 1915.0 1920.0 1925.0 1930.0 1935.0
1932.5 1927.5 1922.5 1917.5 1912.5 1907.5 1907.5 1907.5 1907.5 1907.5 1907.5 1907.5 1907.5 1907.5 1907.5 1907.5 1912.5 1917.5 1922.5 1927.5 1932.5
1930.0 1925.0 1920.0 1915.0 1910.0 1905.0 1905.0 1905.0 1905.0 1905.0 1905.0 1905.0 1905.0 1905.0 1905.0 1905.0 1910.0 1915.0 1920.0 1925.0 1930.0
1927.5 1922.5 1917.5 1912.5 1907.5 1902.5 1902.5 1902.5 1902.5 1902.5 1902.5 1902.5 1902.5 1902.5 1902.5 1902.5 1907.5 1912.5 1917.5 1922.5 1927.5
1925.0 1920.0 1915.0 1910.0 1905.0 1900.0 1900.0 1900.0 1900.0 1900.0 1900.0 1900.0 1900.0 1900.0 1900.0 1900.0 1905.0 1910.0 1915.0 1920.0 1925.0
1922.5 1917.5 1912.5 1907.5 1902.5 1897.5 1897.5 1897.5 1897.5 1897.5 1897.5 1897.5 1897.5 1897.5 1897.5 1897.5 1902.5 1907.5 1912.5 1917.5 1922.5
1920.0 1915.0 1910.0 1905.0 1900.0 1895.0 1895.0 1895.0 1895.0 1895.0 1895.0 1895.0 1895.0 1895.0 1895.0 1895.0 1900.0 1905.0 1910.0 1915.0 1920.0
1917.5 1912.5 1907.5 1902.5 1897.5 1892.5 1892.5 1892.5 1892.5 1892.5 1892.5 1892.5 1892.5 1892.5 1892.5 1892.5 1897.5 1902.5 1907.5 1912.5 1917.5
1915.0 1910.0 1905.0 1900.0 1895.0 1890.0 1890.0 1890.0 1890.0 1890.0 1890.0 1890.0 1890.0 1890.0 1890.0 1890.0 1895.0 1900.0 1905.0 1910.0 1915.0
1912.5 1907.5 1902.5 1897.5 1892.5 1887.5 1887.5 1887.5 1887.5 1887.5 1887.5 1887.5 1887.5 1887.5 1887.5 1887.5 1892.5 1897.5 1902.5 1907.5 1912.5
1910.0 1905.0 1900.0 1895.0 1890.0 1885.0 1885.0 1885.0 1885.0 1885.0 1885.0 1885.0 1885.0 1885.0 1885.0 1885.0 1890.0 1895.0 1900.0 1905.0 1910.0
1907.5 1902.5 1897.5 1892.5 1887.5 1882.5 1882.5 1882.5 1882.5 1882.5 1882.5 1882.5 1882.5 1882.5 1882.5 1882.5 1887.5 1892.5 1897.5 1902.5 1907.5
1905.0 1900.0 1895.0 1890.0 1885.0 1880.0 1880.0 1880.0 1880.0 1880.0 1880.0 1880.0 1880.0 1880.0 1880.0 1880.0 1885.0 1890.0 1895.0 1900.0 1905.0
1902.5 1897.5 1892.5 1887.5 1882.5 1877.5 1877.5 1877.5 1877.5 1877.5 1877.5 1877.5 1877.5 1877.5 1877.5 1877.5 1882.5 1887.5 1892.5 1897.5 1902.5
1900.0 1895.0 1890.0 1885.0 1880.0 1875.0 1875.0 1875.0 1875.0 1875.0 1875.0 1875.0 1875.0 1875.0 1875.0 1875.0 1880.0 1885.0 1890.0 1895.0 1900.0
1897.5 1892.5 1887.5 1882.5 1877.5 1872.5 1872.5 1872.5 1872.5 1872.5 1872.5 1872.5 1872.5 1872.5 1872.5 1872.5 1877.5 1882.5 1887.5 1892.5 1897.5
1895.0 1890.0 1885.0 1880.0 1875.0 1870.0 1870.0 1870.0 1870.0 1870.0 1870.0 1870.0 1870.0 1870.0 1870.0 1870.0 1875.0 1880.0 1885.0 1890.0 1895.0
1892.5 1887.5 1882.5 1877.5 1872.5 1867.5 1867.5 1867.5 1867.5 1867.5 1867.5 1867.5 1867.5 1867.5 1867.5 1867.5 1872.5 1877.5 1882.5 1887.5 1892.5
1890.0 1885.0 1880.0 1875.0 1870.0 1865.0 1865.0 1865.0 1865.0 1865.0 1865.0 1865.0 1865.0 1865.0 1865.0 1865.0 1870.0 1875.0 1880.0 1885.0 1890.0
1887.5 1882.5 1877.5 1872.5 1867.5 1862.5 1862.5 1862.5 1862.5 1862.5 1862.5 1862.5 1862.5 1862.5 1862.5 1862.5 1867.5 1872.5 1877.5 1882.5 1887.5
1885.0 1880.0 1875.0 1870.0 1865.0 1860.0 1860.0 1860.0 1860.0 1860.0 1860.0 1860.0 1860.0 1860.0 1860.0 1860.0 1865.0 1870.0 1875.0 1880.0 1885.0
1882.5 1877.5 1872.5 1867.5 1862.5 1857.5 1857.5 1857.5 1857.5 1857.5 1857.5 1857.5 1857.5 1857.5 1857.5 1857.5 1862.5 1867.5 1872.5 1877.5 1882.5
1880.0 1875.0 1870.0 1865.0 1860.0 1855.0 1855.0 1855.0 1855.0 1855.0 1855.0 1855.0 1855.0 1855.0 1855.0 1855.0 1860.0 1865.0 1870.0 1875.0 1880.0
1877.5 1872.5 1867.5 1862.5 1857.5 1852.5 1852.5 1852.5 1852.5 1852.5 1852.5 1852.5 1852.5 1852.5 1852.5 1852.5 1857.5 1862.5 1867.5 1872.5 1877.5
1875.0 1870.0 1865.0 1860.0 1855.0 1850.0 1850.0 1850.0 1850.0 1850.0 1850.0 1850.0 1850.0 1850.0 1850.0 1850.0 1855.0 1860.0 1865.0 1870.0 1875.0
1872.5 1867.5 1862.5 1857.5 1852.5 1847.5 1847.5 1847.5 1847.5 1847.5 1847.5 1847.5 1847.5 1847.5 1847.5 1847.5 1852.5 1857.5 1862.5 1867.5 1872.5
1870.0 1865.0 1860.0 1855.0 1850.0 1845.0 1845.0 1845.0 1845.0 1845.0 1845.0 1845.0 1845.0 1845.0 1845.0 1845.0 1850.0 1855.0 1860.0 1865.0 1870.0
1867.5 1862.5 1857.5 1852.5 1847.5 1842.5 1842.5 1842.5 1842.5 1842.5 1842.5 1842.5 1842.5 1842.5 1842.5 1842.5 1847.5 1852.5 1857.5 1862.5 1867.5
1865.0 1860.0 1855.0 1850.0 1845.0 1840.0 1840.0 1840.0 1840.0 1840.0 1840.0 1840.0 1840.0 1840.0 1840.0 1840.0 1845.0 1850.0 1855.0 1860.0 1865.0
1862.5 1857.5 1852.5 1847.5 1842.5 1837.5 1837.5 1837.5 1837.5 1837.5 1837.5 1837.5 1837.5 1837.5 1837.5 1837.5 1842.5 1847.5 1852.5 1857.5 1862.5
1860.0 1855.0 1850.0 1845.0 1840.0 1835.0 1835.0 1835.0 1835.0 1835.0 1835.0 1835.0 1835.0 1835.0 1835.0 1835.0 1840.0 1845.0 1850.0 1855.0 1860.0
1857.5 1852.5 1847.5 1842.5 1837.5 1832.5 1832.5 1832.5 1832.5 1832.5 1832.5 1832.5 1832.5 1832.5 1832.5 1832.5 1837.5 1842.5 1847.5 1852.5 1857.5
1855.0 1850.0 1845.0 1840.0 1835.0 1830.0 1830.0 1830.0 1830.0 1830.0 1830.0 1830.0 1830.0 1830.0 1830.0 1830.0 1835.0 1840.0 1845.0 1850.0 1855.0
1852.5 1847.5 1842.5 1837.5 1832.5 1827.5 1827.5 1827.5 1827.5 1827.5 1827.5 1827.5 1827.5 1827.5 1827.5 1827.5 1832.5 1837.5 1842.5 1847.5 1852.5
1850.0 1845.0 1840.0 1835.0 1830.0 1825.0 1825.0 1825.0 1825.0 1825.0 1825.0 1825.0 1825.0 1825.0 1825.0 1825.0 1830.0 1835.0 1840.0 1845.0 1850.0
1847.5 1842.5 1837.5 1832.5 1827.5 1822.5 1822.5 1822.5 1822.5 1822.5 1822.5 1822.5 1822.5 1822.5 1822.5 1822.5 1827.5 1832.5 1837.5 1842.5 1847.5
1845.0 1840.0 1835.0 1830.0 1825.0 1820.0 1820.0 1820.0 1820.0 1820.0 1820.0 1820.0 1820.0 1820.0 1820.0 1820.0 1825.0 1830.0 1835.0 1840.0 1845.0
1842.5 1837.5 1832.5 1827.5 1822.5 1817.5 1817.5 1817.5 1817.5 1817.5 1817.5 1817.5 1817.5 1817.5 1817.5 1817.5 1822.5 1827.5 1832.5 1837.5 1842.5
1840.0 1835.0 1830.0 1825.0 1820.0 1815.0 1815.0 1815.0 1815.0 1815.0 1815.0 1815.0 1815.0 1815.0 1815.0 1815.0 1820.0 1825.0 1830.0 1835.0 1840.0
1837.5 1832.5 1827.5 1822.5 1817.5 1812.5 1812.5 1812.5 1812.5 1812.5 1812.5 1812.5 1812.5 1812.5 1812.5 1812.5 1817.5 1822.5 1827.5 1832.5 1837.5
1835.0 1830.0 1825.0 1820.0 1815.0 1810.0 1810.0 1810.0 1810.0 1810.0 1810.0 1810.0 1810.0 1810.0 1810.0 1810.0 1815.0 1820.0 1825.0 1830.0 1835.0
1832.5 1827.5 1822.5 1817.5 1812.5 1807.5 1807.5 1807.5 1807.5 1807.5 1807.5 1807.5 1807.5 1807.5 1807.5 1807.5 1812.5 1817.5 1822.5 1827.5 1832.5
1830.0 1825.0 1820.0 1815.0 1810.0 1805.0 1805.0 1805.0 1805.0 1805.0 1805.0 1805.0 1805.0 1805.0 1805.0 1805.0 1810.0 1815.0 1820.0 1825.0 1830.0
1827.5 1822.5 1817.5 1812.5 1807.5 1802.5 1802.5 1802.5 1802.5 1802.5 1802.5 1802.5 1802.5 1802.5 1802.5 1802.5 1807.5 1812.5 1817.5 1822.5 1827.5
1825.0 1820.0 1815.0 1810.0 1805.0 1800.0 1800.0 1800.0 1800.0 1800.0 1800.0 1800.0 1800.0 1800.0 1800.0 1800.0 1805.0 1810.0 1815.0 1820.0 1825.0
1822.5 1817.5 1812.5 1807.5 1802.5 1797.5 1797.5 1797.5 1797.5 1797.5 1797.5 1797.5 1797.5 1797.5 1797.5 1797.5 1802.5 1807.5 1812.5 1817.5 1822.5
1820.0 1815.0 1810.0 1805.0 1800.0 1795.0 1795.0 1795.0 1795.0 1795.0 1795.0 1795.0 1795.0 1795.0 1795.0 1795.0 1800.0 1805.0 1810.0 1815.0 1820.0
1817.5 1812.5 1807.5 1802.5 1797.5 1792.5 1792.5 1792.5 1792.5 1792.5 1792.5 1792.5 1792.5 1792.5 1792.5 1792.5 1797.5 1802.5 1807.5 1812.5 1817.5
1815.0 1810.0 1805.0 1800.0 1795.0 1790.0 1790.0 1790.0 1790.0 1790.0 1790.0 1790.0 1790.0 1790.0 1790.0 1790.0 1795.0 1800.0 1805.0 1810.0 1815.0
1812.5 1807.5 1802.5 1797.5 1792.5 1787.5 1787.5 1787.5 1787.5 1787.5 1787.5 1787.5 1787.5 1787.5 1787.5 1787.5 1792.5 1797.5 1802.5 1807.5 1812.5
1810.0 1805.0 1800.0 1795.0 1790.0 1785.0 1785.0 1785.0 1785.0 1785.0 1785.0 1785.0 1785.0 1785.0 1785.0 1785.0 1790.0 1795.0 1800.0 1805.0 1810.0
1807.5 1802.5 1797.5 1792.5 1787.5 1782.5 1782.5 1782.5 1782.5 1782.5 1782.5 1782.5 1782.5 1782.5 1782.5 1782.5 1787.5 1792.5 1797.5 1802.5 1807.5
1805.0 1800.0 1795.0 1790.0 1785.0 1780.0 1780.0 1780.0 1780.0 1780.0 1780.0 1780.0 1780.0 1780.0 1780.0 1780.0 1785.0 1790.0 1795.0 1800.0 1805.0
1802.5 1797.5 1792.5 1787.5 1782.5 1777.5 1777.5 1777.5 1777.5 1777.5 1777.5 1777.5 1777.5 1777.5 1777.5 1777.5 1782.5 1787.5 1792.5 1797.5 1802.5
1800.0 1795.0 1790.0 1785.0 1780.0 1775.0 1775.0 1775.0 1775.0 1775.0 1775.0 1775.0 1775.0 1775.0 1775.0 1775.0 1780.0 1785.0 1790.0 1795.0 1800.0
1797.5 1792.5 1787.5 1782.5 1777.5 1772.5 1772.5 1772.5 1772.5 1772.5 1772.5 1772.5 1772.5 1772.5 1772.5 1772.5 1777.5 1782.5 1787.5 1792.5 1797.5
1795.0 1790.0 1785.0 1780.0 1775.0 1770.0 1770.0 1770.0 1770.0 1770.0 1770.0 1770.0 1770.0 1770.0 1770.0 1770.0 1775.0 1780.0 1785.0 1790.0 1795.0
1792.5 1787.5 1782.5 1777.5 1772.5 1767.5 1767.5 1767.5 1767.5 1767.5 1767.5 1767.5 1767.5 1767.5 1767.5 1767.5 1772.5 1777.5 1782.5 1787.5 1792.5
1790.0 1785.0 1780.0 1775.0 1770.0 1765.0 1765.0 1765.0 1765.0 1765.0 1765.0 1765.0 1765.0 1765.0 1765.0 1765.0 1770.0 1775.0 1780.0 1785.0 1790.0
1787.5 1782.5 1777.5 1772.5 1767.5 1762.5 1762.5 1762.5 1762.5 1762.5 1762.5 1762.5 1762.5 1762.5 1762.5 1762.5 1767.5 1772.5 1777.5 1782.5 1787.5
1785.0 1780.0 1775.0 1770.0 1765.0 1760.0 1760.0 1760.0 1760.0 1760.0 1760.0 1760.0 1760.0 1760.0 1760.0 1760.0 1765.0 1770.0 1775.0 1780.0 1785.0
1782.5 1777.5 1772.5 1767.5 1762.5 1757.5 1757.5 1757.5 1757.5 1757.5 1757.5 1757.5 1757.5 1757.5 1757.5 1757.5 1762.5 1767.5 1772.5 1777.5 1782.5
1780.0 1775.0 1770.0 1765.0 1760.0 1755.0 1755.0 1755.0 1755.0 1755.0 1755.0 1755.0 1755.0 1755.0 1755.0 1755.0 1760.0 1765.0 1770.0 1775.0 1780.0
1777.5 1772.5 1767.5 1762.5 1757.5 1752.5 1752.5 1752.5 1752.5 1752.5 1752.5 1752.5 1752.5 1752.5 1752.5 1752.5 1757.5 1762.5 1767.5 1772.5 1777.5
1775.0 1770.0 1765.0 1760.0 1755.0 1750.0 1750.0 1750.0 1750.0 1750.0 1750.0 1750.0 1750.0 1750.0 1750.0 1750.0 1755.0 1760.0 1765.0 1770.0 1775.0
1772.5 1767.5 1762.5 1757.5 1752.5 1747.5 1747.5 1747.5 1747.5 1747.5 1747.5 1747.5 1747.5 1747.5 1747.5 1747.5 1752.5 1757.5 1762.5 1767.5 1772.5
1770.0 1765.0 1760.0 1755.0 1750.0 1745.0 1745.0 1745.0 1745.0 1745.0 1745.0 1745.0 1745.0 1745.0 1745.0 1745.0 1750.0 1755.0 1760.0 1765.0 1770.0
1767.5 1762.5 1757.5 1752.5 1747.5 1742.5 1742.5 1742.5 1742.5 1742.5 1742.5 1742.5 1742.5 1742.5 1742.5 1742.5 1747.5 1752.5 1757.5 1762.5 1767.5
1765.0 1760.0 1755.0 1750.0 1745.0 1740.0 1740.0 1740.0 1740.0 1740.0 1740.0 1740.0 1740.0 1740.0 1740.0 1740.0 1745.0 1750.0 1755.0 1760.0 1765.0
1762.5 1757.5 1752.5 1747.5 1742.5 1737.5 1737.5 1737.5 1737.5 1737.5 1737.5 1737.5 1737.5 1737.5 1737.5 1737.5 1742.5 1747.5 1752.5 1757.5 1762.5
1760.0 1755.0 1750.0 1745.0 1740.0 1735.0 1735.0 1735.0 1735.0 1735.0 1735.0 1735.0 1735.0 1735.0 1735.0 1735.0 1740.0 1745.0 1750.0 1755.0 1760.0
1757.5 1752.5 1747.5 1742.5 1737.5 1732.5 1732.5 1732.5 1732.5 1732.5 1732.5 1732.5 1732.5 1732.5 1732.5 1732.5 1737.5 1742.5 1747.5 1752.5 1757.5
1755.0 1750.0 1745.0 1740.0 1735.0 1730.0 1730.0 1730.0 1730.0 1730.0 1730.0 1730.0 1730.0 1730.0 1730.0 1730.0 1735.0 1740.0 1745.0 1750.0 1755.0
1752.5 1747.5 1742.5 1737.5 1732.5 1727.5 1727.5 1727.5 1727.5 1727.5 1727.5 1727.5 1727.5 1727.5 1727.5 1727.5 1732.5 1737.5 1742.5 1747.5 1752.5
1750.0 1745.0 1740.0 1735.0 1730.0 1725.0 1725.0 1725.0 1725.0 1725.0 1725.0 1725.0 1725.0 1725.0 1725.0 1725.0 1730.0 1735.0 1740.0 1745.0 1750.0
1747.5 1742.5 1737.5 1732.5 1727.5 1722.5 1722.5 1722.5 1722.5 1722.5 1722.5 1722.5 1722.5 1722.5 1722.5 1722.5 1727.5 1732.5 1737.5 1742.5 1747.5
1745.0 1740.0 1735.0 1730.0 1725.0 1720.0 1720.0 1720.0 1720.0 1720.0 1720.0 1720.0 1720.0 1720.0 1720.0 1720.0 1725.0 1730.0 1735.0 1740.0 1745.0
1742.5 1737.5 1732.5 1727.5 1722.5 1717.5 1717.5 1717.5 1717.5 1717.5 1717.5 1717.5 1717.5 1717.5 1717.5 1717.5 1722.5 1727.5 1732.5 1737.5 1742.5
1740.0 1735.0 1730.0 1725.0 1720.0 1715.0 1715.0 1715.0 1715.0 1715.0 1715.0 1715.0 1715.0 1715.0 1715.0 1715.0 1720.0 1725.0 1730.0 1735.0 1740.0
1737.5 1732.5 1727.5 1722.5 1717.5 1712.5 1712.5 1712.5 1712.5 1712.5 1712.5 1712.5 1712.5 1712.5 1712.5 1712.5 1717.5 1722.5 1727.5 1732.5 1737.5
1735.0 1730.0 1725.0 1720.0 1715.0 1710.0 1710.0 1710.0 1710.0 1710.0 1710.0 1710.0 1710.0 1710.0 1710.0 1710.0 1715.0 1720.0 1725.0 1730.0 1735.0
1732.5 1727.5 1722.5 1717.5 1712.5 1707.5 1707.5 1707.5 1707.5 1707.5 1707.5 1707.5 1707.5 1707.5 1707.5 1707.5 1712.5 1717.5 1722.5 1727.5 1732.5
1730.0 1725.0 1720.0 1715.0 1710.0 1705.0 1705.0 1705.0 1705.0 1705.0 1705.0 1705.0 1705.0 1705.0 1705.0 1705.0 1710.0 1715.0 1720.0 1725.0 1730.0
1727.5 1722.5 1717.5 1712.5 1707.5 1702.5 1702.5 1702.5 1702.5 1702.5 1702.5 1702.5 1702.5 1702.5 1702.5 1702.5 1707.5 1712.5 1717.5 1722.5 1727.5
1725.0 1720.0 1715.0 1710.0 1705.0 1700.0 1700.0 1700.0 1700.0 1700.0 1700.0 1700.0 1700.0 1700.0 1700.0 1700.0 1705.0 1710.0 1715.0 1720.0 1725.0
1722.5 1717.5 1712.5 1707.5 1702.5 1697.5 1697.5 1697.5 1697.5 1697.5 1697.5 1697.5 1697.5 1697.5 1697.5 1697.5 1702.5 1707.5 1712.5 1717.5 1722.5
1720.0 1715.0 1710.0 1705.0 1700.0 1695.0 1695.0 1695.0 1695.0 1695.0 1695.0 1695.0 1695.0 1695.0 1695.0 1695.0 1700.0 1705.0 1710.0 1715.0 1720.0
1717.5 1712.5 1707.5 1702.5 1697.5 1692.5 1692.5 1692.5 1692.5 1692.5 1692.5 1692.5 1692.5 1692.5 1692.5 1692.5 1697.5 1702.5 1707.5 1712.5 1717.5
