Examples/Simple_configurations/Gully/gully.asc
ncols           21
nrows         1001
xllcorner     -2.5
yllcorner    -52.5
cellsize       5.0
NODATA_value -9999
[rows 756 to 863 of 1001, columns 0 to 20 of 21]
635.0 630.0 625.0 620.0 615.0 610.0 610.0 610.0 610.0 610.0 610.0 610.0 610.0 610.0 610.0 610.0 615.0 620.0 625.0 630.0 635.0
632.5 627.5 622.5 617.5 612.5 607.5 607.5 607.5 607.5 607.5 607.5 607.5 607.5 607.5 607.5 607.5 612.5 617.5 622.5 627.5 632.5
630.0 625.0 620.0 615.0 610.0 605.0 605.0 605.0 605.0 605.0 605.0 605.0 605.0 605.0 605.0 605.0 610.0 615.0 620.0 625.0 630.0
627.5 622.5 617.5 612.5 607.5 602.5 602.5 602.5 602.5 602.5 602.5 602.5 602.5 602.5 602.5 602.5 607.5 612.5 617.5 622.5 627.5
625.0 620.0 615.0 610.0 605.0 600.0 600.0 600.0 600.0 600.0 600.0 600.0 600.0 600.0 600.0 600.0 605.0 610.0 615.0 620.0 625.0
622.5 617.5 612.5 607.5 602.5 597.5 597.5 597.5 597.5 597.5 597.5 597.5 597.5 597.5 597.5 597.5 602.5 607.5 612.5 617.5 622.5
620.0 615.0 610.0 605.0 600.0 595.0 595.0 595.0 595.0 595.0 595.0 595.0 595.0 595.0 595.0 595.0 600.0 605.0 610.0 615.0 620.0
617.5 612.5 607.5 602.5 597.5 592.5 592.5 592.5 592.5 592.5 592.5 592.5 592.5 592.5 592.5 592.5 597.5 602.5 607.5 612.5 617.5
615.0 610.0 605.0 600.0 595.0 590.0 590.0 590.0 590.0 590.0 590.0 590.0 590.0 590.0 590.0 590.0 595.0 600.0 605.0 610.0 615.0
612.5 607.5 602.5 597.5 592.5 587.5 587.5 587.5 587.5 587.5 587.5 587.5 587.5 587.5 587.5 587.5 592.5 597.5 602.5 607.5 612.5
610.0 605.0 600.0 595.0 590.0 585.0 585.0 585.0 585.0 585.0 585.0 585.0 585.0 585.0 585.0 585.0 590.0 595.0 600.0 605.0 610.0
607.5 602.5 597.5 592.5 587.5 582.5 582.5 582.5 582.5 582.5 582.5 582.5 582.5 582.5 582.5 582.5 587.5 592.5 597.5 602.5 607.5
605.0 600.0 595.0 590.0 585.0 580.0 580.0 580.0 580.0 580.0 580.0 580.0 580.0 580.0 580.0 580.0 585.0 590.0 595.0 600.0 605.0
602.5 597.5 592.5 587.5 582.5 577.5 577.5 577.5 577.5 577.5 577.5 577.5 577.5 577.5 577.5 577.5 582.5 587.5 592.5 597.5 602.5
600.0 595.0 590.0 585.0 580.0 575.0 575.0 575.0 575.0 575.0 575.0 575.0 575.0 575.0 575.0 575.0 580.0 585.0 590.0 595.0 600.0
597.5 592.5 587.5 582.5 577.5 572.5 572.5 572.5 572.5 572.5 572.5 572.5 572.5 572.5 572.5 572.5 577.5 582.5 587.5 592.5 597.5
595.0 590.0 585.0 580.0 575.0 570.0 570.0 570.0 570.0 570.0 570.0 570.0 570.0 570.0 570.0 570.0 575.0 580.0 585.0 590.0 595.0
592.5 587.5 582.5 577.5 572.5 567.5 567.5 567.5 567.5 567.5 567.5 567.5 567.5 567.5 567.5 567.5 572.5 577.5 582.5 587.5 592.5
590.0 585.0 580.0 575.0 570.0 565.0 565.0 565.0 565.0 565.0 565.0 565.0 565.0 565.0 565.0 565.0 570.0 575.0 580.0 585.0 590.0
587.5 582.5 577.5 572.5 567.5 562.5 562.5 562.5 562.5 562.5 562.5 562.5 562.5 562.5 562.5 562.5 567.5 572.5 577.5 582.5 587.5
585.0 580.0 575.0 570.0 565.0 560.0 560.0 560.0 560.0 560.0 560.0 560.0 560.0 560.0 560.0 560.0 565.0 570.0 575.0 580.0 585.0
582.5 577.5 572.5 567.5 562.5 557.5 557.5 557.5 557.5 557.5 557.5 557.5 557.5 557.5 557.5 557.5 562.5 567.5 572.5 577.5 582.5
580.0 575.0 570.0 565.0 560.0 555.0 555.0 555.0 555.0 555.0 555.0 555.0 555.0 555.0 555.0 555.0 560.0 565.0 570.0 575.0 580.0
577.5 572.5 567.5 562.5 557.5 552.5 552.5 552.5 552.5 552.5 552.5 552.5 552.5 552.5 552.5 552.5 557.5 562.5 567.5 572.5 577.5
575.0 570.0 565.0 560.0 555.0 550.0 550.0 550.0 550.0 550.0 550.0 550.0 550.0 550.0 550.0 550.0 555.0 560.0 565.0 570.0 575.0
572.5 567.5 562.5 557.5 552.5 547.5 547.5 547.5 547.5 547.5 547.5 547.5 547.5 547.5 547.5 547.5 552.5 557.5 562.5 567.5 572.5
570.0 565.0 560.0 555.0 550.0 545.0 545.0 545.0 545.0 545.0 545.0 545.0 545.0 545.0 545.0 545.0 550.0 555.0 560.0 565.0 570.0
567.5 562.5 557.5 552.5 547.5 542.5 542.5 542.5 542.5 542.5 542.5 542.5 542.5 542.5 542.5 542.5 547.5 552.5 557.5 562.5 567.5
565.0 560.0 555.0 550.0 545.0 540.0 540.0 540.0 540.0 540.0 540.0 540.0 540.0 540.0 540.0 540.0 545.0 550.0 555.0 560.0 565.0
562.5 557.5 552.5 547.5 542.5 537.5 537.5 537.5 537.5 537.5 537.5 537.5 537.5 537.5 537.5 537.5 542.5 547.5 552.5 557.5 562.5
560.0 555.0 550.0 545.0 540.0 535.0 535.0 535.0 535.0 535.0 535.0 535.0 535.0 535.0 535.0 535.0 540.0 545.0 550.0 555.0 560.0
557.5 552.5 547.5 542.5 537.5 532.5 532.5 532.5 532.5 532.5 532.5 532.5 532.5 532.5 532.5 532.5 537.5 542.5 547.5 552.5 557.5
555.0 550.0 545.0 540.0 535.0 530.0 530.0 530.0 530.0 530.0 530.0 530.0 530.0 530.0 530.0 530.0 535.0 540.0 545.0 550.0 555.0
552.5 547.5 542.5 537.5 532.5 527.5 527.5 527.5 527.5 527.5 527.5 527.5 527.5 527.5 527.5 527.5 532.5 537.5 542.5 547.5 552.5
550.0 545.0 540.0 535.0 530.0 525.0 525.0 525.0 525.0 525.0 525.0 525.0 525.0 525.0 525.0 525.0 530.0 535.0 540.0 545.0 550.0
547.5 542.5 537.5 532.5 527.5 522.5 522.5 522.5 522.5 522.5 522.5 522.5 522.5 522.5 522.5 522.5 527.5 532.5 537.5 542.5 547.5
545.0 540.0 535.0 530.0 525.0 520.0 520.0 520.0 520.0 520.0 520.0 520.0 520.0 520.0 520.0 520.0 525.0 530.0 535.0 540.0 545.0
542.5 537.5 532.5 527.5 522.5 517.5 517.5 517.5 517.5 517.5 517.5 517.5 517.5 517.5 517.5 517.5 522.5 527.5 532.5 537.5 542.5
540.0 535.0 530.0 525.0 520.0 515.0 515.0 515.0 515.0 515.0 515.0 515.0 515.0 515.0 515.0 515.0 520.0 525.0 530.0 535.0 540.0
537.5 532.5 527.5 522.5 517.5 512.5 512.5 512.5 512.5 512.5 512.5 512.5 512.5 512.5 512.5 512.5 517.5 522.5 527.5 532.5 537.5
535.0 530.0 525.0 520.0 515.0 510.0 510.0 510.0 510.0 510.0 510.0 510.0 510.0 510.0 510.0 510.0 515.0 520.0 525.0 530.0 535.0
532.5 527.5 522.5 517.5 512.5 507.5 507.5 507.5 507.5 507.5 507.5 507.5 507.5 507.5 507.5 507.5 512.5 517.5 522.5 527.5 532.5
530.0 525.0 520.0 515.0 510.0 505.0 505.0 505.0 505.0 505.0 505.0 505.0 505.0 505.0 505.0 505.0 510.0 515.0 520.0 525.0 530.0
527.5 522.5 517.5 512.5 507.5 502.5 502.5 502.5 502.5 502.5 502.5 502.5 502.5 502.5 502.5 502.5 507.5 512.5 517.5 522.5 527.5
525.0 520.0 515.0 510.0 505.0 500.0 500.0 500.0 500.0 500.0 500.0 500.0 500.0 500.0 500.0 500.0 505.0 510.0 515.0 520.0 525.0
522.5 517.5 512.5 507.5 502.5 497.5 497.5 497.5 497.5 497.5 497.5 497.5 497.5 497.5 497.5 497.5 502.5 507.5 512.5 517.5 522.5
520.0 515.0 510.0 505.0 500.0 495.0 495.0 495.0 495.0 495.0 495.0 495.0 495.0 495.0 495.0 495.0 500.0 505.0 510.0 515.0 520.0
517.5 512.5 507.5 502.5 497.5 492.5 492.5 492.5 492.5 492.5 492.5 492.5 492.5 492.5 492.5 492.5 497.5 502.5 507.5 512.5 517.5
515.0 510.0 505.0 500.0 495.0 490.0 490.0 490.0 490.0 490.0 490.0 490.0 490.0 490.0 490.0 490.0 495.0 500.0 505.0 510.0 515.0
512.5 507.5 502.5 497.5 492.5 487.5 487.5 487.5 487.5 487.5 487.5 487.5 487.5 487.5 487.5 487.5 492.5 497.5 502.5 507.5 512.5
510.0 505.0 500.0 495.0 490.0 485.0 485.0 485.0 485.0 485.0 485.0 485.0 485.0 485.0 485.0 485.0 490.0 495.0 500.0 505.0 510.0
507.5 502.5 497.5 492.5 487.5 482.5 482.5 482.5 482.5 482.5 482.5 482.5 482.5 482.5 482.5 482.5 487.5 492.5 497.5 502.5 507.5
505.0 500.0 495.0 490.0 485.0 480.0 480.0 480.0 480.0 480.0 480.0 480.0 480.0 480.0 480.0 480.0 485.0 490.0 495.0 500.0 505.0
502.5 497.5 492.5 487.5 482.5 477.5 477.5 477.5 477.5 477.5 477.5 477.5 477.5 477.5 477.5 477.5 482.5 487.5 492.5 497.5 502.5
500.0 495.0 490.0 485.0 480.0 475.0 475.0 475.0 475.0 475.0 475.0 475.0 475.0 475.0 475.0 475.0 480.0 485.0 490.0 495.0 500.0
497.5 492.5 487.5 482.5 477.5 472.5 472.5 472.5 472.5 472.5 472.5 472.5 472.5 472.5 472.5 472.5 477.5 482.5 487.5 492.5 497.5
495.0 490.0 485.0 480.0 475.0 470.0 470.0 470.0 470.0 470.0 470.0 470.0 470.0 470.0 470.0 470.0 475.0 480.0 485.0 490.0 495.0
492.5 487.5 482.5 477.5 472.5 467.5 467.5 467.5 467.5 467.5 467.5 467.5 467.5 467.5 467.5 467.5 472.5 477.5 482.5 487.5 492.5
490.0 485.0 480.0 475.0 470.0 465.0 465.0 465.0 465.0 465.0 465.0 465.0 465.0 465.0 465.0 465.0 470.0 475.0 480.0 485.0 490.0
487.5 482.5 477.5 472.5 467.5 462.5 462.5 462.5 462.5 462.5 462.5 462.5 462.5 462.5 462.5 462.5 467.5 472.5 477.5 482.5 487.5
485.0 480.0 475.0 470.0 465.0 460.0 460.0 460.0 460.0 460.0 460.0 460.0 460.0 460.0 460.0 460.0 465.0 470.0 475.0 480.0 485.0
482.5 477.5 472.5 467.5 462.5 457.5 457.5 457.5 457.5 457.5 457.5 457.5 457.5 457.5 457.5 457.5 462.5 467.5 472.5 477.5 482.5
480.0 475.0 470.0 465.0 460.0 455.0 455.0 455.0 455.0 455.0 455.0 455.0 455.0 455.0 455.0 455.0 460.0 465.0 470.0 475.0 480.0
477.5 472.5 467.5 462.5 457.5 452.5 452.5 452.5 452.5 452.5 452.5 452.5 452.5 452.5 452.5 452.5 457.5 462.5 467.5 472.5 477.5
475.0 470.0 465.0 460.0 455.0 450.0 450.0 450.0 450.0 450.0 450.0 450.0 450.0 450.0 450.0 450.0 455.0 460.0 465.0 470.0 475.0
472.5 467.5 462.5 457.5 452.5 447.5 447.5 447.5 447.5 447.5 447.5 447.5 447.5 447.5 447.5 447.5 452.5 457.5 462.5 467.5 472.5
470.0 465.0 460.0 455.0 450.0 445.0 445.0 445.0 445.0 445.0 445.0 445.0 445.0 445.0 445.0 445.0 450.0 455.0 460.0 465.0 470.0
467.5 462.5 457.5 452.5 447.5 442.5 442.5 442.5 442.5 442.5 442.5 442.5 442.5 442.5 442.5 442.5 447.5 452.5 457.5 462.5 467.5
465.0 460.0 455.0 450.0 445.0 440.0 440.0 440.0 440.0 440.0 440.0 440.0 440.0 440.0 440.0 440.0 445.0 450.0 455.0 460.0 465.0
462.5 457.5 452.5 447.5 442.5 437.5 437.5 437.5 437.5 437.5 437.5 437.5 437.5 437.5 437.5 437.5 442.5 447.5 452.5 457.5 462.5
460.0 455.0 450.0 445.0 440.0 435.0 435.0 435.0 435.0 435.0 435.0 435.0 435.0 435.0 435.0 435.0 440.0 445.0 450.0 455.0 460.0
457.5 452.5 447.5 442.5 437.5 432.5 432.5 432.5 432.5 432.5 432.5 432.5 432.5 432.5 432.5 432.5 437.5 442.5 447.5 452.5 457.5
455.0 450.0 445.0 440.0 435.0 430.0 430.0 430.0 430.0 430.0 430.0 430.0 430.0 430.0 430.0 430.0 435.0 440.0 445.0 450.0 455.0
452.5 447.5 442.5 437.5 432.5 427.5 427.5 427.5 427.5 427.5 427.5 427.5 427.5 427.5 427.5 427.5 432.5 437.5 442.5 447.5 452.5
450.0 445.0 440.0 435.0 430.0 425.0 425.0 425.0 425.0 425.0 425.0 425.0 425.0 425.0 425.0 425.0 430.0 435.0 440.0 445.0 450.0
447.5 442.5 437.5 432.5 427.5 422.5 422.5 422.5 422.5 422.5 422.5 422.5 422.5 422.5 422.5 422.5 427.5 432.5 437.5 442.5 447.5
445.0 440.0 435.0 430.0 425.0 420.0 420.0 420.0 420.0 420.0 420.0 420.0 420.0 420.0 420.0 420.0 425.0 430.0 435.0 440.0 445.0
442.5 437.5 432.5 427.5 422.5 417.5 417.5 417.5 417.5 417.5 417.5 417.5 417.5 417.5 417.5 417.5 422.5 427.5 432.5 437.5 442.5
440.0 435.0 430.0 425.0 420.0 415.0 415.0 415.0 415.0 415.0 415.0 415.0 415.0 415.0 415.0 415.0 420.0 425.0 430.0 435.0 440.0
437.5 432.5 427.5 422.5 417.5 412.5 412.5 412.5 412.5 412.5 412.5 412.5 412.5 412.5 412.5 412.5 417.5 422.5 427.5 432.5 437.5
435.0 430.0 425.0 420.0 415.0 410.0 410.0 410.0 410.0 410.0 410.0 410.0 410.0 410.0 410.0 410.0 415.0 420.0 425.0 430.0 435.0
432.5 427.5 422.5 417.5 412.5 407.5 407.5 407.5 407.5 407.5 407.5 407.5 407.5 407.5 407.5 407.5 412.5 417.5 422.5 427.5 432.5
430.0 425.0 420.0 415.0 410.0 405.0 405.0 405.0 405.0 405.0 405.0 405.0 405.0 405.0 405.0 405.0 410.0 415.0 420.0 425.0 430.0
427.5 422.5 417.5 412.5 407.5 402.5 402.5 402.5 402.5 402.5 402.5 402.5 402.5 402.5 402.5 402.5 407.5 412.5 417.5 422.5 427.5
425.0 420.0 415.0 410.0 405.0 400.0 400.0 400.0 400.0 400.0 400.0 400.0 400.0 400.0 400.0 400.0 405.0 410.0 415.0 420.0 425.0
422.5 417.5 412.5 407.5 402.5 397.5 397.5 397.5 397.5 397.5 397.5 397.5 397.5 397.5 397.5 397.5 402.5 407.5 412.5 417.5 422.5
420.0 415.0 410.0 405.0 400.0 395.0 395.0 395.0 395.0 395.0 395.0 395.0 395.0 395.0 395.0 395.0 400.0 405.0 410.0 415.0 420.0
417.5 412.5 407.5 402.5 397.5 392.5 392.5 392.5 392.5 392.5 392.5 392.5 392.5 392.5 392.5 392.5 397.5 402.5 407.5 412.5 417.5
415.0 410.0 405.0 400.0 395.0 390.0 390.0 390.0 390.0 390.0 390.0 390.0 390.0 390.0 390.0 390.0 395.0 400.0 405.0 410.0 415.0
412.5 407.5 402.5 397.5 392.5 387.5 387.5 387.5 387.5 387.5 387.5 387.5 387.5 387.5 387.5 387.5 392.5 397.5 402.5 407.5 412.5
410.0 405.0 400.0 395.0 390.0 385.0 385.0 385.0 385.0 385.0 385.0 385.0 385.0 385.0 385.0 385.0 390.0 395.0 400.0 405.0 410.0
407.5 402.5 397.5 392.5 387.5 382.5 382.5 382.5 382.5 382.5 382.5 382.5 382.5 382.5 382.5 382.5 387.5 392.5 397.5 402.5 407.5
405.0 400.0 395.0 390.0 385.0 380.0 380.0 380.0 380.0 380.0 380.0 380.0 380.0 380.0 380.0 380.0 385.0 390.0 395.0 400.0 405.0
402.5 397.5 392.5 387.5 382.5 377.5 377.5 377.5 377.5 377.5 377.5 377.5 377.5 377.5 377.5 377.5 382.5 387.5 392.5 397.5 402.5
400.0 395.0 390.0 385.0 380.0 375.0 375.0 375.0 375.0 375.0 375.0 375.0 375.0 375.0 375.0 375.0 380.0 385.0 390.0 395.0 400.0
397.5 392.5 387.5 382.5 377.5 372.5 372.5 372.5 372.5 372.5 372.5 372.5 372.5 372.5 372.5 372.5 377.5 382.5 387.5 392.5 397.5
395.0 390.0 385.0 380.0 375.0 370.0 370.0 370.0 370.0 370.0 370.0 370.0 370.0 370.0 370.0 370.0 375.0 380.0 385.0 390.0 395.0
392.5 387.5 382.5 377.5 372.5 367.5 367.5 367.5 367.5 367.5 367.5 367.5 367.5 367.5 367.5 367.5 372.5 377.5 382.5 387.5 392.5
390.0 385.0 380.0 375.0 370.0 365.0 365.0 365.0 365.0 365.0 365.0 365.0 365.0 365.0 365.0 365.0 370.0 375.0 380.0 385.0 390.0
387.5 382.5 377.5 372.5 367.5 362.5 362.5 362.5 362.5 362.5 362.5 362.5 362.5 362.5 362.5 362.5 367.5 372.5 377.5 382.5 387.5
385.0 380.0 375.0 370.0 365.0 360.0 360.0 360.0 360.0 360.0 360.0 360.0 360.0 360.0 360.0 360.0 365.0 370.0 375.0 380.0 385.0
382.5 377.5 372.5 367.5 362.5 357.5 357.5 357.5 357.5 357.5 357.5 357.5 357.5 357.5 357.5 357.5 362.5 367.5 372.5 377.5 382.5
380.0 375.0 370.0 365.0 360.0 355.0 355.0 355.0 355.0 355.0 355.0 355.0 355.0 355.0 355.0 355.0 360.0 365.0 370.0 375.0 380.0
377.5 372.5 367.5 362.5 357.5 352.5 352.5 352.5 352.5 352.5 352.5 352.5 352.5 352.5 352.5 352.5 357.5 362.5 367.5 372.5 377.5
375.0 370.0 365.0 360.0 355.0 350.0 350.0 350.0 350.0 350.0 350.0 350.0 350.0 350.0 350.0 350.0 355.0 360.0 365.0 370.0 375.0
372.5 367.5 362.5 357.5 352.5 347.5 347.5 347.5 347.5 347.5 347.5 347.5 347.5 347.5 347.5 347.5 352.5 357.5 362.5 367.5 372.5
370.0 365.0 360.0 355.0 350.0 345.0 345.0 345.0 345.0 345.0 345.0 345.0 345.0 345.0 345.0 345.0 350.0 355.0 360.0 365.0 370.0
367.5 362.5 357.5 352.5 347.5 342.5 342.5 342.5 342.5 342.5 342.5 342.5 342.5 342.5 342.5 342.5 347.5 352.5 357.5 362.5 367.5
