Examples/Simple_configurations/Gully/gully.asc
ncols           21
nrows         1001
xllcorner     -2.5
yllcorner    -52.5
cellsize       5.0
NODATA_value -9999
[rows 864 to 971 of 1001, columns 0 to 20 of 21]
365.0 360.0 355.0 350.0 345.0 340.0 340.0 340.0 340.0 340.0 340.0 340.0 340.0 340.0 340.0 340.0 345.0 350.0 355.0 360.0 365.0
362.5 357.5 352.5 347.5 342.5 337.5 337.5 337.5 337.5 337.5 337.5 337.5 337.5 337.5 337.5 337.5 342.5 347.5 352.5 357.5 362.5
360.0 355.0 350.0 345.0 340.0 335.0 335.0 335.0 335.0 335.0 335.0 335.0 335.0 335.0 335.0 335.0 340.0 345.0 350.0 355.0 360.0
357.5 352.5 347.5 342.5 337.5 332.5 332.5 332.5 332.5 332.5 332.5 332.5 332.5 332.5 332.5 332.5 337.5 342.5 347.5 352.5 357.5
355.0 350.0 345.0 340.0 335.0 330.0 330.0 330.0 330.0 330.0 330.0 330.0 330.0 330.0 330.0 330.0 335.0 340.0 345.0 350.0 355.0
352.5 347.5 342.5 337.5 332.5 327.5 327.5 327.5 327.5 327.5 327.5 327.5 327.5 327.5 327.5 327.5 332.5 337.5 342.5 347.5 352.5
350.0 345.0 340.0 335.0 330.0 325.0 325.0 325.0 325.0 325.0 325.0 325.0 325.0 325.0 325.0 325.0 330.0 335.0 340.0 345.0 350.0
347.5 342.5 337.5 332.5 327.5 322.5 322.5 322.5 322.5 322.5 322.5 322.5 322.5 322.5 322.5 322.5 327.5 332.5 337.5 342.5 347.5
345.0 340.0 335.0 330.0 325.0 320.0 320.0 320.0 320.0 320.0 320.0 320.0 320.0 320.0 320.0 320.0 325.0 330.0 335.0 340.0 345.0
342.5 337.5 332.5 327.5 322.5 317.5 317.5 317.5 317.5 317.5 317.5 317.5 317.5 317.5 317.5 317.5 322.5 327.5 332.5 337.5 342.5
340.0 335.0 330.0 325.0 320.0 315.0 315.0 315.0 315.0 315.0 315.0 315.0 315.0 315.0 315.0 315.0 320.0 325.0 330.0 335.0 340.0
337.5 332.5 327.5 322.5 317.5 312.5 312.5 312.5 312.5 312.5 312.5 312.5 312.5 312.5 312.5 312.5 317.5 322.5 327.5 332.5 337.5
335.0 330.0 325.0 320.0 315.0 310.0 310.0 310.0 310.0 310.0 310.0 310.0 310.0 310.0 310.0 310.0 315.0 320.0 325.0 330.0 335.0
332.5 327.5 322.5 317.5 312.5 307.5 307.5 307.5 307.5 307.5 307.5 307.5 307.5 307.5 307.5 307.5 312.5 317.5 322.5 327.5 332.5
330.0 325.0 320.0 315.0 310.0 305.0 305.0 305.0 305.0 305.0 305.0 305.0 305.0 305.0 305.0 305.0 310.0 315.0 320.0 325.0 330.0
327.5 322.5 317.5 312.5 307.5 302.5 302.5 302.5 302.5 302.5 302.5 302.5 302.5 302.5 302.5 302.5 307.5 312.5 317.5 322.5 327.5
325.0 320.0 315.0 310.0 305.0 300.0 300.0 300.0 300.0 300.0 300.0 300.0 300.0 300.0 300.0 300.0 305.0 310.0 315.0 320.0 325.0
322.5 317.5 312.5 307.5 302.5 297.5 297.5 297.5 297.5 297.5 297.5 297.5 297.5 297.5 297.5 297.5 302.5 307.5 312.5 317.5 322.5
320.0 315.0 310.0 305.0 300.0 295.0 295.0 295.0 295.0 295.0 295.0 295.0 295.0 295.0 295.0 295.0 300.0 305.0 310.0 315.0 320.0
317.5 312.5 307.5 302.5 297.5 292.5 292.5 292.5 292.5 292.5 292.5 292.5 292.5 292.5 292.5 292.5 297.5 302.5 307.5 312.5 317.5
315.0 310.0 305.0 300.0 295.0 290.0 290.0 290.0 290.0 290.0 290.0 290.0 290.0 290.0 290.0 290.0 295.0 300.0 305.0 310.0 315.0
312.5 307.5 302.5 297.5 292.5 287.5 287.5 287.5 287.5 287.5 287.5 287.5 287.5 287.5 287.5 287.5 292.5 297.5 302.5 307.5 312.5
310.0 305.0 300.0 295.0 290.0 285.0 285.0 285.0 285.0 285.0 285.0 285.0 285.0 285.0 285.0 285.0 290.0 295.0 300.0 305.0 310.0
307.5 302.5 297.5 292.5 287.5 282.5 282.5 282.5 282.5 282.5 282.5 282.5 282.5 282.5 282.5 282.5 287.5 292.5 297.5 302.5 307.5
305.0 300.0 295.0 290.0 285.0 280.0 280.0 280.0 280.0 280.0 280.0 280.0 280.0 280.0 280.0 280.0 285.0 290.0 295.0 300.0 305.0
302.5 297.5 292.5 287.5 282.5 277.5 277.5 277.5 277.5 277.5 277.5 277.5 277.5 277.5 277.5 277.5 282.5 287.5 292.5 297.5 302.5
300.0 295.0 290.0 285.0 280.0 275.0 275.0 275.0 275.0 275.0 275.0 275.0 275.0 275.0 275.0 275.0 280.0 285.0 290.0 295.0 300.0
297.5 292.5 287.5 282.5 277.5 272.5 272.5 272.5 272.5 272.5 272.5 272.5 272.5 272.5 272.5 272.5 277.5 282.5 287.5 292.5 297.5
295.0 290.0 285.0 280.0 275.0 270.0 270.0 270.0 270.0 270.0 270.0 270.0 270.0 270.0 270.0 270.0 275.0 280.0 285.0 290.0 295.0
292.5 287.5 282.5 277.5 272.5 267.5 267.5 267.5 267.5 267.5 267.5 267.5 267.5 267.5 267.5 267.5 272.5 277.5 282.5 287.5 292.5
290.0 285.0 280.0 275.0 270.0 265.0 265.0 265.0 265.0 265.0 265.0 265.0 265.0 265.0 265.0 265.0 270.0 275.0 280.0 285.0 290.0
287.5 282.5 277.5 272.5 267.5 262.5 262.5 262.5 262.5 262.5 262.5 262.5 262.5 262.5 262.5 262.5 267.5 272.5 277.5 282.5 287.5
285.0 280.0 275.0 270.0 265.0 260.0 260.0 260.0 260.0 260.0 260.0 260.0 260.0 260.0 260.0 260.0 265.0 270.0 275.0 280.0 285.0
282.5 277.5 272.5 267.5 262.5 257.5 257.5 257.5 257.5 257.5 257.5 257.5 257.5 257.5 257.5 257.5 262.5 267.5 272.5 277.5 282.5
280.0 275.0 270.0 265.0 260.0 255.0 255.0 255.0 255.0 255.0 255.0 255.0 255.0 255.0 255.0 255.0 260.0 265.0 270.0 275.0 280.0
277.5 272.5 267.5 262.5 257.5 252.5 252.5 252.5 252.5 252.5 252.5 252.5 252.5 252.5 252.5 252.5 257.5 262.5 267.5 272.5 277.5
275.0 270.0 265.0 260.0 255.0 250.0 250.0 250.0 250.0 250.0 250.0 250.0 250.0 250.0 250.0 250.0 255.0 260.0 265.0 270.0 275.0
272.5 267.5 262.5 257.5 252.5 247.5 247.5 247.5 247.5 247.5 247.5 247.5 247.5 247.5 247.5 247.5 252.5 257.5 262.5 267.5 272.5
270.0 265.0 260.0 255.0 250.0 245.0 245.0 245.0 245.0 245.0 245.0 245.0 245.0 245.0 245.0 245.0 250.0 255.0 260.0 265.0 270.0
267.5 262.5 257.5 252.5 247.5 242.5 242.5 242.5 242.5 242.5 242.5 242.5 242.5 242.5 242.5 242.5 247.5 252.5 257.5 262.5 267.5
265.0 260.0 255.0 250.0 245.0 240.0 240.0 240.0 240.0 240.0 240.0 240.0 240.0 240.0 240.0 240.0 245.0 250.0 255.0 260.0 265.0
262.5 257.5 252.5 247.5 242.5 237.5 237.5 237.5 237.5 237.5 237.5 237.5 237.5 237.5 237.5 237.5 242.5 247.5 252.5 257.5 262.5
260.0 255.0 250.0 245.0 240.0 235.0 235.0 235.0 235.0 235.0 235.0 235.0 235.0 235.0 235.0 235.0 240.0 245.0 250.0 255.0 260.0
257.5 252.5 247.5 242.5 237.5 232.5 232.5 232.5 232.5 232.5 232.5 232.5 232.5 232.5 232.5 232.5 237.5 242.5 247.5 252.5 257.5
255.0 250.0 245.0 240.0 235.0 230.0 230.0 230.0 230.0 230.0 230.0 230.0 230.0 230.0 230.0 230.0 235.0 240.0 245.0 250.0 255.0
252.5 247.5 242.5 237.5 232.5 227.5 227.5 227.5 227.5 227.5 227.5 227.5 227.5 227.5 227.5 227.5 232.5 237.5 242.5 247.5 252.5
250.0 245.0 240.0 235.0 230.0 225.0 225.0 225.0 225.0 225.0 225.0 225.0 225.0 225.0 225.0 225.0 230.0 235.0 240.0 245.0 250.0
247.5 242.5 237.5 232.5 227.5 222.5 222.5 222.5 222.5 222.5 222.5 222.5 222.5 222.5 222.5 222.5 227.5 232.5 237.5 242.5 247.5
245.0 240.0 235.0 230.0 225.0 220.0 220.0 220.0 220.0 220.0 220.0 220.0 220.0 220.0 220.0 220.0 225.0 230.0 235.0 240.0 245.0
242.5 237.5 232.5 227.5 222.5 217.5 217.5 217.5 217.5 217.5 217.5 217.5 217.5 217.5 217.5 217.5 222.5 227.5 232.5 237.5 242.5
240.0 235.0 230.0 225.0 220.0 215.0 215.0 215.0 215.0 215.0 215.0 215.0 215.0 215.0 215.0 215.0 220.0 225.0 230.0 235.0 240.0
237.5 232.5 227.5 222.5 217.5 212.5 212.5 212.5 212.5 212.5 212.5 212.5 212.5 212.5 212.5 212.5 217.5 222.5 227.5 232.5 237.5
235.0 230.0 225.0 220.0 215.0 210.0 210.0 210.0 210.0 210.0 210.0 210.0 210.0 210.0 210.0 210.0 215.0 220.0 225.0 230.0 235.0
232.5 227.5 222.5 217.5 212.5 207.5 207.5 207.5 207.5 207.5 207.5 207.5 207.5 207.5 207.5 207.5 212.5 217.5 222.5 227.5 232.5
230.0 225.0 220.0 215.0 210.0 205.0 205.0 205.0 205.0 205.0 205.0 205.0 205.0 205.0 205.0 205.0 210.0 215.0 220.0 225.0 230.0
227.5 222.5 217.5 212.5 207.5 202.5 202.5 202.5 202.5 202.5 202.5 202.5 202.5 202.5 202.5 202.5 207.5 212.5 217.5 222.5 227.5
225.0 220.0 215.0 210.0 205.0 200.0 200.0 200.0 200.0 200.0 200.0 200.0 200.0 200.0 200.0 200.0 205.0 210.0 215.0 220.0 225.0
222.5 217.5 212.5 207.5 202.5 197.5 197.5 197.5 197.5 197.5 197.5 197.5 197.5 197.5 197.5 197.5 202.5 207.5 212.5 217.5 222.5
220.0 215.0 210.0 205.0 200.0 195.0 195.0 195.0 195.0 195.0 195.0 195.0 195.0 195.0 195.0 195.0 200.0 205.0 210.0 215.0 220.0
217.5 212.5 207.5 202.5 197.5 192.5 192.5 192.5 192.5 192.5 192.5 192.5 192.5 192.5 192.5 192.5 197.5 202.5 207.5 212.5 217.5
215.0 210.0 205.0 200.0 195.0 190.0 190.0 190.0 190.0 190.0 190.0 190.0 190.0 190.0 190.0 190.0 195.0 200.0 205.0 210.0 215.0
212.5 207.5 202.5 197.5 192.5 187.5 187.5 187.5 187.5 187.5 187.5 187.5 187.5 187.5 187.5 187.5 192.5 197.5 202.5 207.5 212.5
210.0 205.0 200.0 195.0 190.0 185.0 185.0 185.0 185.0 185.0 185.0 185.0 185.0 185.0 185.0 185.0 190.0 195.0 200.0 205.0 210.0
207.5 202.5 197.5 192.5 187.5 182.5 182.5 182.5 182.5 182.5 182.5 182.5 182.5 182.5 182.5 182.5 187.5 192.5 197.5 202.5 207.5
205.0 200.0 195.0 190.0 185.0 180.0 180.0 180.0 180.0 180.0 180.0 180.0 180.0 180.0 180.0 180.0 185.0 190.0 195.0 200.0 205.0
202.5 197.5 192.5 187.5 182.5 177.5 177.5 177.5 177.5 177.5 177.5 177.5 177.5 177.5 177.5 177.5 182.5 187.5 192.5 197.5 202.5
200.0 195.0 190.0 185.0 180.0 175.0 175.0 175.0 175.0 175.0 175.0 175.0 175.0 175.0 175.0 175.0 180.0 185.0 190.0 195.0 200.0
197.5 192.5 187.5 182.5 177.5 172.5 172.5 172.5 172.5 172.5 172.5 172.5 172.5 172.5 172.5 172.5 177.5 182.5 187.5 192.5 197.5
195.0 190.0 185.0 180.0 175.0 170.0 170.0 170.0 170.0 170.0 170.0 170.0 170.0 170.0 170.0 170.0 175.0 180.0 185.0 190.0 195.0
192.5 187.5 182.5 177.5 172.5 167.5 167.5 167.5 167.5 167.5 167.5 167.5 167.5 167.5 167.5 167.5 172.5 177.5 182.5 187.5 192.5
190.0 185.0 180.0 175.0 170.0 165.0 165.0 165.0 165.0 165.0 165.0 165.0 165.0 165.0 165.0 165.0 170.0 175.0 180.0 185.0 190.0
187.5 182.5 177.5 172.5 167.5 162.5 162.5 162.5 162.5 162.5 162.5 162.5 162.5 162.5 162.5 162.5 167.5 172.5 177.5 182.5 187.5
185.0 180.0 175.0 170.0 165.0 160.0 160.0 160.0 160.0 160.0 160.0 160.0 160.0 160.0 160.0 160.0 165.0 170.0 175.0 180.0 185.0
182.5 177.5 172.5 167.5 162.5 157.5 157.5 157.5 157.5 157.5 157.5 157.5 157.5 157.5 157.5 157.5 162.5 167.5 172.5 177.5 182.5
180.0 175.0 170.0 165.0 160.0 155.0 155.0 155.0 155.0 155.0 155.0 155.0 155.0 155.0 155.0 155.0 160.0 165.0 170.0 175.0 180.0
177.5 172.5 167.5 162.5 157.5 152.5 152.5 152.5 152.5 152.5 152.5 152.5 152.5 152.5 152.5 152.5 157.5 162.5 167.5 172.5 177.5
175.0 170.0 165.0 160.0 155.0 150.0 150.0 150.0 150.0 150.0 150.0 150.0 150.0 150.0 150.0 150.0 155.0 160.0 165.0 170.0 175.0
172.5 167.5 162.5 157.5 152.5 147.5 147.5 147.5 147.5 147.5 147.5 147.5 147.5 147.5 147.5 147.5 152.5 157.5 162.5 167.5 172.5
170.0 165.0 160.0 155.0 150.0 145.0 145.0 145.0 145.0 145.0 145.0 145.0 145.0 145.0 145.0 145.0 150.0 155.0 160.0 165.0 170.0
167.5 162.5 157.5 152.5 147.5 142.5 142.5 142.5 142.5 142.5 142.5 142.5 142.5 142.5 142.5 142.5 147.5 152.5 157.5 162.5 167.5
165.0 160.0 155.0 150.0 145.0 140.0 140.0 140.0 140.0 140.0 140.0 140.0 140.0 140.0 140.0 140.0 145.0 150.0 155.0 160.0 165.0
162.5 157.5 152.5 147.5 142.5 137.5 137.5 137.5 137.5 137.5 137.5 137.5 137.5 137.5 137.5 137.5 142.5 147.5 152.5 157.5 162.5
160.0 155.0 150.0 145.0 140.0 135.0 135.0 135.0 135.0 135.0 135.0 135.0 135.0 135.0 135.0 135.0 140.0 145.0 150.0 155.0 160.0
157.5 152.5 147.5 142.5 137.5 132.5 132.5 132.5 132.5 132.5 132.5 132.5 132.5 132.5 132.5 132.5 137.5 142.5 147.5 152.5 157.5
155.0 150.0 145.0 140.0 135.0 130.0 130.0 130.0 130.0 130.0 130.0 130.0 130.0 130.0 130.0 130.0 135.0 140.0 145.0 150.0 155.0
152.5 147.5 142.5 137.5 132.5 127.5 127.5 127.5 127.5 127.5 127.5 127.5 127.5 127.5 127.5 127.5 132.5 137.5 142.5 147.5 152.5
150.0 145.0 140.0 135.0 130.0 125.0 125.0 125.0 125.0 125.0 125.0 125.0 125.0 125.0 125.0 125.0 130.0 135.0 140.0 145.0 150.0
147.5 142.5 137.5 132.5 127.5 122.5 122.5 122.5 122.5 122.5 122.5 122.5 122.5 122.5 122.5 122.5 127.5 132.5 137.5 142.5 147.5
145.0 140.0 135.0 130.0 125.0 120.0 120.0 120.0 120.0 120.0 120.0 120.0 120.0 120.0 120.0 120.0 125.0 130.0 135.0 140.0 145.0
142.5 137.5 132.5 127.5 122.5 117.5 117.5 117.5 117.5 117.5 117.5 117.5 117.5 117.5 117.5 117.5 122.5 127.5 132.5 137.5 142.5
140.0 135.0 130.0 125.0 120.0 115.0 115.0 115.0 115.0 115.0 115.0 115.0 115.0 115.0 115.0 115.0 120.0 125.0 130.0 135.0 140.0
137.5 132.5 127.5 122.5 117.5 112.5 112.5 112.5 112.5 112.5 112.5 112.5 112.5 112.5 112.5 112.5 117.5 122.5 127.5 132.5 137.5
135.0 130.0 125.0 120.0 115.0 110.0 110.0 110.0 110.0 110.0 110.0 110.0 110.0 110.0 110.0 110.0 115.0 120.0 125.0 130.0 135.0
132.5 127.5 122.5 117.5 112.5 107.5 107.5 107.5 107.5 107.5 107.5 107.5 107.5 107.5 107.5 107.5 112.5 117.5 122.5 127.5 132.5
130.0 125.0 120.0 115.0 110.0 105.0 105.0 105.0 105.0 105.0 105.0 105.0 105.0 105.0 105.0 105.0 110.0 115.0 120.0 125.0 130.0
127.5 122.5 117.5 112.5 107.5 102.5 102.5 102.5 102.5 102.5 102.5 102.5 102.5 102.5 102.5 102.5 107.5 112.5 117.5 122.5 127.5
125.0 120.0 115.0 110.0 105.0 100.0 100.0 100.0 100.0 100.0 100.0 100.0 100.0 100.0 100.0 100.0 105.0 110.0 115.0 120.0 125.0
122.5 117.5 112.5 107.5 102.5 97.5 97.5 97.5 97.5 97.5 97.5 97.5 97.5 97.5 97.5 97.5 102.5 107.5 112.5 117.5 122.5
120.0 115.0 110.0 105.0 100.0 95.0 95.0 95.0 95.0 95.0 95.0 95.0 95.0 95.0 95.0 95.0 100.0 105.0 110.0 115.0 120.0
117.5 112.5 107.5 102.5 97.5 92.5 92.5 92.5 92.5 92.5 92.5 92.5 92.5 92.5 92.5 92.5 97.5 102.5 107.5 112.5 117.5
115.0 110.0 105.0 100.0 95.0 90.0 90.0 90.0 90.0 90.0 90.0 90.0 90.0 90.0 90.0 90.0 95.0 100.0 105.0 110.0 115.0
112.5 107.5 102.5 97.5 92.5 87.5 87.5 87.5 87.5 87.5 87.5 87.5 87.5 87.5 87.5 87.5 92.5 97.5 102.5 107.5 112.5
110.0 105.0 100.0 95.0 90.0 85.0 85.0 85.0 85.0 85.0 85.0 85.0 85.0 85.0 85.0 85.0 90.0 95.0 100.0 105.0 110.0
107.5 102.5 97.5 92.5 87.5 82.5 82.5 82.5 82.5 82.5 82.5 82.5 82.5 82.5 82.5 82.5 87.5 92.5 97.5 102.5 107.5
105.0 100.0 95.0 90.0 85.0 80.0 80.0 80.0 80.0 80.0 80.0 80.0 80.0 80.0 80.0 80.0 85.0 90.0 95.0 100.0 105.0
102.5 97.5 92.5 87.5 82.5 77.5 77.5 77.5 77.5 77.5 77.5 77.5 77.5 77.5 77.5 77.5 82.5 87.5 92.5 97.5 102.5
100.0 95.0 90.0 85.0 80.0 75.0 75.0 75.0 75.0 75.0 75.0 75.0 75.0 75.0 75.0 75.0 80.0 85.0 90.0 95.0 100.0
97.5 92.5 87.5 82.5 77.5 72.5 72.5 72.5 72.5 72.5 72.5 72.5 72.5 72.5 72.5 72.5 77.5 82.5 87.5 92.5 97.5
