Examples/Simple_configurations/Gully/gully.asc
ncols           21
nrows         1001
xllcorner     -2.5
yllcorner    -52.5
cellsize       5.0
NODATA_value -9999
[rows 108 to 215 of 1001, columns 0 to 20 of 21]
2255.0 2250.0 2245.0 2240.0 2235.0 2230.0 2230.0 2230.0 2230.0 2230.0 2230.0 2230.0 2230.0 2230.0 2230.0 2230.0 2235.0 2240.0 2245.0 2250.0 2255.0
2252.5 2247.5 2242.5 2237.5 2232.5 2227.5 2227.5 2227.5 2227.5 2227.5 2227.5 2227.5 2227.5 2227.5 2227.5 2227.5 2232.5 2237.5 2242.5 2247.5 2252.5
2250.0 2245.0 2240.0 2235.0 2230.0 2225.0 2225.0 2225.0 2225.0 2225.0 2225.0 2225.0 2225.0 2225.0 2225.0 2225.0 2230.0 2235.0 2240.0 2245.0 2250.0
2247.5 2242.5 2237.5 2232.5 2227.5 2222.5 2222.5 2222.5 2222.5 2222.5 2222.5 2222.5 2222.5 2222.5 2222.5 2222.5 2227.5 2232.5 2237.5 2242.5 2247.5
2245.0 2240.0 2235.0 2230.0 2225.0 2220.0 2220.0 2220.0 2220.0 2220.0 2220.0 2220.0 2220.0 2220.0 2220.0 2220.0 2225.0 2230.0 2235.0 2240.0 2245.0
2242.5 2237.5 2232.5 2227.5 2222.5 2217.5 2217.5 2217.5 2217.5 2217.5 2217.5 2217.5 2217.5 2217.5 2217.5 2217.5 2222.5 2227.5 2232.5 2237.5 2242.5
2240.0 2235.0 2230.0 2225.0 2220.0 2215.0 2215.0 2215.0 2215.0 2215.0 2215.0 2215.0 2215.0 2215.0 2215.0 2215.0 2220.0 2225.0 2230.0 2235.0 2240.0
2237.5 2232.5 2227.5 2222.5 2217.5 2212.5 2212.5 2212.5 2212.5 2212.5 2212.5 2212.5 2212.5 2212.5 2212.5 2212.5 2217.5 2222.5 2227.5 2232.5 2237.5
2235.0 2230.0 2225.0 2220.0 2215.0 2210.0 2210.0 2210.0 2210.0 2210.0 2210.0 2210.0 2210.0 2210.0 2210.0 2210.0 2215.0 2220.0 2225.0 2230.0 2235.0
2232.5 2227.5 2222.5 2217.5 2212.5 2207.5 2207.5 2207.5 2207.5 2207.5 2207.5 2207.5 2207.5 2207.5 2207.5 2207.5 2212.5 2217.5 2222.5 2227.5 2232.5
2230.0 2225.0 2220.0 2215.0 2210.0 2205.0 2205.0 2205.0 2205.0 2205.0 2205.0 2205.0 2205.0 2205.0 2205.0 2205.0 2210.0 2215.0 2220.0 2225.0 2230.0
2227.5 2222.5 2217.5 2212.5 2207.5 2202.5 2202.5 2202.5 2202.5 2202.5 2202.5 2202.5 2202.5 2202.5 2202.5 2202.5 2207.5 2212.5 2217.5 2222.5 2227.5
2225.0 2220.0 2215.0 2210.0 2205.0 2200.0 2200.0 2200.0 2200.0 2200.0 2200.0 2200.0 2200.0 2200.0 2200.0 2200.0 2205.0 2210.0 2215.0 2220.0 2225.0
2222.5 2217.5 2212.5 2207.5 2202.5 2197.5 2197.5 2197.5 2197.5 2197.5 2197.5 2197.5 2197.5 2197.5 2197.5 2197.5 2202.5 2207.5 2212.5 2217.5 2222.5
2220.0 2215.0 2210.0 2205.0 2200.0 2195.0 2195.0 2195.0 2195.0 2195.0 2195.0 2195.0 2195.0 2195.0 2195.0 2195.0 2200.0 2205.0 2210.0 2215.0 2220.0
2217.5 2212.5 2207.5 2202.5 2197.5 2192.5 2192.5 2192.5 2192.5 2192.5 2192.5 2192.5 2192.5 2192.5 2192.5 2192.5 2197.5 2202.5 2207.5 2212.5 2217.5
2215.0 2210.0 2205.0 2200.0 2195.0 2190.0 2190.0 2190.0 2190.0 2190.0 2190.0 2190.0 2190.0 2190.0 2190.0 2190.0 2195.0 2200.0 2205.0 2210.0 2215.0
2212.5 2207.5 2202.5 2197.5 2192.5 2187.5 2187.5 2187.5 2187.5 2187.5 2187.5 2187.5 2187.5 2187.5 2187.5 2187.5 2192.5 2197.5 2202.5 2207.5 2212.5
2210.0 2205.0 2200.0 2195.0 2190.0 2185.0 2185.0 2185.0 2185.0 2185.0 2185.0 2185.0 2185.0 2185.0 2185.0 2185.0 2190.0 2195.0 2200.0 2205.0 2210.0
2207.5 2202.5 2197.5 2192.5 2187.5 2182.5 2182.5 2182.5 2182.5 2182.5 2182.5 2182.5 2182.5 2182.5 2182.5 2182.5 2187.5 2192.5 2197.5 2202.5 2207.5
2205.0 2200.0 2195.0 2190.0 2185.0 2180.0 2180.0 2180.0 2180.0 2180.0 2180.0 2180.0 2180.0 2180.0 2180.0 2180.0 2185.0 2190.0 2195.0 2200.0 2205.0
2202.5 2197.5 2192.5 2187.5 2182.5 2177.5 2177.5 2177.5 2177.5 2177.5 2177.5 2177.5 2177.5 2177.5 2177.5 2177.5 2182.5 2187.5 2192.5 2197.5 2202.5
2200.0 2195.0 2190.0 2185.0 2180.0 2175.0 2175.0 2175.0 2175.0 2175.0 2175.0 2175.0 2175.0 2175.0 2175.0 2175.0 2180.0 2185.0 2190.0 2195.0 2200.0
2197.5 2192.5 2187.5 2182.5 2177.5 2172.5 2172.5 2172.5 2172.5 2172.5 2172.5 2172.5 2172.5 2172.5 2172.5 2172.5 2177.5 2182.5 2187.5 2192.5 2197.5
2195.0 2190.0 2185.0 2180.0 2175.0 2170.0 2170.0 2170.0 2170.0 2170.0 2170.0 2170.0 2170.0 2170.0 2170.0 2170.0 2175.0 2180.0 2185.0 2190.0 2195.0
2192.5 2187.5 2182.5 2177.5 2172.5 2167.5 2167.5 2167.5 2167.5 2167.5 2167.5 2167.5 2167.5 2167.5 2167.5 2167.5 2172.5 2177.5 2182.5 2187.5 2192.5
2190.0 2185.0 2180.0 2175.0 2170.0 2165.0 2165.0 2165.0 2165.0 2165.0 2165.0 2165.0 2165.0 2165.0 2165.0 2165.0 2170.0 2175.0 2180.0 2185.0 2190.0
2187.5 2182.5 2177.5 2172.5 2167.5 2162.5 2162.5 2162.5 2162.5 2162.5 2162.5 2162.5 2162.5 2162.5 2162.5 2162.5 2167.5 2172.5 2177.5 2182.5 2187.5
2185.0 2180.0 2175.0 2170.0 2165.0 2160.0 2160.0 2160.0 2160.0 2160.0 2160.0 2160.0 2160.0 2160.0 2160.0 2160.0 2165.0 2170.0 2175.0 2180.0 2185.0
2182.5 2177.5 2172.5 2167.5 2162.5 2157.5 2157.5 2157.5 2157.5 2157.5 2157.5 2157.5 2157.5 2157.5 2157.5 2157.5 2162.5 2167.5 2172.5 2177.5 2182.5
2180.0 2175.0 2170.0 2165.0 2160.0 2155.0 2155.0 2155.0 2155.0 2155.0 2155.0 2155.0 2155.0 2155.0 2155.0 2155.0 2160.0 2165.0 2170.0 2175.0 2180.0
2177.5 2172.5 2167.5 2162.5 2157.5 2152.5 2152.5 2152.5 2152.5 2152.5 2152.5 2152.5 2152.5 2152.5 2152.5 2152.5 2157.5 2162.5 2167.5 2172.5 2177.5
2175.0 2170.0 2165.0 2160.0 2155.0 2150.0 2150.0 2150.0 2150.0 2150.0 2150.0 2150.0 2150.0 2150.0 2150.0 2150.0 2155.0 2160.0 2165.0 2170.0 2175.0
2172.5 2167.5 2162.5 2157.5 2152.5 2147.5 2147.5 2147.5 2147.5 2147.5 2147.5 2147.5 2147.5 2147.5 2147.5 2147.5 2152.5 2157.5 2162.5 2167.5 2172.5
2170.0 2165.0 2160.0 2155.0 2150.0 2145.0 2145.0 2145.0 2145.0 2145.0 2145.0 2145.0 2145.0 2145.0 2145.0 2145.0 2150.0 2155.0 2160.0 2165.0 2170.0
2167.5 2162.5 2157.5 2152.5 2147.5 2142.5 2142.5 2142.5 2142.5 2142.5 2142.5 2142.5 2142.5 2142.5 2142.5 2142.5 2147.5 2152.5 2157.5 2162.5 2167.5
2165.0 2160.0 2155.0 2150.0 2145.0 2140.0 2140.0 2140.0 2140.0 2140.0 2140.0 2140.0 2140.0 2140.0 2140.0 2140.0 2145.0 2150.0 2155.0 2160.0 2165.0
2162.5 2157.5 2152.5 2147.5 2142.5 2137.5 2137.5 2137.5 2137.5 2137.5 2137.5 2137.5 2137.5 2137.5 2137.5 2137.5 2142.5 2147.5 2152.5 2157.5 2162.5
2160.0 2155.0 2150.0 2145.0 2140.0 2135.0 2135.0 2135.0 2135.0 2135.0 2135.0 2135.0 2135.0 2135.0 2135.0 2135.0 2140.0 2145.0 2150.0 2155.0 2160.0
2157.5 2152.5 2147.5 2142.5 2137.5 2132.5 2132.5 2132.5 2132.5 2132.5 2132.5 2132.5 2132.5 2132.5 2132.5 2132.5 2137.5 2142.5 2147.5 2152.5 2157.5
2155.0 2150.0 2145.0 2140.0 2135.0 2130.0 2130.0 2130.0 2130.0 2130.0 2130.0 2130.0 2130.0 2130.0 2130.0 2130.0 2135.0 2140.0 2145.0 2150.0 2155.0
2152.5 2147.5 2142.5 2137.5 2132.5 2127.5 2127.5 2127.5 2127.5 2127.5 2127.5 2127.5 2127.5 2127.5 2127.5 2127.5 2132.5 2137.5 2142.5 2147.5 2152.5
2150.0 2145.0 2140.0 2135.0 2130.0 2125.0 2125.0 2125.0 2125.0 2125.0 2125.0 2125.0 2125.0 2125.0 2125.0 2125.0 2130.0 2135.0 2140.0 2145.0 2150.0
2147.5 2142.5 2137.5 2132.5 2127.5 2122.5 2122.5 2122.5 2122.5 2122.5 2122.5 2122.5 2122.5 2122.5 2122.5 2122.5 2127.5 2132.5 2137.5 2142.5 2147.5
2145.0 2140.0 2135.0 2130.0 2125.0 2120.0 2120.0 2120.0 2120.0 2120.0 2120.0 2120.0 2120.0 2120.0 2120.0 2120.0 2125.0 2130.0 2135.0 2140.0 2145.0
2142.5 2137.5 2132.5 2127.5 2122.5 2117.5 2117.5 2117.5 2117.5 2117.5 2117.5 2117.5 2117.5 2117.5 2117.5 2117.5 2122.5 2127.5 2132.5 2137.5 2142.5
2140.0 2135.0 2130.0 2125.0 2120.0 2115.0 2115.0 2115.0 2115.0 2115.0 2115.0 2115.0 2115.0 2115.0 2115.0 2115.0 2120.0 2125.0 2130.0 2135.0 2140.0
2137.5 2132.5 2127.5 2122.5 2117.5 2112.5 2112.5 2112.5 2112.5 2112.5 2112.5 2112.5 2112.5 2112.5 2112.5 2112.5 2117.5 2122.5 2127.5 2132.5 2137.5
2135.0 2130.0 2125.0 2120.0 2115.0 2110.0 2110.0 2110.0 2110.0 2110.0 2110.0 2110.0 2110.0 2110.0 2110.0 2110.0 2115.0 2120.0 2125.0 2130.0 2135.0
2132.5 2127.5 2122.5 2117.5 2112.5 2107.5 2107.5 2107.5 2107.5 2107.5 2107.5 2107.5 2107.5 2107.5 2107.5 2107.5 2112.5 2117.5 2122.5 2127.5 2132.5
2130.0 2125.0 2120.0 2115.0 2110.0 2105.0 2105.0 2105.0 2105.0 2105.0 2105.0 2105.0 2105.0 2105.0 2105.0 2105.0 2110.0 2115.0 2120.0 2125.0 2130.0
2127.5 2122.5 2117.5 2112.5 2107.5 2102.5 2102.5 2102.5 2102.5 2102.5 2102.5 2102.5 2102.5 2102.5 2102.5 2102.5 2107.5 2112.5 2117.5 2122.5 2127.5
2125.0 2120.0 2115.0 2110.0 2105.0 2100.0 2100.0 2100.0 2100.0 2100.0 2100.0 2100.0 2100.0 2100.0 2100.0 2100.0 2105.0 2110.0 2115.0 2120.0 2125.0
2122.5 2117.5 2112.5 2107.5 2102.5 2097.5 2097.5 2097.5 2097.5 2097.5 2097.5 2097.5 2097.5 2097.5 2097.5 2097.5 2102.5 2107.5 2112.5 2117.5 2122.5
2120.0 2115.0 2110.0 2105.0 2100.0 2095.0 2095.0 2095.0 2095.0 2095.0 2095.0 2095.0 2095.0 2095.0 2095.0 2095.0 2100.0 2105.0 2110.0 2115.0 2120.0
2117.5 2112.5 2107.5 2102.5 2097.5 2092.5 2092.5 2092.5 2092.5 2092.5 2092.5 2092.5 2092.5 2092.5 2092.5 2092.5 2097.5 2102.5 2107.5 2112.5 2117.5
2115.0 2110.0 2105.0 2100.0 2095.0 2090.0 2090.0 2090.0 2090.0 2090.0 2090.0 2090.0 2090.0 2090.0 2090.0 2090.0 2095.0 2100.0 2105.0 2110.0 2115.0
2112.5 2107.5 2102.5 2097.5 2092.5 2087.5 2087.5 2087.5 2087.5 2087.5 2087.5 2087.5 2087.5 2087.5 2087.5 2087.5 2092.5 2097.5 2102.5 2107.5 2112.5
2110.0 2105.0 2100.0 2095.0 2090.0 2085.0 2085.0 2085.0 2085.0 2085.0 2085.0 2085.0 2085.0 2085.0 2085.0 2085.0 2090.0 2095.0 2100.0 2105.0 2110.0
2107.5 2102.5 2097.5 2092.5 2087.5 2082.5 2082.5 2082.5 2082.5 2082.5 2082.5 2082.5 2082.5 2082.5 2082.5 2082.5 2087.5 2092.5 2097.5 2102.5 2107.5
2105.0 2100.0 2095.0 2090.0 2085.0 2080.0 2080.0 2080.0 2080.0 2080.0 2080.0 2080.0 2080.0 2080.0 2080.0 2080.0 2085.0 2090.0 2095.0 2100.0 2105.0
2102.5 2097.5 2092.5 2087.5 2082.5 2077.5 2077.5 2077.5 2077.5 2077.5 2077.5 2077.5 2077.5 2077.5 2077.5 2077.5 2082.5 2087.5 2092.5 2097.5 2102.5
2100.0 2095.0 2090.0 2085.0 2080.0 2075.0 2075.0 2075.0 2075.0 2075.0 2075.0 2075.0 2075.0 2075.0 2075.0 2075.0 2080.0 2085.0 2090.0 2095.0 2100.0
2097.5 2092.5 2087.5 2082.5 2077.5 2072.5 2072.5 2072.5 2072.5 2072.5 2072.5 2072.5 2072.5 2072.5 2072.5 2072.5 2077.5 2082.5 2087.5 2092.5 2097.5
2095.0 2090.0 2085.0 2080.0 2075.0 2070.0 2070.0 2070.0 2070.0 2070.0 2070.0 2070.0 2070.0 2070.0 2070.0 2070.0 2075.0 2080.0 2085.0 2090.0 2095.0
2092.5 2087.5 2082.5 2077.5 2072.5 2067.5 2067.5 2067.5 2067.5 2067.5 2067.5 2067.5 2067.5 2067.5 2067.5 2067.5 2072.5 2077.5 2082.5 2087.5 2092.5
2090.0 2085.0 2080.0 2075.0 2070.0 2065.0 2065.0 2065.0 2065.0 2065.0 2065.0 2065.0 2065.0 2065.0 2065.0 2065.0 2070.0 2075.0 2080.0 2085.0 2090.0
2087.5 2082.5 2077.5 2072.5 2067.5 2062.5 2062.5 2062.5 2062.5 2062.5 2062.5 2062.5 2062.5 2062.5 2062.5 2062.5 2067.5 2072.5 2077.5 2082.5 2087.5
2085.0 2080.0 2075.0 2070.0 2065.0 2060.0 2060.0 2060.0 2060.0 2060.0 2060.0 2060.0 2060.0 2060.0 2060.0 2060.0 2065.0 2070.0 2075.0 2080.0 2085.0
2082.5 2077.5 2072.5 2067.5 2062.5 2057.5 2057.5 2057.5 2057.5 2057.5 2057.5 2057.5 2057.5 2057.5 2057.5 2057.5 2062.5 2067.5 2072.5 2077.5 2082.5
2080.0 2075.0 2070.0 2065.0 2060.0 2055.0 2055.0 2055.0 2055.0 2055.0 2055.0 2055.0 2055.0 2055.0 2055.0 2055.0 2060.0 2065.0 2070.0 2075.0 2080.0
2077.5 2072.5 2067.5 2062.5 2057.5 2052.5 2052.5 2052.5 2052.5 2052.5 2052.5 2052.5 2052.5 2052.5 2052.5 2052.5 2057.5 2062.5 2067.5 2072.5 2077.5
2075.0 2070.0 2065.0 2060.0 2055.0 2050.0 2050.0 2050.0 2050.0 2050.0 2050.0 2050.0 2050.0 2050.0 2050.0 2050.0 2055.0 2060.0 2065.0 2070.0 2075.0
2072.5 2067.5 2062.5 2057.5 2052.5 2047.5 2047.5 2047.5 2047.5 2047.5 2047.5 2047.5 2047.5 2047.5 2047.5 2047.5 2052.5 2057.5 2062.5 2067.5 2072.5
2070.0 2065.0 2060.0 2055.0 2050.0 2045.0 2045.0 2045.0 2045.0 2045.0 2045.0 2045.0 2045.0 2045.0 2045.0 2045.0 2050.0 2055.0 2060.0 2065.0 2070.0
2067.5 2062.5 2057.5 2052.5 2047.5 2042.5 2042.5 2042.5 2042.5 2042.5 2042.5 2042.5 2042.5 2042.5 2042.5 2042.5 2047.5 2052.5 2057.5 2062.5 2067.5
2065.0 2060.0 2055.0 2050.0 2045.0 2040.0 2040.0 2040.0 2040.0 2040.0 2040.0 2040.0 2040.0 2040.0 2040.0 2040.0 2045.0 2050.0 2055.0 2060.0 2065.0
2062.5 2057.5 2052.5 2047.5 2042.5 2037.5 2037.5 2037.5 2037.5 2037.5 2037.5 2037.5 2037.5 2037.5 2037.5 2037.5 2042.5 2047.5 2052.5 2057.5 2062.5
2060.0 2055.0 2050.0 2045.0 2040.0 2035.0 2035.0 2035.0 2035.0 2035.0 2035.0 2035.0 2035.0 2035.0 2035.0 2035.0 2040.0 2045.0 2050.0 2055.0 2060.0
2057.5 2052.5 2047.5 2042.5 2037.5 2032.5 2032.5 2032.5 2032.5 2032.5 2032.5 2032.5 2032.5 2032.5 2032.5 2032.5 2037.5 2042.5 2047.5 2052.5 2057.5
2055.0 2050.0 2045.0 2040.0 2035.0 2030.0 2030.0 2030.0 2030.0 2030.0 2030.0 2030.0 2030.0 2030.0 2030.0 2030.0 2035.0 2040.0 2045.0 2050.0 2055.0
2052.5 2047.5 2042.5 2037.5 2032.5 2027.5 2027.5 2027.5 2027.5 2027.5 2027.5 2027.5 2027.5 2027.5 2027.5 2027.5 2032.5 2037.5 2042.5 2047.5 2052.5
2050.0 2045.0 2040.0 2035.0 2030.0 2025.0 2025.0 2025.0 2025.0 2025.0 2025.0 2025.0 2025.0 2025.0 2025.0 2025.0 2030.0 2035.0 2040.0 2045.0 2050.0
2047.5 2042.5 2037.5 2032.5 2027.5 2022.5 2022.5 2022.5 2022.5 2022.5 2022.5 2022.5 2022.5 2022.5 2022.5 2022.5 2027.5 2032.5 2037.5 2042.5 2047.5
2045.0 2040.0 2035.0 2030.0 2025.0 2020.0 2020.0 2020.0 2020.0 2020.0 2020.0 2020.0 2020.0 2020.0 2020.0 2020.0 2025.0 2030.0 2035.0 2040.0 2045.0
2042.5 2037.5 2032.5 2027.5 2022.5 2017.5 2017.5 2017.5 2017.5 2017.5 2017.5 2017.5 2017.5 2017.5 2017.5 2017.5 2022.5 2027.5 2032.5 2037.5 2042.5
2040.0 2035.0 2030.0 2025.0 2020.0 2015.0 2015.0 2015.0 2015.0 2015.0 2015.0 2015.0 2015.0 2015.0 2015.0 2015.0 2020.0 2025.0 2030.0 2035.0 2040.0
2037.5 2032.5 2027.5 2022.5 2017.5 2012.5 2012.5 2012.5 2012.5 2012.5 2012.5 2012.5 2012.5 2012.5 2012.5 2012.5 2017.5 2022.5 2027.5 2032.5 2037.5
2035.0 2030.0 2025.0 2020.0 2015.0 2010.0 2010.0 2010.0 2010.0 2010.0 2010.0 2010.0 2010.0 2010.0 2010.0 2010.0 2015.0 2020.0 2025.0 2030.0 2035.0
2032.5 2027.5 2022.5 2017.5 2012.5 2007.5 2007.5 2007.5 2007.5 2007.5 2007.5 2007.5 2007.5 2007.5 2007.5 2007.5 2012.5 2017.5 2022.5 2027.5 2032.5
2030.0 2025.0 2020.0 2015.0 2010.0 2005.0 2005.0 2005.0 2005.0 2005.0 2005.0 2005.0 2005.0 2005.0 2005.0 2005.0 2010.0 2015.0 2020.0 2025.0 2030.0
2027.5 2022.5 2017.5 2012.5 2007.5 2002.5 2002.5 2002.5 2002.5 2002.5 2002.5 2002.5 2002.5 2002.5 2002.5 2002.5 2007.5 2012.5 2017.5 2022.5 2027.5
2025.0 2020.0 2015.0 2010.0 2005.0 2000.0 2000.0 2000.0 2000.0 2000.0 2000.0 2000.0 2000.0 2000.0 2000.0 2000.0 2005.0 2010.0 2015.0 2020.0 2025.0
2022.5 2017.5 2012.5 2007.5 2002.5 1997.5 1997.5 1997.5 1997.5 1997.5 1997.5 1997.5 1997.5 1997.5 1997.5 1997.5 2002.5 2007.5 2012.5 2017.5 2022.5
2020.0 2015.0 2010.0 2005.0 2000.0 1995.0 1995.0 1995.0 1995.0 1995.0 1995.0 1995.0 1995.0 1995.0 1995.0 1995.0 2000.0 2005.0 2010.0 2015.0 2020.0
2017.5 2012.5 2007.5 2002.5 1997.5 1992.5 1992.5 1992.5 1992.5 1992.5 1992.5 1992.5 1992.5 1992.5 1992.5 1992.5 1997.5 2002.5 2007.5 2012.5 2017.5
2015.0 2010.0 2005.0 2000.0 1995.0 1990.0 1990.0 1990.0 1990.0 1990.0 1990.0 1990.0 1990.0 1990.0 1990.0 1990.0 1995.0 2000.0 2005.0 2010.0 2015.0
2012.5 2007.5 2002.5 1997.5 1992.5 1987.5 1987.5 1987.5 1987.5 1987.5 1987.5 1987.5 1987.5 1987.5 1987.5 1987.5 1992.5 1997.5 2002.5 2007.5 2012.5
2010.0 2005.0 2000.0 1995.0 1990.0 1985.0 1985.0 1985.0 1985.0 1985.0 1985.0 1985.0 1985.0 1985.0 1985.0 1985.0 1990.0 1995.0 2000.0 2005.0 2010.0
2007.5 2002.5 1997.5 1992.5 1987.5 1982.5 1982.5 1982.5 1982.5 1982.5 1982.5 1982.5 1982.5 1982.5 1982.5 1982.5 1987.5 1992.5 1997.5 2002.5 2007.5
2005.0 2000.0 1995.0 1990.0 1985.0 1980.0 1980.0 1980.0 1980.0 1980.0 1980.0 1980.0 1980.0 1980.0 1980.0 1980.0 1985.0 1990.0 1995.0 2000.0 2005.0
2002.5 1997.5 1992.5 1987.5 1982.5 1977.5 1977.5 1977.5 1977.5 1977.5 1977.5 1977.5 1977.5 1977.5 1977.5 1977.5 1982.5 1987.5 1992.5 1997.5 2002.5
2000.0 1995.0 1990.0 1985.0 1980.0 1975.0 1975.0 1975.0 1975.0 1975.0 1975.0 1975.0 1975.0 1975.0 1975.0 1975.0 1980.0 1985.0 1990.0 1995.0 2000.0
1997.5 1992.5 1987.5 1982.5 1977.5 1972.5 1972.5 1972.5 1972.5 1972.5 1972.5 1972.5 1972.5 1972.5 1972.5 1972.5 1977.5 1982.5 1987.5 1992.5 1997.5
1995.0 1990.0 1985.0 1980.0 1975.0 1970.0 1970.0 1970.0 1970.0 1970.0 1970.0 1970.0 1970.0 1970.0 1970.0 1970.0 1975.0 1980.0 1985.0 1990.0 1995.0
1992.5 1987.5 1982.5 1977.5 1972.5 1967.5 1967.5 1967.5 1967.5 1967.5 1967.5 1967.5 1967.5 1967.5 1967.5 1967.5 1972.5 1977.5 1982.5 1987.5 1992.5
1990.0 1985.0 1980.0 1975.0 1970.0 1965.0 1965.0 1965.0 1965.0 1965.0 1965.0 1965.0 1965.0 1965.0 1965.0 1965.0 1970.0 1975.0 1980.0 1985.0 1990.0
1987.5 1982.5 1977.5 1972.5 1967.5 1962.5 1962.5 1962.5 1962.5 1962.5 1962.5 1962.5 1962.5 1962.5 1962.5 1962.5 1967.5 1972.5 1977.5 1982.5 1987.5
